BJD - 2454833, Corrected Flux
2146.452700721, 0.991123113,
2146.473133024, 0.991418705,
2146.513997327, 0.991264896,
2146.534429629, 0.991480090,
2146.554861729, 0.991381633,
2146.575293930, 0.991488661,
2146.595726229, 0.991622873,
2146.636590527, 0.991497970,
2146.657022725, 0.991576981,
2146.677454923, 0.991451325,
2146.697887220, 0.991031508,
2146.718319316, 0.990950806,
2146.738751512, 0.991203699,
2146.759183808, 0.991173626,
2146.779616002, 0.991393645,
2146.800048097, 0.991114031,
2146.820480391, 0.991031106,
2146.840912584, 0.991101679,
2146.861344677, 0.990937716,
2146.881776970, 0.991207910,
2146.902209161, 0.991114907,
2146.922641252, 0.990986181,
2146.943073543, 0.990718057,
2146.963505734, 0.990954484,
2146.983937823, 0.991242770,
2147.004370112, 0.990733956,
2147.024802301, 0.990897399,
2147.045234389, 0.990821803,
2147.065666677, 0.990887665,
2147.086098864, 0.990502138,
2147.106531050, 0.990793946,
2147.126963237, 0.990928262,
2147.147395422, 0.990887922,
2147.167827707, 0.991049395,
2147.188259792, 0.991187299,
2147.208691976, 0.991043530,
2147.229124259, 0.991055730,
2147.249556442, 0.990910959,
2147.269988525, 0.990610230,
2147.290420807, 0.990841343,
2147.310852988, 0.990861981,
2147.331285069, 0.990771377,
2147.351717350, 0.990844980,
2147.372149429, 0.990714815,
2147.392581609, 0.990513159,
2147.413013887, 0.990788534,
2147.494742498, 0.990622487,
2147.515174674, 0.990582172,
2147.535606950, 0.990531512,
2147.556039025, 0.990712039,
2147.576471200, 0.990609390,
2147.596903474, 0.990841597,
2147.617335648, 0.990620324,
2147.637767721, 0.990864360,
2147.658199993, 0.990510260,
2147.678632165, 0.990520196,
2147.699064337, 0.990445997,
2147.719496508, 0.990325783,
2147.739928679, 0.990359277,
2147.760360949, 0.990380300,
2147.780793018, 0.990625286,
2147.801225187, 0.990568506,
2147.821657456, 0.990751919,
2147.842089524, 0.990520048,
2147.862521692, 0.990581297,
2147.882953958, 0.990626222,
2147.903386025, 0.990285211,
2147.923818191, 0.990211576,
2147.944250457, 0.990186311,
2147.985114686, 0.990375402,
2148.005546950, 0.990396164,
2148.025979013, 0.990457498,
2148.046411176, 0.990354803,
2148.066843439, 0.990380221,
2148.087275600, 0.990522856,
2148.107707662, 0.990427270,
2148.128139922, 0.990226290,
2148.148571983, 0.990416877,
2148.169004143, 0.990209298,
2148.189436402, 0.990432141,
2148.209868461, 0.990207305,
2148.230300619, 0.990224967,
2148.250732877, 0.990289800,
2148.271164934, 0.990274856,
2148.291597191, 0.990405566,
2148.312029347, 0.990350855,
2148.332461403, 0.990251747,
2148.373325813, 0.990356004,
2148.393757867, 0.990320196,
2148.414190121, 0.990574650,
2148.434622274, 0.990216217,
2148.475486579, 0.990698137,
2148.495918731, 0.990694564,
2148.516350882, 0.990396593,
2148.536783032, 0.990693699,
2148.557215183, 0.990414654,
2148.577647332, 0.990482634,
2148.598079581, 0.990857723,
2148.618511630, 0.991140838,
2148.638943778, 0.990388478,
2148.659376025, 0.990446497,
2148.679808072, 0.990238172,
2148.700240219, 0.990048723,
2148.720672465, 0.990362245,
2148.741104511, 0.990160882,
2148.781968901, 0.990260012,
2148.822833088, 0.990129633,
2148.843265331, 0.990357012,
2148.863697374, 0.990062889,
2148.884129616, 0.990732428,
2148.904561657, 0.990680458,
2148.924993799, 0.990396774,
2148.945426039, 0.990327321,
2148.965858079, 0.990572931,
2148.986290218, 0.990472415,
2149.006722457, 0.990576368,
2149.027154596, 0.990327940,
2149.047586634, 0.990565109,
2149.068018872, 0.990680202,
2149.088451009, 0.990299351,
2149.108883045, 0.990499018,
2149.129315281, 0.990596196,
2149.149747416, 0.990402970,
2149.170179451, 0.990364081,
2149.190611686, 0.990522584,
2149.211043820, 0.990516416,
2149.231475853, 0.990414209,
2149.251908086, 0.990607820,
2149.272340219, 0.990714380,
2149.292772351, 0.990434838,
2149.313204482, 0.990521362,
2149.354068743, 0.990419503,
2149.374500873, 0.990415341,
2149.394933003, 0.990698281,
2149.415365132, 0.990622166,
2149.456229388, 0.990755589,
2149.476661616, 0.990510394,
2149.497093743, 0.990613501,
2149.517525769, 0.990391934,
2149.537957995, 0.990812621,
2149.558390121, 0.990738456,
2149.578822145, 0.990497017,
2149.599254370, 0.990682605,
2149.619686394, 0.990645165,
2149.640118517, 0.990463215,
2149.660550740, 0.990770522,
2149.680982763, 0.990559346,
2149.721847106, 0.990854933,
2149.742279127, 0.990525324,
2149.762711248, 0.990549739,
2149.783143468, 0.990474255,
2149.844439825, 0.990705055,
2149.864871943, 0.990736214,
2149.885303960, 0.990586094,
2149.905736177, 0.990842162,
2149.946600310, 0.990655181,
2149.967032525, 0.990524750,
2149.987464640, 0.991118484,
2150.007896655, 0.991019811,
2150.028328869, 0.990707775,
2150.048760982, 0.990869884,
2150.069193195, 0.990745519,
2150.089625208, 0.990724786,
2150.110057319, 0.990894598,
2150.130489531, 0.990773238,
2150.171353653, 0.990620704,
2150.191785863, 0.990461631,
2150.212217872, 0.990836919,
2150.232649981, 0.990748450,
2150.253082190, 0.990995780,
2150.273514298, 0.990607593,
2150.293946306, 0.990706037,
2150.314378513, 0.990916438,
2150.334810619, 0.990794786,
2150.355242625, 0.990715203,
2150.375674831, 0.990882825,
2150.396106836, 0.991034881,
2150.416538940, 0.991117211,
2150.436971144, 0.990693346,
2150.457403148, 0.990933616,
2150.477835251, 0.990731879,
2150.498267454, 0.990863447,
2150.518699456, 0.990996314,
2150.539131558, 0.990946322,
2150.559563759, 0.990883781,
2150.579995760, 0.990925994,
2150.600427860, 0.990760187,
2150.620860059, 0.990556021,
2150.641292059, 0.990734030,
2150.682156356, 0.990748971,
2150.702588453, 0.990981389,
2150.723020550, 0.991032073,
2150.743452647, 0.990883747,
2150.763884743, 0.990719142,
2150.784316939, 0.990629845,
2150.804748934, 0.990792673,
2150.825181029, 0.990953993,
2150.845613223, 0.991123495,
2150.866045217, 0.990769034,
2150.886477310, 0.990781079,
2150.906909503, 0.990779665,
2150.927341496, 0.990591371,
2150.947773587, 0.990764889,
2150.968205779, 0.991111229,
2150.988637770, 0.990996990,
2151.009069860, 0.990968621,
2151.029501950, 0.991232764,
2151.049934040, 0.990983938,
2151.070366129, 0.990975779,
2151.090798317, 0.990836129,
2151.111230305, 0.990925728,
2151.131662392, 0.990641544,
2151.152094579, 0.991022148,
2151.172526566, 0.991319499,
2151.192958651, 0.990725316,
2151.213390837, 0.991000546,
2151.233822822, 0.991038953,
2151.254255007, 0.991026380,
2151.274687091, 0.991143809,
2151.315551257, 0.991031992,
2151.335983340, 0.990856346,
2151.356415322, 0.991249871,
2151.376847504, 0.991474156,
2151.397279585, 0.991111815,
2151.438143745, 0.991142376,
2151.458575825, 0.991260827,
2151.479007804, 0.991007513,
2151.499439983, 0.991328068,
2151.519872062, 0.991139976,
2151.540304139, 0.991152717,
2151.560736216, 0.991372327,
2151.581168293, 0.991311536,
2151.601600369, 0.991455918,
2151.622032545, 0.991447601,
2151.642464521, 0.991265722,
2151.662896596, 0.991397538,
2151.683328770, 0.991489069,
2151.703760744, 0.991237270,
2151.724192817, 0.991512671,
2151.744624990, 0.991406548,
2151.805921206, 0.991576257,
2151.826353177, 0.991728721,
2151.846785247, 0.991248456,
2151.867217317, 0.991526130,
2151.928513524, 0.991521744,
2151.948945593, 0.991733177,
2151.969377760, 0.991538572,
2151.989809827, 0.991839208,
2152.010241794, 0.991905247,
2152.030673960, 0.991687041,
2152.051106026, 0.991587153,
2152.071537991, 0.991731633,
2152.091970156, 0.991473756,
2152.112402220, 0.991918559,
2152.132834184, 0.991644036,
2152.153266347, 0.991579707,
2152.194130373, 0.991657701,
2152.214562535, 0.991628141,
2152.234994596, 0.991839777,
2152.255426557, 0.991486759,
2152.275858717, 0.991772074,
2152.296290777, 0.991858303,
2152.316722737, 0.991877413,
2152.337154895, 0.991638312,
2152.357586954, 0.991801087,
2152.378019012, 0.991844064,
2152.398451070, 0.991603771,
2152.418883127, 0.991872294,
2152.439315184, 0.991846913,
2152.459747339, 0.992044392,
2152.480179295, 0.991947801,
2152.500611451, 0.991889632,
2152.521043505, 0.991872694,
2152.541475460, 0.991560608,
2152.561907613, 0.991781220,
2152.582339667, 0.991588482,
2152.602771619, 0.991768260,
2152.623203772, 0.992114813,
2152.643635724, 0.991957523,
2152.664067775, 0.991805819,
2152.684499926, 0.992032127,
2152.725363927, 0.991858785,
2152.745796076, 0.992056073,
2152.786660074, 0.991987747,
2152.807092222, 0.991983976,
2152.827524269, 0.991844366,
2152.847956217, 0.992147155,
2152.868388363, 0.992227693,
2152.888820409, 0.992399923,
2152.909252355, 0.992086844,
2152.929684500, 0.991904195,
2152.950116545, 0.992255388,
2152.970548489, 0.992140189,
2152.990980633, 0.992020210,
2153.011412677, 0.992039885,
2153.031844619, 0.992376892,
2153.052276762, 0.992196797,
2153.093140946, 0.992036832,
2153.113572886, 0.992288984,
2153.134004927, 0.992122950,
2153.154437067, 0.992319315,
2153.174869007, 0.992347633,
2153.195301046, 0.992082956,
2153.215733184, 0.992228853,
2153.236165123, 0.992257298,
2153.256597160, 0.992252591,
2153.277029197, 0.992188349,
2153.297461334, 0.992094777,
2153.317893271, 0.992606678,
2153.379189377, 0.992433912,
2153.399621512, 0.992051053,
2153.420053446, 0.992336962,
2153.440485479, 0.992453517,
2153.460917612, 0.992299787,
2153.481349545, 0.992234976,
2153.522213708, 0.992092836,
2153.542645640, 0.992525692,
2153.563077670, 0.992408427,
2153.583509801, 0.992533434,
2153.603941730, 0.992268369,
2153.624373760, 0.992493337,
2153.644805889, 0.992565441,
2153.665237917, 0.992223213,
2153.685669945, 0.992587039,
2153.706101972, 0.992273810,
2153.726533999, 0.992422619,
2153.746966026, 0.992428751,
2153.767398052, 0.992449553,
2153.787830077, 0.992600737,
2153.808262202, 0.992181567,
2153.828694127, 0.992132819,
2153.889990199, 0.992485124,
2153.910422221, 0.992664839,
2153.930854344, 0.992638140,
2153.951286266, 0.992583329,
2153.971718287, 0.992713717,
2153.992150408, 0.992674610,
2154.012582328, 0.992722333,
2154.053446368, 0.992474898,
2154.073878387, 0.992815701,
2154.094310406, 0.992623102,
2154.114742424, 0.992456734,
2154.135174442, 0.992787449,
2154.155606459, 0.992367817,
2154.176038476, 0.992419257,
2154.196470492, 0.992741021,
2154.216902508, 0.992527641,
2154.237334623, 0.992626651,
2154.257766538, 0.992891136,
2154.278198653, 0.992766018,
2154.298630667, 0.992932591,
2154.319062581, 0.992751838,
2154.339494694, 0.992666488,
2154.359926706, 0.992942260,
2154.380358618, 0.992771136,
2154.400790730, 0.992361223,
2154.421222742, 0.993010840,
2154.441654652, 0.992760607,
2154.462086763, 0.992996587,
2154.482518773, 0.992714870,
2154.502950782, 0.992495671,
2154.523382791, 0.992644301,
2154.543814800, 0.992746574,
2154.564246808, 0.992850550,
2154.584678816, 0.992788360,
2154.605110823, 0.992763426,
2154.625542829, 0.992882779,
2154.645974936, 0.993172523,
2154.666406842, 0.992731587,
2154.686838847, 0.992740380,
2154.707270952, 0.992790727,
2154.727702856, 0.992911636,
2154.748134860, 0.992632632,
2154.768566863, 0.992984899,
2154.788998867, 0.992889995,
2154.809430969, 0.992672852,
2154.829862871, 0.993038754,
2154.850294873, 0.992587547,
2154.870726974, 0.992871699,
2154.891158875, 0.992530216,
2154.911590875, 0.992681634,
2154.932022975, 0.992890078,
2154.952454875, 0.993314911,
2154.972886874, 0.992909923,
2154.993318972, 0.992813883,
2155.013750870, 0.992755746,
2155.034182868, 0.992723402,
2155.054614965, 0.992920283,
2155.075046962, 0.992937025,
2155.095478858, 0.992882870,
2155.115910954, 0.993344938,
2155.136342949, 0.993090008,
2155.156774844, 0.993093637,
2155.177206938, 0.993340840,
2155.197638932, 0.992934226,
2155.218070826, 0.993024840,
2155.238502919, 0.993212120,
2155.258934912, 0.992849194,
2155.279366804, 0.992760933,
2155.299798896, 0.993055954,
2155.320230887, 0.993117257,
2155.340662878, 0.993047470,
2155.361094868, 0.993118907,
2155.381526858, 0.992980554,
2155.401958948, 0.993062513,
2155.442822825, 0.992860890,
2155.463254914, 0.993200207,
2155.483686801, 0.993010513,
2155.504118788, 0.993202206,
2155.524550775, 0.993280834,
2155.544982761, 0.992886377,
2155.565414747, 0.992847673,
2155.585846833, 0.993052612,
2155.606278717, 0.993042482,
2155.626710702, 0.993178891,
2155.647142786, 0.992910082,
2155.667574670, 0.992586523,
2155.688006653, 0.992974434,
2155.708438736, 0.993273335,
2155.728870618, 0.993226647,
2155.749302600, 0.993087770,
2155.769734681, 0.993134118,
2155.790166562, 0.992994139,
2155.851462503, 0.993043327,
2155.871894482, 0.993013276,
2155.892326561, 0.992907432,
2155.912758539, 0.993047861,
2155.933190417, 0.992818659,
2155.953622494, 0.993289750,
2155.974054471, 0.992824097,
2155.994486448, 0.993245790,
2156.014918424, 0.992954958,
2156.035350400, 0.993239033,
2156.055782474, 0.993206298,
2156.076214349, 0.992845957,
2156.096646324, 0.993184623,
2156.137510271, 0.993242635,
2156.157942244, 0.993028064,
2156.178374316, 0.993179420,
2156.198806188, 0.993255773,
2156.219238160, 0.993136992,
2156.239670231, 0.993255661,
2156.260102102, 0.993169911,
2156.280534072, 0.992820877,
2156.300966042, 0.993052954,
2156.321398011, 0.992971177,
2156.403125885, 0.993308579,
2156.423557952, 0.993171415,
2156.443989819, 0.993043148,
2156.464421786, 0.992912988,
2156.484853851, 0.992883591,
2156.505285717, 0.993350323,
2156.525717682, 0.993223232,
2156.546149746, 0.993315576,
2156.566581610, 0.993294716,
2156.587013674, 0.993425168,
2156.607445637, 0.993327292,
2156.627877500, 0.993224018,
2156.648309563, 0.993303947,
2156.668741525, 0.993151357,
2156.689173386, 0.993297459,
2156.709605447, 0.993212733,
2156.730037408, 0.992817669,
2156.750469368, 0.993051736,
2156.770901328, 0.993322391,
2156.791333287, 0.992968652,
2156.811765246, 0.993221224,
2156.832197205, 0.993803327,
2156.852629163, 0.993120150,
2156.873061120, 0.993157948,
2156.893493177, 0.993389063,
2156.913925034, 0.993257023,
2156.934356990, 0.993090034,
2156.954789046, 0.993188448,
2156.975220901, 0.992829704,
2156.995652857, 0.993275622,
2157.016084811, 0.993162215,
2157.036516765, 0.993594022,
2157.056948719, 0.993287140,
2157.077380672, 0.993406830,
2157.097812625, 0.993481786,
2157.118244577, 0.993491545,
2157.159108481, 0.993519684,
2157.179540531, 0.993286829,
2157.199972382, 0.993794934,
2157.220404332, 0.993505166,
2157.240836382, 0.993394617,
2157.302132229, 0.993373677,
2157.322564177, 0.993170371,
2157.342996024, 0.993193165,
2157.363428072, 0.993558698,
2157.383860019, 0.993531279,
2157.404291864, 0.993321359,
2157.424723910, 0.993557865,
2157.445155856, 0.993553021,
2157.465587701, 0.993433457,
2157.486019746, 0.993773404,
2157.506451690, 0.993668921,
2157.526883533, 0.993539090,
2157.547315576, 0.993411483,
2157.567747520, 0.993703272,
2157.588179462, 0.993560681,
2157.608611404, 0.993658467,
2157.629043345, 0.993817756,
2157.649475287, 0.993674383,
2157.669907227, 0.993674638,
2157.690339168, 0.993688351,
2157.710771107, 0.993569167,
2157.731203047, 0.993805730,
2157.751634986, 0.993996773,
2157.812930800, 0.993335391,
2157.833362838, 0.993501815,
2157.853794674, 0.993544788,
2157.874226611, 0.993503583,
2157.894658647, 0.993688604,
2157.915090482, 0.993798457,
2157.935522418, 0.993587909,
2157.955954452, 0.993735232,
2157.976386286, 0.993477785,
2157.996818220, 0.993608529,
2158.017250254, 0.993494404,
2158.037682087, 0.993485364,
2158.058114019, 0.993754214,
2158.078546051, 0.993877667,
2158.098977983, 0.993668444,
2158.139841846, 0.993442835,
2158.160273776, 0.993684201,
2158.180705606, 0.993700876,
2158.201137636, 0.993726147,
2158.221569565, 0.993750194,
2158.242001394, 0.993700558,
2158.262433422, 0.993900089,
2158.282865350, 0.993572370,
2158.303297177, 0.993446552,
2158.323729205, 0.993746689,
2158.344161131, 0.993739014,
2158.364593158, 0.993865423,
2158.385024984, 0.994103580,
2158.405456909, 0.993866516,
2158.425888934, 0.993894310,
2158.446320758, 0.993830321,
2158.466752682, 0.994252128,
2158.487184706, 0.993994091,
2158.507616529, 0.994020651,
2158.528048452, 0.993521524,
2158.568912297, 0.993764689,
2158.589344218, 0.993593769,
2158.609776240, 0.994063210,
2158.630208060, 0.994207582,
2158.650639981, 0.993646209,
2158.671072001, 0.994035555,
2158.691503820, 0.993912384,
2158.732367758, 0.993930145,
2158.773231494, 0.993791418,
2158.793663511, 0.994045443,
2158.814095328, 0.994158208,
2158.834527245, 0.994047639,
2158.854959261, 0.994128445,
2158.875391077, 0.993930314,
2158.895823092, 0.994054880,
2158.916255007, 0.993914065,
2158.936686922, 0.993861034,
2158.957118835, 0.993812066,
2158.977550749, 0.994103551,
2158.997982663, 0.994284937,
2159.018414576, 0.993788566,
2159.038846488, 0.993983080,
2159.059278400, 0.993851522,
2159.079710412, 0.994194811,
2159.120574133, 0.994081771,
2159.141006144, 0.993829999,
2159.161437953, 0.993995021,
2159.181869863, 0.994150027,
2159.202301872, 0.993975776,
2159.222733681, 0.994131143,
2159.243165589, 0.994053783,
2159.263597497, 0.994150396,
2159.284029404, 0.994422865,
2159.304461312, 0.994056995,
2159.324893218, 0.993960244,
2159.345325124, 0.994051554,
2159.365757030, 0.994245722,
2159.386188935, 0.994122631,
2159.406620840, 0.993953205,
2159.427052745, 0.994024784,
2159.508780459, 0.994016778,
2159.529212261, 0.994383167,
2159.549644264, 0.994407841,
2159.570076165, 0.994206887,
2159.590507967, 0.994224447,
2159.610939967, 0.994419666,
2159.631371868, 0.994442582,
2159.651803668, 0.994196236,
2159.672235667, 0.994053487,
2159.692667566, 0.994383924,
2159.713099365, 0.994458038,
2159.753963262, 0.994256087,
2159.774395159, 0.994398167,
2159.794827056, 0.994429239,
2159.815258953, 0.994295118,
2159.835690850, 0.994481333,
2159.856122745, 0.994260088,
2159.876554641, 0.994159509,
2159.896986536, 0.994147461,
2159.917418531, 0.994331764,
2159.937850325, 0.994306845,
2159.958282219, 0.994545522,
2159.978714112, 0.994210849,
2159.999146006, 0.994218200,
2160.019577798, 0.994307705,
2160.040009791, 0.994162872,
2160.060441683, 0.994133820,
2160.080873674, 0.994025060,
2160.101305465, 0.994126331,
2160.121737356, 0.994416377,
2160.142169346, 0.994028895,
2160.162601136, 0.994129873,
2160.183033025, 0.994543623,
2160.203465014, 0.994248102,
2160.223896803, 0.994139209,
2160.244328691, 0.994133909,
2160.264760679, 0.994635553,
2160.285192567, 0.994441249,
2160.305624353, 0.994533028,
2160.326056340, 0.993978864,
2160.346488226, 0.994426698,
2160.366920012, 0.994255598,
2160.387351998, 0.994201649,
2160.407783882, 0.994170696,
2160.428215667, 0.994292534,
2160.448647652, 0.994692231,
2160.469079535, 0.994170560,
2160.489511319, 0.993998617,
2160.509943302, 0.994142037,
2160.530375184, 0.994142661,
2160.550806966, 0.994284742,
2160.571238948, 0.994417241,
2160.591670830, 0.994169881,
2160.612102710, 0.993850985,
2160.632534591, 0.994280841,
2160.652966471, 0.994319265,
2160.673398451, 0.994499139,
2160.693830231, 0.994159876,
2160.734694088, 0.994546312,
2160.755125866, 0.994324876,
2160.775557744, 0.994484281,
2160.795989621, 0.994304538,
2160.816421499, 0.994381605,
2160.836853375, 0.994669293,
2160.857285351, 0.994568102,
2160.877717127, 0.994602561,
2160.898149003, 0.994530165,
2160.918580977, 0.994336027,
2160.939012752, 0.994475572,
2160.959444626, 0.994659106,
2160.979876600, 0.994388652,
2161.000308373, 0.994458794,
2161.020740247, 0.994386329,
2161.041172219, 0.994511480,
2161.061603992, 0.994544286,
2161.082035863, 0.994605232,
2161.102467835, 0.994650548,
2161.122899706, 0.994137530,
2161.143331476, 0.994822368,
2161.163763447, 0.994547135,
2161.184195317, 0.994332250,
2161.204627086, 0.994512370,
2161.225059055, 0.994487535,
2161.245490924, 0.994932996,
2161.265922692, 0.994863953,
2161.286354660, 0.994310991,
2161.306786528, 0.994177728,
2161.327218494, 0.994424636,
2161.347650261, 0.994297694,
2161.388514094, 0.994642269,
2161.408945859, 0.994607133,
2161.429377724, 0.994166009,
2161.470241453, 0.994756472,
2161.511105181, 0.994837495,
2161.531537044, 0.994708971,
2161.551968907, 0.994770180,
2161.572400769, 0.994768745,
2161.613264493, 0.994773015,
2161.633696354, 0.994456971,
2161.674560075, 0.994446548,
2161.735855655, 0.994894544,
2161.756287613, 0.994751512,
2161.776719372, 0.994998029,
2161.797151230, 0.995055047,
2161.817583188, 0.994870184,
2161.838014945, 0.994851581,
2161.858446902, 0.994883702,
2161.878878759, 0.994783106,
2161.899310515, 0.994758106,
2161.919742471, 0.994798690,
2161.940174326, 0.994912359,
2161.960606181, 0.994782804,
2161.981038036, 0.994833936,
2162.001469890, 0.994842777,
2162.021901744, 0.995170035,
2162.042333597, 0.994948090,
2162.062765450, 0.994967568,
2162.083197303, 0.994762119,
2162.103629155, 0.995029959,
2162.124061007, 0.994807326,
2162.144492859, 0.995058341,
2162.164924810, 0.994967361,
2162.205788411, 0.994844205,
2162.226220261, 0.995191881,
2162.246652111, 0.994877545,
2162.267083860, 0.994897989,
2162.287515809, 0.994956640,
2162.307947657, 0.995127641,
2162.328379405, 0.995159104,
2162.348811353, 0.995034138,
2162.369243200, 0.994923837,
2162.389675047, 0.995011844,
2162.410106894, 0.995101953,
2162.430538740, 0.995067204,
2162.450970686, 0.995332310,
2162.471402431, 0.994799411,
2162.491834276, 0.994947175,
2162.512266221, 0.994846281,
2162.532698065, 0.995272115,
2162.553129809, 0.994986446,
2162.573561753, 0.994993194,
2162.593993596, 0.994909397,
2162.614425339, 0.994936725,
2162.634857281, 0.995358504,
2162.696152806, 0.995289623,
2162.716584647, 0.994963892,
2162.737016387, 0.995215406,
2162.757448327, 0.995131340,
2162.777880167, 0.995133733,
2162.798312006, 0.995104879,
2162.818743845, 0.994885861,
2162.839175684, 0.995297673,
2162.859607522, 0.994827858,
2162.880039360, 0.995100720,
2162.900471197, 0.995285031,
2162.920903034, 0.995226293,
2162.941334871, 0.995265536,
2162.961766707, 0.995274572,
2162.982198543, 0.995158559,
2163.023062214, 0.995270595,
2163.043494149, 0.995293485,
2163.104789651, 0.995544684,
2163.125221384, 0.995363896,
2163.186516882, 0.995020795,
2163.206948714, 0.995624620,
2163.227380645, 0.995489009,
2163.247812376, 0.995443151,
2163.268244207, 0.995384659,
2163.288676137, 0.995337530,
2163.309107867, 0.995368236,
2163.329539697, 0.995411998,
2163.349971626, 0.995409958,
2163.370403455, 0.995494963,
2163.390835183, 0.995720154,
2163.411267112, 0.995428747,
2163.431698939, 0.995567870,
2163.452130666, 0.995453625,
2163.472562593, 0.995808599,
2163.492994420, 0.995713497,
2163.513426146, 0.995883538,
2163.533858072, 0.995596946,
2163.574721823, 0.995705513,
2163.595153547, 0.995753134,
2163.615585372, 0.995874693,
2163.636017196, 0.995584462,
2163.697312666, 0.995861308,
2163.717744488, 0.995590017,
2163.738176310, 0.995839211,
2163.779039954, 0.995599091,
2163.799471775, 0.995613749,
2163.819903595, 0.995888432,
2163.840335416, 0.996656183,
2163.860767236, 0.995728442,
2163.881199155, 0.995759198,
2163.922062693, 0.995569653,
2163.942494612, 0.995710879,
2163.962926330, 0.995659043,
2163.983358148, 0.995575175,
2164.003790065, 0.995548650,
2164.024221782, 0.995970500,
2164.044653599, 0.995746699,
2164.065085515, 0.995697018,
2164.085517231, 0.996089854,
2164.105949047, 0.996169679,
2164.126380962, 0.996045823,
2164.167244591, 0.995618685,
2164.187676405, 0.995545082,
2164.208108219, 0.995713004,
2164.228540032, 0.995333612,
2164.248971845, 0.995501102,
2164.269403658, 0.995384043,
2164.289835570, 0.995161173,
2164.310267282, 0.995361535,
2164.330699094, 0.995552200,
2164.351131005, 0.995485766,
2164.412426337, 0.995846336,
2164.432858146, 0.995963839,
2164.453289956, 0.995412742,
2164.473721765, 0.996016471,
2164.514585282, 0.996010634,
2164.535017190, 0.996098274,
2164.555448997, 0.995574142,
2164.596312611, 0.996017485,
2164.616744418, 0.996312107,
2164.637176224, 0.996048857,
2164.657608030, 0.995941240,
2164.678039835, 0.996167776,
2164.698471740, 0.995775025,
2164.718903545, 0.996144911,
2164.739335250, 0.996032185,
2164.759767153, 0.996301360,
2164.780198957, 0.995851820,
2164.800630660, 0.996204781,
2164.821062563, 0.995978325,
2164.841494366, 0.995669627,
2164.902789772, 0.996137370,
2164.923221473, 0.996145435,
2164.943653374, 0.996163474,
2164.964085174, 0.996359069,
2164.984516874, 0.996178678,
2165.004948774, 0.996052984,
2165.025380573, 0.996256810,
2165.045812372, 0.996198345,
2165.066244171, 0.996208729,
2165.086675969, 0.996153268,
2165.107107767, 0.996407915,
2165.127539565, 0.996339521,
2165.147971362, 0.996291730,
2165.168403159, 0.996098561,
2165.188835055, 0.996295493,
2165.209266752, 0.996208609,
2165.229698647, 0.996415297,
2165.250130343, 0.996399264,
2165.270562138, 0.996404029,
2165.311425727, 0.996328180,
2165.331857521, 0.996553552,
2165.393152902, 0.996784275,
2165.413584794, 0.996625163,
2165.434016486, 0.996287906,
2165.454448278, 0.996592117,
2165.474880170, 0.996428589,
2165.495311861, 0.996468697,
2165.515743652, 0.996542402,
2165.536175543, 0.996540504,
2165.556607333, 0.996901926,
2165.577039023, 0.996445851,
2165.597470913, 0.996683284,
2165.638334391, 0.996382832,
2165.658766279, 0.996594255,
2165.699629755, 0.996731162,
2165.720061642, 0.996730017,
2165.740493430, 0.996502832,
2165.760925316, 0.996584733,
2165.781357002, 0.996416439,
2165.801788788, 0.996839894,
2165.822220674, 0.996687342,
2165.842652360, 0.996832252,
2165.863084145, 0.996476723,
2165.883515929, 0.996473056,
2165.903947714, 0.996581044,
2165.924379498, 0.996662623,
2165.944811281, 0.996637756,
2165.965243065, 0.996850358,
2165.985674848, 0.996835942,
2166.006106630, 0.996794362,
2166.026538412, 0.996747028,
2166.046970194, 0.997013031,
2166.067402076, 0.996950859,
2166.087833757, 0.996979972,
2166.108265538, 0.996721776,
2166.128697418, 0.996927069,
2166.149129099, 0.996857371,
2166.169560879, 0.996886634,
2166.189992758, 0.996963617,
2166.210424437, 0.996799759,
2166.230856216, 0.996929708,
2166.251288094, 0.996950237,
2166.271719773, 0.996914322,
2166.292151650, 0.996688726,
2166.312583428, 0.997099351,
2166.333015105, 0.996857100,
2166.373878758, 0.997397077,
2166.394310534, 0.996783293,
2166.414742310, 0.996814670,
2166.435174085, 0.996614261,
2166.455605860, 0.997163463,
2166.476037635, 0.996908541,
2166.537333057, 0.997063837,
2166.578196504, 0.996990135,
2166.598628377, 0.997091377,
2166.619060049, 0.997009009,
2166.639491821, 0.996958046,
2166.659923592, 0.996873429,
2166.680355364, 0.997013167,
2166.700787135, 0.996943832,
2166.721218906, 0.996959908,
2166.741650676, 0.997305551,
2166.762082446, 0.997022577,
2166.782514216, 0.997482696,
2166.802945985, 0.996908705,
2166.823377854, 0.997401203,
2166.864241291, 0.996951616,
2166.884673159, 0.997284391,
2166.905104927, 0.996915912,
2166.925536594, 0.997039692,
2166.945968461, 0.997330282,
2166.966400228, 0.997293679,
2166.986831894, 0.997389073,
2167.007263760, 0.997463204,
2167.027695525, 0.997346359,
2167.048127191, 0.997161458,
2167.068559056, 0.997355153,
2167.109422485, 0.997280047,
2167.129854349, 0.997405176,
2167.150286112, 0.997256419,
2167.170717776, 0.997236026,
2167.191149639, 0.997432689,
2167.232013164, 0.997516989,
2167.252444926, 0.997389779,
2167.272876687, 0.997708184,
2167.293308449, 0.997411883,
2167.313740210, 0.997373222,
2167.354603831, 0.997113580,
2167.375035491, 0.997262346,
2167.395467251, 0.997323671,
2167.415899110, 0.997610259,
2167.436330769, 0.996718073,
2167.456762528, 0.997181765,
2167.477194386, 0.997456696,
2167.497626044, 0.997482703,
2167.518057802, 0.997290375,
2167.538489659, 0.997347416,
2167.599784929, 0.998630981,
2167.620216585, 0.997517095,
2167.640648341, 0.997640735,
2167.661080196, 0.997505088,
2167.681511851, 0.997645369,
2167.701943606, 0.997499388,
2167.722375461, 0.997598061,
2167.742807215, 0.997595907,
2167.763238869, 0.997721853,
2167.783670722, 0.997785543,
2167.804102475, 0.997863598,
2167.844965981, 0.997674795,
2167.865397733, 0.997858048,
2167.885829585, 0.997683108,
2167.906261236, 0.997622455,
2167.926692987, 0.997697928,
2167.947124838, 0.997696495,
2167.967556489, 0.998071139,
2167.987988239, 0.998104348,
2168.008420089, 0.997874057,
2168.028851738, 0.997702087,
2168.049283488, 0.998346209,
2168.090146985, 0.997623918,
2168.110578734, 0.997947595,
2168.131010482, 0.998102629,
2168.151442229, 0.997877328,
2168.171873977, 0.998176303,
2168.192305724, 0.998170233,
2168.212737470, 0.998694916,
2168.233169217, 0.998386960,
2168.253601063, 0.998186577,
2168.274032708, 0.998676551,
2168.294464454, 0.998243809,
2168.335328144, 0.997913946,
2168.355759888, 0.998026288,
2168.376191732, 0.998063386,
2168.396623476, 0.997865789,
2168.417055320, 0.997834792,
2168.437486963, 0.997797442,
2168.457918706, 0.997871862,
2168.478350548, 0.998065020,
2168.498782191, 0.997437906,
2168.519213932, 0.997772282,
2168.539645774, 0.997197893,
2168.580509156, 0.998633544,
2168.600940997, 0.998983959,
2168.621372737, 0.998366396,
2168.641804377, 0.998201884,
2168.662236217, 0.998145076,
2168.682667956, 0.998299756,
2168.703099595, 0.998791355,
2168.723531434, 0.998399104,
2168.743963173, 0.998239794,
2168.764394811, 0.998054827,
2168.784826648, 0.998044421,
2168.825690023, 0.998763806,
2168.846121860, 0.998254186,
2168.886985233, 0.998480405,
2168.907417069, 0.998329193,
2168.927848705, 0.998480641,
2168.948280540, 0.998313375,
2168.968712275, 0.997948305,
2168.989143909, 0.998239772,
2169.009575744, 0.997894552,
2169.070870945, 0.998494917,
2169.091302678, 0.998357475,
2169.111734411, 0.998132005,
2169.132166144, 0.998366453,
2169.152597876, 0.998497393,
2169.193461439, 0.998588287,
2169.213893071, 0.998317536,
2169.234324802, 0.998157658,
2169.254756632, 0.998736024,
2169.275188263, 0.998444266,
2169.316051822, 0.998672898,
2169.336483452, 0.998715273,
2169.356915181, 0.998474500,
2169.377347010, 0.998832952,
2169.418210466, 0.998484614,
2169.438642194, 0.998621248,
2169.459073922, 0.998628176,
2169.479505649, 0.998845436,
2169.499937276, 0.998594583,
2169.520369103, 0.998524457,
2169.561232555, 0.998788723,
2169.581664181, 0.998814959,
2169.602096006, 0.998532954,
2169.622527732, 0.998777659,
2169.642959356, 0.998671453,
2169.663391181, 0.998846376,
2169.683822905, 0.998589556,
2169.704254529, 0.998509587,
2169.724686353, 0.998337489,
2169.745118076, 0.998616020,
2169.765549699, 0.998614961,
2169.806413244, 0.998681398,
2169.826844866, 0.998933840,
2169.847276688, 0.998954156,
2169.867708409, 0.998726989,
2169.888140231, 0.998876828,
2169.908571852, 0.998672568,
2169.929003572, 0.999163641,
2169.949435393, 0.999053355,
2169.969867012, 0.998952727,
2169.990298732, 0.998972561,
2170.010730551, 0.998846289,
2170.051593889, 0.999039258,
2170.072025708, 0.998986952,
2170.092457426, 0.999192836,
2170.112889044, 0.999049175,
2170.133320862, 0.999572173,
2170.153752579, 0.999492131,
2170.174184196, 0.998897281,
2170.194616013, 0.999291996,
2170.215047729, 0.999124603,
2170.235479345, 0.998853643,
2170.255911161, 0.999410551,
2170.296774492, 0.999239881,
2170.317206307, 0.999217058,
2170.337637921, 0.999120858,
2170.358069636, 0.999093814,
2170.378501449, 0.999192561,
2170.398933163, 0.999183629,
2170.419364877, 0.998957146,
2170.439796590, 0.999022643,
2170.460228303, 0.999141113,
2170.480660015, 0.999188984,
2170.501091728, 0.998967551,
2170.521523439, 0.999370405,
2170.541955251, 0.999263833,
2170.562386863, 0.999250645,
2170.582818574, 0.999463949,
2170.603250384, 0.999533722,
2170.623681995, 0.999827681,
2170.644113705, 0.999752028,
2170.664545515, 0.999612456,
2170.684977124, 0.999193766,
2170.705408834, 0.999512156,
2170.725840643, 0.999715376,
2170.787135768, 0.999240728,
2170.807567376, 0.999595487,
2170.827999084, 0.999595769,
2170.848430891, 0.999400278,
2170.868862598, 0.999721066,
2170.889294305, 0.999888121,
2170.909726011, 0.999806388,
2170.930157717, 0.999876134,
2170.950589423, 0.999775223,
2170.971021129, 0.999429080,
2170.991452734, 0.999574776,
2171.032316244, 0.999866102,
2171.052747848, 0.999336590,
2171.073179652, 0.999746712,
2171.093611356, 0.999659458,
2171.114042959, 0.999671697,
2171.134474762, 1.000115128,
2171.154906465, 0.999675370,
2171.175338068, 0.999649229,
2171.195769870, 0.999894849,
2171.216201573, 0.999668126,
2171.236633274, 1.000136913,
2171.277496677, 0.999740617,
2171.297928378, 0.999862753,
2171.318360079, 0.999617155,
2171.338791779, 1.000131182,
2171.359223579, 0.999770063,
2171.379655279, 1.000036225,
2171.400086878, 1.000103024,
2171.440950377, 1.000127461,
2171.461381975, 0.999938240,
2171.481813774, 1.000225549,
2171.522677070, 0.999766588,
2171.543108867, 0.999937737,
2171.563540564, 0.999559189,
2171.583972161, 0.999743180,
2171.604403958, 0.999516775,
2171.624835654, 1.000273903,
2171.645267251, 0.999953827,
2171.665699046, 0.999834159,
2171.686130742, 0.999515102,
2171.706562337, 0.999606348,
2171.726994132, 0.999872389,
2171.747425827, 1.000213408,
2171.767857421, 1.000208873,
2171.808720909, 1.000166468,
2171.829152603, 1.000335964,
2171.870015990, 1.000564965,
2171.890447682, 1.000625072,
2171.910879375, 0.999839426,
2171.931311067, 1.000455099,
2171.951742859, 1.000114294,
2172.013037933, 1.000090234,
2172.033469524, 1.000124474,
2172.053901214, 0.999851398,
2172.074333005, 1.000191009,
2172.094764594, 0.999935901,
2172.115196284, 1.000413855,
2172.135628074, 1.000100065,
2172.156059663, 1.000278823,
2172.176491352, 1.000390416,
2172.196923140, 1.000431133,
2172.217354829, 1.000503874,
2172.258218204, 1.000229169,
2172.278649892, 1.000032757,
2172.299081579, 0.999735219,
2172.319513266, 1.000286934,
2172.339944953, 1.000306777,
2172.360376639, 1.000340094,
2172.380808325, 1.000053054,
2172.401240011, 1.000364691,
2172.421671697, 1.000162804,
2172.442103382, 1.000398065,
2172.462535067, 1.000244675,
2172.482966752, 1.000029024,
2172.503398437, 1.000379879,
2172.523830021, 1.000318936,
2172.544261805, 1.000147536,
2172.564693489, 1.000385586,
2172.585125172, 1.000158456,
2172.605556855, 0.999999717,
2172.625988538, 1.000306458,
2172.646420221, 1.000210087,
2172.666851903, 1.000085141,
2172.687283585, 1.000343120,
2172.707715367, 1.000094353,
2172.748578630, 1.000720210,
2172.769010411, 1.000732775,
2172.789442091, 1.000622049,
2172.809873672, 1.000507031,
2172.830305452, 1.000629299,
2172.850737132, 1.000682702,
2172.871168712, 1.000699577,
2172.891600491, 1.000364530,
2172.912032170, 1.000889950,
2172.932463749, 1.000803407,
2172.952895528, 1.000640890,
2172.973327206, 1.000280333,
2172.993758784, 1.000786316,
2173.014190562, 1.000502511,
2173.034622239, 1.000547113,
2173.055053917, 1.000568536,
2173.095917270, 1.000447801,
2173.116348947, 1.000747081,
2173.136780623, 1.000831133,
2173.157212299, 1.000409229,
2173.177643975, 1.000505455,
2173.238939100, 1.000607370,
2173.259370675, 1.000597762,
2173.279802349, 1.000723164,
2173.300234123, 1.000817418,
2173.320665697, 1.000818956,
2173.341097371, 1.000926984,
2173.361529144, 1.000854696,
2173.381960717, 1.000782427,
2173.402392390, 1.000686037,
2173.422824162, 1.000675316,
2173.484119178, 1.000805174,
2173.504550750, 1.000779400,
2173.524982421, 1.000939330,
2173.545414192, 1.000717004,
2173.565845763, 1.000990656,
2173.586277533, 1.001060854,
2173.606709203, 1.000591090,
2173.627140873, 1.000416200,
2173.647572543, 1.000683348,
2173.668004212, 1.000736675,
2173.688435882, 1.000695972,
2173.729299219, 1.000966188,
2173.749730887, 1.001078950,
2173.770162656, 1.000703398,
2173.790594224, 1.000965786,
2173.811025891, 1.001055375,
2173.831457658, 1.000882569,
2173.851889226, 1.000844682,
2173.872320893, 1.001028186,
2173.892752559, 1.000748051,
2173.913184225, 1.000731170,
2173.933615792, 1.000930028,
2173.954047557, 1.001082495,
2173.974479223, 1.000853106,
2173.994910988, 1.000835549,
2174.015342553, 1.001358696,
2174.035774218, 1.000927096,
2174.056205983, 1.000884050,
2174.076637647, 1.000846591,
2174.097069211, 1.000964796,
2174.117500975, 1.001286413,
2174.137932638, 1.001114770,
2174.158364202, 1.001042267,
2174.178795965, 1.001020180,
2174.219659190, 1.001351881,
2174.240090952, 1.001270030,
2174.260522614, 1.001207132,
2174.280954176, 1.001253880,
2174.301385938, 1.001381730,
2174.321817599, 1.000796472,
2174.342249160, 1.001197670,
2174.362680921, 1.001317042,
2174.383112581, 1.001100239,
2174.403544142, 1.001098328,
2174.423975902, 1.000933531,
2174.464839321, 1.001280390,
2174.485270880, 1.001314837,
2174.505702539, 1.001301271,
2174.526134198, 1.001266907,
2174.546565957, 1.001617602,
2174.566997515, 1.001413768,
2174.587429173, 1.001358982,
2174.607860831, 1.001283656,
2174.628292489, 1.001227742,
2174.648724246, 1.001438091,
2174.669155803, 1.001504845,
2174.689587460, 1.001143345,
2174.710019216, 1.001488779,
2174.730450773, 1.001554286,
2174.750882429, 1.001548858,
2174.771314185, 1.001674483,
2174.791745740, 1.001721048,
2174.812177396, 1.001379012,
2174.832609151, 1.001492061,
2174.853040705, 1.001468890,
2174.873472460, 1.001866088,
2174.893904115, 1.001105845,
2174.955199076, 1.001513735,
2174.975630730, 1.001630830,
2174.996062383, 1.001279945,
2175.016494036, 1.002082898,
2175.036925688, 1.001574050,
2175.057357441, 1.001326195,
2175.077788993, 1.001305786,
2175.098220645, 1.001667340,
2175.118652397, 1.001994507,
2175.139083948, 1.001927881,
2175.159515599, 1.001686293,
2175.200378901, 1.001694357,
2175.220810552, 1.001561463,
2175.241242302, 1.001539038,
2175.261673852, 1.001730759,
2175.282105602, 1.001683614,
2175.302537251, 1.001786394,
2175.322968801, 1.001509738,
2175.363832099, 1.001912204,
2175.384263747, 1.001571428,
2175.404695496, 1.001814507,
2175.465990439, 1.001879416,
2175.486422087, 1.001973027,
2175.506853634, 1.001860327,
2175.527285381, 1.001879199,
2175.547717028, 1.001423633,
2175.568148574, 1.001933564,
2175.588580320, 1.001746881,
2175.609011966, 1.001734039,
2175.629443512, 1.001943852,
2175.649875258, 1.001931614,
2175.670306903, 1.001770657,
2175.690738648, 1.001800898,
2175.711170193, 1.001752090,
2175.731601837, 1.001994445,
2175.772465126, 1.002148322,
2175.792896770, 1.002142138,
2175.833760057, 1.001777959,
2175.874623443, 1.002036769,
2175.895055086, 1.001942269,
2175.915486629, 1.002208261,
2175.935918371, 1.002146546,
2175.956350013, 1.002007590,
2175.976781555, 1.002256834,
2175.997213296, 1.002126859,
2176.017644838, 1.002818803,
2176.038076479, 1.002395948,
2176.078939860, 1.002393132,
2176.099371501, 1.002450796,
2176.119803141, 1.002531294,
2176.181098060, 1.002039715,
2176.201529599, 1.002097906,
2176.221961339, 1.002342676,
2176.262824516, 1.002328563,
2176.283256254, 1.002302873,
2176.303687893, 1.002413754,
2176.324119531, 1.002577891,
2176.344551168, 1.002749068,
2176.364982806, 1.003596017,
2176.385414443, 1.002372417,
2176.426277717, 1.002189326,
2176.446709354, 1.002534613,
2176.467141090, 1.002584373,
2176.487572626, 1.002347784,
2176.508004362, 1.002480906,
2176.528435998, 1.002316777,
2176.548867533, 1.002387747,
2176.569299269, 1.002709946,
2176.589730903, 1.002654253,
2176.610162438, 1.002182960,
2176.630594173, 1.002339762,
2176.671457341, 1.002316266,
2176.691889075, 1.002484381,
2176.712320709, 1.002506467,
2176.732752242, 1.002745735,
2176.753183976, 1.002706102,
2176.773615509, 1.002600539,
2176.794047141, 1.002697113,
2176.814478874, 1.002528321,
2176.834910507, 1.002587590,
2176.855342039, 1.002441460,
2176.875773771, 1.002473598,
2176.896205402, 1.002525305,
2176.916637034, 1.002484611,
2176.937068665, 1.002278297,
2176.957500296, 1.002312160,
2176.977932027, 1.002247507,
2177.018795188, 1.002803829,
2177.039226918, 1.002956907,
2177.059658448, 1.002507544,
2177.080090078, 1.002422304,
2177.120953337, 1.001836011,
2177.161816695, 1.002383741,
2177.182248223, 1.002389871,
2177.202679852, 1.002772488,
2177.223111580, 1.002682917,
2177.243543108, 1.002703802,
2177.263974736, 1.002618837,
2177.284406463, 1.002812307,
2177.304838091, 1.002875716,
2177.325269718, 1.002945305,
2177.366132971, 1.002647588,
2177.427427850, 1.002639686,
2177.447859576, 1.002888286,
2177.468291102, 1.002609873,
2177.488722727, 1.002890644,
2177.509154352, 1.002643068,
2177.529585978, 1.002580944,
2177.550017502, 1.002972829,
2177.570449227, 1.002557814,
2177.590880851, 1.002913332,
2177.611312376, 1.002707942,
2177.652175723, 1.002867804,
2177.672607347, 1.003093678,
2177.693038970, 1.002820454,
2177.713470593, 1.002828348,
2177.733902316, 1.002447981,
2177.754333839, 1.002681791,
2177.774765461, 1.002777109,
2177.795197184, 1.002701517,
2177.815628806, 1.002754340,
2177.856492049, 1.003031768,
2177.897355192, 1.003484697,
2177.917786913, 1.002900776,
2177.938218534, 1.003173918,
2177.958650055, 1.003055829,
2177.979081775, 1.003358201,
2177.999513395, 1.003514862,
2178.019944915, 1.003139863,
2178.040376635, 1.003189787,
2178.060808255, 1.003084280,
2178.081239774, 1.002973635,
2178.101671493, 1.003317102,
2178.122103112, 1.002930413,
2178.142534731, 1.003230616,
2178.162966350, 1.002966088,
2178.183397968, 1.003107087,
2178.203829586, 1.002978060,
2178.224261204, 1.003023150,
2178.244692822, 1.003201627,
2178.265124440, 1.003251728,
2178.285556057, 1.003252631,
2178.305987674, 1.003321346,
2178.326419291, 1.003337050,
2178.346850908, 1.003182569,
2178.367282525, 1.003093119,
2178.387714241, 1.003012459,
2178.408145757, 1.003365775,
2178.428577373, 1.003121076,
2178.449009089, 1.003319936,
2178.469440604, 1.003402649,
2178.510303935, 1.003268666,
2178.530735450, 1.003147094,
2178.551167164, 1.003665695,
2178.571598779, 1.003355829,
2178.632893622, 1.003469466,
2178.653325235, 1.003324397,
2178.673756849, 1.003493139,
2178.694188462, 1.003337421,
2178.714620075, 1.003200741,
2178.735051688, 1.003615641,
2178.775914914, 1.003496487,
2178.796346626, 1.003699156,
2178.816778138, 1.003650447,
2178.837209750, 1.003481329,
2178.857641462, 1.003983209,
2178.878072974, 1.003525741,
2178.898504685, 1.003517247,
2178.918936196, 1.003573189,
2178.939367807, 1.003511481,
2178.959799518, 1.003560335,
2179.000662639, 1.003464720,
2179.021094349, 1.003655090,
2179.041525859, 1.003656733,
2179.061957469, 1.003425070,
2179.082389179, 1.003553114,
2179.123252298, 1.003558281,
2179.164115516, 1.003666205,
2179.184547124, 1.003754451,
2179.204978833, 1.003452725,
2179.225410441, 1.003657328,
2179.245841949, 1.003665588,
2179.266273657, 1.003744409,
2179.286705265, 1.011514922,
2179.307136973, 1.003876124,
2179.327568480, 1.003805236,
2179.368431794, 1.003534333,
2179.388863301, 1.003733335,
2179.409294908, 1.003752877,
2179.429726614, 1.003657391,
2179.450158120, 1.003450158,
2179.470589726, 1.003724249,
2179.491021432, 1.003694850,
2179.511452938, 1.003342857,
2179.531884543, 1.003843931,
2179.552316249, 1.003757565,
2179.572747754, 1.003874820,
2179.613611064, 1.003703113,
2179.634042568, 1.003884828,
2179.654474272, 1.004066493,
2179.674905877, 1.003637436,
2179.695337381, 1.003822741,
2179.715769085, 1.003634003,
2179.736200688, 1.003718042,
2179.756632192, 1.003962619,
2179.797495498, 1.004110422,
2179.817927001, 1.003865113,
2179.858790306, 1.003813895,
2179.879221808, 1.004010559,
2179.899653511, 1.004118543,
2179.920085113, 1.004295392,
2179.940516614, 1.004200424,
2179.960948316, 1.004040153,
2179.981379917, 1.004231679,
2180.001811619, 1.004114049,
2180.042674721, 1.004154073,
2180.063106421, 1.004175444,
2180.103969522, 1.003874055,
2180.124401222, 1.004159352,
2180.144832822, 1.003811121,
2180.165264322, 1.003890003,
2180.185696022, 1.003787801,
2180.206127621, 1.004100143,
2180.226559121, 1.004107235,
2180.246990820, 1.003927978,
2180.267422419, 1.004100461,
2180.287853917, 1.004082606,
2180.349148713, 1.004070909,
2180.369580411, 1.004018622,
2180.390011908, 1.004039174,
2180.410443606, 1.003982279,
2180.430875204, 1.003872777,
2180.471738398, 1.003582367,
2180.492169995, 1.004075243,
2180.512601592, 1.003993767,
2180.533033189, 1.004047763,
2180.553464785, 1.003900495,
2180.573896381, 1.004107178,
2180.594327978, 1.004252273,
2180.614759573, 1.003960576,
2180.635191169, 1.003968584,
2180.655622865, 1.004167437,
2180.676054360, 1.003974067,
2180.716917650, 1.004114064,
2180.737349145, 1.004024365,
2180.757780840, 1.004299086,
2180.778212435, 1.004285031,
2180.819075623, 1.003925184,
2180.839507217, 1.004128387,
2180.859938711, 1.004279323,
2180.880370405, 1.003807395,
2180.900801998, 1.003805960,
2180.921233492, 1.004130774,
2180.941665185, 1.004177679,
2180.962096778, 1.004321339,
2180.982528371, 1.004110787,
2181.002959964, 1.004195376,
2181.023391556, 1.004249396,
2181.043823148, 1.004045991,
2181.064254741, 1.004109702,
2181.084686333, 1.004298725,
2181.105117924, 1.004338541,
2181.125549516, 1.004209561,
2181.145981108, 1.003910561,
2181.166412699, 1.004029459,
2181.186844290, 1.004207056,
2181.207275881, 1.004144767,
2181.227707572, 1.004081483,
2181.248139063, 1.004211673,
2181.268570653, 1.004074960,
2181.289002344, 1.003900802,
2181.329865424, 1.004400276,
2181.350297114, 1.004046307,
2181.370728603, 1.003933746,
2181.391160193, 1.004106417,
2181.411591882, 1.004359780,
2181.432023371, 1.004152441,
2181.452454961, 1.004179588,
2181.472886649, 1.004224712,
2181.493318238, 1.004238972,
2181.513749827, 1.004231612,
2181.534181415, 1.004191604,
2181.554613003, 1.004408318,
2181.575044591, 1.004214974,
2181.595476179, 1.004263884,
2181.615907767, 1.004301875,
2181.636339355, 1.004324773,
2181.656770942, 1.004184567,
2181.677202529, 1.004434143,
2181.697634216, 1.004559869,
2181.718065703, 1.004125260,
2181.738497290, 1.004488517,
2181.758928877, 1.004101658,
2181.820223636, 1.004206206,
2181.840655222, 1.004737446,
2181.861086908, 1.004450345,
2181.881518393, 1.004449840,
2181.901949979, 1.004345961,
2181.922381664, 1.004632269,
2181.942813149, 1.004422508,
2181.963244734, 1.004466417,
2182.004107904, 1.004641037,
2182.024539488, 1.004436092,
2182.044971173, 1.004326371,
2182.065402757, 1.004479203,
2182.085834241, 1.004639744,
2182.106265925, 1.004744600,
2182.126697509, 1.004532708,
2182.147128993, 1.004441402,
2182.167560676, 1.004521878,
2182.187992260, 1.004720379,
2182.208423943, 1.004614559,
2182.228855426, 1.004431943,
2182.249287009, 1.004585799,
2182.269718691, 1.004378551,
2182.290150174, 1.004735818,
2182.310581756, 1.004501805,
2182.331013439, 1.004552352,
2182.351444921, 1.004470901,
2182.371876503, 1.004414765,
2182.392308185, 1.004626985,
2182.412739666, 1.004456127,
2182.433171248, 1.004686160,
2182.453602829, 1.004525992,
2182.474034410, 1.004640525,
2182.494465991, 1.004842480,
2182.514897672, 1.004535483,
2182.535329153, 1.004621080,
2182.555760834, 1.004179041,
2182.576192414, 1.004367406,
2182.596623894, 1.004220597,
2182.617055575, 1.004764143,
2182.637487155, 1.004444253,
2182.657918634, 1.004719812,
2182.678350314, 1.004847781,
2182.698781894, 1.005141508,
2182.719213373, 1.004699368,
2182.739645052, 1.004492232,
2182.800939789, 1.004756741,
2182.821371368, 1.004879702,
2182.841802847, 1.004670940,
2182.862234525, 1.004295323,
2182.882666103, 1.004777361,
2182.903097781, 1.004630237,
2182.923529259, 1.004864432,
2182.943960837, 1.005092977,
2182.964392515, 1.004584080,
2182.984823992, 1.004840765,
2183.005255570, 1.005262129,
2183.025687247, 1.004714702,
2183.046118824, 1.004908081,
2183.066550301, 1.004948119,
2183.086981978, 1.005054129,
2183.107413555, 1.004849923,
2183.127845031, 1.004840097,
2183.148276708, 1.004687003,
2183.168708184, 1.005055111,
2183.189139760, 1.004949250,
2183.209571436, 1.005039567,
2183.230002912, 1.004764841,
2183.250434587, 1.005056459,
2183.291297638, 1.005200253,
2183.311729314, 1.005130267,
2183.332160889, 1.004969087,
2183.352592364, 1.005232006,
2183.373024039, 1.005110751,
2183.393455613, 1.004970927,
2183.413887188, 1.005061538,
2183.434318763, 1.005179111,
2183.454750337, 1.004996004,
2183.475181911, 1.005033592,
2183.495613485, 1.005292881,
2183.536476633, 1.004941660,
2183.556908306, 1.005072987,
2183.577339780, 1.004836032,
2183.618203026, 1.005354451,
2183.638634499, 1.005383455,
2183.659066172, 1.004885135,
2183.679497745, 1.006299053,
2183.699929218, 1.005162417,
2183.720360890, 1.005179180,
2183.740792463, 1.005339018,
2183.781655607, 1.005011929,
2183.822518651, 1.005253574,
2183.842950323, 1.005240233,
2183.863381894, 1.004976561,
2183.883813466, 1.005215806,
2183.924676608, 1.005290827,
2183.945108179, 1.005579702,
2183.965539750, 1.005486429,
2183.985971321, 1.005066054,
2184.006402892, 1.005254928,
2184.026834462, 1.005238941,
2184.047266033, 1.005454112,
2184.067697703, 1.005391246,
2184.088129173, 1.005455371,
2184.108560743, 1.005323505,
2184.128992413, 1.005320278,
2184.149423883, 1.005299484,
2184.169855453, 1.004995758,
2184.190287122, 1.005221908,
2184.210718591, 1.005359246,
2184.231150161, 1.005168747,
2184.272013299, 1.005091707,
2184.292444968, 1.005104593,
2184.312876536, 1.005431056,
2184.333308005, 1.005238818,
2184.353739674, 1.005352294,
2184.374171242, 1.005486538,
2184.394602810, 1.005572357,
2184.415034378, 1.005317183,
2184.435465946, 1.005339966,
2184.455897514, 1.005580335,
2184.476329082, 1.005292198,
2184.496760649, 1.005498070,
2184.517192217, 1.005553588,
2184.537623884, 1.005573830,
2184.558055352, 1.005551194,
2184.578486919, 1.005451591,
2184.598918586, 1.005498468,
2184.619350053, 1.005382309,
2184.639781719, 1.005550538,
2184.660213186, 1.005361779,
2184.680644752, 1.006152802,
2184.701076419, 1.005623625,
2184.741939451, 1.005789229,
2184.762371117, 1.005875622,
2184.782802583, 1.005843649,
2184.803234149, 1.005660729,
2184.823665815, 1.005671233,
2184.844097280, 1.006156730,
2184.864528846, 1.005967653,
2184.884960511, 1.005644837,
2184.905392076, 1.005437066,
2184.925823541, 1.005557429,
2184.946255206, 1.005496525,
2185.007549900, 1.005582252,
2185.027981465, 1.005728309,
2185.048413129, 1.005769644,
2185.068844593, 1.005274097,
2185.089276158, 1.005893082,
2185.109707822, 1.005571020,
2185.130139285, 1.005962063,
2185.150570849, 1.005771895,
2185.171002513, 1.005907546,
2185.211865540, 1.005798313,
2185.252728666, 1.006013369,
2185.273160229, 1.005740754,
2185.293591892, 1.005649305,
2185.314023355, 1.006488322,
2185.334455018, 1.005749064,
2185.354886481, 1.005601434,
2185.375318143, 1.006199644,
2185.395749705, 1.005837083,
2185.416181268, 1.005714016,
2185.457044392, 1.005659674,
2185.497907416, 1.005062969,
2185.518339077, 1.005579890,
2185.538770639, 1.005444690,
2185.559202101, 1.005912739,
2185.579633762, 1.005887431,
2185.600065323, 1.005887804,
2185.620496984, 1.005994825,
2185.640928446, 1.006443477,
2185.661360006, 1.006293671,
2185.681791667, 1.006050877,
2185.702223128, 1.006452264,
2185.722654689, 1.006344405,
2185.743086349, 1.006070280,
2185.763517810, 1.006213200,
2185.783949370, 1.006152061,
2185.804381030, 1.006391119,
2185.824812490, 1.006431622,
2185.845244050, 1.006033565,
2185.865675710, 1.006283191,
2185.886107270, 1.006224833,
2185.906538730, 1.006457720,
2185.926970389, 1.006506071,
2185.947401948, 1.006517390,
2185.967833508, 1.006220434,
2185.988265067, 1.006209693,
2186.008696626, 1.006281156,
2186.029128185, 1.006524930,
2186.049559744, 1.006419124,
2186.069991203, 1.006393803,
2186.090422862, 1.006420482,
2186.110854420, 1.006616864,
2186.131285879, 1.006475655,
2186.151717537, 1.006704714,
2186.172149096, 1.006578296,
2186.213012212, 1.006272306,
2186.233443770, 1.006530532,
2186.253875328, 1.006450125,
2186.274306885, 1.006384764,
2186.294738443, 1.006434122,
2186.315170101, 1.006674575,
2186.335601558, 1.006327709,
2186.356033116, 1.006574762,
2186.376464773, 1.006820166,
2186.396896230, 1.006577341,
2186.417327787, 1.006465812,
2186.437759444, 1.006486326,
2186.458191001, 1.006460538,
2186.478622458, 1.006531132,
2186.499054115, 1.006815032,
2186.519485671, 1.006453213,
2186.539917128, 1.006285864,
2186.560348784, 1.006498455,
2186.580780340, 1.006686273,
2186.601211997, 1.006687662,
2186.621643453, 1.006488349,
2186.642075009, 1.006664939,
2186.662506665, 1.006209557,
2186.682938120, 1.006707079,
2186.723801232, 1.006532538,
2186.744232787, 1.006748416,
2186.785095898, 1.006364675,
2186.805527453, 1.006536603,
2186.825959008, 1.006526469,
2186.846390563, 1.006441875,
2186.866822118, 1.006323445,
2186.887253673, 1.006482616,
2186.907685228, 1.006513982,
2186.928116783, 1.006409236,
2186.968979992, 1.006618870,
2186.989411446, 1.006372124,
2187.009843101, 1.006436429,
2187.030274655, 1.006226320,
2187.050706109, 1.006407881,
2187.071137763, 1.006344170,
2187.091569317, 1.006665671,
2187.112000771, 1.006820480,
2187.132432424, 1.006499097,
2187.152863978, 1.006606475,
2187.173295432, 1.006434558,
2187.234590092, 1.006598735,
2187.255021745, 1.006695138,
2187.275453298, 1.006391987,
2187.295884951, 1.006582702,
2187.316316404, 1.006733565,
2187.336747957, 1.006279456,
2187.357179610, 1.006331370,
2187.377611063, 1.006159737,
2187.398042615, 1.006265490,
2187.418474268, 1.006404803,
2187.438905720, 1.006415242,
2187.459337272, 1.006562360,
2187.479768925, 1.006347348,
2187.500200377, 1.006725566,
2187.520631929, 1.006363123,
2187.541063581, 1.006610810,
2187.561495033, 1.006209849,
2187.581926685, 1.006246656,
2187.602358237, 1.006752343,
2187.622789688, 1.006598701,
2187.643221340, 1.006585612,
2187.684084343, 1.006692603,
2187.704515994, 1.006661284,
2187.724947545, 1.006826050,
2187.745378996, 1.006502902,
2187.765810647, 1.006540933,
2187.786242199, 1.006770834,
2187.806673749, 1.006733221,
2187.827105300, 1.006737184,
2187.847536851, 1.006629942,
2187.867968502, 1.006739115,
2187.888399952, 1.006975251,
2187.929263153, 1.007023094,
2187.949694704, 1.006814320,
2187.970126154, 1.006790780,
2187.990557804, 1.006921239,
2188.010989354, 1.006998662,
2188.031420804, 1.006864712,
2188.051852454, 1.006735850,
2188.072284004, 1.006693131,
2188.092715454, 1.007159575,
2188.113147104, 1.006983742,
2188.133578653, 1.006826158,
2188.154010103, 1.007101138,
2188.174441752, 1.007199988,
2188.194873202, 1.006696570,
2188.215304851, 1.006882909,
2188.235736400, 1.007187444,
2188.256167850, 1.006737494,
2188.276599499, 1.007153664,
2188.297031048, 1.006941195,
2188.317462597, 1.007038508,
2188.337894146, 1.007099186,
2188.358325694, 1.007080497,
2188.378757243, 1.006995773,
2188.399188792, 1.007301917,
2188.419620340, 1.007005082,
2188.440051889, 1.006830044,
2188.460483537, 1.007254168,
2188.480914986, 1.007183775,
2188.501346634, 1.007132739,
2188.542209630, 1.007237570,
2188.562641278, 1.007156028,
2188.583072826, 1.007191500,
2188.603504274, 1.007145377,
2188.623935922, 1.007209726,
2188.644367470, 1.008418222,
2188.664798918, 1.007484499,
2188.685230565, 1.007558661,
2188.705662113, 1.007417958,
2188.726093560, 1.007243874,
2188.746525208, 1.007684665,
2188.766956755, 1.007330266,
2188.787388403, 1.007168413,
2188.807819850, 1.007240284,
2188.828251397, 1.007360751,
2188.848682944, 1.007102367,
2188.889546038, 1.007211696,
2188.909977585, 1.007332042,
2188.930409132, 1.007423837,
2188.950840679, 1.006866449,
2188.971272325, 1.007508708,
2188.991703772, 1.007657878,
2189.012135319, 1.007379138,
2189.032566965, 1.007545974,
2189.052998411, 1.007555360,
2189.114293050, 1.007670301,
2189.134724697, 1.007350916,
2189.196019335, 1.007437941,
2189.216450881, 1.007103516,
2189.236882326, 1.007563380,
2189.257313972, 1.007661671,
2189.277745518, 1.007202824,
2189.298177064, 1.007524842,
2189.318608609, 1.007578893,
2189.339040155, 1.007776784,
2189.359471700, 1.007479695,
2189.379903246, 1.007577447,
2189.400334791, 1.007599778,
2189.420766436, 1.007519020,
2189.441197982, 1.007419641,
2189.461629427, 1.007814808,
2189.482061072, 1.007570936,
2189.502492617, 1.007339237,
2189.522924062, 1.007449306,
2189.543355707, 1.007746713,
2189.563787252, 1.007277945,
2189.584218697, 1.007622097,
2189.604650341, 1.007461982,
2189.625081786, 1.007811963,
2189.645513331, 1.007694904,
2189.665944975, 1.007909949,
2189.686376420, 1.007433997,
2189.706808064, 1.007513293,
2189.727239609, 1.007729182,
2189.747671053, 1.007636936,
2189.768102697, 1.007727023,
2189.788534242, 1.007657662,
2189.808965786, 1.007815539,
2189.849828874, 1.007562064,
2189.870260418, 1.007723976,
2189.890691962, 1.007638955,
2189.911123506, 1.007478819,
2189.931555050, 1.007766936,
2189.951986694, 1.007986545,
2189.972418138, 1.007700795,
2189.992849781, 1.007664312,
2190.013281325, 1.007981480,
2190.033712768, 1.007506728,
2190.054144412, 1.007972847,
2190.074575955, 1.007908543,
2190.095007399, 1.007927652,
2190.115439042, 1.007737219,
2190.135870586, 1.007746563,
2190.156302029, 1.007605802,
2190.176733672, 1.007717496,
2190.197165215, 1.007744839,
2190.217596659, 1.008013952,
2190.238028302, 1.007776153,
2190.258459745, 1.007967103,
2190.278891388, 1.007880724,
2190.299322931, 1.007789276,
2190.319754374, 1.007734869,
2190.340186016, 1.008644503,
2190.360617559, 1.007915710,
2190.381049102, 1.008005415,
2190.401480645, 1.007896962,
2190.421912187, 1.007645323,
2190.442343730, 1.007646222,
2190.462775272, 1.008038134,
2190.483206815, 1.007788693,
2190.503638357, 1.007928518,
2190.524070000, 1.007830490,
2190.544501442, 1.007924273,
2190.564933085, 1.007774809,
2190.585364627, 1.007897179,
2190.605796069, 1.008112792,
2190.646659254, 1.007652641,
2190.667090696, 1.008103092,
2190.687522338, 1.008132498,
2190.707953880, 1.008034015,
2190.748816964, 1.008231347,
2190.769248505, 1.008076649,
2190.789680047, 1.007867764,
2190.830543131, 1.008118205,
2190.850974773, 1.007959562,
2190.871406214, 1.008111310,
2190.891837756, 1.008234191,
2190.912269397, 1.008237885,
2190.932700839, 1.007812658,
2190.953132381, 1.008248080,
2190.973564022, 1.008101420,
2190.993995463, 1.008272544,
2191.014427005, 1.008344222,
2191.034858646, 1.008524844,
2191.055290088, 1.008161823,
2191.075721629, 1.008572809,
2191.096153270, 1.008025901,
2191.137016352, 1.008552493,
2191.157447893, 1.008404564,
2191.177879334, 1.008352536,
2191.198310976, 1.008346478,
2191.218742517, 1.008241875,
2191.239173958, 1.008399651,
2191.259605598, 1.008206515,
2191.280037139, 1.008607030,
2191.300468580, 1.008428234,
2191.320900221, 1.008389672,
2191.361763303, 1.008686455,
2191.382194843, 1.008513280,
2191.402626384, 1.009039201,
2191.423058025, 1.008270237,
2191.443489565, 1.008401835,
2191.484352646, 1.008468140,
2191.504784187, 1.008204546,
2191.525215627, 1.008596345,
2191.545647268, 1.008441789,
2191.566078808, 1.008360983,
2191.586510249, 1.008654394,
2191.627373329, 1.008432138,
2191.647804870, 1.008508920,
2191.668236510, 1.008488046,
2191.688668050, 1.008228090,
2191.709099590, 1.008436059,
2191.729531130, 1.008372491,
2191.749962571, 1.008359492,
2191.770394211, 1.008506745,
2191.790825751, 1.008520982,
2191.852120371, 1.008755023,
2191.872551911, 1.008543169,
2191.892983451, 1.008698272,
2191.913414991, 1.008718214,
2191.933846631, 1.008696366,
2191.954278070, 1.008757220,
2191.974709610, 1.008666833,
2191.995141250, 1.008407394,
2192.036004230, 1.008400976,
2192.056435869, 1.008833195,
2192.076867409, 1.008604510,
2192.117730488, 1.008037472,
2192.138162028, 1.008573128,
2192.158593467, 1.008639122,
2192.179025107, 1.008902916,
2192.199456647, 1.008492081,
2192.219888286, 1.008651437,
2192.240319726, 1.008844885,
2192.260751265, 1.008739208,
2192.281182904, 1.008671134,
2192.301614344, 1.008770832,
2192.342477523, 1.008899787,
2192.362908962, 1.008811871,
2192.383340501, 1.009071765,
2192.403772041, 1.008783607,
2192.424203580, 1.008729044,
2192.444635119, 1.009289925,
2192.465066658, 1.008804716,
2192.485498198, 1.008703511,
2192.505929837, 1.009168097,
2192.526361376, 1.009010161,
2192.546792815, 1.009071531,
2192.567224454, 1.008770963,
2192.608087433, 1.008989029,
2192.628519072, 1.008752231,
2192.648950611, 1.008910756,
2192.669382050, 1.008949714,
2192.689813689, 1.008668628,
2192.710245228, 1.008895249,
2192.730676867, 1.009144419,
2192.751108306, 1.009073559,
2192.771539845, 1.009330121,
2192.791971484, 1.009380004,
2192.812402923, 1.008757177,
2192.853266101, 1.009388838,
2192.873697539, 1.009146470,
2192.914560717, 1.009101420,
2192.934992156, 1.008888127,
2192.955423695, 1.009597382,
2192.975855334, 1.008915586,
2192.996286773, 1.009110964,
2193.016718411, 1.008940972,
2193.037149950, 1.009350772,
2193.057581489, 1.009194298,
2193.098444566, 1.009202660,
2193.118876005, 1.009050313,
2193.139307644, 1.009140992,
2193.159739183, 1.009198897,
2193.180170621, 1.009133265,
2193.200602260, 1.009034567,
2193.221033799, 1.009058917,
2193.241465437, 1.008965843,
2193.261896876, 1.009323301,
2193.282328415, 1.009438338,
2193.302760053, 1.009111847,
2193.343623030, 1.009494715,
2193.364054669, 1.008860845,
2193.384486108, 1.009155241,
2193.404917646, 1.009368854,
2193.425349285, 1.009317565,
2193.445780723, 1.009684385,
2193.466212262, 1.009183246,
2193.486643900, 1.009331895,
2193.507075439, 1.009290069,
2193.527506978, 1.008962642,
2193.547938516, 1.009742402,
2193.588801593, 1.009314362,
2193.609233132, 1.009194107,
2193.629664670, 1.009184372,
2193.650096309, 1.009363029,
2193.670527747, 1.009335736,
2193.690959286, 1.009627554,
2193.711390924, 1.009210708,
2193.731822363, 1.009214531,
2193.752253901, 1.009073997,
2193.772685440, 1.009498493,
2193.793116978, 1.009266783,
2193.833980055, 1.009217395,
2193.854411594, 1.009122710,
2193.874843232, 1.009419146,
2193.895274671, 1.009595857,
2193.915706209, 1.009891371,
2193.936137848, 1.009411875,
2193.956569286, 1.009180748,
2193.977000824, 1.009357297,
2193.997432463, 1.009513464,
2194.017863901, 1.009302907,
2194.079158617, 1.008986819,
2194.099590155, 1.009501886,
2194.120021694, 1.009677101,
2194.140453232, 1.009543483,
2194.160884871, 1.009420374,
2194.181316309, 1.009750083,
2194.201747848, 1.009438238,
2194.222179486, 1.009780850,
2194.263042463, 1.009193936,
2194.283474102, 1.009745340,
2194.303905540, 1.009498073,
2194.324337179, 1.009531035,
2194.344768717, 1.009545817,
2194.365200156, 1.009402688,
2194.385631794, 1.009188948,
2194.406063233, 1.009528252,
2194.426494771, 1.009407967,
2194.446926410, 1.009662250,
2194.467357848, 1.009969637,
2194.487789387, 1.009191871,
2194.508221025, 1.009555437,
2194.569515641, 1.009669047,
2194.589947179, 1.009876277,
2194.610378718, 1.009411614,
2194.630810257, 1.009707112,
2194.651241795, 1.009606319,
2194.671673434, 1.009702971,
2194.692104872, 1.009723676,
2194.712536411, 1.009662728,
2194.732968050, 1.009417869,
2194.753399488, 1.009600072,
2194.814694104, 1.009483496,
2194.835125743, 1.009583380,
2194.855557282, 1.009722146,
2194.875988720, 1.009750578,
2194.896420359, 1.009467037,
2194.916851898, 1.009909575,
2194.937283337, 1.009718401,
2194.957714975, 1.009546449,
2194.978146514, 1.009675148,
2194.998578053, 1.009553876,
2195.019009592, 1.009975688,
2195.080304208, 1.009921928,
2195.100735747, 1.009928814,
2195.121167286, 1.010108295,
2195.141598825, 1.009923434,
2195.162030364, 1.009951299,
2195.182461903, 1.010068061,
2195.202893441, 1.009909060,
2195.243756619, 1.009753772,
2195.264188058, 1.010157365,
2195.305051236, 1.010153703,
2195.325482675, 1.010261008,
2195.345914314, 1.010467666,
2195.366345853, 1.010104502,
2195.386777292, 1.010278265,
2195.407208932, 1.010560881,
2195.427640471, 1.010445632,
2195.448071910, 1.010373035,
2195.468503549, 1.010615138,
2195.488935088, 1.010538474,
2195.509366727, 1.010401523,
2195.550229706, 1.010058723,
2195.570661345, 1.010212770,
2195.591092784, 1.010336357,
2195.611524324, 1.010852041,
2195.631955963, 1.010163228,
2195.652387402, 1.010235800,
2195.672818942, 1.010307490,
2195.693250581, 1.010197631,
2195.713682120, 1.010148294,
2195.734113660, 1.010425738,
2195.754545199, 1.010241128,
2195.795408278, 1.010352378,
2195.815839818, 1.010222188,
2195.836271257, 1.010495302,
2195.877134436, 1.010459945,
2195.897565876, 1.010396040,
2195.917997516, 1.010615917,
2195.938429055, 1.010586500,
2195.958860695, 1.010192302,
2195.979292135, 1.011079003,
2195.999723674, 1.010947429,
2196.040586754, 1.010334265,
2196.061018294, 1.010474801,
2196.081449934, 1.010286620,
2196.101881373, 1.010528945,
2196.122312913, 1.010635186,
2196.142744553, 1.010596126,
2196.163175993, 1.010762000,
2196.183607533, 1.010748715,
2196.204039173, 1.010369580,
2196.224470713, 1.010501501,
2196.285765334, 1.010827224,
2196.306196874, 1.010610296,
2196.326628414, 1.010750709,
2196.367491594, 1.010623097,
2196.387923035, 1.011109722,
2196.408354575, 1.010520195,
2196.428786115, 1.010806886,
2196.449217656, 1.010788335,
2196.469649296, 1.011165294,
2196.530943918, 1.010889705,
2196.551375358, 1.010901905,
2196.571806899, 1.010668022,
2196.592238539, 1.010717756,
2196.612669980, 1.010752595,
2196.633101521, 1.010576979,
2196.653533161, 1.010804663,
2196.673964602, 1.011048495,
2196.694396243, 1.011071312,
2196.714827784, 1.011183869,
2196.776122406, 1.011037126,
2196.796553947, 1.010921737,
2196.816985488, 1.011168686,
2196.837417029, 1.010883452,
2196.857848570, 1.011018485,
2196.878280212, 1.010976717,
2196.898711653, 1.010910864,
2196.919143294, 1.010814208,
2196.939574835, 1.011398072,
2196.960006276, 1.011150209,
2197.021300900, 1.011081443,
2197.041732542, 1.010931029,
2197.062164083, 1.011110883,
2197.082595525, 1.011086263,
2197.103027166, 1.010965604,
2197.123458708, 1.011137392,
2197.143890350, 1.011194987,
2197.164321791, 1.011143880,
2197.184753233, 1.011103854,
2197.205184875, 1.011119845,
2197.225616417, 1.011139835,
2197.266479500, 1.011218573,
2197.286911042, 1.011038214,
2197.307342584, 1.010944525,
2197.327774126, 1.011783736,
2197.348205668, 1.011017427,
2197.368637310, 1.011296047,
2197.389068853, 1.011342968,
2197.409500295, 1.011189872,
2197.429931937, 1.010967927,
2197.450363479, 1.011302088,
2197.470794922, 1.011035930,
2197.593384377, 1.011343512,
2197.613815819, 1.011100959,
2197.634247362, 1.011197699,
2197.654679005, 1.011354506,
2197.675110448, 1.011254056,
2197.695541991, 1.011513862,
2197.756836619, 1.011183301,
2197.777268262, 1.011812838,
2197.797699706, 1.011637025,
2197.818131349, 1.011511947,
2197.838562792, 1.011687144,
2197.858994435, 1.011550525,
2197.879425978, 1.011402758,
2197.899857422, 1.011473209,
2197.920288965, 1.011339329,
2197.940720609, 1.011566633,
2197.961152152, 1.011503677,
2198.002015239, 1.011421548,
2198.022446783, 1.012038704,
2198.042878327, 1.011672911,
2198.063309870, 1.011611431,
2198.083741414, 1.011645750,
2198.104173058, 1.011516300,
2198.124604502, 1.011308139,
2198.145036046, 1.011488488,
2198.165467690, 1.011786629,
2198.185899134, 1.011768510,
2198.206330678, 1.011318232,
2198.247193767, 1.011755044,
2198.267625411, 1.011762770,
2198.308488400, 1.011421277,
2198.328920044, 1.011817956,
2198.349351589, 1.011655456,
2198.369783134, 1.011564496,
2198.390214678, 1.011604410,
2198.410646223, 1.011534886,
2198.431077768, 1.011576496,
2198.492372402, 1.011906997,
2198.512803948, 1.011905588,
2198.533235493, 1.011781830,
2198.553667038, 1.011693617,
2198.574098583, 1.011753681,
2198.594530128, 1.011881455,
2198.614961774, 1.011765610,
2198.635393219, 1.012069749,
2198.655824764, 1.011662628,
2198.676256410, 1.011619617,
2198.696687855, 1.011834352,
2198.737551047, 1.011899450,
2198.757982492, 1.011899577,
2198.778414138, 1.011872262,
2198.798845684, 1.011868487,
2198.819277130, 1.011838253,
2198.839708776, 1.011634120,
2198.860140322, 1.012012948,
2198.880571768, 1.011572064,
2198.901003415, 1.011801971,
2198.921434961, 1.011691419,
2198.941866607, 1.011834508,
2199.003161247, 1.011800464,
2199.023592793, 1.012032678,
2199.044024240, 1.011473864,
2199.064455886, 1.011823122,
2199.084887433, 1.011808056,
2199.105318980, 1.012107043,
2199.125750527, 1.012073884,
2199.146182074, 1.011870228,
2199.166613621, 1.011950475,
2199.227908263, 1.011769955,
2199.248339810, 1.011688732,
2199.268771257, 1.011930227,
2199.289202905, 1.011663591,
2199.309634453, 1.012048126,
2199.330066100, 1.011861859,
2199.350497548, 1.011842103,
2199.370929096, 1.011832492,
2199.452655387, 1.012055633,
2199.473086835, 1.012083581,
2199.493518384, 1.011760794,
2199.513950032, 1.012212345,
2199.534381480, 1.012278860,
2199.554813129, 1.011710546,
2199.575244677, 1.012131033,
2199.595676226, 1.012232333,
2199.616107774, 1.012147672,
2199.636539323, 1.011830397,
2199.656970872, 1.012096270,
2199.677402421, 1.011998953,
2199.718265519, 1.011613203,
2199.738697168, 1.011952316,
2199.759128617, 1.011861755,
2199.779560266, 1.012057041,
2199.799991815, 1.012096410,
2199.840854914, 1.012026884,
2199.861286364, 1.012009264,
2199.881717913, 1.011918664,
2199.902149563, 1.012161727,
2199.922581013, 1.011920887,
2199.963444213, 1.011992757,
2199.983875663, 1.011956646,
2200.004307313, 1.011846777,
2200.024738863, 1.012123724,
2200.045170313, 1.011869490,
2200.065601964, 1.012428350,
2200.086033514, 1.012127925,
2200.106465065, 1.011897659,
2200.126896615, 1.011915660,
2200.147328166, 1.012089814,
2200.167759816, 1.012244200,
2200.208622818, 1.012165402,
2200.229054469, 1.012005253,
2200.249486020, 1.012174388,
2200.269917471, 1.012304400,
2200.290349123, 1.012262440,
2200.310780674, 1.012144831,
2200.331212125, 1.011923022,
2200.351643777, 1.012151224,
2200.392506980, 1.011922005,
2200.412938432, 1.012284612,
2200.453801636, 1.011928165,
2200.474233088, 1.012206567,
2200.494664640, 1.012217127,
2200.515096192, 1.011953696,
2200.535527744, 1.011975788,
2200.555959296, 1.012342936,
2200.576390849, 1.012001791,
2200.596822401, 1.011745162,
2200.617254054, 1.011995028,
2200.637685507, 1.012177864,
2200.658117059, 1.012366949,
2200.698980165, 1.011735214,
2200.719411718, 1.012119581,
2200.739843371, 1.011713546,
2200.760274825, 1.012041043,
2200.780706378, 1.012047809,
2200.801138031, 1.011927234,
2200.821569585, 1.012238420,
2200.842001138, 1.012044525,
2200.862432692, 1.011904467,
2200.882864246, 1.012385238,
2200.903295900, 1.012215262,
2200.944158908, 1.012101644,
2200.964590562, 1.012653179,
2200.985022016, 1.012203788,
2201.005453670, 1.012072518,
2201.025885225, 1.012100697,
2201.046316679, 1.012104924,
2201.066748334, 1.012082170,
2201.087179888, 1.012074595,
2201.107611343, 1.012037308,
2201.128042998, 1.012121674,
2201.189337663, 1.012013107,
2201.209769219, 1.012098095,
2201.230200774, 1.012096264,
2201.250632329, 1.012104828,
2201.271063885, 1.012104896,
2201.291495441, 1.012113428,
2201.311926996, 1.012312266,
2201.332358552, 1.012235717,
2201.352790108, 1.011953857,
2201.373221664, 1.012250159,
2201.434516333, 1.011911755,
2201.454947989, 1.012142133,
2201.475379546, 1.012097603,
2201.495811002, 1.012453605,
2201.516242659, 1.012228565,
2201.536674216, 1.012082743,
2201.557105673, 1.012161827,
2201.577537330, 1.012174831,
2201.618400344, 1.012066530,
2201.659263559, 1.012205458,
2201.679695216, 1.012157704,
2201.700126674, 1.012297397,
2201.720558232, 1.012120366,
2201.740989889, 1.011956302,
2201.761421347, 1.012382204,
2201.781852905, 1.012378214,
2201.802284564, 1.012232603,
2201.822716022, 1.012200982,
2201.843147680, 1.012152811,
2201.863579239, 1.012037712,
2201.884010697, 1.012508525,
2201.924873815, 1.011999008,
2201.945305373, 1.012291973,
2201.965737032, 1.012209078,
2201.986168591, 1.012307567,
2202.006600051, 1.012150792,
2202.027031710, 1.012265586,
2202.047463269, 1.012392435,
2202.067894829, 1.012232402,
2202.088326388, 1.012458513,
2202.108757948, 1.012112676,
2202.129189608, 1.012322396,
2202.170052628, 1.012104130,
2202.190484288, 1.012444131,
2202.210915748, 1.012625969,
2202.231347309, 1.012301350,
2202.251778969, 1.012287419,
2202.272210430, 1.012395870,
2202.292642090, 1.012377952,
2202.313073651, 1.012199064,
2202.333505112, 1.012335746,
2202.353936773, 1.012207209,
2202.415231457, 1.012469832,
2202.435663018, 1.012245896,
2202.456094680, 1.012094188,
2202.476526142, 1.012309229,
2202.496957703, 1.012065583,
2202.517389265, 1.012248609,
2202.537820827, 1.012082799,
2202.558252390, 1.012634470,
2202.599115514, 1.012311257,
2202.660410202, 1.012375056,
2202.680841865, 1.012234586,
2202.701273428, 1.012240832,
2202.721704891, 1.012427740,
2202.742136554, 1.012542503,
2202.762568117, 1.012489552,
2202.782999581, 1.012279807,
2202.803431244, 1.012273004,
2202.823862808, 1.012267429,
2202.844294272, 1.012401713,
2202.864725935, 1.012369270,
2202.926020628, 1.012623170,
2202.946452192, 1.012325335,
2202.966883857, 1.012467820,
2202.987315321, 1.012343998,
2203.007746886, 1.012651212,
2203.028178551, 1.012549580,
2203.048610016, 1.012119850,
2203.069041681, 1.012461399,
2203.089473246, 1.013003291,
2203.109904811, 1.012376348,
2203.150767942, 1.012420954,
2203.171199508, 1.012268638,
2203.191631074, 1.012424648,
2203.212062639, 1.012111197,
2203.232494205, 1.012509704,
2203.252925772, 1.012318407,
2203.273357338, 1.012186811,
2203.293789004, 1.012326856,
2203.314220471, 1.012307198,
2203.334652037, 1.012588227,
2203.355083704, 1.013953879,
2203.395946738, 1.012466477,
2203.416378405, 1.012329333,
2203.436809873, 1.012531229,
2203.457241440, 1.012415823,
2203.477673107, 1.012324063,
2203.498104575, 1.012044990,
2203.518536243, 1.012542386,
2203.538967811, 1.012798794,
2203.559399279, 1.012240797,
2203.579830947, 1.012422017,
2203.600262515, 1.012491530,
2203.641125652, 1.012235212,
2203.661557221, 1.012418326,
2203.681988889, 1.012819490,
2203.702420358, 1.012520001,
2203.722851927, 1.012834033,
2203.763715166, 1.012880955,
2203.784146635, 1.012320365,
2203.804578305, 1.012221845,
2203.825009875, 1.012566645,
2203.845441344, 1.012170325,
2203.886304584, 1.012317696,
2203.906736155, 1.012623546,
2203.927167725, 1.012528440,
2203.947599195, 1.012723805,
2203.968030866, 1.012495715,
2203.988462437, 1.012517397,
2204.008893908, 1.012920166,
2204.029325579, 1.012617127,
2204.049757150, 1.012949890,
2204.070188621, 1.012283339,
2204.090620292, 1.012657944,
2204.131483536, 1.012504553,
2204.151915007, 1.012546050,
2204.172346579, 1.012472001,
2204.192778251, 1.012267874,
2204.213209724, 1.012337496,
2204.233641296, 1.012469611,
2204.254072968, 1.012187778,
2204.274504541, 1.012503841,
2204.294936114, 1.012541970,
2204.315367687, 1.012636237,
2204.335799260, 1.012575244,
2204.376662406, 1.012631798,
2204.397093980, 1.012638148,
2204.417525553, 1.012513643,
2204.437957127, 1.012617219,
2204.458388701, 1.012699888,
2204.478820375, 1.012794562,
2204.499251849, 1.012412272,
2204.519683523, 1.012596046,
2204.540114997, 1.012467359,
2204.560546572, 1.012760631,
2204.580978247, 1.012628442,
2204.621841296, 1.012318325,
2204.642272972, 1.012546873,
2204.662704447, 1.012749630,
2204.683136122, 1.012666104,
2204.703567698, 1.012607466,
2204.723999173, 1.012654985,
2204.744430849, 1.012562430,
2204.764862425, 1.012623026,
2204.785293901, 1.012368950,
2204.805725577, 1.012559518,
2204.826157154, 1.012563944,
2204.867020307, 1.012789459,
2204.887451884, 1.012687764,
2204.907883561, 1.012380620,
2204.928315138, 1.012855610,
2204.948746615, 1.012433412,
2204.969178293, 1.012388656,
2204.989609870, 1.012676675,
2205.010041348, 1.012480573,
2205.030473026, 1.012155299,
2205.050904604, 1.012584062,
2205.071336082, 1.012471481,
2205.112199338, 1.012362656,
2205.132631017, 1.012451527,
2205.153062496, 1.012445940,
2205.173494074, 1.012447369,
2205.193925653, 1.012417767,
2205.214357233, 1.012442951,
2205.234788812, 1.012602521,
2205.255220391, 1.012589669,
2205.275651971, 1.012856959,
2205.296083651, 1.012419145,
2205.316515131, 1.012261649,
2205.357378391, 1.012480158,
2205.377809871, 1.012598443,
2205.398241452, 1.012604115,
2205.418673132, 1.012542643,
2205.439104613, 1.012755239,
2205.459536194, 1.012569122,
2205.479967875, 1.012540425,
2205.500399456, 1.012647688,
2205.520831038, 1.012373185,
2205.541262619, 1.012522487,
2205.602557365, 1.012408280,
2205.622988947, 1.012494182,
2205.643420629, 1.012798705,
2205.663852112, 1.012535716,
2205.684283695, 1.012395967,
2205.704715377, 1.012704007,
2205.725146860, 1.012493351,
2205.745578543, 1.012431523,
2205.766010127, 1.012403555,
2205.786441610, 1.012352285,
2205.806873294, 1.012471934,
2205.847736361, 1.012492190,
2205.868168045, 1.012587771,
2205.888599629, 1.012747132,
2205.909031214, 1.012698104,
2205.929462798, 1.012575104,
2205.949894283, 1.012503016,
2205.970325968, 1.012621663,
2205.990757553, 1.012747635,
2206.011189138, 1.012514930,
2206.031620723, 1.012392869,
2206.052052309, 1.012431080,
2206.113347066, 1.012033934,
2206.133778752, 1.012483994,
2206.154210338, 1.012622264,
2206.174641825, 1.012470092,
2206.195073511, 1.012555836,
2206.215505098, 1.012588200,
2206.235936585, 1.012629198,
2206.276799859, 1.012930415,
2206.338094622, 1.012619936,
2206.358526310, 1.012339782,
2206.378957798, 1.012612864,
2206.399389386, 1.012342897,
2206.419821074, 1.013038246,
2206.440252563, 1.012646935,
2206.460684152, 1.012309682,
2206.481115841, 1.012610866,
2206.501547330, 1.012544393,
2206.521979019, 1.012751115,
2206.542410608, 1.012361217,
2206.583273787, 1.012589796,
2206.603705277, 1.012247220,
2206.624136867, 1.012550521,
2206.644568557, 1.012897004,
2206.665000048, 1.012719642,
2206.685431638, 1.012522066,
2206.705863329, 1.013050913,
2206.726294920, 1.012522760,
2206.746726511, 1.012623790,
2206.767158102, 1.012450309,
2206.828452877, 1.012489345,
2206.848884469, 1.012555641,
2206.869316161, 1.012958833,
2206.889747653, 1.012585655,
2206.910179345, 1.012669078,
2206.930610938, 1.012691155,
2206.951042431, 1.012410274,
2206.971474123, 1.012367018,
2206.991905716, 1.012899574,
2207.012337210, 1.012554298,
2207.032768903, 1.012510632,
2207.073631991, 1.012804195,
2207.094063684, 1.012736739,
2207.114495279, 1.012908640,
2207.134926973, 1.012847335,
2207.155358467, 1.012477612,
2207.175790062, 1.012462804,
2207.196221757, 1.012860916,
2207.216653252, 1.012598186,
2207.237084847, 1.012663392,
2207.257516442, 1.012418940,
2207.277948138, 1.012700049,
2207.318811329, 1.012667980,
2207.339242825, 1.012693273,
2207.359674521, 1.012898676,
2207.380106118, 1.012890094,
2207.400537614, 1.012723220,
2207.420969311, 1.012739883,
2207.441400908, 1.012835475,
2207.461832405, 1.012961628,
2207.482264102, 1.012804812,
2207.502695700, 1.012836717,
2207.523127397, 1.012841476,
2207.563990493, 1.012899632,
2207.584422191, 1.012817103,
2207.604853690, 1.012633696,
2207.625285288, 1.012919666,
2207.645716987, 1.012859042,
2207.666148486, 1.012938867,
2207.686580085, 1.012949835,
2207.707011784, 1.012786517,
2207.727443284, 1.012759769,
2207.747874983, 1.012752084,
2207.768306583, 1.012750778,
2207.809169783, 1.012788890,
2207.829601383, 1.012512465,
2207.850032984, 1.012920933,
2207.870464585, 1.012765658,
2207.890896185, 1.012700066,
2207.911327786, 1.013162459,
2207.931759388, 1.012680102,
2207.952190989, 1.012967023,
2207.972622591, 1.012833985,
2207.993054193, 1.013013809,
2208.013485795, 1.012807488,
2208.054348999, 1.012835601,
2208.074780602, 1.012899640,
2208.095212304, 1.012640612,
2208.115643807, 1.012777148,
2208.136075510, 1.012736737,
2208.156507114, 1.012707056,
2208.176938617, 1.012380962,
2208.197370321, 1.012757423,
2208.217801925, 1.012781789,
2208.238233429, 1.012961831,
2208.258665133, 1.013236093,
2208.299528242, 1.012786563,
2208.319959947, 1.012781879,
2208.340391552, 1.012748495,
2208.360823257, 1.013031383,
2208.381254762, 1.013217513,
2208.401686368, 1.013063142,
2208.422118074, 1.012905713,
2208.442549579, 1.012639614,
2208.462981186, 1.012893016,
2208.483412892, 1.012886209,
2208.503844498, 1.013005604,
2208.544707712, 1.013044760,
2208.565139319, 1.012629928,
2208.585570926, 1.013021792,
2208.606002534, 1.012648731,
2208.626434041, 1.012883849,
2208.646865749, 1.012925291,
2208.667297357, 1.012938851,
2208.687728866, 1.013084498,
2208.708160574, 1.012963791,
2208.728592183, 1.013181515,
2208.749023891, 1.012949796,
2208.789887010, 1.012627051,
2208.810318719, 1.012865138,
2208.830750229, 1.012559868,
2208.851181838, 1.013102508,
2208.871613548, 1.012906672,
2208.892045059, 1.012552196,
2208.912476769, 1.012636724,
2208.932908379, 1.013013789,
2208.953339890, 1.012808221,
2208.973771601, 1.012769996,
2208.994203212, 1.012849746,
2209.035066435, 1.013090664,
2209.055498047, 1.012820808,
2209.075929659, 1.013135586,
2209.096361271, 1.013214181,
2209.116792884, 1.013028055,
2209.137224596, 1.013222941,
2209.157656209, 1.012834873,
2209.178087722, 1.012831530,
2209.198519435, 1.013349666,
2209.218951048, 1.013204803,
2209.239382562, 1.012749379,
2209.280245790, 1.013008640,
2209.300677504, 1.012809099,
2209.321109118, 1.013072150,
2209.341540633, 1.013772615,
2209.361972348, 1.012804877,
2209.382403962, 1.012912591,
2209.402835478, 1.013283298,
2209.423267193, 1.013370966,
2209.443698809, 1.013090834,
2209.464130324, 1.013263125,
2209.484562040, 1.013317174,
2209.525425373, 1.013046998,
2209.545856890, 1.013272076,
2209.566288506, 1.013085634,
2209.586720223, 1.013237839,
2209.627583358, 1.013039569,
2209.648015076, 1.013300724,
2209.668446694, 1.013225462,
2209.688878312, 1.013197058,
2209.709309930, 1.013058915,
2209.729741548, 1.013011127,
2209.770604786, 1.013102633,
2209.791036405, 1.013052344,
2209.811468124, 1.013360324,
2209.831899644, 1.012896949,
2209.852331263, 1.012944966,
2209.872762883, 1.013082604,
2209.893194503, 1.013343219,
2209.913626224, 1.013253179,
2209.934057744, 1.013098120,
2209.954489365, 1.013132707,
2210.015784229, 1.012842764,
2210.036215950, 1.013170336,
2210.077079194, 1.013170381,
2210.097510816, 1.012958166,
2210.117942339, 1.013036281,
2210.138374061, 1.013276005,
2210.158805684, 1.013077538,
2210.179237307, 1.013131367,
2210.199668931, 1.013365877,
2210.260963802, 1.013244524,
2210.281395426, 1.012967861,
2210.301827150, 1.012783901,
2210.322258675, 1.013179087,
2210.342690300, 1.013181422,
2210.363122025, 1.013164128,
2210.383553650, 1.013069735,
2210.403985175, 1.013336304,
2210.424416901, 1.013199012,
2210.485711779, 1.013366176,
2210.506143406, 1.013320953,
2210.526575032, 1.012940567,
2210.547006659, 1.013192832,
2210.567438287, 1.013484481,
2210.587870014, 1.013158843,
2210.608301542, 1.013125410,
2210.628733169, 1.013170103,
2210.649164797, 1.013152079,
2210.669596426, 1.013236441,
2210.751323041, 1.012930200,
2210.771754570, 1.013025414,
2210.792186200, 1.012935557,
2210.812617930, 1.013171826,
2210.833049560, 1.012859293,
2210.853481190, 1.013193424,
2210.873912820, 1.013243421,
2210.894344451, 1.013089812,
2210.914776082, 1.013195735,
2210.935207713, 1.013189884,
2210.955639345, 1.013099092,
2210.996502608, 1.013142905,
2211.016934240, 1.013413816,
2211.037365972, 1.013296906,
2211.057797505, 1.012864235,
2211.078229237, 1.013371854,
2211.098660870, 1.013206921,
2211.119092404, 1.013025288,
2211.139524137, 1.013218484,
2211.159955771, 1.013182187,
2211.180387304, 1.013215530,
2211.200819038, 1.013148111,
2211.241682307, 1.013095513,
2211.262113942, 1.013051057,
2211.282545477, 1.013444307,
2211.302977212, 1.013288840,
2211.323408848, 1.013094175,
2211.343840383, 1.013293158,
2211.364272119, 1.013702390,
2211.384703755, 1.013094851,
2211.405135391, 1.012984412,
2211.425567028, 1.013026976,
2211.445998665, 1.013158482,
2211.486861939, 1.012995485,
2211.507293576, 1.013123213,
2211.527725314, 1.013067589,
2211.548156952, 1.013570439,
2211.568588490, 1.013404757,
2211.589020228, 1.013239649,
2211.609451867, 1.013200806,
2211.629883506, 1.013032344,
2211.650315145, 1.013035724,
2211.670746784, 1.013366160,
2211.691178524, 1.012895522,
2211.732041704, 1.013181018,
2211.752473444, 1.013434127,
2211.772904984, 1.013453527,
2211.793336625, 1.013162276,
2211.813768366, 1.013425735,
2211.834199907, 1.013161415,
2211.854631649, 1.013015478,
2211.895494832, 1.013014317,
2211.915926574, 1.013114382,
2211.936358117, 1.012947440,
2211.977221502, 1.013016772,
2211.997653045, 1.013119309,
2212.018084788, 1.013204653,
2212.038516432, 1.013314714,
2212.058948076, 1.013260218,
2212.079379720, 1.013145037,
2212.099811364, 1.013572277,
2212.120243009, 1.013320356,
2212.140674653, 1.013002460,
2212.161106298, 1.013152145,
2212.201969689, 1.012945163,
2212.222401235, 1.012918868,
2212.242832981, 1.013013657,
2212.263264627, 1.013182681,
2212.283696173, 1.013557924,
2212.304127920, 1.013232311,
2212.365422861, 1.012811327,
2212.385854509, 1.013257073,
2212.406286257, 1.012943710,
2212.426717805, 1.013400732,
2212.467581202, 1.013063668,
2212.508444399, 1.013329208,
2212.528876149, 1.013509637,
2212.549307698, 1.013530296,
2212.569739348, 1.013296137,
2212.590170998, 1.013219866,
2212.610602649, 1.013093097,
2212.631034399, 1.013269045,
2212.651465950, 1.013021739,
2212.671897601, 1.012938552,
2212.712761004, 1.013258002,
2212.733192555, 1.013304750,
2212.753624307, 1.013172040,
2212.774055959, 1.013153373,
2212.794487512, 1.013259418,
2212.814919265, 1.013046225,
2212.835350918, 1.013299726,
2212.855782671, 1.013153481,
2212.876214224, 1.013276372,
2212.896645878, 1.013366016,
2212.917077632, 1.013138538,
2212.957940841, 1.013287851,
2212.978372596, 1.013185963,
2212.998804150, 1.013417844,
2213.019235906, 1.012954304,
2213.039667561, 1.013328320,
2213.060099117, 1.013166965,
2213.080530873, 1.013146171,
2213.100962529, 1.013010382,
2213.121394086, 1.013220484,
2213.141825842, 1.013177336,
2213.162257499, 1.013087444,
2213.203120814, 1.013215959,
2213.223552472, 1.013340632,
2213.243984130, 1.013360470,
2213.264415788, 1.012868876,
