BJD - 2454833, Corrected Flux
2146.452686594, 1.000173566,
2146.473118889, 1.000002624,
2146.513983176, 1.000266918,
2146.554847562, 1.000154569,
2146.575279753, 1.000139143,
2146.595712045, 1.000131887,
2146.616144136, 1.000110110,
2146.636576326, 1.000074064,
2146.657008516, 1.000107118,
2146.677440705, 1.000176092,
2146.697872994, 1.000092422,
2146.738737270, 0.999919143,
2146.759169557, 0.999953320,
2146.779601744, 0.999882882,
2146.800033830, 0.999806160,
2146.820466116, 0.999831255,
2146.840898301, 0.999786345,
2146.861330386, 0.999772579,
2146.881762670, 0.999786289,
2146.902194853, 0.999685397,
2146.922626936, 0.999646041,
2146.943059219, 0.999698657,
2146.963491401, 0.999647896,
2146.983923482, 0.999662641,
2147.004355763, 0.999623565,
2147.024787944, 0.999734502,
2147.045220024, 0.999561033,
2147.065652303, 0.999588747,
2147.086084482, 0.999639559,
2147.126948838, 0.999520720,
2147.147381016, 0.999525326,
2147.167813293, 0.999499212,
2147.188245369, 0.999583094,
2147.229109820, 0.999561204,
2147.269974069, 0.999555366,
2147.290406343, 0.999534148,
2147.310838516, 0.999577736,
2147.331270589, 0.999486617,
2147.351702861, 0.999461298,
2147.392567104, 0.999578011,
2147.412999375, 0.999546320,
2147.494727952, 0.999529832,
2147.515160120, 0.999561224,
2147.535592388, 0.999602788,
2147.556024455, 0.999653035,
2147.576456622, 0.999577599,
2147.596888887, 0.999495174,
2147.637753118, 0.999594977,
2147.658185382, 0.999556866,
2147.678617546, 0.999608626,
2147.699049710, 0.999568118,
2147.719481873, 0.999617828,
2147.739914035, 0.999591543,
2147.760346297, 0.999591972,
2147.780778359, 0.999701215,
2147.801210519, 0.999623736,
2147.821642780, 0.999616139,
2147.842074840, 0.999624907,
2147.862507000, 0.999614992,
2147.882939258, 0.999663009,
2147.903371317, 0.999677268,
2147.923803474, 0.999659256,
2147.944235732, 0.999772340,
2147.985099945, 0.999734917,
2148.005532201, 0.999726920,
2148.025964256, 0.999757938,
2148.046396411, 0.999879025,
2148.066828665, 0.999834890,
2148.087260819, 0.999769236,
2148.128125125, 0.999718074,
2148.148557177, 0.999771193,
2148.168989329, 0.999843598,
2148.189421580, 0.999925994,
2148.209853631, 0.999861670,
2148.230285781, 0.999819229,
2148.250718031, 0.999849302,
2148.271150080, 0.999857888,
2148.291582328, 0.999985828,
2148.312014476, 0.999884251,
2148.332446524, 1.000024099,
2148.352878771, 1.000089542,
2148.373310918, 0.999999426,
2148.393742964, 1.000030935,
2148.414175210, 0.999932140,
2148.434607355, 0.999912487,
2148.475471644, 0.999975564,
2148.516335930, 1.000101119,
2148.536768073, 1.000112374,
2148.557200215, 1.000118595,
2148.577632356, 1.000146247,
2148.598064598, 1.000047637,
2148.618496638, 1.000012694,
2148.638928778, 1.000001234,
2148.659361018, 1.000135379,
2148.700225195, 1.000161589,
2148.720657433, 1.000180792,
2148.741089471, 1.000088802,
2148.761521608, 1.000092654,
2148.781953844, 1.000139277,
2148.802385880, 1.000125308,
2148.822818016, 1.000135063,
2148.843250251, 1.000105237,
2148.863682286, 1.000155254,
2148.904546553, 1.000085642,
2148.924978686, 1.000198124,
2148.945410918, 1.000126298,
2148.965842950, 1.000100643,
2148.986275082, 1.000097334,
2149.006707313, 1.000071650,
2149.027139443, 1.000073255,
2149.047571473, 1.000146413,
2149.068003703, 1.000129641,
2149.088435832, 1.000024896,
2149.108867860, 1.000049851,
2149.129300088, 1.000139981,
2149.149732216, 1.000169782,
2149.170164242, 1.000163613,
2149.190596469, 1.000097538,
2149.211028595, 1.000169413,
2149.251892845, 1.000170345,
2149.292757094, 1.000125888,
2149.333621340, 1.000241542,
2149.354053463, 1.000221626,
2149.374485585, 1.000178950,
2149.394917706, 1.000139783,
2149.415349827, 1.000156533,
2149.456214068, 1.000226521,
2149.476646287, 1.000202727,
2149.497078406, 1.000213419,
2149.517510424, 1.000178338,
2149.537942643, 1.000216152,
2149.619671010, 1.000258291,
2149.640103125, 1.000265024,
2149.660535340, 1.000195228,
2149.680967354, 1.000241073,
2149.701399468, 1.000193918,
2149.721831682, 1.000213155,
2149.742263695, 1.000205110,
2149.762695807, 1.000270218,
2149.783128019, 1.000297919,
2149.803560031, 1.000286312,
2149.823992142, 1.000293733,
2149.844424352, 1.000246389,
2149.864856463, 1.000246901,
2149.885288472, 1.000209715,
2149.905720681, 1.000272652,
2149.946584797, 1.000331805,
2149.967017005, 1.000313716,
2149.987449112, 1.000327974,
2150.007881119, 1.000304858,
2150.048745430, 1.000267390,
2150.069177635, 1.000281740,
2150.089609640, 1.000293749,
2150.110041744, 1.000292135,
2150.130473948, 1.000205302,
2150.150905951, 1.000224474,
2150.171338053, 1.000200642,
2150.191770256, 1.000228524,
2150.212202257, 1.000295075,
2150.232634358, 1.000229759,
2150.253066559, 1.000252123,
2150.273498659, 1.000224304,
2150.293930659, 1.000276131,
2150.314362858, 1.000300628,
2150.334794956, 1.000278311,
2150.355226955, 1.000236042,
2150.375659152, 1.000250390,
2150.396091150, 1.000394254,
2150.416523246, 1.000299825,
2150.436955442, 1.000278591,
2150.457387438, 1.000229830,
2150.477819533, 1.000262093,
2150.498251728, 1.000232486,
2150.518683722, 1.000213844,
2150.539115816, 1.000190066,
2150.559548009, 1.000216238,
2150.579980002, 1.000285062,
2150.702572649, 1.000242654,
2150.723004738, 1.000242720,
2150.743436827, 1.000252817,
2150.763868915, 1.000204522,
2150.784301103, 1.000287950,
2150.804733091, 1.000260189,
2150.825165177, 1.000207469,
2150.845597364, 1.000256395,
2150.866029350, 1.000254017,
2150.886461435, 1.000235008,
2150.906893620, 1.000230664,
2150.927325605, 1.000184108,
2150.947757689, 1.000217737,
2150.968189872, 1.000202346,
2150.988621855, 1.000217340,
2151.029486020, 1.000143407,
2151.070350182, 1.000200295,
2151.090782363, 1.000251687,
2151.111214343, 1.000348622,
2151.131646423, 1.000291022,
2151.152078602, 1.000287652,
2151.172510580, 1.000218699,
2151.192942659, 1.000318040,
2151.213374836, 1.000250345,
2151.233806814, 1.000276413,
2151.254238990, 1.000274917,
2151.274671066, 1.000295399,
2151.295103042, 1.000205426,
2151.315535217, 1.000243724,
2151.335967292, 1.000204890,
2151.356399267, 1.000324089,
2151.376831440, 1.000354051,
2151.397263514, 1.000287584,
2151.417695487, 1.000251759,
2151.438127659, 1.000316601,
2151.458559731, 1.000292301,
2151.478991702, 1.000313996,
2151.499423873, 1.000237139,
2151.519855944, 1.000261040,
2151.540288013, 1.000321025,
2151.560720083, 1.000220363,
2151.581152152, 1.000245768,
2151.601584221, 1.000329835,
2151.622016389, 1.000211379,
2151.642448356, 1.000198802,
2151.662880423, 1.000257391,
2151.683312590, 1.000257499,
2151.703744556, 1.000286195,
2151.724176622, 1.000257732,
2151.744608787, 1.000207557,
2151.785472816, 1.000256806,
2151.805904979, 1.000285033,
2151.826336942, 1.000289419,
2151.846769005, 1.000238389,
2151.867201068, 1.000226954,
2151.908065290, 1.000265113,
2151.928497251, 1.000240516,
2151.969361472, 1.000218669,
2152.010225490, 1.000257193,
2152.030657648, 1.000221861,
2152.051089706, 1.000188859,
2152.071521664, 1.000196617,
2152.091953821, 1.000148166,
2152.112385878, 1.000108662,
2152.132817833, 1.000085872,
2152.153249989, 1.000166346,
2152.173682044, 1.000156891,
2152.194113999, 1.000158968,
2152.214546153, 1.000136751,
2152.234978207, 1.000209026,
2152.255410160, 1.000212377,
2152.275842312, 1.000206178,
2152.296274365, 1.000165801,
2152.316706317, 1.000163294,
2152.337138468, 1.000131658,
2152.378002569, 1.000118430,
2152.398434619, 1.000172256,
2152.418866668, 1.000147854,
2152.439298717, 1.000159361,
2152.459730866, 1.000213122,
2152.480162814, 1.000187729,
2152.500594961, 1.000138939,
2152.521027008, 1.000039809,
2152.541458955, 1.000108380,
2152.561891101, 1.000106357,
2152.582323147, 1.000226087,
2152.602755092, 1.000135237,
2152.623187236, 1.000168727,
2152.643619181, 1.000151745,
2152.664051224, 1.000142475,
2152.684483368, 1.000148072,
2152.704915310, 1.000155114,
2152.725347352, 1.000158202,
2152.745779494, 1.000200935,
2152.766211436, 1.000214312,
2152.786643477, 1.000086033,
2152.807075617, 1.000175292,
2152.827507657, 1.000212639,
2152.847939597, 1.000305904,
2152.868371735, 1.000154359,
2152.888803774, 1.000199389,
2152.909235712, 1.000157711,
2152.929667850, 1.000155875,
2152.950099887, 1.000296768,
2152.970531823, 1.000263842,
2152.990963960, 1.000201076,
2153.011395996, 1.000154122,
2153.031827931, 1.000195480,
2153.052260065, 1.000205082,
2153.072692100, 1.000227215,
2153.093124234, 1.000198481,
2153.113556167, 1.000235929,
2153.154420333, 1.000237928,
2153.174852265, 1.000338082,
2153.215716427, 1.000216381,
2153.236148358, 1.000259113,
2153.256580388, 1.000224254,
2153.297444547, 1.000264152,
2153.317876475, 1.000189810,
2153.338308503, 1.000247236,
2153.379172558, 1.000290402,
2153.399604685, 1.000152288,
2153.420036612, 1.000257088,
2153.440468638, 1.000185325,
2153.460900763, 1.000291657,
2153.481332688, 1.000213919,
2153.501764713, 1.000296316,
2153.522196837, 1.000226816,
2153.542628760, 1.000199552,
2153.563060784, 1.000245603,
2153.583492906, 1.000266623,
2153.603924828, 1.000240356,
2153.624356850, 1.000270809,
2153.644788971, 1.000186778,
2153.665220992, 1.000257398,
2153.685653013, 1.000259911,
2153.706085033, 1.000289823,
2153.726517052, 1.000226809,
2153.746949071, 1.000189214,
2153.767381089, 1.000233669,
2153.787813107, 1.000150861,
2153.808245225, 1.000198037,
2153.828677142, 1.000198710,
2153.889973191, 1.000216254,
2153.910405206, 1.000118042,
2153.930837321, 1.000138935,
2153.951269235, 1.000158644,
2153.992133362, 1.000092347,
2154.012565275, 1.000080875,
2154.032997288, 1.000081229,
2154.053429300, 1.000116924,
2154.073861311, 1.000125304,
2154.094293322, 1.000052166,
2154.114725333, 0.999968124,
2154.135157343, 1.000028692,
2154.155589353, 0.999931959,
2154.176021362, 0.999992932,
2154.216885380, 0.999927096,
2154.237317488, 0.999976176,
2154.257749395, 0.999986712,
2154.278181502, 0.999974857,
2154.298613508, 0.999915777,
2154.319045415, 0.999865647,
2154.339477520, 0.999834060,
2154.359909525, 0.999856815,
2154.380341430, 0.999894316,
2154.421205538, 0.999844638,
2154.441637441, 0.999818294,
2154.462069544, 0.999821202,
2154.482501547, 0.999754799,
2154.502933549, 0.999767653,
2154.523365550, 0.999786070,
2154.543797551, 0.999747374,
2154.564229552, 0.999677074,
2154.584661552, 0.999683753,
2154.605093552, 0.999632206,
2154.625525551, 0.999668315,
2154.645957650, 0.999668180,
2154.666389548, 0.999586766,
2154.686821546, 0.999604486,
2154.707253643, 0.999569658,
2154.727685540, 0.999553306,
2154.748117537, 0.999496746,
2154.768549533, 0.999523510,
2154.788981529, 0.999502479,
2154.809413624, 0.999516835,
2154.829845518, 0.999445015,
2154.850277513, 0.999467589,
2154.870709606, 0.999449252,
2154.891141500, 0.999397955,
2154.932005585, 0.999332333,
2154.952437477, 0.999280610,
2154.972869468, 0.999308454,
2154.993301560, 0.999278891,
2155.013733450, 0.999299115,
2155.034165441, 0.999282832,
2155.054597530, 0.999275312,
2155.075029520, 0.999190579,
2155.095461408, 0.999225079,
2155.115893497, 0.999237201,
2155.156757372, 0.999223163,
2155.177189459, 0.999071075,
2155.197621446, 0.999138077,
2155.218053332, 0.999138297,
2155.238485417, 0.999230076,
2155.258917403, 0.999167848,
2155.320213355, 0.999197503,
2155.340645339, 0.999124688,
2155.361077322, 0.999137518,
2155.381509305, 0.999111801,
2155.422373268, 0.998991721,
2155.442805250, 0.999071117,
2155.463237330, 0.999076887,
2155.483669211, 0.998980149,
2155.504101191, 0.998989091,
2155.524533170, 0.998992783,
2155.544965149, 0.998984649,
2155.565397127, 0.998969929,
2155.585829205, 0.998967510,
2155.606261083, 0.998905766,
2155.626693060, 0.998901450,
2155.647125137, 0.998960296,
2155.667557013, 0.998974857,
2155.708421065, 0.998969540,
2155.728852939, 0.998952980,
2155.749284914, 0.998897682,
2155.769716988, 0.998851697,
2155.851444780, 0.999048101,
2155.871876752, 0.998983458,
2155.892308823, 0.999005150,
2155.912740794, 0.999104527,
2155.933172665, 0.999083929,
2155.953604735, 0.999166743,
2155.974036704, 0.999106064,
2155.994468673, 0.999148146,
2156.014900642, 0.999183475,
2156.035332610, 0.999170271,
2156.055764678, 0.999156224,
2156.076196546, 0.999121524,
2156.096628513, 0.999222924,
2156.117060579, 0.999214572,
2156.137492445, 0.999206635,
2156.157924411, 0.999213139,
2156.178356476, 0.999124852,
2156.198788341, 0.999209658,
2156.219220305, 0.999264721,
2156.239652369, 0.999387368,
2156.260084233, 0.999320738,
2156.280516196, 0.999228447,
2156.300948158, 0.999283576,
2156.321380120, 0.999250990,
2156.403107965, 0.999381846,
2156.464403843, 0.999443727,
2156.484835902, 0.999524574,
2156.505267760, 0.999418701,
2156.525699718, 0.999441697,
2156.546131775, 0.999440581,
2156.566563632, 0.999383179,
2156.586995688, 0.999443708,
2156.607427644, 0.999413678,
2156.627859500, 0.999529808,
2156.648291555, 0.999475030,
2156.668723509, 0.999454812,
2156.689155364, 0.999611336,
2156.709587418, 0.999568147,
2156.750451324, 0.999566267,
2156.770883277, 0.999582252,
2156.791315229, 0.999590039,
2156.832179132, 0.999641936,
2156.852611082, 0.999576175,
2156.873043033, 0.999675625,
2156.893475083, 0.999675078,
2156.913906932, 0.999639275,
2156.934338881, 0.999734421,
2156.954770930, 0.999700149,
2156.975202778, 0.999681791,
2156.995634726, 0.999720573,
2157.016066673, 0.999711413,
2157.056930566, 0.999716847,
2157.097794458, 0.999693799,
2157.138658348, 0.999753959,
2157.159090292, 0.999738067,
2157.220386122, 0.999766577,
2157.302113990, 0.999823079,
2157.322545931, 0.999842223,
2157.342977771, 0.999825769,
2157.363409811, 0.999826527,
2157.383841751, 0.999820153,
2157.404273590, 0.999879449,
2157.424705629, 0.999855803,
2157.445137567, 0.999846325,
2157.465569405, 0.999842164,
2157.486001442, 0.999807673,
2157.506433379, 0.999866032,
2157.526865216, 0.999800257,
2157.547297252, 0.999836333,
2157.567729188, 0.999839069,
2157.588161123, 0.999859634,
2157.629024992, 0.999921254,
2157.649456926, 0.999924351,
2157.669888860, 0.999996104,
2157.690320793, 0.999983403,
2157.710752725, 0.999973672,
2157.812912383, 1.000043730,
2157.833344413, 0.999990430,
2157.853776243, 0.999968084,
2157.874208172, 1.000020384,
2157.894640200, 1.000026469,
2157.915072029, 1.000042014,
2157.935503957, 1.000055085,
2157.955935985, 1.000073269,
2157.976367812, 1.000084117,
2157.996799739, 1.000028291,
2158.017231765, 1.000048722,
2158.037663591, 1.000028897,
2158.058095516, 1.000049017,
2158.098959466, 1.000075967,
2158.119391291, 1.000065089,
2158.139823314, 1.000113471,
2158.160255238, 1.000004499,
2158.180687060, 1.000167931,
2158.201119083, 1.000086138,
2158.221551005, 1.000020078,
2158.241982827, 1.000055823,
2158.262414848, 1.000104128,
2158.282846769, 1.000043052,
2158.303278590, 1.000072850,
2158.323710610, 1.000077832,
2158.344142529, 1.000056933,
2158.364574548, 1.000021991,
2158.385006367, 1.000043226,
2158.405438285, 1.000123540,
2158.425870303, 1.000143536,
2158.446302121, 1.000162310,
2158.466734038, 1.000156103,
2158.487166054, 1.000085346,
2158.507597871, 1.000102635,
2158.528029787, 1.000161073,
2158.548461702, 1.000120452,
2158.589325531, 1.000154665,
2158.609757546, 1.000162248,
2158.630189360, 1.000207976,
2158.650621273, 1.000192641,
2158.691485098, 1.000116434,
2158.711917010, 1.000137897,
2158.773212744, 1.000129199,
2158.793644754, 1.000191484,
2158.814076564, 1.000225266,
2158.834508474, 1.000231897,
2158.854940483, 1.000127616,
2158.875372292, 1.000067128,
2158.916236208, 1.000160765,
2158.936668115, 1.000094360,
2158.957100022, 1.000134063,
2158.997963836, 1.000177805,
2159.018395741, 1.000120866,
2159.038827646, 1.000105260,
2159.059259551, 1.000090856,
2159.079691556, 1.000151391,
2159.100123360, 1.000130594,
2159.120555264, 1.000076405,
2159.140987268, 1.000096416,
2159.161419070, 1.000145123,
2159.181850973, 1.000059902,
2159.202282975, 1.000125605,
2159.222714777, 1.000037018,
2159.243146678, 1.000101556,
2159.263578579, 1.000185309,
2159.304442380, 1.000050333,
2159.324874279, 1.000151573,
2159.345306178, 1.000111916,
2159.365738077, 1.000140389,
2159.406601874, 1.000069855,
2159.427033771, 1.000073439,
2159.508761458, 1.000138628,
2159.529193253, 1.000074967,
2159.549625248, 1.000155736,
2159.570057143, 1.000140198,
2159.590488937, 1.000132130,
2159.610920932, 1.000105853,
2159.631352825, 1.000125061,
2159.651784618, 1.000104262,
2159.672216611, 1.000118699,
2159.692648503, 1.000105419,
2159.753944178, 1.000136308,
2159.774376068, 1.000089561,
2159.794807958, 1.000159821,
2159.815239848, 1.000147508,
2159.835671738, 1.000149175,
2159.856103627, 1.000095978,
2159.876535515, 1.000079305,
2159.896967404, 1.000087901,
2159.917399391, 1.000165285,
2159.937831179, 1.000215359,
2159.978694952, 1.000097968,
2159.999126839, 1.000100778,
2160.019558625, 1.000048612,
2160.039990610, 1.000101629,
2160.060422495, 1.000092725,
2160.080854480, 1.000174637,
2160.101286264, 1.000059309,
2160.121718148, 1.000154578,
2160.142150131, 1.000085961,
2160.162581914, 1.000131933,
2160.183013796, 1.000122881,
2160.203445779, 1.000099364,
2160.223877560, 1.000119030,
2160.244309442, 1.000126662,
2160.264741423, 1.000110754,
2160.285173304, 1.000160455,
2160.305605083, 1.000176007,
2160.326037063, 1.000234647,
2160.346468943, 1.000152510,
2160.366900722, 1.000171167,
2160.387332701, 1.000186702,
2160.407764579, 1.000204187,
2160.428196356, 1.000224582,
2160.448628334, 1.000144602,
2160.469060211, 1.000119783,
2160.489491987, 1.000196395,
2160.509923963, 1.000199956,
2160.530355839, 1.000170334,
2160.550787615, 1.000227258,
2160.571219590, 1.000141128,
2160.612083338, 1.000215283,
2160.632515212, 1.000294943,
2160.652947085, 1.000280982,
2160.734674675, 1.000194998,
2160.755106447, 1.000193096,
2160.775538318, 1.000229702,
2160.795970188, 1.000201392,
2160.816402059, 1.000157458,
2160.836833928, 1.000108044,
2160.857265898, 1.000118164,
2160.877697667, 1.000145525,
2160.898129536, 1.000260200,
2160.918561504, 1.000184461,
2160.938993272, 1.000219571,
2160.959425139, 1.000142118,
2160.979857106, 1.000228827,
2161.020720739, 1.000127289,
2161.061584470, 1.000167729,
2161.082016335, 1.000198192,
2161.102448300, 1.000244406,
2161.122880164, 1.000227768,
2161.143311928, 1.000323159,
2161.163743892, 1.000345601,
2161.225039480, 1.000252888,
2161.265903103, 1.000219459,
2161.286335065, 1.000248120,
2161.306766925, 1.000166668,
2161.347630646, 1.000281324,
2161.368062505, 1.000242156,
2161.408926223, 1.000297319,
2161.429358082, 1.000302204,
2161.490653655, 1.000204215,
2161.511085512, 1.000171712,
2161.531517368, 1.000196995,
2161.551949224, 1.000212949,
2161.572381080, 1.000183757,
2161.592812935, 1.000162977,
2161.613244790, 1.000149104,
2161.633676645, 1.000204932,
2161.674540353, 1.000111690,
2161.735835912, 1.000287995,
2161.756267864, 1.000199904,
2161.776699616, 1.000231820,
2161.797131467, 1.000193584,
2161.817563419, 1.000287669,
2161.837995169, 1.000271910,
2161.878858969, 1.000112765,
2161.899290719, 1.000229517,
2161.919722668, 1.000190635,
2161.940154517, 1.000239348,
2161.960586365, 1.000246732,
2161.981018213, 1.000137137,
2162.001450061, 1.000157881,
2162.021881908, 1.000157582,
2162.042313755, 1.000160285,
2162.062745601, 1.000155512,
2162.144472983, 1.000143364,
2162.205768516, 1.000249160,
2162.226200359, 1.000155052,
2162.246632202, 1.000192290,
2162.267063945, 1.000207018,
2162.287495887, 1.000220274,
2162.307927729, 1.000191869,
2162.328359471, 1.000182120,
2162.348791412, 1.000153517,
2162.369223252, 1.000081462,
2162.389655093, 1.000079071,
2162.410086933, 1.000068639,
2162.430518772, 1.000072603,
2162.450950711, 1.000124065,
2162.471382450, 1.000149129,
2162.491814289, 1.000038457,
2162.512246227, 1.000172487,
2162.532678065, 1.000082201,
2162.553109802, 1.000147055,
2162.593973575, 1.000045424,
2162.614405312, 1.000039353,
2162.634837247, 1.000018943,
2162.655269083, 0.999961351,
2162.696132753, 0.999946774,
2162.716564587, 1.000068646,
2162.736996321, 0.999973152,
2162.757428254, 0.999933343,
2162.777860087, 0.999870617,
2162.798291920, 0.999995750,
2162.818723753, 0.999888037,
2162.839155585, 0.999964046,
2162.859587417, 0.999936262,
2162.920882909, 0.999841898,
2162.941314739, 0.999839742,
2162.961746569, 0.999896943,
2162.982178399, 0.999918324,
2163.002610228, 0.999802915,
2163.023042056, 0.999836237,
2163.063905713, 0.999812128,
2163.206928498, 0.999736734,
2163.227360423, 0.999701885,
2163.268223971, 0.999694561,
2163.288655895, 0.999754904,
2163.309087619, 0.999728369,
2163.329519442, 0.999652041,
2163.349951365, 0.999628813,
2163.370383187, 0.999630109,
2163.390814909, 0.999616549,
2163.411246831, 0.999622753,
2163.431678652, 0.999582570,
2163.452110373, 0.999540684,
2163.472542293, 0.999628847,
2163.492974113, 0.999610318,
2163.513405833, 0.999564527,
2163.533837753, 0.999624565,
2163.554269572, 0.999609990,
2163.574701490, 0.999620119,
2163.615565027, 0.999633676,
2163.697292295, 0.999466177,
2163.717724111, 0.999565832,
2163.738155927, 0.999485341,
2163.758587742, 0.999524479,
2163.779019557, 0.999572840,
2163.799451372, 0.999572989,
2163.819883186, 0.999465571,
2163.840315000, 0.999460318,
2163.922042252, 0.999555932,
2163.942474164, 0.999553676,
2163.983337687, 0.999544937,
2164.003769598, 0.999623100,
2164.024201309, 0.999567868,
2164.044633119, 0.999529186,
2164.065065029, 0.999535663,
2164.085496738, 0.999556753,
2164.105928548, 0.999544345,
2164.126360457, 0.999539819,
2164.146792165, 0.999514975,
2164.167224073, 0.999461720,
2164.187655881, 0.999471691,
2164.208087688, 0.999422475,
2164.289815014, 0.999324617,
2164.310246720, 0.999396437,
2164.412405742, 0.999389405,
2164.432837546, 0.999399174,
2164.453269349, 0.999320900,
2164.473701152, 0.999431321,
2164.494132954, 0.999310819,
2164.534996558, 0.999408692,
2164.555428359, 0.999420094,
2164.575860160, 0.999376661,
2164.596291960, 0.999465457,
2164.616723760, 0.999513303,
2164.637155560, 0.999488026,
2164.657587360, 0.999384684,
2164.678019159, 0.999433317,
2164.698451058, 0.999416192,
2164.718882856, 0.999506917,
2164.739314554, 0.999336534,
2164.759746452, 0.999443265,
2164.800609946, 0.999468444,
2164.902769026, 0.999406534,
2164.923200721, 0.999470691,
2164.984496103, 0.999442380,
2165.004927997, 0.999374503,
2165.025359790, 0.999412672,
2165.045791583, 0.999408868,
2165.066223375, 0.999446329,
2165.086655167, 0.999481896,
2165.107086959, 0.999452711,
2165.127518750, 0.999400704,
2165.147950541, 0.999450976,
2165.168382332, 0.999435270,
2165.188814223, 0.999466211,
2165.209245912, 0.999423525,
2165.229677802, 0.999368347,
2165.250109491, 0.999346612,
2165.290973169, 0.999450082,
2165.311404857, 0.999465885,
2165.393132006, 0.999431570,
2165.413563893, 0.999529736,
2165.433995579, 0.999441597,
2165.454427365, 0.999448552,
2165.474859250, 0.999457858,
2165.495290935, 0.999466849,
2165.515722720, 0.999477924,
2165.536154604, 0.999443873,
2165.556586388, 0.999568620,
2165.577018072, 0.999587343,
2165.638313421, 0.999339374,
2165.658745303, 0.999419281,
2165.679177085, 0.999577164,
2165.699608767, 0.999511592,
2165.720040648, 0.999503541,
2165.740472429, 0.999559223,
2165.781335990, 0.999534867,
2165.801767770, 0.999593977,
2165.822199649, 0.999653527,
2165.842631328, 0.999640172,
2165.863063107, 0.999587495,
2165.883494886, 0.999622367,
2165.903926664, 0.999606447,
2165.965221997, 0.999618300,
2165.985653773, 0.999637593,
2166.026517326, 0.999670062,
2166.046949102, 0.999627262,
2166.067380977, 0.999618092,
2166.108244427, 0.999653462,
2166.149107976, 0.999708558,
2166.189971623, 0.999752127,
2166.230835069, 0.999751879,
2166.251266941, 0.999746997,
2166.271698613, 0.999820133,
2166.292130485, 0.999813531,
2166.312562256, 0.999812704,
2166.332993927, 0.999826739,
2166.373857568, 0.999820892,
2166.414721108, 0.999774654,
2166.435152877, 0.999830550,
2166.455584646, 0.999799917,
2166.476016415, 0.999805801,
2166.496448183, 0.999766509,
2166.516879951, 0.999763841,
2166.537311819, 0.999809320,
2166.557743486, 0.999923089,
2166.578175253, 0.999929506,
2166.619038786, 0.999812185,
2166.639470552, 0.999802249,
2166.680334083, 0.999839670,
2166.700765848, 0.999919442,
2166.721197613, 0.999850212,
2166.741629377, 0.999844507,
2166.762061141, 0.999850339,
2166.782492904, 0.999943278,
2166.802924668, 0.999846318,
2166.864219956, 0.999906134,
2166.884651818, 0.999911276,
2166.925515241, 0.999803987,
2166.966378862, 0.999859245,
2166.986810523, 1.000000791,
2167.007242383, 0.999941758,
2167.027674142, 0.999943669,
2167.109401078, 1.000064394,
2167.150264693, 0.999941223,
2167.170696350, 1.000036487,
2167.191128208, 0.999974191,
2167.211559964, 1.000050687,
2167.231991721, 1.000025629,
2167.252423477, 1.000010951,
2167.293286988, 1.000045383,
2167.354582352, 1.000030145,
2167.375014006, 0.999987619,
2167.395445760, 1.000057390,
2167.436309266, 1.000579958,
2167.456741019, 0.999978062,
2167.477172871, 1.000120390,
2167.497604524, 1.000074049,
2167.518036275, 1.000057840,
2167.538468127, 1.000058203,
2167.599763379, 1.000149571,
2167.620195029, 1.000046945,
2167.640626779, 1.000040389,
2167.661058629, 1.000027582,
2167.681490278, 0.999994189,
2167.701922027, 0.999974625,
2167.722353875, 0.999930879,
2167.742785624, 0.999977061,
2167.763217272, 1.000028007,
2167.783649119, 1.000013418,
2167.804080866, 1.000035441,
2167.844944360, 1.000067242,
2167.865376106, 1.000094495,
2167.885807952, 1.000087009,
2167.906239598, 1.000038673,
2167.926671343, 0.999953354,
2167.947103188, 0.999945663,
2167.967534833, 0.999922322,
2167.987966577, 0.999842458,
2168.008398421, 0.999962149,
2168.028830065, 0.999981389,
2168.049261808, 1.000070185,
2168.090125294, 1.000014926,
2168.110557037, 0.999984630,
2168.130988779, 0.999949486,
2168.151420521, 1.000055261,
2168.171852262, 1.000020332,
2168.192284003, 1.000060886,
2168.212715744, 1.000013549,
2168.233147485, 1.000077649,
2168.253579325, 1.000035252,
2168.274010965, 1.000028169,
2168.335306383, 1.000065160,
2168.355738121, 1.000080213,
2168.376169960, 1.000088719,
2168.396601698, 1.000099541,
2168.417033535, 1.000105816,
2168.437465173, 1.000165907,
2168.457896910, 1.000076025,
2168.498760383, 1.000050525,
2168.519192119, 1.000092071,
2168.580487326, 1.000094543,
2168.600919160, 1.000132628,
2168.621350895, 1.000097889,
2168.641782529, 1.000195232,
2168.662214363, 1.000094574,
2168.682646097, 1.000204052,
2168.703077730, 1.000168813,
2168.723509563, 1.000101788,
2168.743941296, 1.000141858,
2168.764372928, 1.000043300,
2168.784804760, 1.000043101,
2168.825668123, 1.000018014,
2168.846099954, 1.000072316,
2168.866531585, 1.000090737,
2168.886963316, 1.000072952,
2168.907395146, 1.000106663,
2168.927826776, 1.000037134,
2168.948258605, 1.000176584,
2168.968690335, 1.000010700,
2168.989121964, 1.000070534,
2169.009553792, 1.000072614,
2169.029985521, 1.000035342,
2169.091280704, 1.000043885,
2169.111712431, 1.000052936,
2169.132144158, 1.000002815,
2169.173007611, 1.000107958,
2169.193439436, 1.000061793,
2169.234302787, 1.000074711,
2169.254734612, 1.000027396,
2169.275166237, 1.000003751,
2169.316029785, 1.000073486,
2169.336461409, 1.000164586,
2169.356893132, 1.000162795,
2169.377324956, 1.000226102,
2169.397756578, 1.000101480,
2169.418188401, 1.000170523,
2169.438620123, 1.000186765,
2169.459051845, 1.000164453,
2169.479483567, 1.000103454,
2169.499915188, 1.000175649,
2169.561210450, 1.000215616,
2169.581642070, 1.000210635,
2169.622505609, 1.000268557,
2169.642937229, 1.000211838,
2169.663369048, 1.000249626,
2169.683800766, 1.000253196,
2169.724664203, 1.000250825,
2169.745095920, 1.000217579,
2169.765527538, 1.000251876,
2169.806391071, 1.000265785,
2169.826822688, 1.000274565,
2169.847254504, 1.000359674,
2169.867686220, 1.000358468,
2169.888118036, 1.000335869,
2169.908549651, 1.000375575,
2169.928981366, 1.000339209,
2169.949413181, 1.000379465,
2169.990276509, 1.000411457,
2170.010708323, 1.000346308,
2170.051571650, 1.000347334,
2170.072003463, 1.000384264,
2170.092435175, 1.000401736,
2170.112866787, 1.000500219,
2170.133298599, 1.000391977,
2170.153730311, 1.000582450,
2170.174161923, 1.000501842,
2170.194593734, 1.000541588,
2170.215025445, 1.000474182,
2170.235457055, 1.000462855,
2170.255888865, 1.000454717,
2170.296752185, 1.000340038,
2170.317183994, 1.000463229,
2170.337615604, 1.000457951,
2170.358047312, 1.000488811,
2170.378479121, 1.000509337,
2170.398910829, 1.000587852,
2170.419342537, 1.000553730,
2170.439774244, 1.000571739,
2170.460205952, 1.000553256,
2170.480637659, 1.000633906,
2170.521501072, 1.000586286,
2170.562364484, 1.000481871,
2170.582796190, 1.000490525,
2170.623659600, 1.000472998,
2170.644091305, 1.000488886,
2170.664523109, 1.000552188,
2170.684954713, 1.000532864,
2170.705386417, 1.000462796,
2170.807544932, 1.000518602,
2170.827976634, 1.000568453,
2170.848408436, 1.000560249,
2170.868840137, 1.000584624,
2170.889271838, 1.000576716,
2170.909703539, 1.000500218,
2170.930135240, 1.000449758,
2170.970998640, 1.000466626,
2171.052725338, 1.000378233,
2171.073157137, 1.000363179,
2171.093588835, 1.000394911,
2171.114020433, 1.000393975,
2171.134452231, 1.000409018,
2171.154883929, 1.000378434,
2171.175315526, 1.000430190,
2171.195747323, 1.000430689,
2171.216179019, 1.000470755,
2171.277474107, 1.000301265,
2171.297905803, 1.000316531,
2171.338769193, 1.000256751,
2171.359200988, 1.000293681,
2171.379632682, 1.000200744,
2171.400064277, 1.000277325,
2171.420496070, 1.000337782,
2171.440927764, 1.000277951,
2171.461359357, 1.000258650,
2171.481791150, 1.000212688,
2171.522654435, 1.000163749,
2171.543086228, 1.000164799,
2171.563517919, 1.000169228,
2171.583949511, 1.000149875,
2171.604381302, 1.000064638,
2171.624812993, 1.000144188,
2171.645244584, 1.000113533,
2171.665676375, 1.000178699,
2171.686108065, 1.000186063,
2171.706539655, 1.000123233,
2171.747403134, 1.000219275,
2171.767834723, 1.000250411,
2171.788266512, 1.000142203,
2171.808698200, 1.000179235,
2171.829129889, 1.000190032,
2171.849561577, 1.000060053,
2171.869993264, 1.000174422,
2171.890424952, 1.000151764,
2171.910856639, 1.000133268,
2171.931288326, 1.000141009,
2171.951720112, 1.000166477,
2172.013015171, 1.000118632,
2172.033446756, 1.000105514,
2172.053878441, 1.000152223,
2172.074310226, 1.000198927,
2172.094741811, 1.000192116,
2172.115173495, 1.000205171,
2172.135605280, 1.000202320,
2172.156036863, 1.000118447,
2172.176468547, 1.000232401,
2172.196900330, 1.000095823,
2172.258195379, 1.000163524,
2172.278627061, 1.000177497,
2172.299058743, 1.000106284,
2172.319490425, 1.000195622,
2172.339922106, 1.000169778,
2172.360353787, 1.000274422,
2172.380785468, 1.000231021,
2172.401217149, 1.000253742,
2172.421648829, 1.000200511,
2172.442080509, 1.000194082,
2172.462512189, 1.000080925,
2172.482943868, 1.000124441,
2172.503375548, 1.000117397,
2172.523807127, 1.000133869,
2172.544238906, 1.000093053,
2172.564670584, 1.000130720,
2172.585102262, 1.000121367,
2172.605533940, 1.000053504,
2172.666828972, 1.000132135,
2172.687260649, 1.000080723,
2172.748555678, 1.000205825,
2172.768987454, 1.000190234,
2172.789419130, 1.000257076,
2172.809850705, 1.000229062,
2172.830282480, 1.000184510,
2172.850714155, 1.000067801,
2172.871145729, 1.000206393,
2172.891577503, 1.000170443,
2172.912009177, 1.000148290,
2172.932440751, 1.000104278,
2172.973304197, 1.000315584,
2172.993735770, 1.000309926,
2173.014167543, 1.000243554,
2173.034599215, 1.000206819,
2173.055030887, 1.000107591,
2173.095894231, 1.000123250,
2173.116325902, 1.000120507,
2173.136757573, 1.000113179,
2173.177620915, 1.000222616,
2173.238916025, 1.000191947,
2173.259347594, 1.000128696,
2173.279779263, 1.000134798,
2173.300211032, 1.000160826,
2173.341074270, 1.000184156,
2173.361506038, 1.000164408,
2173.381937606, 1.000151867,
2173.402369273, 1.000114476,
2173.422801041, 1.000159569,
2173.443232608, 1.000144693,
2173.484096042, 1.000108093,
2173.504527608, 1.000089203,
2173.524959274, 1.000177735,
2173.545391040, 1.000184216,
2173.565822606, 1.000241633,
2173.586254371, 1.000183218,
2173.606686036, 1.000152515,
2173.627117701, 1.000180061,
2173.647549366, 1.000180167,
2173.667981030, 1.000186091,
2173.688412694, 1.000060968,
2173.729276021, 1.000124249,
2173.749707685, 1.000205821,
2173.770139448, 1.000167918,
2173.790571011, 1.000188855,
2173.831434436, 1.000208156,
2173.851865998, 1.000229118,
2173.872297660, 1.000283239,
2173.892729321, 1.000199432,
2173.954024304, 1.000243065,
2173.974455965, 1.000218985,
2173.994887725, 1.000273634,
2174.015319285, 1.000322839,
2174.035750945, 1.000236072,
2174.056182704, 1.000268964,
2174.076614364, 1.000330455,
2174.097045923, 1.000300898,
2174.158340898, 1.000284209,
2174.178772657, 1.000364208,
2174.219635872, 1.000357493,
2174.240067629, 1.000365860,
2174.260499286, 1.000339042,
2174.280930843, 1.000351028,
2174.301362600, 1.000391255,
2174.321794256, 1.000381484,
2174.342225812, 1.000442415,
2174.362657568, 1.000421718,
2174.383089223, 1.000462920,
2174.403520779, 1.000432875,
2174.485247498, 1.000454792,
2174.526110806, 1.000534693,
2174.546542559, 1.000400263,
2174.566974113, 1.000417128,
2174.587405766, 1.000537976,
2174.607837419, 1.000429969,
2174.628269071, 1.000451048,
2174.669132376, 1.000453420,
2174.689564028, 1.000552197,
2174.709995779, 1.000515604,
2174.730427331, 1.000526255,
2174.750858982, 1.000529373,
2174.771290733, 1.000537912,
2174.812153934, 1.000561195,
2174.853017234, 1.000562727,
2174.955175580, 1.000532728,
2174.975607229, 1.000598719,
2174.996038877, 1.000560414,
2175.016470525, 1.000681905,
2175.036902173, 1.000709915,
2175.057333921, 1.000626092,
2175.098197115, 1.000612743,
2175.118628862, 1.000632413,
2175.139060409, 1.000603361,
2175.200355347, 1.000599808,
2175.220786993, 1.000611192,
2175.241218738, 1.000662208,
2175.261650283, 1.000635425,
2175.302513673, 1.000672448,
2175.322945218, 1.000635880,
2175.343376962, 1.000677185,
2175.363808506, 1.000675055,
2175.384240150, 1.000609019,
2175.404671893, 1.000567926,
2175.465966823, 1.000587277,
2175.486398465, 1.000589921,
2175.506830008, 1.000561545,
2175.527261750, 1.000768109,
2175.547693392, 1.000669855,
2175.568124933, 1.000657598,
2175.588556675, 1.000683209,
2175.608988316, 1.000692609,
2175.629419857, 1.000639019,
2175.690714979, 1.000616215,
2175.711146519, 1.000632177,
2175.731578159, 1.000695233,
2175.752009898, 1.000693858,
2175.772441438, 1.000704951,
2175.813304816, 1.000650584,
2175.833736354, 1.000643216,
2175.854167993, 1.000694385,
2175.874599731, 1.000675908,
2175.895031369, 1.000651257,
2175.915462907, 1.000605944,
2175.935894644, 1.000598930,
2175.956326282, 1.000655989,
2175.976757819, 1.000607718,
2175.997189556, 1.000610341,
2176.017621092, 1.000612348,
2176.038052729, 1.000623896,
2176.058484465, 1.000539979,
2176.078916101, 1.000475393,
2176.099347737, 1.000546618,
2176.119779372, 1.000613857,
2176.181074277, 1.000480541,
2176.201505812, 1.000492681,
2176.221937546, 1.000548805,
2176.242369180, 1.000433514,
2176.262800714, 1.000459334,
2176.283232448, 1.000435254,
2176.303664082, 1.000398445,
2176.324095715, 1.000427867,
2176.344527348, 1.000451669,
2176.426253878, 1.000303341,
2176.446685510, 1.000348373,
2176.507980505, 1.000310734,
2176.528412135, 1.000293037,
2176.548843666, 1.000268283,
2176.569275397, 1.000367351,
2176.589707027, 1.000325495,
2176.610138557, 1.000436871,
2176.630570287, 1.000417290,
2176.691865176, 1.000383440,
2176.712296805, 1.000236563,
2176.732728334, 1.000366010,
2176.753160062, 1.000411351,
2176.773591591, 1.000379888,
2176.794023219, 1.000437505,
2176.814454947, 1.000348579,
2176.834886575, 1.000292043,
2176.896181457, 1.000299820,
2176.916613084, 1.000262740,
2176.937044710, 1.000312055,
2176.957476337, 1.000333224,
2176.977908063, 1.000369515,
2176.998339589, 1.000268864,
2177.039202941, 1.000219861,
2177.059634466, 1.000256453,
2177.080066091, 1.000168820,
2177.100497816, 1.000271215,
2177.161792690, 1.000235449,
2177.202655838, 1.000286909,
2177.223087561, 1.000257192,
2177.243519085, 1.000264333,
2177.263950708, 1.000325676,
2177.284382431, 1.000263289,
2177.304814054, 1.000270379,
2177.325245677, 1.000303535,
2177.345677299, 1.000258788,
2177.366108921, 1.000323340,
2177.406972165, 1.000236738,
2177.447835508, 1.000293841,
2177.468267029, 1.000272254,
2177.488698650, 1.000364969,
2177.509130271, 1.000313633,
2177.529561892, 1.000258624,
2177.549993412, 1.000261901,
2177.570425132, 1.000317310,
2177.590856752, 1.000264444,
2177.611288272, 1.000314537,
2177.652151610, 1.000344668,
2177.672583229, 1.000316852,
2177.693014848, 1.000278609,
2177.733878185, 1.000235518,
2177.754309704, 1.000306405,
2177.774741322, 1.000363412,
2177.795173040, 1.000324521,
2177.836036175, 1.000371983,
2177.897331026, 1.000450848,
2177.917762742, 1.000368941,
2177.938194359, 1.000395205,
2177.958625875, 1.000406653,
2177.979057591, 1.000420243,
2177.999489207, 1.000422255,
2178.019920722, 1.000391179,
2178.040352438, 1.000380930,
2178.060784053, 1.000436100,
2178.081215568, 1.000374936,
2178.122078897, 1.000409812,
2178.142510512, 1.000341739,
2178.162942126, 1.000376403,
2178.183373740, 1.000395929,
2178.203805354, 1.000468255,
2178.224236967, 1.000433976,
2178.244668581, 1.000380834,
2178.265100194, 1.000405678,
2178.285531807, 1.000418281,
2178.305963420, 1.000402154,
2178.326395032, 1.000440353,
2178.346826645, 1.000504047,
2178.367258257, 1.000485038,
2178.387689969, 1.000570064,
2178.408121481, 1.000530821,
2178.428553092, 1.000468112,
2178.469416315, 1.000437481,
2178.510279637, 1.000513803,
2178.530711147, 1.000640856,
2178.551142858, 1.000612338,
2178.571574468, 1.000674750,
2178.592005978, 1.000631259,
2178.632869297, 1.000633925,
2178.653300907, 1.000661964,
2178.673732516, 1.000729778,
2178.694164125, 1.000624804,
2178.714595734, 1.000576363,
2178.735027343, 1.000669034,
2178.755458951, 1.000611151,
2178.775890560, 1.000641166,
2178.796322267, 1.000641755,
2178.816753775, 1.000688190,
2178.837185383, 1.000670325,
2178.857617091, 1.000577743,
2178.878048598, 1.000679949,
2178.898480305, 1.000684861,
2178.918911812, 1.000685281,
2178.939343419, 1.000662785,
2178.959775125, 1.000692912,
2178.980206632, 1.000646263,
2179.000638238, 1.000660887,
2179.021069944, 1.000591957,
2179.123227871, 1.000382606,
2179.143659576, 1.000422071,
2179.164091080, 1.000546297,
2179.184522685, 1.000478276,
2179.204954389, 1.000486576,
2179.245817497, 1.000583423,
2179.266249201, 1.000623480,
2179.307112508, 1.000482288,
2179.327544011, 1.000503958,
2179.368407317, 1.000463952,
2179.388838819, 1.000596629,
2179.409270422, 1.000527089,
2179.429702124, 1.000574959,
2179.450133626, 1.000547072,
2179.470565228, 1.000459263,
2179.490996929, 1.000385080,
2179.511428431, 1.000405517,
2179.531860032, 1.000453275,
2179.552291733, 1.000451702,
2179.572723234, 1.000477359,
2179.593154835, 1.000439189,
2179.613586536, 1.000424381,
2179.634018036, 1.000407310,
2179.654449736, 1.000401447,
2179.674881336, 1.000357306,
2179.695312836, 1.000351101,
2179.715744536, 1.000471419,
2179.736176135, 1.000388005,
2179.756607635, 1.000437050,
2179.777039334, 1.000399298,
2179.797470933, 1.000373823,
2179.817902431, 1.000349970,
2179.838334130, 1.000304868,
2179.858765728, 1.000322192,
2179.879197227, 1.000376400,
2179.899628924, 1.000332465,
2179.920060522, 1.000291523,
2179.940492020, 1.000322695,
2179.960923718, 1.000290127,
2180.001787012, 1.000284733,
2180.022218509, 1.000233310,
2180.042650106, 1.000257343,
2180.103944895, 1.000281429,
2180.124376591, 1.000199796,
2180.165239683, 1.000244391,
2180.185671378, 1.000186960,
2180.246966164, 1.000285256,
2180.349124037, 1.000208186,
2180.369555731, 1.000293483,
2180.389987224, 1.000262456,
2180.410418918, 1.000298476,
2180.430850511, 1.000271455,
2180.451282005, 1.000132687,
2180.471713698, 1.000078146,
2180.492145291, 1.000083710,
2180.512576884, 1.000196220,
2180.533008476, 1.000231024,
2180.553440069, 1.000209362,
2180.573871661, 1.000257024,
2180.594303253, 1.000187267,
2180.614734845, 1.000227821,
2180.635166437, 1.000271264,
2180.655598128, 1.000271551,
2180.676029620, 1.000284374,
2180.696461211, 1.000232482,
2180.716892902, 1.000261469,
2180.737324393, 1.000365699,
2180.757756084, 1.000315229,
2180.778187674, 1.000254901,
2180.798619165, 1.000211604,
2180.839482445, 1.000359236,
2180.880345625, 1.000283564,
2180.900777214, 1.000337053,
2180.921208704, 1.000339429,
2180.941640393, 1.000384966,
2180.962071982, 1.000381764,
2180.982503571, 1.000402538,
2181.002935159, 1.000374706,
2181.023366748, 1.000429721,
2181.043798336, 1.000400763,
2181.064229925, 1.000385862,
2181.084661513, 1.000425600,
2181.105093101, 1.000455542,
2181.125524688, 1.000400261,
2181.145956276, 1.000354626,
2181.166387863, 1.000408957,
2181.186819451, 1.000484228,
2181.207251038, 1.000480445,
2181.227682725, 1.000360930,
2181.268545798, 1.000439914,
2181.329840557, 1.000423142,
2181.350272243, 1.000383681,
2181.370703728, 1.000389700,
2181.391135314, 1.000377153,
2181.411567000, 1.000401638,
2181.431998485, 1.000362179,
2181.452430070, 1.000468713,
2181.472861755, 1.000461208,
2181.493293340, 1.000383331,
2181.513724925, 1.000413952,
2181.534156509, 1.000475288,
2181.554588094, 1.000524126,
2181.575019678, 1.000465042,
2181.595451262, 1.000458397,
2181.615882846, 1.000470058,
2181.636314429, 1.000554064,
2181.656746013, 1.000424384,
2181.677177596, 1.000500365,
2181.697609280, 1.000463560,
2181.738472346, 1.000480528,
2181.758903929, 1.000439733,
2181.820198676, 1.000547935,
2181.840630258, 1.000542649,
2181.901925004, 1.000596149,
2181.922356685, 1.000539197,
2181.942788167, 1.000621041,
2181.963219748, 1.000554198,
2181.983651429, 1.000638186,
2182.004082910, 1.000601788,
2182.024514491, 1.000601745,
2182.044946171, 1.000627903,
2182.065377752, 1.000569616,
2182.085809232, 1.000637330,
2182.106240912, 1.000576964,
2182.126672492, 1.000564513,
2182.147103972, 1.000690361,
2182.167535652, 1.000603713,
2182.187967231, 1.000712037,
2182.208398911, 1.000710643,
2182.228830390, 1.000713596,
2182.249261969, 1.000597143,
2182.269693648, 1.000594434,
2182.290125127, 1.000618880,
2182.310556706, 1.000612662,
2182.330988384, 1.000594531,
2182.351419863, 1.000698911,
2182.392283119, 1.000613248,
2182.412714597, 1.000574363,
2182.433146175, 1.000619290,
2182.453577752, 1.000670839,
2182.474009330, 1.000698639,
2182.494440907, 1.000598289,
2182.514872584, 1.000672225,
2182.535304061, 1.000667978,
2182.576167315, 1.000620183,
2182.596598792, 1.000675100,
2182.637462044, 1.000579459,
2182.657893521, 1.000643297,
2182.678325197, 1.000539037,
2182.698756772, 1.000488167,
2182.719188248, 1.000578928,
2182.739619924, 1.000640219,
2182.800914650, 1.000662519,
2182.862209374, 1.000554227,
2182.882640949, 1.000591240,
2182.903072623, 1.000624583,
2182.923504098, 1.000582921,
2182.943935672, 1.000578417,
2182.964367346, 1.000628723,
2182.984798820, 1.000521666,
2183.005230394, 1.000711078,
2183.025662067, 1.000614395,
2183.046093641, 1.000553133,
2183.086956787, 1.000598077,
2183.107388360, 1.000544475,
2183.127819833, 1.000600053,
2183.148251506, 1.000540450,
2183.168682979, 1.000477225,
2183.189114551, 1.000508353,
2183.209546224, 1.000505272,
2183.229977696, 1.000551924,
2183.250409368, 1.000511260,
2183.291272412, 1.000641884,
2183.311704083, 1.000604258,
2183.332135655, 1.000491359,
2183.372998798, 1.000588229,
2183.393430369, 1.000554970,
2183.413861940, 1.000650231,
2183.434293511, 1.000607162,
2183.454725081, 1.000562125,
2183.475156652, 1.000545387,
2183.536451363, 1.000569058,
2183.556883033, 1.000591697,
2183.577314503, 1.000522859,
2183.597746173, 1.000558846,
2183.618177742, 1.000531565,
2183.638609212, 1.000522286,
2183.659040881, 1.000497535,
2183.679472451, 1.000564392,
2183.699903920, 1.000604858,
2183.720335589, 1.000591278,
2183.740767158, 1.000578912,
2183.781630295, 1.000517699,
2183.802061864, 1.000445445,
2183.822493332, 1.000458084,
2183.842925000, 1.000508511,
2183.863356568, 1.000544070,
2183.883788136, 1.000576738,
2183.904219704, 1.000600925,
2183.924651272, 1.000627980,
2183.965514407, 1.000609418,
2183.985945974, 1.000559877,
2184.006377541, 1.000605275,
2184.026809108, 1.000561728,
2184.047240675, 1.000628888,
2184.088103809, 1.000540134,
2184.108535375, 1.000609954,
2184.128967042, 1.000574241,
2184.149398508, 1.000607659,
2184.169830074, 1.000620626,
2184.190261740, 1.000644039,
2184.210693206, 1.000642669,
2184.231124772, 1.000681007,
2184.292419569, 1.000657001,
2184.312851134, 1.000598170,
2184.353714265, 1.000677672,
2184.374145829, 1.000737614,
2184.394577394, 1.000790143,
2184.415008959, 1.000818810,
2184.435440524, 1.000773410,
2184.455872088, 1.000775256,
2184.496735217, 1.000745484,
2184.517166781, 1.000809243,
2184.537598445, 1.000765147,
2184.558029909, 1.000805867,
2184.578461472, 1.000759852,
2184.598893136, 1.000833875,
2184.619324599, 1.000900067,
2184.639756263, 1.000876579,
2184.660187726, 1.000846991,
2184.680619289, 1.000900060,
2184.701050952, 1.000804902,
2184.721482415, 1.000764828,
2184.741913978, 1.000810568,
2184.762345641, 1.000868386,
2184.782777103, 1.000837971,
2184.823640328, 1.000829604,
2184.844071790, 1.000810776,
2184.864503352, 1.000876749,
2184.884935014, 1.000859379,
2184.905366576, 1.001031221,
2185.007524383, 1.000984376,
2185.027955945, 1.000962638,
2185.068819067, 1.000916245,
2185.089250627, 1.000817517,
2185.109682288, 1.000670252,
2185.130113749, 1.000746944,
2185.150545309, 1.000738017,
2185.170976970, 1.000796902,
2185.191408430, 1.000759775,
2185.252703110, 1.000912880,
2185.273134670, 1.000845139,
2185.313997789, 1.000904515,
2185.334429449, 1.000939337,
2185.354860908, 1.001074915,
2185.395724126, 1.001088098,
2185.416155685, 1.000916403,
2185.457018803, 1.000953715,
2185.497881820, 1.000768221,
2185.518313479, 1.000735366,
2185.538745037, 1.000732432,
2185.559176496, 1.000749660,
2185.579608154, 1.000679632,
2185.600039712, 1.000700433,
2185.620471370, 1.000656525,
2185.640902828, 1.000783020,
2185.661334385, 1.000844550,
2185.681766043, 1.000788258,
2185.702197501, 1.000840847,
2185.722629058, 1.000880242,
2185.743060715, 1.000783899,
2185.763492173, 1.000878980,
2185.783923730, 1.000793997,
2185.804355387, 1.000794915,
2185.824786844, 1.000785820,
2185.845218400, 1.000824140,
2185.865650057, 1.000834150,
2185.886081614, 1.000815849,
2185.906513070, 1.000850340,
2185.926944727, 1.000923870,
2185.947376283, 1.000778517,
2185.967807839, 1.000870950,
2185.988239395, 1.000932589,
2186.008670951, 1.000826955,
2186.029102507, 1.000898179,
2186.049534063, 1.000907366,
2186.069965518, 1.000854786,
2186.090397174, 1.000779419,
2186.110828729, 1.000809807,
2186.131260185, 1.000720998,
2186.172123395, 1.000802139,
2186.192554850, 1.000837016,
2186.212986505, 1.000854995,
2186.233418060, 1.000861021,
2186.253849615, 1.000820075,
2186.274281170, 1.000863289,
2186.294712724, 1.000870671,
2186.315144379, 1.000945150,
2186.335575833, 1.000955770,
2186.356007387, 1.000904419,
2186.376439042, 1.000838860,
2186.396870496, 1.000913847,
2186.437733704, 1.000853783,
2186.458165257, 1.000932766,
2186.478596711, 1.000952223,
2186.499028365, 1.000939699,
2186.519459918, 1.000923424,
2186.539891372, 1.000963958,
2186.560323025, 1.000895912,
2186.580754578, 1.000931372,
2186.601186231, 1.000988095,
2186.621617684, 1.001005566,
2186.642049237, 1.000920555,
2186.662480890, 1.000918077,
2186.723775448, 1.001057690,
2186.744207001, 1.000974608,
2186.764638553, 1.000948266,
2186.785070106, 1.000984052,
2186.805501658, 1.000961729,
2186.825933210, 1.000894941,
2186.846364762, 1.000948663,
2186.866796314, 1.000932235,
2186.887227866, 1.000988634,
2186.907659418, 1.000960762,
2186.928090969, 1.000974042,
2186.948522621, 1.000995606,
2186.968954172, 1.000946266,
2186.989385624, 1.001064568,
2187.009817275, 1.000999761,
2187.030248826, 1.000997863,
2187.071111928, 1.000959069,
2187.091543479, 1.001006197,
2187.111974930, 1.000947844,
2187.132406581, 1.000966822,
2187.152838132, 1.001005642,
2187.173269582, 1.000993940,
2187.214132783, 1.000945499,
2187.234564234, 1.001042625,
2187.254995884, 1.001019975,
2187.275427434, 1.000977014,
2187.295859084, 1.000981710,
2187.316290534, 1.000914906,
2187.336722084, 1.000945386,
2187.357153734, 1.000925823,
2187.377585184, 1.000922899,
2187.398016734, 1.000875352,
2187.418448383, 1.000858005,
2187.438879833, 1.000940352,
2187.459311382, 1.000923383,
2187.479743031, 1.000874063,
2187.500174481, 1.000903002,
2187.520606030, 1.000822291,
2187.541037679, 1.000898394,
2187.561469128, 1.000832264,
2187.581900777, 1.000821563,
2187.602332326, 1.000840847,
2187.622763775, 1.000735048,
2187.643195423, 1.000753628,
2187.663626972, 1.000731775,
2187.684058420, 1.000782849,
2187.704490069, 1.000789716,
2187.724921617, 1.000791757,
2187.745353066, 1.000751592,
2187.765784714, 1.000808763,
2187.786216262, 1.000717630,
2187.806647810, 1.000685966,
2187.827079358, 1.000560266,
2187.847510906, 1.000619997,
2187.867942554, 1.000621522,
2187.908805549, 1.000644245,
2187.929237197, 1.000554480,
2187.949668744, 1.000538930,
2187.970100192, 1.000551520,
2187.990531839, 1.000583291,
2188.010963386, 1.000503788,
2188.051826481, 1.000431235,
2188.072258028, 1.000453580,
2188.092689475, 1.000525677,
2188.113121122, 1.000468110,
2188.133552669, 1.000402723,
2188.153984115, 1.000327179,
2188.174415762, 1.000378179,
2188.194847209, 1.000376932,
2188.215278855, 1.000345628,
2188.235710402, 1.000337889,
2188.256141848, 1.000254458,
2188.276573494, 1.000278154,
2188.297005041, 1.000283460,
2188.317436587, 1.000330194,
2188.337868133, 1.000227336,
2188.358299679, 1.000292269,
2188.378731225, 1.000286370,
2188.399162771, 1.000174607,
2188.419594317, 1.000206728,
2188.440025863, 1.000206282,
2188.460457508, 1.000194496,
2188.480888954, 1.000145340,
2188.501320599, 1.000254834,
2188.521752145, 1.000192698,
2188.542183590, 1.000237629,
2188.562615236, 1.000263633,
2188.583046781, 1.000200952,
2188.603478226, 1.000261999,
2188.623909871, 1.000197011,
2188.644341416, 1.000212294,
2188.664772861, 1.000152123,
2188.685204506, 1.000216678,
2188.705636051, 1.000235327,
2188.746499141, 1.000232451,
2188.766930685, 1.000226272,
2188.787362330, 1.000165661,
2188.807793775, 1.000201706,
2188.828225319, 1.000172440,
2188.848656864, 1.000225688,
2188.869088408, 1.000279459,
2188.889519952, 1.000308462,
2188.909951496, 1.000193738,
2188.930383041, 1.000235788,
2188.950814585, 1.000198514,
2188.971246229, 1.000124755,
2188.991677673, 1.000200573,
2189.012109217, 1.000147676,
2189.032540860, 1.000206306,
2189.052972304, 1.000232256,
2189.093835492, 1.000407663,
2189.114266935, 1.000457162,
2189.134698579, 1.000507391,
2189.195993209, 1.000457295,
2189.216424752, 1.000428048,
2189.236856196, 1.000461686,
2189.257287839, 1.000435125,
2189.277719382, 1.000493024,
2189.298150925, 1.000514066,
2189.318582468, 1.000540522,
2189.339014011, 1.000509620,
2189.359445554, 1.000499315,
2189.379877097, 1.000555245,
2189.400308639, 1.000483978,
2189.420740282, 1.000443118,
2189.441171825, 1.000507037,
2189.461603267, 1.000554042,
2189.482034910, 1.000523567,
2189.502466452, 1.000571598,
2189.522897895, 1.000556295,
2189.543329537, 1.000563732,
2189.563761079, 1.000600255,
2189.584192522, 1.000599513,
2189.604624164, 1.000673089,
2189.645487148, 1.000627858,
2189.665918790, 1.000719166,
2189.686350232, 1.000661806,
2189.706781874, 1.000659153,
2189.727213416, 1.000706126,
2189.747644858, 1.000643226,
2189.768076500, 1.000593413,
2189.788508041, 1.000621894,
2189.808939583, 1.000680372,
2189.829371125, 1.000749905,
2189.849802666, 1.000767048,
2189.870234208, 1.000666506,
2189.890665749, 1.000696627,
2189.911097291, 1.000699956,
2189.931528832, 1.000704420,
2189.951960473, 1.000777708,
2189.972391915, 1.000803483,
2189.992823556, 1.000750726,
2190.013255097, 1.000672242,
2190.033686538, 1.000768324,
2190.054118179, 1.000754997,
2190.074549720, 1.000743284,
2190.094981161, 1.000799027,
2190.115412802, 1.000772858,
2190.156275784, 1.000748452,
2190.176707425, 1.000750668,
2190.197138965, 1.000762158,
2190.217570406, 1.000773275,
2190.238002047, 1.000782949,
2190.258433487, 1.000855151,
2190.278865128, 1.000865456,
2190.299296668, 1.000822871,
2190.319728109, 1.000838716,
2190.340159749, 1.000861557,
2190.381022830, 1.000882326,
2190.401454370, 1.000858557,
2190.421885910, 1.000784678,
2190.442317451, 1.000838973,
2190.462748991, 1.000811199,
2190.483180531, 1.000858742,
2190.503612071, 1.000834231,
2190.524043711, 1.000817759,
2190.544475151, 1.000823703,
2190.564906791, 1.000859666,
2190.585338331, 1.000861539,
2190.605769771, 1.000815032,
2190.646632950, 1.000892601,
2190.667064390, 1.000968190,
2190.687496030, 1.000929906,
2190.707927569, 1.000983983,
2190.728359009, 1.001065747,
2190.748790648, 1.000909461,
2190.769222188, 1.000984366,
2190.789653727, 1.000995364,
2190.810085267, 1.000929894,
2190.830516806, 1.001009599,
2190.850948446, 1.000988333,
2190.871379885, 1.000979805,
2190.891811424, 1.000951956,
2190.912243064, 1.000987758,
2190.932674503, 1.001089703,
2190.953106042, 1.000954592,
2190.973537681, 1.000890625,
2190.993969120, 1.000922532,
2191.014400659, 1.001018945,
2191.034832298, 1.000872826,
2191.055263737, 1.001039694,
2191.075695276, 1.000964020,
2191.096126915, 1.000979960,
2191.136989993, 1.001048249,
2191.157421532, 1.001017777,
2191.177852971, 1.001038784,
2191.198284609, 1.001031731,
2191.218716148, 1.001066145,
2191.239147587, 1.001125475,
2191.259579225, 1.001082868,
2191.280010764, 1.001111788,
2191.361736918, 1.001142665,
2191.382168457, 1.001082998,
2191.423031633, 1.001120519,
2191.443463172, 1.001099867,
2191.463894610, 1.001089581,
2191.484326248, 1.001173941,
2191.504757787, 1.001204345,
2191.525189225, 1.001129430,
2191.566052401, 1.001167969,
2191.586483840, 1.001129172,
2191.627346916, 1.001177309,
2191.647778454, 1.001187886,
2191.668210092, 1.001223508,
2191.688641630, 1.001081613,
2191.709073168, 1.001100788,
2191.729504706, 1.001153850,
2191.749936144, 1.001201775,
2191.770367782, 1.001131752,
2191.790799320, 1.001136172,
2191.811230758, 1.001195886,
2191.852093933, 1.001205093,
2191.872525471, 1.001262101,
2191.892957009, 1.001214118,
2191.913388546, 1.001166838,
2191.933820184, 1.001258370,
2191.954251622, 1.001236372,
2191.974683160, 1.001173839,
2191.995114797, 1.001223401,
2192.035977772, 1.001319770,
2192.056409410, 1.001273996,
2192.076840947, 1.001281760,
2192.117704023, 1.001260987,
2192.138135560, 1.001350120,
2192.158566997, 1.001278675,
2192.178998635, 1.001363280,
2192.199430172, 1.001231509,
2192.219861810, 1.001283635,
2192.240293247, 1.001262225,
2192.260724784, 1.001278091,
2192.301587859, 1.001304014,
2192.342451034, 1.001271516,
2192.362882471, 1.001296756,
2192.383314008, 1.001350446,
2192.424177083, 1.001437573,
2192.444608620, 1.001384843,
2192.465040157, 1.001443028,
2192.505903331, 1.001371748,
2192.526334868, 1.001386019,
2192.546766306, 1.001433794,
2192.567197943, 1.001258233,
2192.608060917, 1.001299500,
2192.628492554, 1.001333981,
2192.648924091, 1.001349278,
2192.669355528, 1.001286488,
2192.689787165, 1.001415508,
2192.710218702, 1.001475122,
2192.730650339, 1.001413010,
2192.751081776, 1.001472423,
2192.791944950, 1.001595208,
2192.853239560, 1.001511237,
2192.873670997, 1.001477900,
2192.894102534, 1.001497446,
2192.914534171, 1.001424529,
2192.934965608, 1.001479321,
2192.955397145, 1.001469667,
2192.975828782, 1.001373645,
2192.996260218, 1.001410112,
2193.016691855, 1.001523524,
2193.037123392, 1.001423654,
2193.057554929, 1.001652713,
2193.098418002, 1.001400402,
2193.139281076, 1.001436953,
2193.159712613, 1.001233693,
2193.180144049, 1.001203102,
2193.200575686, 1.001281896,
2193.221007223, 1.001276561,
2193.241438860, 1.001281891,
2193.261870296, 1.001308717,
2193.282301833, 1.001292874,
2193.364028080, 1.001291241,
2193.404891053, 1.001260768,
2193.425322690, 1.001318154,
2193.445754126, 1.001351216,
2193.466185663, 1.001303010,
2193.486617300, 1.001358754,
2193.507048837, 1.001303433,
2193.527480373, 1.001214881,
2193.547911910, 1.001209904,
2193.588774983, 1.001385886,
2193.609206520, 1.001405368,
2193.629638056, 1.001274084,
2193.650069693, 1.001439524,
2193.670501130, 1.001336918,
2193.690932666, 1.001315522,
2193.711364303, 1.001309932,
2193.752227276, 1.001321363,
2193.772658813, 1.001356355,
2193.793090349, 1.001354652,
2193.833953423, 1.001348938,
2193.854384959, 1.001313727,
2193.874816596, 1.001367666,
2193.895248033, 1.001351150,
2193.915679569, 1.001332090,
2193.936111206, 1.001309486,
2193.976974179, 1.001379981,
2194.017837253, 1.001176917,
2194.038268889, 1.001263972,
2194.079131963, 1.001294506,
2194.099563499, 1.001347563,
2194.119995036, 1.001269109,
2194.140426573, 1.001373737,
2194.160858209, 1.001278876,
2194.201721183, 1.001292801,
2194.222152819, 1.001342032,
2194.263015793, 1.001209967,
2194.303878866, 1.001214918,
2194.324310503, 1.001182392,
2194.344742040, 1.001127221,
2194.385605113, 1.001125602,
2194.406036550, 1.001205785,
2194.426468087, 1.001158456,
2194.467331160, 1.001209335,
2194.487762697, 1.001091673,
2194.508194334, 1.001219142,
2194.589920481, 1.001298087,
2194.630783555, 1.001353661,
2194.651215092, 1.001295062,
2194.712509703, 1.001167473,
2194.732941340, 1.001065070,
2194.753372777, 1.001454166,
2194.814667388, 1.001344639,
2194.835099025, 1.001391697,
2194.855530562, 1.001284149,
2194.875961999, 1.001275550,
2194.916825173, 1.001320405,
2194.937256610, 1.001282675,
2194.957688247, 1.001376756,
2194.978119784, 1.001282505,
2194.998551321, 1.001298543,
2195.018982859, 1.001280890,
2195.080277470, 1.001332158,
2195.100709007, 1.001446083,
2195.141572082, 1.001401855,
2195.182435156, 1.001432144,
2195.202866694, 1.001407616,
2195.223298231, 1.001406961,
2195.243729868, 1.001379813,
2195.264161306, 1.001401543,
2195.284592943, 1.001528620,
2195.305024481, 1.001417337,
2195.325455918, 1.001364114,
2195.345887555, 1.001442735,
2195.366319093, 1.001428818,
2195.386750530, 1.001426550,
2195.407182168, 1.001560720,
2195.427613705, 1.001482571,
2195.448045143, 1.001534687,
2195.468476781, 1.001520620,
2195.488908318, 1.001507410,
2195.509339956, 1.001555907,
2195.550202931, 1.001519612,
2195.570634569, 1.001453210,
2195.591066007, 1.001479547,
2195.611497544, 1.001550184,
2195.631929182, 1.001491227,
2195.652360620, 1.001469100,
2195.672792158, 1.001517565,
2195.693223796, 1.001523885,
2195.713655334, 1.001530023,
2195.734086871, 1.001463659,
2195.754518409, 1.001428974,
2195.795381485, 1.001488065,
2195.836244461, 1.001422794,
2195.856676099, 1.001506312,
2195.877107637, 1.001512300,
2195.897539076, 1.001501824,
2195.917970714, 1.001575257,
2195.938402252, 1.001473642,
2195.958833890, 1.001493874,
2195.979265328, 1.001475321,
2195.999696867, 1.001567944,
2196.040559943, 1.001358883,
2196.060991482, 1.001472418,
2196.081423120, 1.001530230,
2196.101854558, 1.001477002,
2196.142717735, 1.001355242,
2196.163149174, 1.001329952,
2196.204012351, 1.001550506,
2196.285738506, 1.001265629,
2196.306170044, 1.001334172,
2196.326601583, 1.001314823,
2196.347033122, 1.001757702,
2196.408327739, 1.001100003,
2196.469622456, 1.001508701,
2196.530917073, 1.000997563,
2196.551348512, 1.000995663,
2196.571780051, 1.001053987,
2196.592211691, 1.001109639,
2196.612643130, 1.001120033,
2196.653506309, 1.001081219,
2196.673937748, 1.001155575,
2196.796527085, 1.000938736,
2196.816958625, 1.000925132,
2196.837390165, 1.000995402,
2196.857821704, 1.000879866,
2196.878253344, 1.000882356,
2196.898684784, 1.001060691,
2196.939547964, 1.001280243,
2196.959979404, 1.001112243,
2197.021274024, 1.000710282,
2197.041705664, 1.000751606,
2197.062137204, 1.000848952,
2197.082568644, 1.000740520,
2197.103000285, 1.000705322,
2197.123431825, 1.000631226,
2197.143863465, 1.000671977,
2197.184726346, 1.000647540,
2197.205157987, 1.000683674,
2197.225589527, 1.000582101,
2197.307315690, 1.000649731,
2197.327747231, 1.000656701,
2197.348178772, 1.000625569,
2197.368610412, 1.000572931,
2197.389041953, 1.000531684,
2197.429905035, 1.000687326,
2197.450336576, 1.000645869,
2197.470768018, 1.000723015,
2197.593357465, 1.000540636,
2197.613788907, 1.000525811,
2197.634220448, 1.000573139,
2197.654652090, 1.000609624,
2197.675083532, 1.000648029,
2197.695515073, 1.000544807,
2197.756809699, 1.000536903,
2197.777241341, 1.000518068,
2197.797672783, 1.000537764,
2197.818104424, 1.000602446,
2197.838535867, 1.000556645,
2197.858967509, 1.000570768,
2197.879399051, 1.000585170,
2197.899830493, 1.000624644,
2197.920262035, 1.000612242,
2197.940693678, 1.000624854,
2197.961125220, 1.000559937,
2198.001988305, 1.000484757,
2198.022419847, 1.000474342,
2198.042851390, 1.000573587,
2198.063282933, 1.000688315,
2198.083714475, 1.000580527,
2198.104146118, 1.000693468,
2198.124577561, 1.000656077,
2198.145009104, 1.000671383,
2198.165440747, 1.000665876,
2198.185872190, 1.000770967,
2198.206303733, 1.000744180,
2198.247166819, 1.000671791,
2198.267598463, 1.000572139,
2198.288030006, 1.000618769,
2198.308461449, 1.000674306,
2198.328893093, 1.000854070,
2198.349324636, 1.000857854,
2198.369756180, 1.000919678,
2198.390187723, 1.000907293,
2198.410619267, 1.000830974,
2198.431050811, 1.000865441,
2198.451482354, 1.000878853,
2198.492345442, 1.000595539,
2198.512776986, 1.000869630,
2198.533208530, 1.000893905,
2198.553640074, 1.000880297,
2198.574071619, 1.000929126,
2198.594503163, 1.000992754,
2198.635366251, 1.000936157,
2198.655797796, 1.000995167,
2198.676229440, 1.001061661,
2198.696660885, 1.001074374,
2198.737524074, 1.001004559,
2198.757955519, 1.000935130,
2198.778387164, 1.000991643,
2198.798818709, 1.001022676,
2198.819250154, 1.000971144,
2198.839681799, 1.000975358,
2198.860113344, 1.000974053,
2198.880544789, 1.000925623,
2198.900976434, 1.001060843,
2198.921407980, 1.001203254,
2198.941839625, 1.001194358,
2199.003134261, 1.001100040,
2199.023565807, 1.001147539,
2199.043997253, 1.001114943,
2199.064428899, 1.001171440,
2199.084860444, 1.001099854,
2199.105291990, 1.001047915,
2199.125723536, 1.001169003,
2199.146155082, 1.001166148,
2199.187018175, 1.001299460,
2199.227881268, 1.001268373,
2199.248312814, 1.001204940,
2199.268744260, 1.001191778,
2199.289175907, 1.001340757,
2199.309607454, 1.001224019,
2199.330039100, 1.001195967,
2199.350470547, 1.001258024,
2199.370902094, 1.001259837,
2199.391333741, 1.001272100,
2199.411765188, 1.001253859,
2199.452628382, 1.001347384,
2199.473059830, 1.001357607,
2199.493491377, 1.001460243,
2199.513923024, 1.001449995,
2199.534354472, 1.001429377,
2199.554786119, 1.001451676,
2199.575217667, 1.001633710,
2199.616080763, 1.001600189,
2199.656943858, 1.001597887,
2199.718238503, 1.001451003,
2199.738670151, 1.001496017,
2199.759101599, 1.001417537,
2199.779533248, 1.001407019,
2199.799964796, 1.001447539,
2199.820396245, 1.001371969,
2199.840827893, 1.001464889,
2199.861259342, 1.001522169,
2199.902122540, 1.001579214,
2199.922553989, 1.001640409,
2199.983848636, 1.001533042,
2200.004280286, 1.001457667,
2200.024711835, 1.001578499,
2200.045143285, 1.001558880,
2200.065574934, 1.001475475,
2200.086006484, 1.001487327,
2200.106438034, 1.001421349,
2200.126869583, 1.001534073,
2200.147301133, 1.001651145,
2200.167732783, 1.001630379,
2200.208595784, 1.001662449,
2200.229027434, 1.001622992,
2200.331185086, 1.001872867,
2200.351616737, 1.001781829,
2200.372048288, 1.001719992,
2200.392479939, 1.001716550,
2200.412911390, 1.001199327,
2200.453774592, 1.001578874,
2200.474206044, 1.001626671,
2200.494637595, 1.001658315,
2200.515069146, 1.001569255,
2200.535500698, 1.001697794,
2200.555932250, 1.001716808,
2200.576363801, 1.001777389,
2200.596795353, 1.001815977,
2200.617227005, 1.001814807,
2200.637658457, 1.001984547,
2200.698953114, 1.001720313,
2200.719384666, 1.001769644,
2200.739816319, 1.001779949,
2200.760247771, 1.001747240,
2200.780679324, 1.001752023,
2200.801110977, 1.001810636,
2200.821542530, 1.001734009,
2200.841974083, 1.001689507,
2200.903268842, 1.001896204,
2200.944131849, 1.001746628,
2200.964563502, 1.001726748,
2200.984994956, 1.001742131,
2201.005426610, 1.001808660,
2201.025858163, 1.001808550,
2201.046289617, 1.001828021,
2201.066721271, 1.001829755,
2201.087152825, 1.001773751,
2201.107584280, 1.001802888,
2201.128015934, 1.001808291,
2201.189310597, 1.001703145,
2201.209742152, 1.001646025,
2201.230173707, 1.001744394,
2201.250605262, 1.001703044,
2201.271036817, 1.001700670,
2201.291468372, 1.001651968,
2201.332331482, 1.001677644,
2201.352763038, 1.001782831,
2201.373194593, 1.001720907,
2201.393626149, 1.001700111,
2201.434489260, 1.001762428,
2201.454920916, 1.001761314,
2201.475352472, 1.001771023,
2201.495783928, 1.001665773,
2201.516215584, 1.001774770,
2201.536647141, 1.001649733,
2201.557078597, 1.001686028,
2201.577510254, 1.001683989,
2201.597941810, 1.001757508,
2201.618373267, 1.001764816,
2201.638804924, 1.001770904,
2201.659236481, 1.001762096,
2201.679668138, 1.001886461,
2201.700099595, 1.001687010,
2201.720531152, 1.001752861,
2201.740962810, 1.001803857,
2201.761394267, 1.001761027,
2201.781825825, 1.001738342,
2201.802257482, 1.001804324,
2201.843120598, 1.001730006,
2201.863552156, 1.001882870,
2201.883983614, 1.001714103,
2201.924846731, 1.001889218,
2201.965709948, 1.001776878,
2201.986141506, 1.001754378,
2202.006572965, 1.001765825,
2202.027004624, 1.001796480,
2202.047436183, 1.001766567,
2202.067867742, 1.001980544,
2202.088299301, 1.001756705,
2202.108730860, 1.001856659,
2202.129162520, 1.001695603,
2202.170025539, 1.001881592,
2202.190457199, 1.001814044,
2202.210888659, 1.001904626,
2202.231320219, 1.001843331,
2202.251751879, 1.001777065,
2202.272183339, 1.001723637,
2202.313046560, 1.001685860,
2202.333478020, 1.001690197,
2202.353909681, 1.001642530,
2202.374341242, 1.000870361,
2202.415204363, 1.001840480,
2202.435635925, 1.001770099,
2202.456067586, 1.001795380,
2202.476499047, 1.001849540,
2202.496930609, 1.001818927,
2202.517362170, 1.001798549,
2202.537793732, 1.001748528,
2202.558225294, 1.001855578,
2202.599088418, 1.001786077,
2202.619519980, 1.001338509,
2202.660383105, 1.001812730,
2202.680814767, 1.001774153,
2202.701246330, 1.001733236,
2202.721677792, 1.001736558,
2202.742109455, 1.001792349,
2202.762541018, 1.001748081,
2202.782972481, 1.001761632,
2202.803404145, 1.001639461,
2202.844267172, 1.001591915,
2202.864698835, 1.001640581,
2202.925993527, 1.001662092,
2202.946425091, 1.001691178,
2202.966856755, 1.001617585,
2202.987288219, 1.001511391,
2203.007719784, 1.001632843,
2203.028151448, 1.001660919,
2203.048582913, 1.001613957,
2203.069014578, 1.001524923,
2203.089446143, 1.001510476,
2203.109877708, 1.001558636,
2203.171172404, 1.001642407,
2203.191603969, 1.001623574,
2203.212035535, 1.001613853,
2203.232467101, 1.001602877,
2203.252898667, 1.001570356,
2203.273330233, 1.001581542,
2203.293761899, 1.001479110,
2203.314193365, 1.001499154,
2203.334624932, 1.001592483,
2203.355056598, 1.001635362,
2203.395919632, 1.001644337,
2203.416351299, 1.001592065,
2203.436782766, 1.001564613,
2203.457214333, 1.001556503,
2203.477646001, 1.001617006,
2203.498077468, 1.001539732,
2203.518509136, 1.001642509,
2203.538940703, 1.001704742,
2203.559372171, 1.001580308,
2203.579803839, 1.001643350,
2203.600235407, 1.001712496,
2203.661530113, 1.001714554,
2203.681961781, 1.001793512,
2203.702393250, 1.001760161,
2203.722824819, 1.001834578,
2203.743256488, 1.001703402,
2203.784119526, 1.001757429,
2203.804551196, 1.001673979,
2203.824982765, 1.001783008,
2203.845414235, 1.001642723,
2203.886277475, 1.001665514,
2203.906709045, 1.001764831,
2203.927140615, 1.001744926,
2203.947572086, 1.001678690,
2203.968003756, 1.001792525,
2203.988435327, 1.001786769,
2204.008866798, 1.001763392,
2204.029298469, 1.001898900,
2204.049730040, 1.001680070,
2204.070161511, 1.001686390,
2204.131456425, 1.001788043,
2204.151887897, 1.001786872,
2204.172319469, 1.001794850,
2204.192751141, 1.001742474,
2204.213182613, 1.001800249,
2204.233614185, 1.001736790,
2204.254045858, 1.001816747,
2204.274477430, 1.001745954,
2204.294909003, 1.001811715,
2204.315340576, 1.001794073,
2204.376635296, 1.001834694,
2204.397066869, 1.001664347,
2204.417498443, 1.001881006,
2204.437930016, 1.001791794,
2204.458361590, 1.001853621,
2204.478793264, 1.001867926,
2204.499224738, 1.001891219,
2204.519656412, 1.001855830,
2204.540087887, 1.001888578,
2204.560519461, 1.001829441,
2204.621814186, 1.001907551,
2204.642245861, 1.001853726,
2204.662677336, 1.001903868,
2204.683109012, 1.001840371,
2204.703540587, 1.001825908,
2204.723972063, 1.001819618,
2204.744403739, 1.001902861,
2204.764835315, 1.001879281,
2204.785266791, 1.001857155,
2204.805698467, 1.001829950,
2204.826130044, 1.001825187,
2204.866993197, 1.001874076,
2204.887424774, 1.001881048,
2204.907856451, 1.001770817,
2204.928288028, 1.001849780,
2204.948719506, 1.001813085,
2204.969151183, 1.001806688,
2204.989582761, 1.001750748,
2205.010014239, 1.001700029,
2205.030445917, 1.001735600,
2205.050877495, 1.001778282,
2205.112172230, 1.001765087,
2205.132603908, 1.001756325,
2205.153035387, 1.001707644,
2205.173466966, 1.001693620,
2205.193898545, 1.001744019,
2205.214330125, 1.001822099,
2205.234761704, 1.001795062,
2205.255193284, 1.001843760,
2205.275624863, 1.001727015,
2205.296056543, 1.001797438,
2205.316488023, 1.001684763,
2205.357351284, 1.001689335,
2205.377782765, 1.001579261,
2205.398214345, 1.001624806,
2205.418646026, 1.001704957,
2205.439077507, 1.001634492,
2205.459509088, 1.001604184,
2205.479940769, 1.001615014,
2205.500372351, 1.001576227,
2205.520803932, 1.001571492,
2205.541235514, 1.001558748,
2205.561667096, 1.001545786,
2205.602530260, 1.001568979,
2205.622961843, 1.001449728,
2205.663825008, 1.001311154,
2205.684256591, 1.001368387,
2205.704688274, 1.001317556,
2205.725119757, 1.001401176,
2205.745551440, 1.001428538,
2205.765983024, 1.001336154,
2205.786414507, 1.001374103,
2205.806846191, 1.001258669,
2205.847709259, 1.001077563,
2205.868140944, 1.001149485,
2205.888572528, 1.001283355,
2205.909004113, 1.001189210,
2205.929435698, 1.001188756,
2206.011162038, 1.001227910,
2206.031593624, 1.001138562,
2206.052025210, 1.001173070,
2206.113319968, 1.001106202,
2206.154183241, 1.001114188,
2206.174614727, 1.001104026,
2206.195046414, 1.001094972,
2206.235909489, 1.001050581,
2206.276772764, 1.001231170,
2206.338067527, 1.001084203,
2206.358499215, 1.000969162,
2206.378930704, 1.001082563,
2206.399362292, 1.001014593,
2206.419793981, 1.001040775,
2206.440225470, 1.001053754,
2206.460657059, 1.001053680,
2206.481088748, 1.001000035,
2206.501520238, 1.000979907,
2206.521951927, 1.000994039,
2206.542383517, 1.000947127,
2206.583246697, 1.000956102,
2206.603678187, 1.000870498,
2206.624109777, 1.000733985,
2206.644541468, 1.000883952,
2206.664972959, 1.000865633,
2206.685404550, 1.000800005,
2206.705836241, 1.000807025,
2206.767131015, 1.000953611,
2206.787562607, 1.000717958,
2206.828425791, 1.000784784,
2206.848857383, 1.000695062,
2206.869289076, 1.000723023,
2206.889720568, 1.000660840,
2206.910152261, 1.000703920,
2206.930583854, 1.000693201,
2206.951015347, 1.000700194,
2206.971447041, 1.000790396,
2206.991878634, 1.000678839,
2207.012310128, 1.000720434,
2207.032741822, 1.000747437,
2207.073604910, 1.000705696,
2207.094036605, 1.000717687,
2207.114468199, 1.000716459,
2207.134899894, 1.000752283,
2207.155331389, 1.000797837,
2207.175762984, 1.000768012,
2207.196194679, 1.000735886,
2207.216626175, 1.000656294,
2207.237057770, 1.000737018,
2207.257489366, 1.000808584,
2207.277921062, 1.000820237,
2207.318784255, 1.000740464,
2207.359647448, 1.000647947,
2207.380079045, 1.000710197,
2207.400510542, 1.000683573,
2207.420942239, 1.000794871,
2207.441373837, 1.000734939,
2207.502668630, 1.000844792,
2207.523100328, 1.000912098,
2207.563963425, 1.000723867,
2207.584395124, 1.000806747,
2207.604826623, 1.000819589,
2207.625258222, 1.000877199,
2207.645689921, 1.000851623,
2207.666121420, 1.000807885,
2207.686553020, 1.000971844,
2207.706984720, 1.001000506,
2207.727416220, 1.000896718,
2207.747847920, 1.000958064,
2207.768279520, 1.000924720,
2207.809142722, 1.000774364,
2207.829574323, 1.000888038,
2207.850005924, 1.000985484,
2207.870437525, 1.000955973,
2207.890869127, 1.000941198,
2207.911300728, 1.001014078,
2207.931732330, 1.001070488,
2207.952163932, 1.001030756,
2207.972595534, 1.001073930,
2207.993027137, 1.001025765,
2208.013458739, 1.001089476,
2208.054321945, 1.001222524,
2208.074753548, 1.000978888,
2208.095185252, 1.000927100,
2208.115616755, 1.000974709,
2208.136048459, 1.000988225,
2208.156480063, 1.000964040,
2208.176911567, 1.001012056,
2208.197343271, 1.001024288,
2208.217774876, 1.001059988,
2208.238206381, 1.001147775,
2208.258638086, 1.001220966,
2208.299501196, 1.001167030,
2208.319932901, 1.001105431,
2208.340364507, 1.001093546,
2208.360796213, 1.001169006,
2208.381227719, 1.001214369,
2208.401659325, 1.001127774,
2208.422091032, 1.001240026,
2208.462954145, 1.001333098,
2208.544680674, 1.001252360,
2208.565112282, 1.001156426,
2208.585543890, 1.001158965,
2208.605975498, 1.001183942,
2208.626407007, 1.001149117,
2208.646838715, 1.001240074,
2208.667270324, 1.001370249,
2208.687701833, 1.001358062,
2208.708133542, 1.001348151,
2208.748996861, 1.001442338,
2208.789859981, 1.001191701,
2208.810291691, 1.001239617,
2208.830723201, 1.001232792,
2208.851154812, 1.001308984,
2208.871586523, 1.001391021,
2208.892018034, 1.001348974,
2208.912449745, 1.001303466,
2208.932881356, 1.001266637,
2208.953312868, 1.001275054,
2208.973744580, 1.001315278,
2208.994176192, 1.001381952,
2209.035039416, 1.001355323,
2209.075902642, 1.001393102,
2209.096334254, 1.001397117,
2209.116765868, 1.001468443,
2209.137197581, 1.001475295,
2209.157629195, 1.001527081,
2209.178060708, 1.001558529,
2209.198492422, 1.001549607,
2209.218924037, 1.001604019,
2209.239355551, 1.001560490,
2209.280218780, 1.001655202,
2209.300650495, 1.001578840,
2209.321082111, 1.001708563,
2209.341513626, 1.001590414,
2209.361945342, 1.001610472,
2209.382376958, 1.001632110,
2209.402808474, 1.001655101,
2209.423240190, 1.001655222,
2209.443671806, 1.001590786,
2209.464103323, 1.001745175,
2209.484535040, 1.001745628,
2209.525398374, 1.001673932,
2209.545829892, 1.001754665,
2209.566261509, 1.001695278,
2209.586693227, 1.001717158,
2209.607124746, 1.001822148,
2209.627556364, 1.001761013,
2209.647988082, 1.001786942,
2209.668419701, 1.001737927,
2209.688851320, 1.001854595,
2209.709282939, 1.001867960,
2209.729714559, 1.001823442,
2209.770577798, 1.001859029,
2209.791009418, 1.001895765,
2209.811441138, 1.001835287,
2209.831872659, 1.001908957,
2209.852304279, 1.001908657,
2209.872735900, 1.001816580,
2209.893167521, 1.001863103,
2209.913599243, 1.001957479,
2209.934030764, 1.001940888,
2209.954462386, 1.001904476,
2209.974894108, 1.001991483,
2210.015757252, 1.001940107,
2210.036188975, 1.001990429,
2210.056620498, 1.001993287,
2210.077052221, 1.002045931,
2210.117915367, 1.002098484,
2210.138347091, 1.002019974,
2210.158778715, 1.002078356,
2210.179210339, 1.002035136,
2210.220073588, 1.002176432,
2210.260936837, 1.002187443,
2210.281368463, 1.002208914,
2210.301800188, 1.002162390,
2210.322231714, 1.002147621,
2210.342663340, 1.002390097,
2210.363095066, 1.002265947,
2210.383526692, 1.002266543,
2210.403958218, 1.002349522,
2210.424389945, 1.002383796,
2210.485684826, 1.002392598,
2210.506116454, 1.002377766,
2210.526548082, 1.002357031,
2210.587843067, 1.002503274,
2210.608274595, 1.002445849,
2210.628706224, 1.002320068,
2210.669569483, 1.002334069,
2210.710432742, 1.002046529,
2210.751296102, 1.002535173,
2210.771727633, 1.002530872,
2210.792159264, 1.002577552,
2210.812590994, 1.002492176,
2210.833022626, 1.002549438,
2210.853454257, 1.002544441,
2210.873885889, 1.002482593,
2210.894317520, 1.002611030,
2210.914749152, 1.002457405,
2210.935180785, 1.002554203,
2210.996475683, 1.002484653,
2211.016907316, 1.002522515,
2211.037339050, 1.002565744,
2211.078202317, 1.002620432,
2211.098633951, 1.002504167,
2211.119065485, 1.002527882,
2211.139497220, 1.002546910,
2211.159928855, 1.002566989,
2211.180360390, 1.002521096,
2211.200792125, 1.002581313,
2211.241655396, 1.002458699,
2211.262087032, 1.002454813,
2211.282518568, 1.002471086,
2211.302950305, 1.002428373,
2211.323381941, 1.002497223,
2211.343813478, 1.002506973,
2211.364245215, 1.002404762,
2211.384676853, 1.002371595,
2211.405108490, 1.002435450,
2211.425540128, 1.002399256,
2211.445971766, 1.002369033,
2211.486835043, 1.002370094,
2211.507266681, 1.002363752,
2211.527698420, 1.002280066,
2211.548130059, 1.002434244,
2211.568561598, 1.002429427,
2211.588993338, 1.002329426,
2211.609424978, 1.002369065,
2211.629856618, 1.002298511,
2211.650288258, 1.002247458,
2211.670719899, 1.002361654,
2211.691151640, 1.002357941,
2211.732014822, 1.002392330,
2211.752446564, 1.002344151,
2211.772878106, 1.002338769,
2211.793309748, 1.002352566,
2211.813741490, 1.002301722,
2211.834173032, 1.002345014,
2211.854604775, 1.002307443,
2211.875036418, 1.002314799,
2211.895467961, 1.002211976,
2211.915899705, 1.002310969,
2211.936331248, 1.002290934,
2211.977194636, 1.002051699,
2211.997626181, 1.002278596,
2212.018057925, 1.002269690,
2212.038489570, 1.002306197,
2212.058921215, 1.002202239,
2212.079352861, 1.002156804,
2212.099784506, 1.002294560,
2212.120216152, 1.002191627,
2212.140647798, 1.002193750,
2212.161079445, 1.002168440,
2212.201942838, 1.002141923,
2212.222374385, 1.002133290,
2212.242806132, 1.002177725,
2212.304101076, 1.002151103,
2212.324532724, 1.002117637,
2212.344964273, 1.002289644,
2212.365396021, 1.002061084,
2212.385827670, 1.002190680,
2212.406259420, 1.002053465,
2212.426690969, 1.001951857,
2212.467554369, 1.002045471,
2212.487985919, 1.002102827,
2212.508417569, 1.002039530,
2212.528849320, 1.001999939,
2212.549280871, 1.002008334,
2212.569712522, 1.002107319,
2212.590144174, 1.002122894,
2212.631007578, 1.001984990,
2212.651439130, 1.002035121,
2212.671870782, 1.002149277,
2212.712734188, 1.001975878,
2212.733165741, 1.001990598,
2212.774029148, 1.002012980,
2212.794460702, 1.001936728,
2212.814892456, 1.001954093,
2212.835324111, 1.001921078,
2212.855755866, 1.001972382,
2212.876187420, 1.001888055,
2212.896619076, 1.001953370,
2212.917050831, 1.001944433,
2212.957914043, 1.001881057,
2212.978345799, 1.001889034,
2212.998777355, 1.001977749,
2213.019209112, 1.002003828,
2213.039640769, 1.002012902,
2213.060072326, 1.001974329,
2213.080504084, 1.001954573,
2213.100935742, 1.001902812,
2213.121367300, 1.001834820,
2213.141799058, 1.001886708,
2213.162230716, 1.001877691,
2213.203094034, 1.001795674,
2213.223525693, 1.001760196,
2213.243957353, 1.001786090,
2213.264389013, 1.001778564,
