BJD - 2454833, Corrected Flux
2146.452706028, 0.998286458,
2146.473138332, 0.998501962,
2146.514002637, 0.998402276,
2146.534434939, 0.998462778,
2146.554867041, 0.998287497,
2146.575299241, 0.998126434,
2146.595731542, 0.998549690,
2146.616163642, 0.998414149,
2146.636595841, 0.998210373,
2146.657028040, 0.998341008,
2146.677460238, 0.998503941,
2146.697892536, 0.997834154,
2146.718324633, 0.997827106,
2146.738756830, 0.997993627,
2146.759189126, 0.998718211,
2146.779621322, 0.997871751,
2146.800053417, 0.997994450,
2146.820485711, 0.997971746,
2146.840917906, 0.997870113,
2146.881782292, 0.997983831,
2146.902214485, 0.998180759,
2146.922646577, 0.997751006,
2146.943078868, 0.997448824,
2146.963511059, 0.997604142,
2146.983943150, 0.997726795,
2147.004375439, 0.997578336,
2147.024807629, 0.997584336,
2147.045239718, 0.997482671,
2147.065672006, 0.997554314,
2147.086104194, 0.997582020,
2147.106536381, 0.997703954,
2147.126968568, 0.997433155,
2147.147400754, 0.997488658,
2147.167833040, 0.997696116,
2147.188265125, 0.997581935,
2147.208697310, 0.997300424,
2147.229129595, 0.997742516,
2147.249561778, 0.997404759,
2147.269993861, 0.997277156,
2147.290426144, 0.997217992,
2147.310858326, 0.997446544,
2147.331290408, 0.997363710,
2147.351722689, 0.997494635,
2147.372154770, 0.997485989,
2147.392586949, 0.997062663,
2147.413019229, 0.997352132,
2147.433451308, 0.997211059,
2147.453883487, 0.997294215,
2147.494747842, 0.997358172,
2147.535612295, 0.997008978,
2147.556044371, 0.997108116,
2147.576476547, 0.997351267,
2147.596908822, 0.997304387,
2147.617340996, 0.996888437,
2147.637773070, 0.996965548,
2147.658205343, 0.997386162,
2147.678637516, 0.997060044,
2147.699069688, 0.996987430,
2147.719501860, 0.996860719,
2147.739934032, 0.996896146,
2147.760366303, 0.996772784,
2147.780798373, 0.997105518,
2147.801230542, 0.997092201,
2147.821662811, 0.996945224,
2147.842094881, 0.997175072,
2147.862527049, 0.997124985,
2147.882959316, 0.997111815,
2147.903391383, 0.997058202,
2147.923823550, 0.996697095,
2147.944255816, 0.996471828,
2148.005552312, 0.997265926,
2148.025984376, 0.996883219,
2148.046416539, 0.996757870,
2148.066848803, 0.996872445,
2148.087280965, 0.996988872,
2148.107713027, 0.996950415,
2148.128145289, 0.996675701,
2148.148577350, 0.996872359,
2148.169009510, 0.996669973,
2148.189441770, 0.996755015,
2148.209873829, 0.997137099,
2148.230305989, 0.996649617,
2148.250738247, 0.996546673,
2148.271170305, 0.996901290,
2148.291602563, 0.996696922,
2148.312034719, 0.996465245,
2148.332466776, 0.996798274,
2148.352899031, 0.996886737,
2148.393763242, 0.996349745,
2148.414195496, 0.996718286,
2148.434627650, 0.996691752,
2148.475491957, 0.997274806,
2148.495924109, 0.996986938,
2148.516356261, 0.996722060,
2148.536788412, 0.996879002,
2148.557220563, 0.996503319,
2148.598084963, 0.996721346,
2148.618517012, 0.996675996,
2148.659381409, 0.996573677,
2148.679813457, 0.996629628,
2148.700245604, 0.996318414,
2148.720677851, 0.996250424,
2148.761542043, 0.996283582,
2148.781974288, 0.996218690,
2148.822838478, 0.996414938,
2148.843270721, 0.996582042,
2148.863702764, 0.996304251,
2148.884135007, 0.996824616,
2148.904567049, 0.996829388,
2148.924999191, 0.996464148,
2148.945431432, 0.996513648,
2148.965863473, 0.996440723,
2148.986295613, 0.996534741,
2149.006727852, 0.996644169,
2149.027159992, 0.996530211,
2149.047592030, 0.996699844,
2149.068024269, 0.996573905,
2149.088456406, 0.996445684,
2149.108888443, 0.996678529,
2149.129320680, 0.996394252,
2149.149752816, 0.996668934,
2149.170184852, 0.996608846,
2149.190617087, 0.996542926,
2149.211049222, 0.996592729,
2149.231481256, 0.996404279,
2149.251913490, 0.996561130,
2149.272345623, 0.996673527,
2149.292777755, 0.996467467,
2149.313209887, 0.996884366,
2149.333642019, 0.996649455,
2149.354074150, 0.996307232,
2149.374506281, 0.996503746,
2149.415370540, 0.996538456,
2149.456234798, 0.996359633,
2149.476667026, 0.996465761,
2149.517531181, 0.996245596,
2149.558395533, 0.996907799,
2149.578827559, 0.996563809,
2149.619691809, 0.996650893,
2149.640123933, 0.996686681,
2149.660556156, 0.996466726,
2149.680988179, 0.996378385,
2149.701420302, 0.996455288,
2149.742284546, 0.996458253,
2149.762716667, 0.996790915,
2149.783148887, 0.996528380,
2149.803580908, 0.996520173,
2149.824013027, 0.996446548,
2149.844445246, 0.996463582,
2149.885309383, 0.996604286,
2149.905741601, 0.996540526,
2149.946605735, 0.996519616,
2149.967037950, 0.996620195,
2149.987470066, 0.996730491,
2150.007902081, 0.996437185,
2150.028334296, 0.996450498,
2150.048766410, 0.996614734,
2150.069198624, 0.996344720,
2150.089630637, 0.996422819,
2150.110062749, 0.996701199,
2150.130494962, 0.996346399,
2150.150926973, 0.996465770,
2150.171359084, 0.996212190,
2150.191791295, 0.996382897,
2150.212223305, 0.996435789,
2150.232655415, 0.996529229,
2150.253087624, 0.996629296,
2150.293951741, 0.996473950,
2150.314383949, 0.996667350,
2150.334816056, 0.996377798,
2150.355248062, 0.996582446,
2150.375680269, 0.996481492,
2150.396112274, 0.996477425,
2150.416544380, 0.996480095,
2150.436976584, 0.996401128,
2150.457408589, 0.996590336,
2150.477840692, 0.996455783,
2150.498272895, 0.996581912,
2150.518704898, 0.996658264,
2150.539137001, 0.996411826,
2150.559569202, 0.996551564,
2150.580001204, 0.996402984,
2150.600433304, 0.996194919,
2150.620865505, 0.996391289,
2150.641297504, 0.996473438,
2150.682161802, 0.996487984,
2150.702593901, 0.996339614,
2150.723025999, 0.996463381,
2150.743458096, 0.996202327,
2150.763890193, 0.996230838,
2150.784322389, 0.996279520,
2150.804754385, 0.996182146,
2150.825186480, 0.996267621,
2150.845618675, 0.996482048,
2150.866050670, 0.996268391,
2150.886482764, 0.996551527,
2150.906914957, 0.996179322,
2150.927346950, 0.996517489,
2150.947779042, 0.996461551,
2150.968211234, 0.996281594,
2151.009075317, 0.996447684,
2151.029507407, 0.996303330,
2151.049939497, 0.996343673,
2151.070371587, 0.996372697,
2151.090803776, 0.996339581,
2151.111235764, 0.996375882,
2151.131667852, 0.996259219,
2151.152100040, 0.996358370,
2151.172532027, 0.996535740,
2151.192964114, 0.996227282,
2151.213396300, 0.996443577,
2151.233828285, 0.996542088,
2151.254260471, 0.996205703,
2151.274692555, 0.996573331,
2151.295124539, 0.996454067,
2151.315556723, 0.996377847,
2151.335988806, 0.996498575,
2151.356420789, 0.996461324,
2151.376852971, 0.996657245,
2151.397285053, 0.996224737,
2151.417717034, 0.996242739,
2151.438149215, 0.996363514,
2151.458581295, 0.996614070,
2151.479013275, 0.996222909,
2151.499445454, 0.996879337,
2151.519877533, 0.996413083,
2151.540309611, 0.996674054,
2151.560741689, 0.996595755,
2151.581173766, 0.996651163,
2151.601605843, 0.996515491,
2151.622038020, 0.996730935,
2151.642469995, 0.996733360,
2151.662902071, 0.996486729,
2151.703766220, 0.996430025,
2151.724198294, 0.996616449,
2151.744630468, 0.996651040,
2151.785494513, 0.996485949,
2151.805926685, 0.996658901,
2151.826358657, 0.996724771,
2151.846790728, 0.996406448,
2151.867222799, 0.996902836,
2151.908087038, 0.996715967,
2151.928519008, 0.996758319,
2151.948951076, 0.996800632,
2151.969383244, 0.996528767,
2151.989815312, 0.996877724,
2152.010247279, 0.996895569,
2152.030679446, 0.996824248,
2152.051111512, 0.996733500,
2152.071543478, 0.996551979,
2152.091975643, 0.996682150,
2152.112407708, 0.997040308,
2152.132839672, 0.996991331,
2152.153271836, 0.996873934,
2152.173703900, 0.996747725,
2152.194135863, 0.996819800,
2152.214568025, 0.996992833,
2152.235000087, 0.997091953,
2152.255432049, 0.996784936,
2152.275864210, 0.996946130,
2152.296296270, 0.996916121,
2152.316728230, 0.997114989,
2152.337160390, 0.996674247,
2152.357592449, 0.996913945,
2152.378024508, 0.996717153,
2152.398456565, 0.996805847,
2152.418888623, 0.996920607,
2152.439320680, 0.997102499,
2152.459752837, 0.997057653,
2152.480184793, 0.996874254,
2152.500616949, 0.997295304,
2152.521049004, 0.997687216,
2152.541480959, 0.996943318,
2152.561913114, 0.997131802,
2152.582345167, 0.996963393,
2152.602777121, 0.996961489,
2152.623209273, 0.997136229,
2152.643641226, 0.996933917,
2152.664073278, 0.997031709,
2152.684505429, 0.997177013,
2152.704937380, 0.997280097,
2152.725369431, 0.997109327,
2152.745801581, 0.997059540,
2152.766233530, 0.997109525,
2152.786665580, 0.996881455,
2152.807097728, 0.997106482,
2152.827529777, 0.996969920,
2152.847961724, 0.997134433,
2152.868393871, 0.997130623,
2152.888825918, 0.997393631,
2152.909257864, 0.997182511,
2152.929690010, 0.996957591,
2152.950122055, 0.997256622,
2152.970554000, 0.997304225,
2152.990986145, 0.997366357,
2153.011418189, 0.997021987,
2153.031850132, 0.997128916,
2153.052282275, 0.997331919,
2153.072714318, 0.997328148,
2153.093146459, 0.997110912,
2153.113578401, 0.997211255,
2153.134010442, 0.997254956,
2153.154442583, 0.997317372,
2153.174874523, 0.997230322,
2153.195306562, 0.997154757,
2153.215738701, 0.997233607,
2153.236170640, 0.997463856,
2153.256602679, 0.997288701,
2153.277034716, 0.997123843,
2153.297466854, 0.997271099,
2153.317898790, 0.997387669,
2153.338330827, 0.997443208,
2153.379194898, 0.997433438,
2153.399627033, 0.997237371,
2153.420058968, 0.997244869,
2153.440491002, 0.997222404,
2153.460923135, 0.997328182,
2153.481355068, 0.997244959,
2153.501787101, 0.997300788,
2153.522219233, 0.997401168,
2153.542651165, 0.997445823,
2153.563083196, 0.997355922,
2153.583515327, 0.997184590,
2153.603947257, 0.997241655,
2153.624379287, 0.997429334,
2153.644811416, 0.997544799,
2153.665243445, 0.997522832,
2153.685675474, 0.997490281,
2153.706107502, 0.997369173,
2153.726539529, 0.997294285,
2153.746971556, 0.997438842,
2153.787835609, 0.997555578,
2153.808267734, 0.997280445,
2153.828699659, 0.997222023,
2153.889995733, 0.997439838,
2153.910427756, 0.997466481,
2153.930859879, 0.997354943,
2153.951291801, 0.997496441,
2153.971723823, 0.997705892,
2153.992155944, 0.997323247,
2154.012587865, 0.997425098,
2154.033019886, 0.997461663,
2154.053451906, 0.997490682,
2154.073883926, 0.997524257,
2154.094315945, 0.997649048,
2154.114747963, 0.997512091,
2154.135179982, 0.997561191,
2154.155611999, 0.997532212,
2154.176044017, 0.997355580,
2154.216908050, 0.997485653,
2154.237340166, 0.997490405,
2154.257772081, 0.998405979,
2154.278204196, 0.997517585,
2154.298636211, 0.997675117,
2154.319068125, 0.997676450,
2154.339500238, 0.997588434,
2154.359932252, 0.997743819,
2154.380364164, 0.997403141,
2154.400796276, 0.997561287,
2154.421228288, 0.997373092,
2154.441660200, 0.997387035,
2154.462092310, 0.997598092,
2154.482524321, 0.997792976,
2154.502956331, 0.997709648,
2154.523388340, 0.997597477,
2154.543820349, 0.997750393,
2154.564252358, 0.997883573,
2154.584684366, 0.997642966,
2154.605116374, 0.998553112,
2154.625548381, 0.997537448,
2154.645980488, 0.997783959,
2154.666412394, 0.997687257,
2154.686844400, 0.997759082,
2154.748140414, 0.997610860,
2154.768572418, 0.997913727,
2154.789004422, 0.997653237,
2154.809436525, 0.997616684,
2154.829868428, 0.997679643,
2154.850300430, 0.997443865,
2154.870732531, 0.997662361,
2154.891164433, 0.997640731,
2154.911596434, 0.997683947,
2154.932028534, 0.997674149,
2154.952460434, 0.997574749,
2154.972892433, 0.997455198,
2154.993324532, 0.997750194,
2155.013756431, 0.999203030,
2155.034188429, 0.997691646,
2155.054620526, 0.997674078,
2155.075052524, 0.997560017,
2155.095484420, 0.997725099,
2155.115916517, 0.997724673,
2155.136348512, 0.997668820,
2155.156780408, 0.997552981,
2155.177212503, 0.997619203,
2155.197644497, 0.997475143,
2155.238508484, 0.997587174,
2155.258940477, 0.997749687,
2155.279372370, 0.997587392,
2155.299804463, 0.997543698,
2155.320236454, 0.997727324,
2155.340668445, 0.997665553,
2155.361100436, 0.997686614,
2155.381532427, 0.997694833,
2155.401964517, 0.997407150,
2155.422396406, 0.997726796,
2155.442828395, 0.997601032,
2155.463260484, 0.997597810,
2155.483692372, 0.997771206,
2155.504124360, 0.997543473,
2155.524556346, 0.997601807,
2155.544988333, 0.997631103,
2155.565420320, 0.997699587,
2155.585852406, 0.997676538,
2155.606284291, 0.997566678,
2155.626716276, 0.997453996,
2155.647148361, 0.997463690,
2155.667580245, 0.997503781,
2155.688012229, 0.997687368,
2155.708444312, 0.997579589,
2155.728876195, 0.997545208,
2155.769740259, 0.997844333,
2155.790172140, 0.997756423,
2155.851468081, 0.997870114,
2155.871900061, 0.997656361,
2155.892332140, 0.997498169,
2155.912764119, 0.997485316,
2155.933195997, 0.997592684,
2155.953628075, 0.998853781,
2155.974060053, 0.997364643,
2155.994492029, 0.997386026,
2156.014924006, 0.997530989,
2156.035355982, 0.997929888,
2156.055788058, 0.997693278,
2156.076219933, 0.997532890,
2156.096651907, 0.997565191,
2156.117083982, 0.997949839,
2156.137515856, 0.997860238,
2156.157947829, 0.997859655,
2156.178379902, 0.997746483,
2156.198811775, 0.997955084,
2156.219243747, 0.997918659,
2156.239675818, 0.997707203,
2156.260107689, 0.997652896,
2156.280539660, 0.997451823,
2156.300971630, 0.997595583,
2156.321403600, 0.997694278,
2156.403131475, 0.997676082,
2156.423563543, 0.997652212,
2156.443995410, 0.997704136,
2156.484859443, 0.997768449,
2156.505291309, 0.998067315,
2156.525723274, 0.997802371,
2156.546155339, 0.998007628,
2156.566587204, 0.997700213,
2156.587019268, 0.997743408,
2156.607451232, 0.997749495,
2156.627883095, 0.997776762,
2156.648315158, 0.997747244,
2156.668747120, 0.997604044,
2156.689178982, 0.997721283,
2156.709611044, 0.997704501,
2156.730043004, 0.997579346,
2156.750474965, 0.997710441,
2156.770906925, 0.997728723,
2156.791338885, 0.997647522,
2156.811770844, 0.998128671,
2156.832202803, 0.997911790,
2156.852634762, 0.997704302,
2156.873066720, 0.997632251,
2156.893498777, 0.997669350,
2156.913930634, 0.997909753,
2156.934362591, 0.997673227,
2156.954794647, 0.997756852,
2156.975226503, 0.997343774,
2156.995658458, 1.000758040,
2157.016090413, 0.997449666,
2157.036522368, 0.997716076,
2157.056954322, 0.997711944,
2157.077386275, 0.997903720,
2157.097818228, 0.997402020,
2157.118250181, 0.997872154,
2157.138682134, 0.997694687,
2157.159114085, 0.997586591,
2157.179546137, 0.997530400,
2157.199977988, 0.997834409,
2157.220409939, 0.997622432,
2157.240841989, 0.997673798,
2157.302137837, 0.997562119,
2157.322569785, 0.997783468,
2157.343001633, 0.997850050,
2157.363433680, 0.997607697,
2157.383865627, 0.997842727,
2157.404297474, 0.997652810,
2157.424729520, 0.997752255,
2157.445161466, 0.997604504,
2157.465593312, 0.997894344,
2157.486025357, 0.997710011,
2157.506457301, 0.997869976,
2157.526889145, 0.997877162,
2157.567753132, 0.997866721,
2157.588185075, 0.998021074,
2157.608617017, 0.997809410,
2157.629048959, 0.998010375,
2157.649480901, 0.998174239,
2157.669912842, 0.997998228,
2157.690344783, 0.997924030,
2157.710776723, 0.997991296,
2157.731208662, 0.997773749,
2157.751640602, 0.998262990,
2157.833368455, 0.997726736,
2157.853800292, 0.997770805,
2157.874232229, 0.997824064,
2157.894664265, 0.997822774,
2157.915096101, 0.998156313,
2157.935528037, 0.997975939,
2157.955960072, 0.997739376,
2157.976391906, 0.997779125,
2157.996823841, 0.997739966,
2158.017255875, 0.998137939,
2158.037687708, 0.997870703,
2158.058119641, 0.998023477,
2158.078551673, 0.998022832,
2158.098983605, 0.998019875,
2158.119415437, 0.997953878,
2158.139847468, 0.997717903,
2158.160279399, 0.998020908,
2158.180711230, 0.997889749,
2158.201143260, 0.997977834,
2158.221575189, 0.997902819,
2158.242007018, 0.998162166,
2158.262439047, 0.997854021,
2158.282870975, 0.997911467,
2158.303302803, 0.997943708,
2158.323734831, 0.998070648,
2158.344166758, 0.998025525,
2158.364598784, 0.998539111,
2158.385030611, 0.998041651,
2158.405462536, 0.997976050,
2158.425894562, 0.998159888,
2158.446326387, 0.998012708,
2158.466758311, 0.998099963,
2158.487190335, 0.997926769,
2158.507622158, 0.998381790,
2158.528054082, 0.997979576,
2158.548486005, 0.998122569,
2158.568917927, 0.997945440,
2158.589349849, 0.998175430,
2158.609781870, 0.998331310,
2158.630213692, 0.998163644,
2158.650645612, 0.997957541,
2158.671077632, 0.998006609,
2158.691509452, 0.998210728,
2158.711941372, 0.998294805,
2158.732373391, 0.997942003,
2158.773237127, 0.997598894,
2158.793669145, 0.998043359,
2158.814100962, 0.998350235,
2158.834532879, 0.998200733,
2158.854964896, 0.998191957,
2158.875396712, 0.998077639,
2158.895828728, 0.997982388,
2158.916260643, 0.998237693,
2158.936692558, 0.998144614,
2158.957124472, 0.997884072,
2158.997988299, 0.998096337,
2159.018420213, 0.998040461,
2159.038852126, 0.998211595,
2159.059284038, 0.997907278,
2159.079716050, 0.998043898,
2159.100147861, 0.997866790,
2159.120579772, 0.998190534,
2159.141011783, 0.998299285,
2159.161443593, 0.998155675,
2159.181875503, 0.998295719,
2159.202307512, 0.998045304,
2159.222739321, 0.998221565,
2159.243171230, 0.998244801,
2159.263603138, 0.998315575,
2159.284035046, 0.998289675,
2159.304466953, 0.998455848,
2159.324898860, 0.997985458,
2159.345330767, 0.997887144,
2159.365762673, 0.998543389,
2159.386194579, 0.998227047,
2159.406626484, 0.998391240,
2159.427058389, 0.998087174,
2159.447490393, 0.998272494,
2159.508786104, 0.997937061,
2159.529217907, 0.998146352,
2159.549649909, 0.998086714,
2159.570081811, 0.998451956,
2159.590513613, 0.998141358,
2159.610945614, 0.997860730,
2159.631377515, 0.998257072,
2159.651809315, 0.997992234,
2159.672241315, 0.998194485,
2159.692673214, 0.998231560,
2159.713105013, 0.998258361,
2159.753968910, 0.997950922,
2159.794832706, 0.998384998,
2159.835696500, 0.998363160,
2159.856128396, 0.998072058,
2159.876560291, 0.998063077,
2159.896992187, 0.998312154,
2159.917424182, 0.998167290,
2159.937855977, 0.998197137,
2159.958287871, 0.998220670,
2159.978719765, 0.998274135,
2159.999151658, 0.998075199,
2160.019583451, 0.998059563,
2160.040015443, 0.997846212,
2160.060447336, 0.998022694,
2160.080879327, 0.997964268,
2160.101311119, 0.997856740,
2160.121743010, 0.997856462,
2160.162606790, 0.997687280,
2160.183038680, 0.997976780,
2160.203470670, 0.998118672,
2160.223902458, 0.997970067,
2160.244334347, 0.997987936,
2160.264766335, 0.997925754,
2160.285198223, 0.998134732,
2160.305630010, 0.998199929,
2160.326061997, 0.997720454,
2160.346493884, 0.998010912,
2160.366925669, 0.997917300,
2160.387357655, 0.998006726,
2160.407789540, 0.997882383,
2160.428221325, 0.997998671,
2160.448653310, 0.997971264,
2160.469085194, 0.997825072,
2160.489516977, 0.997969219,
2160.509948961, 0.997954937,
2160.530380844, 0.997960339,
2160.550812626, 0.997796222,
2160.571244608, 0.998105797,
2160.591676490, 0.997928798,
2160.612108371, 0.997841576,
2160.652972132, 0.998078044,
2160.673404112, 0.997922048,
2160.693835892, 0.997991535,
2160.734699750, 0.998026773,
2160.755131529, 0.997997199,
2160.775563407, 0.998104358,
2160.816427162, 0.998174989,
2160.836859038, 0.998198216,
2160.857291015, 0.998105206,
2160.877722791, 0.998230663,
2160.898154667, 0.998095775,
2160.918586642, 0.997984224,
2160.939018417, 0.998066340,
2160.959450291, 0.998001479,
2160.979882265, 0.998190156,
2161.000314039, 0.998051916,
2161.020745912, 0.998045744,
2161.041177885, 0.997969019,
2161.061609658, 0.997973858,
2161.082041530, 0.998030271,
2161.102473502, 0.998180517,
2161.122905373, 0.997969059,
2161.163769114, 0.998082687,
2161.184200985, 0.997980929,
2161.204632754, 0.998063109,
2161.225064723, 0.998049910,
2161.245496592, 0.997938732,
2161.265928361, 0.997893132,
2161.286360329, 0.998220953,
2161.306792197, 0.998014330,
2161.327224164, 0.998050940,
2161.347655931, 0.997984032,
2161.368087798, 0.998051312,
2161.388519764, 0.998550674,
2161.408951530, 0.998066882,
2161.429383395, 0.997900954,
2161.470247125, 0.998521326,
2161.490678989, 0.998308761,
2161.511110853, 0.998228937,
2161.531542716, 0.998240568,
2161.551974579, 0.998260204,
2161.572406442, 0.998615372,
2161.592838304, 0.998081384,
2161.613270166, 0.998169043,
2161.633702027, 0.998126991,
2161.654133888, 0.998292294,
2161.674565749, 0.998201914,
2161.735861329, 0.998280552,
2161.756293288, 0.998227347,
2161.776725047, 0.998244331,
2161.797156905, 0.998552640,
2161.817588863, 0.998125214,
2161.838020621, 0.998190720,
2161.858452578, 0.998394386,
2161.878884434, 0.998391700,
2161.899316191, 0.998185848,
2161.919748147, 0.998309247,
2161.940180002, 0.998537455,
2161.960611858, 0.998498657,
2161.981043712, 0.998351532,
2162.001475567, 0.998308504,
2162.021907421, 0.998455720,
2162.042339275, 0.998452931,
2162.062771128, 0.998556433,
2162.083202981, 0.998236491,
2162.103634833, 0.998535804,
2162.124066686, 0.998279868,
2162.144498538, 0.998232459,
2162.205794090, 0.998469406,
2162.226225941, 0.998569868,
2162.246657791, 0.998586992,
2162.267089540, 0.998749786,
2162.287521489, 0.998594760,
2162.307953338, 0.998473862,
2162.328385086, 0.998392267,
2162.348817034, 0.998627953,
2162.369248882, 0.998587727,
2162.389680729, 0.998491356,
2162.410112575, 0.998670538,
2162.430544422, 0.998600799,
2162.450976368, 0.998275960,
2162.471408113, 0.998445535,
2162.491839959, 0.998564770,
2162.512271903, 0.998630500,
2162.553135492, 0.998437948,
2162.573567436, 0.998914900,
2162.593999279, 0.998991961,
2162.614431022, 0.998369554,
2162.634862965, 0.998616352,
2162.655294807, 0.998686277,
2162.696158490, 0.998637113,
2162.716590331, 0.998613711,
2162.737022072, 0.998367686,
2162.757454012, 0.998723554,
2162.777885852, 0.998670349,
2162.798317692, 0.998791142,
2162.818749531, 0.998673872,
2162.839181369, 0.998332524,
2162.859613208, 0.998319835,
2162.880045046, 0.998741672,
2162.900476883, 0.998983611,
2162.920908721, 0.998611482,
2162.941340558, 0.998578626,
2162.961772394, 0.998716023,
2162.982204230, 0.998694243,
2163.002636066, 0.998518895,
2163.023067901, 0.998605214,
2163.043499836, 0.998920678,
2163.063931571, 0.998697914,
2163.084363405, 0.998820901,
2163.104795339, 0.998748091,
2163.125227073, 0.998829526,
2163.186522571, 0.998659802,
2163.206954403, 0.998659541,
2163.227386334, 0.998836214,
2163.247818066, 0.998851923,
2163.288681827, 0.998708321,
2163.309113557, 0.998744881,
2163.329545387, 0.998708742,
2163.349977316, 0.998522709,
2163.370409145, 0.998793867,
2163.390840874, 0.998961231,
2163.411272802, 0.998986799,
2163.431704630, 0.999078718,
2163.452136358, 0.998955397,
2163.493000111, 0.998914702,
2163.513431838, 0.999087954,
2163.533863764, 0.999085383,
2163.554295590, 0.998961043,
2163.574727515, 0.998860875,
2163.595159240, 0.999182206,
2163.615591064, 0.999009337,
2163.636022889, 0.999066095,
2163.717750181, 0.998945467,
2163.738182004, 0.998948911,
2163.758613826, 0.998737517,
2163.779045647, 0.998806241,
2163.799477469, 0.999104204,
2163.819909289, 0.999239203,
2163.840341110, 0.999139135,
2163.860772930, 0.999088642,
2163.881204850, 0.999202042,
2163.922068388, 0.998887998,
2163.942500307, 0.998959788,
2163.962932025, 0.999064669,
2163.983363843, 0.998998046,
2164.003795760, 0.999202893,
2164.024227478, 0.999220128,
2164.044659295, 0.999247658,
2164.065091211, 0.999248745,
2164.085522927, 0.999390065,
2164.126386658, 0.999344017,
2164.146818373, 0.999355886,
2164.167250288, 0.999119878,
2164.187682102, 0.998829249,
2164.208113916, 0.999087734,
2164.228545729, 0.998793444,
2164.248977543, 0.999133462,
2164.269409355, 0.998991316,
2164.289841268, 0.998788670,
2164.310272980, 0.998841380,
2164.351136703, 0.998936845,
2164.371568414, 0.998488662,
2164.412432035, 0.999196670,
2164.432863845, 0.999321622,
2164.453295654, 0.999022384,
2164.473727463, 0.999166050,
2164.494159272, 0.999239906,
2164.514590981, 0.999378033,
2164.535022889, 0.999409828,
2164.555454696, 0.999082170,
2164.575886504, 0.999068270,
2164.596318311, 0.999068967,
2164.616750117, 0.999341998,
2164.637181924, 0.999134302,
2164.657613730, 0.999240217,
2164.678045535, 0.999407516,
2164.698477440, 0.999368148,
2164.718909245, 0.999339806,
2164.739340950, 0.999498079,
2164.759772854, 0.999334017,
2164.780204658, 0.999145592,
2164.800636361, 0.999598707,
2164.821068264, 0.999407994,
2164.841500067, 0.999186402,
2164.861931769, 0.998889717,
2164.902795473, 0.999499784,
2164.923227174, 0.999421802,
2164.964090876, 0.999859241,
2164.984522576, 0.999215088,
2165.004954476, 0.999646465,
2165.025386275, 0.999767115,
2165.045818074, 0.999389165,
2165.086681672, 0.999274208,
2165.107113469, 0.999539682,
2165.127545267, 0.999644927,
2165.147977065, 0.999705344,
2165.168408862, 0.999549417,
2165.188840758, 0.999461570,
2165.209272455, 0.999383136,
2165.229704351, 0.999468099,
2165.250136046, 0.999636946,
2165.270567841, 0.999692217,
2165.290999736, 0.999559943,
2165.311431431, 0.999444293,
2165.331863225, 0.999781663,
2165.352295119, 0.999384897,
2165.393158605, 0.999982276,
2165.413590498, 0.999630118,
2165.434022191, 0.999352417,
2165.454453983, 0.999628315,
2165.474885874, 0.999680507,
2165.495317566, 0.999790429,
2165.515749357, 0.999648092,
2165.536181247, 0.999691870,
2165.556613038, 0.999833310,
2165.577044728, 0.999563105,
2165.597476617, 0.999601433,
2165.638340096, 0.999457757,
2165.658771984, 0.999655916,
2165.679203772, 0.999962394,
2165.699635460, 0.999949546,
2165.720067348, 1.000000951,
2165.740499135, 0.999862935,
2165.781362708, 0.999658846,
2165.801794494, 0.999839098,
2165.822226380, 0.999908324,
2165.842658066, 0.999928841,
2165.883521636, 0.999757154,
2165.903953420, 0.999883785,
2165.924385204, 0.999827589,
2165.944816988, 0.999629941,
2165.965248771, 1.000310923,
2165.985680554, 0.999954111,
2166.006112337, 0.999958237,
2166.026544119, 1.000107742,
2166.046975901, 1.000251786,
2166.067407783, 1.000208649,
2166.087839464, 0.999928138,
2166.108271245, 1.000121114,
2166.128703126, 1.000140125,
2166.149134806, 1.000116131,
2166.169566586, 1.000173677,
2166.189998465, 1.000117767,
2166.210430144, 1.000169177,
2166.230861924, 0.999956807,
2166.251293802, 1.000093151,
2166.271725480, 1.000111450,
2166.292157358, 0.999816859,
2166.312589135, 1.000202724,
2166.333020813, 1.000077223,
2166.373884466, 1.000253950,
2166.394316242, 0.999771280,
2166.414748018, 1.000340532,
2166.455611569, 1.000210820,
2166.476043343, 0.999920876,
2166.537338766, 1.000195268,
2166.557770439, 1.000084765,
2166.578202212, 1.000122877,
2166.598634085, 1.000192051,
2166.619065758, 0.999969395,
2166.639497530, 1.000001291,
2166.659929301, 1.000252554,
2166.680361073, 1.000226465,
2166.700792844, 1.000250692,
2166.721224615, 1.000355683,
2166.741656385, 1.000472823,
2166.762088155, 1.000282683,
2166.782519925, 1.000556664,
2166.802951694, 1.000288840,
2166.823383563, 1.000421629,
2166.864247000, 1.000015730,
2166.884678868, 1.000402489,
2166.905110636, 1.000199408,
2166.925542303, 1.000212472,
2166.945974170, 1.000567755,
2166.966405937, 1.000466368,
2166.986837603, 1.000637265,
2167.007269469, 1.000582644,
2167.027701235, 1.000449007,
2167.048132900, 1.000958820,
2167.109428195, 1.000383639,
2167.129860059, 1.000347821,
2167.150291822, 1.000366676,
2167.170723486, 1.000317428,
2167.191155349, 1.000477415,
2167.211587111, 1.000646484,
2167.232018874, 1.000549773,
2167.252450636, 1.000318079,
2167.272882398, 1.000602868,
2167.293314159, 1.000520545,
2167.313745920, 1.000401009,
2167.354609541, 1.000368408,
2167.375041201, 1.000135372,
2167.395472961, 1.000399288,
2167.415904820, 1.000564047,
2167.436336479, 0.999908351,
2167.456768238, 1.000437269,
2167.477200096, 1.000563864,
2167.518063512, 1.000554767,
2167.538495370, 1.000605636,
2167.558927027, 1.000560186,
2167.620222296, 1.000607077,
2167.640654052, 1.000829993,
2167.661085907, 1.000660707,
2167.681517562, 1.000599987,
2167.701949317, 1.000543412,
2167.722381172, 1.000727443,
2167.742812926, 1.000789444,
2167.763244580, 1.000711523,
2167.783676433, 1.000810445,
2167.804108186, 1.001092305,
2167.844971692, 1.000700925,
2167.865403444, 1.000971108,
2167.885835296, 1.000957713,
2167.926698698, 1.000947152,
2167.947130549, 1.000838499,
2167.987993950, 1.001068671,
2168.008425800, 1.000898650,
2168.028857450, 1.000839418,
2168.049289199, 1.001763100,
2168.090152696, 1.001126180,
2168.110584445, 1.000971614,
2168.131016193, 1.001143829,
2168.151447940, 1.001097390,
2168.171879688, 1.001041811,
2168.192311435, 1.001170319,
2168.212743181, 1.001338769,
2168.233174928, 1.001333486,
2168.274038420, 1.001400814,
2168.294470165, 1.001319707,
2168.335333855, 1.001034496,
2168.355765599, 1.001341650,
2168.376197443, 1.001124521,
2168.396629187, 1.001076579,
2168.417061031, 1.000951232,
2168.437492674, 1.000922913,
2168.457924417, 1.000975094,
2168.478356259, 1.001229142,
2168.498787901, 1.000928751,
2168.519219643, 1.001228723,
2168.539651485, 1.000819083,
2168.600946708, 1.001151030,
2168.621378448, 1.001127014,
2168.641810088, 1.001235971,
2168.662241928, 1.001335959,
2168.682673667, 1.001270466,
2168.703105306, 1.001435270,
2168.723537145, 1.001240749,
2168.743968883, 1.001333561,
2168.764400522, 1.001046278,
2168.784832359, 1.000956478,
2168.825695734, 1.001526526,
2168.846127571, 1.001249360,
2168.866559207, 1.001558363,
2168.886990944, 1.001545730,
2168.907422780, 1.001233331,
2168.927854415, 1.001379585,
2168.948286251, 1.001512952,
2168.968717985, 1.001213108,
2168.989149620, 1.001343421,
2169.009581454, 1.001342375,
2169.030013189, 1.001247872,
2169.070876656, 1.001810667,
2169.091308389, 1.001556630,
2169.111740121, 1.001369203,
2169.152603586, 1.001511047,
2169.173035318, 1.001481857,
2169.193467149, 1.001573452,
2169.213898781, 1.001414085,
2169.234330512, 1.001136423,
2169.254762342, 1.001442436,
2169.275193973, 1.001524867,
2169.336489162, 1.001783746,
2169.356920891, 1.001628509,
2169.377352719, 1.001862881,
2169.397784348, 1.001731238,
2169.418216176, 1.001574369,
2169.438647904, 1.001677380,
2169.459079631, 1.001487953,
2169.479511359, 1.001526227,
2169.499942986, 1.001519502,
2169.520374813, 1.001793972,
2169.561238265, 1.001753235,
2169.581669890, 1.001695826,
2169.602101716, 1.001678103,
2169.622533441, 1.001906760,
2169.642965066, 1.002166617,
2169.663396890, 1.001943459,
2169.683828614, 1.001628927,
2169.704260238, 1.001758027,
2169.724692062, 1.001611678,
2169.745123785, 1.001488849,
2169.806418953, 1.002028195,
2169.826850575, 1.001882219,
2169.847282397, 1.001916875,
2169.867714118, 1.001912822,
2169.888145939, 1.001834375,
2169.908577560, 1.001876603,
2169.949441101, 1.001911065,
2169.969872721, 1.001643456,
2169.990304441, 1.001900146,
2170.010736260, 1.001724328,
2170.051599598, 1.002056145,
2170.072031416, 1.002011815,
2170.092463134, 1.001784248,
2170.112894752, 1.002029453,
2170.133326570, 1.001955163,
2170.153758287, 1.002175062,
2170.174189904, 1.002175652,
2170.194621720, 1.002155669,
2170.215053437, 1.002360477,
2170.235485053, 1.002037036,
2170.255916868, 1.002326439,
2170.296780199, 1.002123130,
2170.317212014, 1.002177190,
2170.337643628, 1.002058660,
2170.358075343, 1.002171596,
2170.378507157, 1.002281532,
2170.398938870, 1.002049749,
2170.419370584, 1.002245944,
2170.439802297, 1.002208031,
2170.460234009, 1.001897145,
2170.480665722, 1.002234050,
2170.501097434, 1.002052674,
2170.521529146, 1.002027449,
2170.562392569, 1.002338099,
2170.582824280, 1.002312828,
2170.603256090, 1.002288432,
2170.623687701, 1.002431332,
2170.644119411, 1.002449166,
2170.664551221, 1.002285957,
2170.684982830, 1.002197230,
2170.705414540, 1.002166014,
2170.725846349, 1.002086888,
2170.787141474, 1.002179711,
2170.807573081, 1.002414420,
2170.828004789, 1.002434505,
2170.868868303, 1.002499625,
2170.889300009, 1.002704546,
2170.909731716, 1.002492780,
2170.950595128, 1.002378123,
2170.971026833, 1.002392416,
2170.991458438, 1.002244938,
2171.032321948, 1.002348150,
2171.052753552, 1.002494167,
2171.073185356, 1.002439322,
2171.093617060, 1.002398292,
2171.114048663, 1.002178303,
2171.134480466, 1.002466871,
2171.154912169, 1.002687906,
2171.195775574, 1.002509301,
2171.216207276, 1.002477202,
2171.236638978, 1.002582621,
2171.277502380, 1.002416855,
2171.297934081, 1.002295317,
2171.318365781, 1.002284671,
2171.338797482, 1.002681415,
2171.359229282, 1.002604755,
2171.379660982, 1.002797775,
2171.400092581, 1.002742630,
2171.420524380, 1.002258288,
2171.440956079, 1.002604043,
2171.461387677, 1.002559233,
2171.522682771, 1.002490659,
2171.543114569, 1.002371671,
2171.563546266, 1.002558112,
2171.583977863, 1.002531841,
2171.604409659, 1.002397268,
2171.624841356, 1.002409284,
2171.645272952, 1.002378465,
2171.665704747, 1.002607586,
2171.686136443, 1.002111551,
2171.706568038, 1.002516952,
2171.726999833, 1.002534520,
2171.747431527, 1.002774754,
2171.767863122, 1.002864261,
2171.788294916, 1.002720735,
2171.808726609, 1.002948174,
2171.829158303, 1.002792364,
2171.849589996, 1.002662421,
2171.870021689, 1.003268723,
2171.890453382, 1.003035175,
2171.910885074, 1.002315528,
2171.931316766, 1.002923217,
2171.951748558, 1.002833859,
2171.972180149, 1.002919537,
2172.013043631, 1.002786274,
2172.033475222, 1.002739457,
2172.053906913, 1.002926647,
2172.074338703, 1.003037800,
2172.094770293, 1.002605499,
2172.115201982, 1.002908320,
2172.156065360, 1.002700059,
2172.176497049, 1.002858326,
2172.196928838, 1.002912798,
2172.217360526, 1.003016127,
2172.258223902, 1.002735726,
2172.278655589, 1.002549434,
2172.299087276, 1.002720794,
2172.319518963, 1.003099649,
2172.339950649, 1.002814330,
2172.360382336, 1.002840816,
2172.380814022, 1.002753262,
2172.401245707, 1.002832832,
2172.421677393, 1.002952987,
2172.442109078, 1.002832133,
2172.462540763, 1.003139927,
2172.482972447, 1.002738868,
2172.503404132, 1.002623977,
2172.523835716, 1.002851330,
2172.544267500, 1.002564709,
2172.564699183, 1.002894914,
2172.585130867, 1.002558590,
2172.605562550, 1.002575028,
2172.625994232, 1.003033807,
2172.646425915, 1.002673307,
2172.666857597, 1.002761560,
2172.748584323, 1.002997033,
2172.769016104, 1.003081220,
2172.789447784, 1.003067889,
2172.809879365, 1.002994613,
2172.830311145, 1.003708491,
2172.850742824, 1.003117281,
2172.871174404, 1.003151216,
2172.891606183, 1.003002830,
2172.912037862, 1.003099783,
2172.932469441, 1.002852096,
2172.952901219, 1.002875094,
2172.973332898, 1.002606634,
2172.993764475, 1.003079005,
2173.014196253, 1.002921422,
2173.034627930, 1.002846419,
2173.055059607, 1.002511820,
2173.075491284, 1.002961736,
2173.095922961, 1.002665447,
2173.116354637, 1.002887783,
2173.136786313, 1.002867430,
2173.157217989, 1.003069046,
2173.177649665, 1.002976577,
2173.238944789, 1.003084310,
2173.259376364, 1.003290973,
2173.279808038, 1.003393753,
2173.300239812, 1.002964636,
2173.320671386, 1.003427471,
2173.341103059, 1.002926248,
2173.361534832, 1.003285538,
2173.381966405, 1.003191245,
2173.402398078, 1.003216266,
2173.422829850, 1.003109627,
2173.443261422, 1.003351886,
2173.484124865, 1.003252624,
2173.504556437, 1.003370764,
2173.524988108, 1.003244440,
2173.545419879, 1.003037533,
2173.565851449, 1.003227578,
2173.586283219, 1.003067296,
2173.606714889, 1.002966897,
2173.627146559, 1.002938700,
2173.647578229, 1.003353739,
2173.668009898, 1.003349907,
2173.688441567, 1.003139062,
2173.729304904, 1.003619049,
2173.749736572, 1.003578248,
2173.770168340, 1.003135033,
2173.790599908, 1.003235920,
2173.811031575, 1.003339164,
2173.831463342, 1.003395744,
2173.851894909, 1.003533723,
2173.892758242, 1.003438374,
2173.913189908, 1.003318895,
2173.933621474, 1.003512423,
2173.954053240, 1.003456876,
2173.974484905, 1.003528464,
2173.994916670, 1.003383144,
2174.015348235, 1.003602571,
2174.035779900, 1.003488469,
2174.056211664, 1.003429541,
2174.076643328, 1.003512598,
2174.097074892, 1.003570265,
2174.117506656, 1.003669758,
2174.137938319, 1.003400558,
2174.158369882, 1.003445678,
2174.178801645, 1.003548659,
2174.219664870, 1.003876837,
2174.240096632, 1.003688889,
2174.260528294, 1.003595856,
2174.280959855, 1.003343451,
2174.301391617, 1.003628943,
2174.321823278, 1.003324525,
2174.342254839, 1.003638927,
2174.362686599, 1.003602641,
2174.383118259, 1.003623710,
2174.403549820, 1.003601413,
2174.423981580, 1.003149284,
2174.464844998, 1.003743131,
2174.485276557, 1.003629336,
2174.505708216, 1.003903732,
2174.526139875, 1.003613725,
2174.546571633, 1.003812692,
2174.567003191, 1.003627283,
2174.587434849, 1.003452819,
2174.607866507, 1.003723103,
2174.628298164, 1.003629541,
2174.648729921, 1.003487902,
2174.669161478, 1.003617680,
2174.689593134, 1.003653714,
2174.730456447, 1.004039098,
2174.750888103, 1.003704557,
2174.771319858, 1.004102193,
2174.791751414, 1.004048834,
2174.812183069, 1.003821559,
2174.832614824, 1.003809651,
2174.853046379, 1.003687446,
2174.873478133, 1.004068560,
2174.893909787, 1.003858659,
2174.914341441, 1.003112171,
2174.955204748, 1.003720484,
2174.975636401, 1.003707786,
2174.996068054, 1.003651995,
2175.016499707, 1.003853182,
2175.036931359, 1.003926978,
2175.057363111, 1.003538817,
2175.077794663, 1.003853273,
2175.098226315, 1.003980163,
2175.118658067, 1.003846548,
2175.139089618, 1.004083031,
2175.159521269, 1.003994972,
2175.200384570, 1.003762722,
2175.220816220, 1.003863779,
2175.241247970, 1.004124318,
2175.261679520, 1.004115475,
2175.302542919, 1.004190950,
2175.322974468, 1.004026091,
2175.343406217, 1.004247403,
2175.363837766, 1.004256653,
2175.384269414, 1.004090086,
2175.404701162, 1.004051407,
2175.465996105, 1.004046416,
2175.486427752, 1.004270301,
2175.506859299, 1.003958061,
2175.527291046, 1.004174916,
2175.547722692, 1.004067548,
2175.568154238, 1.003970652,
2175.588585984, 1.004017316,
2175.609017630, 1.003990272,
2175.629449176, 1.004186242,
2175.649880921, 1.004014227,
2175.670312566, 1.003811711,
2175.690744311, 1.004080441,
2175.711175855, 1.004202172,
2175.731607499, 1.004326807,
2175.752039244, 1.003883572,
2175.772470787, 1.004076428,
2175.792902431, 1.004340838,
2175.813334174, 1.004028202,
2175.833765718, 1.004051120,
2175.854197361, 1.004383160,
2175.874629103, 1.004195196,
2175.895060746, 1.004463629,
2175.915492288, 1.004554624,
2175.935924030, 1.004358162,
2175.956355672, 1.004306959,
2175.976787213, 1.004205137,
2175.997218955, 1.004351977,
2176.017650496, 1.004706509,
2176.038082137, 1.005027539,
2176.058513877, 1.004482333,
2176.078945518, 1.004429362,
2176.099377158, 1.004510684,
2176.119808798, 1.004395663,
2176.140240338, 1.004785681,
2176.181103716, 1.004329599,
2176.201535255, 1.004226361,
2176.221966994, 1.004617819,
2176.242398633, 1.004521103,
2176.262830171, 1.004478915,
2176.283261909, 1.004622747,
2176.303693547, 1.004449391,
2176.324125185, 1.004493927,
2176.344556822, 1.004535324,
2176.364988459, 1.004616676,
2176.385420096, 1.004683271,
2176.426283370, 1.004300372,
2176.446715006, 1.004717044,
2176.467146742, 1.004611906,
2176.487578278, 1.004503155,
2176.508010013, 1.004856063,
2176.528441649, 1.004415185,
2176.548873184, 1.004661838,
2176.569304919, 1.005092405,
2176.589736554, 1.004949110,
2176.610168088, 1.004287252,
2176.630599822, 1.004414721,
2176.671462990, 1.004750810,
2176.691894724, 1.004758110,
2176.732757891, 1.004884621,
2176.753189624, 1.004751754,
2176.773621156, 1.004563659,
2176.794052789, 1.005040192,
2176.814484521, 1.004672967,
2176.834916153, 1.004467139,
2176.855347685, 1.004633712,
2176.875779416, 1.004653261,
2176.896211048, 1.004582827,
2176.916642679, 1.004313638,
2176.937074310, 1.004200206,
2176.957505941, 1.004559652,
2176.977937671, 1.004642881,
2176.998369202, 1.004291441,
2177.018800832, 1.004978642,
2177.039232561, 1.004856806,
2177.059664091, 1.004554263,
2177.080095721, 1.004854504,
2177.161822336, 1.004902006,
2177.182253864, 1.004706394,
2177.202685493, 1.004838456,
2177.223117220, 1.004986970,
2177.243548748, 1.004840470,
2177.263980376, 1.004815106,
2177.284412103, 1.005024108,
2177.304843730, 1.004747165,
2177.325275357, 1.004994478,
2177.345706983, 1.004727985,
2177.366138610, 1.004613183,
2177.407001862, 1.004729900,
2177.427433488, 1.004693355,
2177.447865213, 1.005033158,
2177.468296739, 1.004541297,
2177.488728364, 1.004856832,
2177.550023138, 1.005367118,
2177.570454862, 1.004853893,
2177.590886486, 1.004802357,
2177.611318010, 1.004793205,
2177.652181357, 1.005182788,
2177.672612980, 1.005301694,
2177.693044603, 1.005144468,
2177.713476226, 1.005215123,
2177.733907949, 1.004848704,
2177.774771093, 1.005202150,
2177.795202815, 1.005045554,
2177.815634437, 1.005025845,
2177.836065959, 1.004894926,
2177.856497680, 1.005251431,
2177.897360822, 1.005301302,
2177.917792543, 1.005168680,
2177.938224163, 1.005451631,
2177.958655683, 1.005229087,
2177.979087404, 1.005269355,
2177.999519023, 1.005297111,
2178.019950543, 1.005222899,
2178.040382262, 1.005244461,
2178.060813882, 1.005418551,
2178.081245401, 1.005245185,
2178.101677120, 1.005409481,
2178.122108738, 1.005299039,
2178.142540357, 1.006034551,
2178.162971975, 1.005380603,
2178.183403593, 1.005396358,
2178.203835211, 1.005351410,
2178.224266828, 1.005072049,
2178.244698446, 1.005327411,
2178.265130063, 1.005232788,
2178.285561680, 1.005351491,
2178.305993297, 1.005437842,
2178.326424913, 1.005221087,
2178.346856530, 1.005460534,
2178.367288146, 1.005314231,
2178.408151378, 1.005230454,
2178.428582993, 1.005310246,
2178.449014709, 1.005388957,
2178.469446224, 1.005485541,
2178.489877839, 1.005727073,
2178.510309554, 1.005325920,
2178.530741068, 1.005432632,
2178.551172783, 1.005842452,
2178.571604397, 1.005423613,
2178.632899238, 1.005476351,
2178.653330852, 1.005253989,
2178.673762465, 1.005410938,
2178.694194078, 1.005479506,
2178.714625691, 1.005361617,
2178.735057303, 1.005668604,
2178.755488916, 1.005525035,
2178.775920528, 1.005607693,
2178.796352240, 1.005742925,
2178.837215363, 1.005427428,
2178.857647075, 1.005844802,
2178.878078586, 1.005513389,
2178.898510297, 1.005644086,
2178.918941808, 1.005491398,
2178.939373419, 1.005436667,
2178.959805129, 1.005506198,
2178.980236639, 1.005825820,
2179.000668249, 1.005518080,
2179.021099959, 1.005728049,
2179.041531469, 1.005818359,
2179.061963078, 1.005607974,
2179.123257906, 1.005976028,
2179.143689614, 1.005716206,
2179.184552731, 1.005784863,
2179.204984439, 1.005547492,
2179.225416047, 1.005752180,
2179.245847555, 1.005778080,
2179.266279262, 1.005777107,
2179.286710870, 1.005758911,
2179.307142577, 1.005664767,
2179.327574084, 1.005777505,
2179.368437397, 1.005815982,
2179.388868904, 1.005925918,
2179.429732216, 1.005603490,
2179.450163722, 1.005820260,
2179.470595327, 1.005946914,
2179.491027033, 1.005836654,
2179.511458538, 1.005711249,
2179.531890143, 1.005697159,
2179.552321848, 1.005803757,
2179.572753353, 1.005668574,
2179.593184958, 1.006496009,
2179.634048166, 1.005785846,
2179.654479870, 1.005886200,
2179.674911474, 1.005978415,
2179.695342977, 1.005948350,
2179.715774681, 1.005946643,
2179.736206284, 1.005805841,
2179.756637787, 1.006063842,
2179.777069490, 1.005638551,
2179.797501093, 1.006295158,
2179.817932595, 1.006264262,
2179.838364297, 1.006108519,
2179.858795900, 1.006178977,
2179.879227401, 1.005997350,
2179.899659103, 1.006077148,
2179.920090705, 1.006328059,
2179.940522206, 1.006219043,
2179.960953907, 1.006203968,
2179.981385508, 1.006193260,
2180.001817209, 1.006161731,
2180.022248710, 1.006412947,
2180.042680310, 1.005975608,
2180.063112011, 1.006199847,
2180.103975111, 1.006013394,
2180.124406810, 1.006416186,
2180.144838410, 1.005754495,
2180.165269909, 1.005853165,
2180.185701609, 1.005983188,
2180.206133208, 1.006098999,
2180.226564707, 1.006144359,
2180.246996405, 1.006176477,
2180.267428004, 1.006232836,
2180.308291200, 1.006578007,
2180.349154296, 1.006219394,
2180.369585993, 1.006150685,
2180.390017491, 1.005976990,
2180.410449188, 1.005995861,
2180.430880785, 1.005710077,
2180.471743979, 1.006054376,
2180.492175575, 1.006222673,
2180.512607172, 1.006027499,
2180.533038768, 1.006142700,
2180.553470364, 1.006401417,
2180.573901960, 1.006093022,
2180.614765151, 1.006175822,
2180.635196746, 1.006268290,
2180.655628441, 1.006255234,
2180.676059937, 1.005907472,
2180.696491531, 1.006257338,
2180.716923226, 1.006190401,
2180.737354720, 1.006166208,
2180.757786415, 1.006225344,
2180.778218009, 1.006371094,
2180.798649503, 1.006297952,
2180.819081196, 1.006102123,
2180.839512790, 1.006207050,
2180.859944284, 1.006204289,
2180.880375977, 1.006169625,
2180.900807570, 1.006295650,
2180.921239063, 1.006031375,
2180.941670756, 1.006274934,
2180.962102348, 1.006226562,
2180.982533940, 1.006284329,
2181.002965533, 1.006366058,
2181.023397125, 1.006253530,
2181.043828717, 1.006277470,
2181.064260308, 1.006295562,
2181.084691900, 1.006457981,
2181.105123491, 1.006283070,
2181.125555083, 1.006229944,
2181.145986674, 1.006091275,
2181.166418265, 1.006148395,
2181.186849855, 1.006440173,
2181.207281446, 1.006248112,
2181.227713136, 1.006630623,
2181.248144626, 1.006508607,
2181.268576217, 1.006123236,
2181.289007906, 1.006076554,
2181.329870986, 1.006420083,
2181.350302675, 1.006315516,
2181.370734164, 1.006199531,
2181.391165753, 1.006441811,
2181.411597442, 1.006499122,
2181.432028931, 1.006349989,
2181.452460520, 1.006124015,
2181.472892208, 1.006648646,
2181.493323796, 1.006455263,
2181.513755384, 1.006350329,
2181.534186972, 1.006411452,
2181.554618560, 1.006439065,
2181.575050148, 1.006455411,
2181.595481735, 1.006570056,
2181.615913322, 1.006476052,
2181.636344909, 1.006476557,
2181.656776496, 1.006511529,
2181.677208083, 1.006549003,
2181.697639770, 1.006688908,
2181.718071256, 1.006473769,
2181.738502842, 1.006649216,
2181.758934429, 1.006323693,
2181.820229186, 1.006602730,
2181.840660772, 1.006720391,
2181.861092457, 1.006802847,
2181.881523942, 1.006615621,
2181.901955527, 1.006814291,
2181.922387212, 1.007061727,
2181.942818697, 1.006719870,
2181.963250281, 1.006731748,
2181.983681966, 1.006736449,
2182.024545034, 1.006612896,
2182.044976718, 1.006947928,
2182.065408302, 1.007021458,
2182.085839785, 1.006983972,
2182.106271469, 1.007003970,
2182.126703052, 1.006917544,
2182.147134535, 1.006761007,
2182.167566218, 1.006966490,
2182.187997801, 1.006857245,
2182.208429484, 1.006980206,
2182.228860966, 1.006912601,
2182.249292549, 1.006762887,
2182.269724231, 1.006846961,
2182.290155713, 1.007096022,
2182.310587295, 1.006941140,
2182.331018977, 1.006848041,
2182.351450458, 1.006877336,
2182.371882040, 1.006962107,
2182.392313721, 1.006819955,
2182.412745202, 1.006984632,
2182.433176783, 1.007169910,
2182.453608364, 1.006989876,
2182.474039945, 1.007012104,
2182.494471525, 1.006973379,
2182.514903206, 1.007031699,
2182.535334686, 1.006893438,
2182.555766366, 1.006770386,
2182.576197946, 1.006992722,
2182.596629426, 1.006872271,
2182.617061106, 1.007255917,
2182.637492685, 1.006917254,
2182.657924164, 1.006319122,
2182.698787423, 1.007177079,
2182.719218902, 1.007145793,
2182.739650580, 1.007087832,
2182.800945316, 1.007077103,
2182.821376894, 1.007107315,
2182.841808372, 1.007178310,
2182.862240050, 1.006887738,
2182.882671628, 1.007221954,
2182.903103305, 1.007226905,
2182.923534783, 1.007199218,
2182.943966360, 1.007217398,
2182.964398037, 1.007130104,
2182.984829514, 1.008268501,
2183.005261091, 1.007173457,
2183.025692768, 1.007054886,
2183.046124344, 1.007191851,
2183.066555821, 1.007315641,
2183.086987497, 1.007385231,
2183.107419073, 1.007188428,
2183.127850549, 1.007286014,
2183.148282225, 1.007291200,
2183.168713701, 1.007569601,
2183.189145276, 1.007339955,
2183.209576952, 1.007377683,
2183.230008427, 1.007153165,
2183.250440102, 1.007358163,
2183.291303152, 1.007315955,
2183.332166402, 1.007225753,
2183.352597876, 1.007284002,
2183.373029550, 1.007368467,
2183.393461125, 1.007616950,
2183.413892699, 1.007524583,
2183.434324272, 1.007685301,
2183.454755846, 1.007458875,
2183.475187420, 1.007294441,
2183.495618993, 1.007462600,
2183.536482140, 1.007546200,
2183.556913813, 1.007753239,
2183.577345286, 1.007104830,
2183.597776959, 1.007588760,
2183.618208531, 1.007801493,
2183.638640004, 1.007812122,
2183.659071676, 1.007290860,
2183.699934721, 1.008002389,
2183.720366393, 1.007632835,
2183.740797965, 1.007825022,
2183.781661108, 1.007522954,
2183.802092679, 1.007613920,
2183.822524151, 1.007630809,
2183.863387393, 1.007439837,
2183.883818964, 1.007554950,
2183.904250534, 1.007956199,
2183.924682105, 1.007580476,
2183.945113676, 1.007834249,
2183.965545246, 1.007903532,
2183.985976816, 1.007496822,
2184.026839956, 1.007779072,
2184.047271526, 1.007769951,
2184.067703196, 1.007895572,
2184.088134666, 1.007760589,
2184.108566235, 1.007907618,
2184.149429374, 1.007723630,
2184.169860943, 1.007678857,
2184.190292612, 1.007646386,
2184.210724080, 1.007932318,
2184.231155649, 1.008121087,
2184.272018786, 1.007640539,
2184.292450454, 1.007448500,
2184.312882023, 1.007653755,
2184.333313491, 1.007556780,
2184.353745159, 1.007733942,
2184.374176726, 1.007648495,
2184.394608294, 1.008064964,
2184.415039862, 1.007531179,
2184.435471429, 1.007694291,
2184.455902996, 1.007863033,
2184.476334564, 1.007680617,
2184.496766131, 1.007833621,
2184.517197697, 1.007699188,
2184.537629364, 1.007934009,
2184.558060831, 1.007644993,
2184.578492398, 1.007655339,
2184.598924064, 1.007982527,
2184.619355530, 1.007714153,
2184.639787196, 1.008026016,
2184.660218662, 1.007888416,
2184.680650228, 1.008484332,
2184.701081894, 1.007982274,
2184.721513360, 1.008020233,
2184.741944925, 1.008344626,
2184.762376591, 1.008465139,
2184.782808056, 1.008451214,
2184.803239621, 1.008222954,
2184.823671286, 1.008167383,
2184.844102751, 1.008826147,
2184.864534316, 1.008382385,
2184.884965981, 1.008351420,
2184.905397545, 1.007756587,
2184.925829010, 1.007770586,
2184.946260674, 1.007828194,
2185.007555367, 1.008177747,
2185.027986931, 1.008040935,
2185.048418594, 1.008087239,
2185.068850058, 1.007827663,
2185.089281621, 1.007991479,
2185.109713285, 1.008004994,
2185.130144748, 1.008248458,
2185.150576311, 1.008339207,
2185.171007975, 1.008235871,
2185.191439437, 1.008033223,
2185.211871000, 1.008201724,
2185.273165688, 1.008209617,
2185.293597350, 1.008183371,
2185.314028813, 1.008307789,
2185.334460475, 1.008267932,
2185.354891937, 1.008245423,
2185.375323599, 1.008538991,
2185.395755160, 1.008232129,
2185.416186722, 1.008303705,
2185.436618184, 1.008708947,
2185.497912868, 1.007712279,
2185.518344529, 1.007980422,
2185.559207551, 1.007862325,
2185.579639212, 1.007876112,
2185.600070772, 1.008343115,
2185.620502433, 1.008505316,
2185.640933893, 1.008611560,
2185.661365454, 1.008759714,
2185.681797114, 1.008721331,
2185.702228574, 1.008730397,
2185.722660134, 1.008756833,
2185.743091794, 1.008692865,
2185.763523254, 1.008670783,
2185.783954813, 1.008762635,
2185.824817932, 1.008647499,
2185.845249492, 1.008658524,
2185.865681151, 1.009157085,
2185.886112710, 1.008801847,
2185.906544169, 1.008768288,
2185.926975828, 1.008808059,
2185.947407387, 1.009048214,
2185.967838946, 1.008831723,
2186.008702063, 1.008803479,
2186.029133621, 1.009026950,
2186.049565179, 1.008908844,
2186.069996638, 1.008781293,
2186.090428296, 1.008739177,
2186.110859854, 1.009159787,
2186.131291311, 1.008869510,
2186.151722969, 1.009006214,
2186.172154527, 1.009146465,
2186.192585985, 1.008963162,
2186.213017642, 1.008993684,
2186.233449199, 1.008554301,
2186.253880757, 1.008922691,
2186.274312314, 1.009043113,
2186.294743871, 1.008985434,
2186.315175528, 1.009195609,
2186.335606985, 1.009032455,
2186.356038541, 1.009096822,
2186.376470198, 1.008852631,
2186.396901654, 1.009156760,
2186.417333211, 1.009092819,
2186.437764867, 1.009015761,
2186.458196424, 1.008841958,
2186.478627880, 1.008829851,
2186.499059536, 1.008868204,
2186.560354203, 1.008814403,
2186.580785759, 1.009018944,
2186.601217414, 1.008965934,
2186.621648870, 1.008839960,
2186.642080425, 1.008898429,
2186.662512080, 1.008923942,
2186.682943536, 1.008993931,
2186.723806646, 1.009101002,
2186.744238201, 1.009241297,
2186.764669755, 1.008898915,
2186.785101310, 1.009903791,
2186.805532865, 1.009170614,
2186.825964419, 1.008776104,
2186.846395973, 1.009008432,
2186.866827528, 1.008901249,
2186.887259082, 1.009025909,
2186.907690636, 1.008821340,
2186.928122190, 1.009146887,
2186.948553844, 1.009069951,
2186.968985398, 1.009185078,
2186.989416852, 1.009066831,
2187.009848505, 1.008874816,
2187.030280059, 1.008883863,
2187.050711512, 1.009007168,
2187.071143166, 1.008801466,
2187.091574719, 1.009041204,
2187.112006172, 1.008892276,
2187.132437825, 1.009126899,
2187.152869378, 1.008983938,
2187.173300831, 1.008739459,
2187.214164037, 1.009158996,
2187.234595489, 1.009102645,
2187.255027142, 1.008883883,
2187.275458694, 1.008926035,
2187.295890347, 1.009109336,
2187.316321799, 1.008793240,
2187.336753351, 1.009102151,
2187.357185003, 1.009198629,
2187.377616455, 1.008552494,
2187.398048007, 1.008758423,
2187.418479659, 1.008734059,
2187.438911111, 1.008959086,
2187.479774314, 1.008518088,
2187.500205766, 1.009182339,
2187.541068968, 1.009029594,
2187.561500420, 1.008894298,
2187.581932071, 1.008786448,
2187.622795073, 1.008860099,
2187.643226724, 1.008961671,
2187.663658274, 1.008680767,
2187.684089725, 1.008978146,
2187.704521376, 1.008970391,
2187.724952926, 1.008935763,
2187.745384377, 1.009086879,
2187.765816027, 1.009040419,
2187.786247578, 1.009232175,
2187.806679128, 1.009011917,
2187.827110678, 1.009371157,
2187.847542228, 1.009065990,
2187.888405328, 1.009036735,
2187.908836878, 1.009167521,
2187.929268527, 1.009344120,
2187.949700077, 1.009026299,
2187.970131527, 1.009047753,
2187.990563176, 1.008986904,
2188.010994726, 1.008979137,
2188.031426175, 1.008921709,
2188.051857824, 1.009216670,
2188.072289373, 1.009248152,
2188.092720823, 1.009255223,
2188.133584020, 1.009314417,
2188.154015469, 1.009207337,
2188.174447118, 1.009511061,
2188.194878567, 1.009023365,
2188.215310215, 1.009349157,
2188.235741764, 1.009300915,
2188.256173213, 1.009243806,
2188.276604861, 1.009543982,
2188.297036409, 1.009426463,
2188.337899506, 1.009544710,
2188.358331054, 1.009574308,
2188.378762602, 1.009200645,
2188.399194150, 1.009270647,
2188.419625698, 1.009413719,
2188.440057245, 1.009231403,
2188.460488893, 1.009278215,
2188.480920341, 1.009307740,
2188.501351988, 1.009386607,
2188.521783536, 1.009482797,
2188.542214983, 1.009394221,
2188.562646631, 1.009515198,
2188.583078178, 1.009462116,
2188.603509625, 1.009407082,
2188.623941272, 1.009486009,
2188.644372819, 1.009389381,
2188.664804266, 1.009322329,
2188.685235913, 1.009564708,
2188.705667460, 1.009541589,
2188.726098907, 1.009625178,
2188.746530554, 1.009626673,
2188.766962100, 1.009530624,
2188.787393747, 1.009461251,
2188.807825194, 1.009666084,
2188.828256740, 1.009410559,
2188.848688286, 1.009653865,
2188.869119833, 1.009353638,
2188.889551379, 1.009851458,
2188.909982925, 1.009752486,
2188.930414471, 1.009882186,
2188.971277663, 1.009480007,
2188.991709109, 1.009767413,
2189.012140655, 1.009772454,
2189.032572301, 1.009723573,
2189.053003746, 1.009680522,
2189.093866938, 1.009817538,
2189.114298383, 1.009751354,
2189.196024664, 1.009862738,
2189.216456210, 1.009883361,
2189.236887655, 1.010000019,
2189.257319300, 1.009932450,
2189.277750845, 1.009776989,
2189.298182390, 1.010042931,
2189.318613935, 1.009821657,
2189.339045479, 1.010086591,
2189.359477024, 1.009842582,
2189.379908569, 1.009925738,
2189.400340113, 1.009966616,
2189.420771758, 1.009952564,
2189.441203302, 1.009936606,
2189.461634747, 1.010382973,
2189.482066391, 1.009914019,
2189.502497936, 1.009973519,
2189.522929380, 1.010030712,
2189.543361024, 1.010163701,
2189.563792568, 1.010338627,
2189.584224012, 1.010128778,
2189.604655656, 1.010076509,
2189.625087100, 1.010307092,
2189.645518644, 1.010222260,
2189.665950288, 1.010171754,
2189.686381732, 1.009741164,
2189.706813375, 1.010007496,
2189.727244919, 1.010240139,
2189.747676363, 1.010167622,
2189.768108006, 1.010301204,
2189.788539550, 1.010502391,
2189.808971093, 1.010209712,
2189.829402637, 1.010487456,
2189.849834180, 1.010344320,
2189.870265723, 1.010353282,
2189.890697266, 1.010102900,
2189.911128810, 1.010333625,
2189.931560353, 1.010464613,
2189.951991996, 1.010711887,
2189.972423439, 1.010564897,
2189.992855082, 1.010464085,
2190.013286625, 1.010595141,
2190.033718067, 1.010359279,
2190.054149710, 1.010454475,
2190.074581253, 1.010497816,
2190.095012696, 1.010497966,
2190.115444338, 1.010687203,
2190.135875881, 1.010587559,
2190.156307323, 1.010418060,
2190.176738966, 1.010705233,
2190.197170508, 1.010494862,
2190.217601951, 1.010654929,
2190.238033593, 1.010507833,
2190.258465035, 1.010764109,
2190.278896677, 1.010623656,
2190.299328220, 1.010588974,
2190.319759662, 1.010518077,
2190.340191304, 1.010804557,
2190.360622846, 1.010629484,
2190.381054388, 1.010844136,
2190.401485930, 1.010459978,
2190.421917472, 1.010523017,
2190.442349013, 1.010310667,
2190.462780555, 1.010792312,
2190.483212097, 1.010725776,
2190.503643639, 1.010745635,
2190.524075280, 1.010707004,
2190.544506722, 1.010742117,
2190.564938363, 1.010680598,
2190.585369905, 1.010581830,
2190.605801346, 1.011184523,
2190.646664529, 1.010369913,
2190.667095970, 1.010716277,
2190.687527612, 1.010720036,
2190.707959153, 1.010873864,
2190.728390594, 1.010718230,
2190.748822235, 1.010758500,
2190.769253776, 1.010764341,
2190.789685317, 1.010832423,
2190.810116858, 1.010505660,
2190.830548399, 1.010768389,
2190.871411481, 1.010891105,
2190.891843022, 1.010763010,
2190.912274663, 1.010973428,
2190.953137644, 1.010892599,
2190.973569285, 1.010919909,
2190.994000726, 1.010804530,
2191.014432266, 1.011134219,
2191.034863907, 1.011149130,
2191.055295347, 1.010942577,
2191.075726888, 1.011300426,
2191.096158528, 1.010909972,
2191.137021609, 1.010873836,
2191.157453149, 1.010958578,
2191.177884589, 1.011014696,
2191.198316230, 1.011068485,
2191.239179210, 1.011127034,
2191.259610850, 1.011111981,
2191.280042390, 1.011236585,
2191.300473830, 1.011064066,
2191.320905470, 1.011194811,
2191.341337010, 1.010990471,
2191.361768550, 1.011059638,
2191.382200090, 1.011204465,
2191.402631630, 1.010960581,
2191.423063270, 1.011088060,
2191.443494810, 1.011186732,
2191.463926249, 1.011117855,
2191.484357889, 1.011412772,
2191.504789429, 1.011164888,
2191.525220869, 1.011233184,
2191.545652508, 1.011311261,
2191.566084048, 1.011205557,
2191.586515487, 1.011160328,
2191.627378566, 1.011291785,
2191.647810106, 1.011266228,
2191.688673285, 1.011255184,
2191.709104824, 1.011237353,
2191.749967803, 1.011091228,
2191.790830981, 1.011205932,
2191.811262420, 1.011338961,
2191.831694060, 1.011458632,
2191.872557138, 1.011060838,
2191.892988677, 1.011336906,
2191.913420216, 1.011635309,
2191.933851855, 1.011795469,
2191.954283294, 1.011532777,
2191.974714833, 1.011450506,
2191.995146472, 1.011474750,
2192.015578011, 1.011139457,
2192.036009450, 1.011147159,
2192.056441089, 1.011640228,
2192.076872628, 1.011519060,
2192.117735705, 1.011618826,
2192.138167244, 1.011558881,
2192.158598683, 1.011749628,
2192.179030322, 1.011809374,
2192.199461860, 1.011625951,
2192.219893499, 1.011470294,
2192.240324938, 1.011806156,
2192.260756476, 1.011467337,
2192.281188115, 1.011512717,
2192.301619553, 1.011464056,
2192.342482730, 1.011556492,
2192.362914169, 1.011670707,
2192.383345708, 1.011775579,
2192.403777246, 1.011699727,
2192.444640323, 1.011760848,
2192.465071861, 1.011936677,
2192.485503400, 1.011712332,
2192.505935038, 1.012042361,
2192.526366576, 1.011503398,
2192.546798015, 1.011866390,
2192.567229653, 1.011705292,
2192.608092630, 1.011911786,
2192.628524268, 1.011637702,
2192.648955806, 1.011738972,
2192.669387244, 1.011680228,
2192.689818882, 1.011387909,
2192.710250421, 1.011710485,
2192.730682059, 1.011740558,
2192.751113497, 1.011863928,
2192.771545035, 1.012008662,
2192.791976673, 1.012187354,
2192.812408111, 1.011862421,
2192.853271287, 1.012262946,
2192.873702725, 1.012301669,
2192.894134263, 1.012348740,
2192.914565901, 1.011792781,
2192.934997339, 1.011825948,
2192.955428877, 1.012231786,
2192.996291953, 1.012058571,
2193.016723591, 1.012056327,
2193.037155129, 1.012032863,
2193.057586667, 1.012080967,
2193.098449743, 1.011959438,
2193.118881180, 1.011793407,
2193.139312818, 1.012103914,
2193.159744356, 1.012032725,
2193.180175794, 1.012351742,
2193.200607432, 1.011901679,
2193.221038970, 1.012184301,
2193.241470607, 1.012161367,
2193.261902045, 1.012235185,
2193.282333583, 1.012092149,
2193.302765221, 1.012037298,
2193.343628196, 1.012167934,
2193.364059834, 1.012113959,
2193.384491272, 1.012228181,
2193.404922809, 1.012351754,
2193.425354447, 1.012381134,
2193.445785885, 1.012188143,
2193.466217422, 1.012108583,
2193.486649060, 1.012397721,
2193.507080598, 1.012194498,
2193.527512135, 1.012232547,
2193.547943673, 1.012310817,
2193.588806748, 1.012264394,
2193.609238286, 1.012198753,
2193.629669824, 1.012270562,
2193.650101461, 1.012233049,
2193.670532899, 1.013486007,
2193.690964436, 1.012509585,
2193.711396074, 1.012359653,
2193.731827512, 1.012500885,
2193.752259049, 1.012138784,
2193.772690587, 1.012389843,
2193.793122124, 1.012383213,
2193.833985200, 1.012141804,
2193.854416737, 1.012293668,
2193.874848375, 1.012529276,
2193.915711350, 1.012879320,
2193.936142988, 1.012688548,
2193.956574425, 1.012061707,
2193.977005963, 1.012169096,
2193.997437600, 1.012712388,
2194.017869038, 1.012462839,
2194.038300675, 1.012732654,
2194.079163750, 1.012500775,
2194.099595288, 1.012430838,
2194.120026826, 1.012578033,
2194.140458363, 1.012491762,
2194.160890001, 1.012496880,
2194.181321438, 1.012612136,
2194.201752976, 1.012556495,
2194.222184613, 1.012848335,
2194.242616051, 1.012561191,
2194.263047589, 1.012421931,
2194.283479226, 1.012825825,
2194.303910664, 1.012770689,
2194.324342301, 1.012494172,
2194.365205277, 1.013287498,
2194.385636914, 1.012461519,
2194.426499889, 1.012490151,
2194.446931527, 1.012791571,
2194.467362965, 1.012636326,
2194.487794502, 1.012191947,
2194.508226140, 1.012418463,
2194.528657677, 1.012542687,
2194.569520753, 1.012857608,
2194.589952290, 1.012576576,
2194.610383828, 1.012713207,
2194.630815366, 1.012647533,
2194.651246903, 1.012668178,
2194.671678541, 1.013067648,
2194.692109979, 1.012647303,
2194.712541516, 1.012739267,
2194.732973154, 1.012756369,
2194.753404592, 1.012673570,
2194.773836230, 1.012630951,
2194.814699205, 1.012753653,
2194.835130843, 1.012593364,
2194.855562381, 1.012750905,
2194.875993818, 1.012898547,
2194.896425456, 1.012628651,
2194.916856994, 1.012938068,
2194.937288432, 1.012711465,
2194.957720070, 1.012896769,
2194.978151608, 1.012758334,
2194.998583145, 1.012757916,
2195.019014683, 1.012587565,
2195.080309297, 1.012927923,
2195.100740835, 1.012981822,
2195.121172373, 1.013279691,
2195.141603911, 1.013221718,
2195.162035449, 1.012890631,
2195.182466987, 1.013037410,
2195.202898525, 1.012888919,
2195.223330063, 1.013085579,
2195.243761700, 1.012933863,
2195.264193139, 1.013425007,
2195.284624777, 1.012831039,
2195.305056315, 1.013011914,
2195.325487753, 1.013132458,
2195.345919391, 1.012775751,
2195.366350929, 1.013107808,
2195.386782367, 1.013203985,
2195.407214005, 1.013079606,
2195.427645543, 1.013120230,
2195.448076982, 1.013255329,
2195.468508620, 1.013388854,
2195.488940158, 1.013362841,
2195.509371796, 1.013423932,
2195.550234773, 1.012807600,
2195.570666411, 1.013144019,
2195.611529388, 1.013200619,
2195.631961026, 1.013188079,
2195.652392464, 1.013255101,
2195.672824003, 1.013371632,
2195.693255641, 1.013255959,
2195.713687180, 1.013160868,
2195.734118718, 1.013403488,
2195.754550257, 1.013411710,
2195.836276311, 1.013448732,
2195.856707949, 1.013206212,
2195.877139488, 1.013204391,
2195.897570927, 1.013530744,
2195.918002565, 1.013561861,
2195.938434104, 1.013282372,
2195.958865743, 1.013356838,
2195.979297182, 1.013407457,
2195.999728720, 1.013839997,
2196.040591798, 1.013411458,
2196.061023337, 1.013358678,
2196.081454976, 1.013619885,
2196.101886415, 1.013485896,
2196.122317953, 1.013536370,
2196.142749592, 1.013468056,
2196.163181031, 1.013433861,
2196.183612570, 1.013594403,
2196.204044209, 1.013603715,
2196.224475749, 1.013614849,
2196.244907288, 1.013531044,
2196.285770366, 1.013622487,
2196.306201905, 1.013386227,
2196.326633444, 1.013647817,
2196.347064984, 1.013538823,
2196.367496623, 1.013454746,
2196.387928062, 1.013530960,
2196.408359602, 1.013691411,
2196.428791141, 1.013948571,
2196.449222680, 1.013858983,
2196.469654320, 1.013643153,
2196.490085759, 1.014066000,
2196.530948938, 1.013554437,
2196.551380378, 1.013792037,
2196.571811917, 1.013573473,
2196.592243557, 1.013694825,
2196.612674997, 1.013924996,
2196.633106536, 1.013850783,
2196.653538176, 1.013667030,
2196.673969616, 1.013775832,
2196.694401256, 1.013913388,
2196.714832795, 1.014116272,
2196.735264335, 1.014079887,
2196.796558955, 1.013983934,
2196.816990495, 1.013938264,
2196.837422035, 1.014142285,
2196.857853575, 1.013947608,
2196.878285215, 1.013637710,
2196.898716656, 1.013927004,
2196.919148296, 1.014261965,
2196.939579836, 1.014108271,
2196.960011276, 1.014086557,
2197.021305897, 1.013989631,
2197.041737538, 1.014031367,
2197.062169078, 1.013998706,
2197.082600519, 1.013903581,
2197.103032159, 1.013701842,
2197.123463700, 1.013898289,
2197.143895341, 1.014259375,
2197.164326781, 1.014239818,
2197.184758222, 1.014051716,
2197.205189863, 1.013889105,
2197.225621403, 1.013709910,
2197.266484485, 1.014448735,
2197.286916026, 1.014156559,
2197.307347567, 1.014265850,
2197.327779108, 1.014131777,
2197.348210649, 1.014333142,
2197.368642290, 1.014175350,
2197.389073831, 1.014221531,
2197.409505273, 1.014080788,
2197.429936914, 1.014089181,
2197.450368455, 1.014258734,
2197.470799896, 1.014091053,
2197.593389345, 1.014444793,
2197.613820787, 1.014109361,
2197.634252329, 1.014144725,
2197.654683971, 1.014588972,
2197.675115412, 1.014373427,
2197.695546954, 1.014315361,
2197.715978596, 1.014330695,
2197.756841580, 1.014310814,
2197.777273222, 1.014303927,
2197.797704664, 1.014786167,
2197.818136306, 1.014557685,
2197.838567748, 1.014714069,
2197.858999391, 1.014674483,
2197.879430933, 1.014572391,
2197.899862375, 1.014776514,
2197.920293918, 1.014471229,
2197.940725560, 1.014580831,
2197.961157102, 1.014565421,
2198.002020188, 1.014305534,
2198.022451730, 1.014888480,
2198.042883273, 1.014540134,
2198.083746358, 1.014486402,
2198.104178001, 1.014574435,
2198.124609444, 1.014572335,
2198.145040987, 1.014482683,
2198.165472630, 1.014704174,
2198.185904073, 1.014758467,
2198.206335616, 1.014553912,
2198.247198703, 1.014410468,
2198.267630346, 1.014481563,
2198.288061889, 1.014724505,
2198.308493333, 1.014754784,
2198.328924976, 1.014531951,
2198.349356520, 1.014674721,
2198.369788063, 1.014582684,
2198.390219607, 1.014931652,
2198.410651151, 1.014727949,
2198.431082694, 1.014658579,
2198.451514238, 1.014481724,
2198.512808870, 1.014657321,
2198.533240414, 1.014727726,
2198.553671958, 1.014512419,
2198.574103502, 1.014724213,
2198.594535046, 1.014750687,
2198.614966691, 1.014569270,
2198.635398135, 1.015052673,
2198.655829679, 1.014800980,
2198.676261324, 1.014683392,
2198.696692768, 1.014938183,
2198.737555958, 1.014785062,
2198.757987402, 1.014752446,
2198.778419047, 1.014716569,
2198.798850592, 1.014893085,
2198.819282037, 1.014913637,
2198.839713682, 1.015098079,
2198.860145227, 1.014837255,
2198.880576672, 1.014720308,
2198.901008317, 1.014852141,
2198.921439862, 1.014699691,
2198.941871507, 1.014842610,
2199.003166144, 1.014743854,
2199.023597689, 1.014804875,
2199.044029135, 1.014925978,
2199.064460780, 1.014941584,
2199.084892326, 1.014876830,
2199.105323872, 1.014815433,
2199.125755418, 1.014923151,
2199.146186964, 1.015012784,
2199.166618510, 1.014976534,
2199.187050056, 1.014865571,
2199.227913148, 1.014887994,
2199.248344694, 1.014909965,
2199.268776141, 1.015108067,
2199.289207787, 1.014830880,
2199.309639334, 1.014959461,
2199.330070980, 1.014878427,
2199.350502427, 1.015030818,
2199.370933973, 1.014847593,
2199.391365620, 1.015154197,
2199.411797067, 1.014720420,
2199.432228614, 1.015031152,
2199.452660261, 1.014995580,
2199.473091708, 1.014902421,
2199.493523255, 1.015242329,
2199.513954902, 1.014938981,
2199.534386350, 1.015107212,
2199.554817997, 1.014920286,
2199.575249544, 1.014976396,
2199.595681092, 1.015176076,
2199.616112639, 1.015022905,
2199.636544187, 1.015094429,
2199.656975735, 1.015090080,
2199.677407282, 1.015098473,
2199.718270378, 1.014904429,
2199.738702026, 1.015057759,
2199.759133474, 1.014980212,
2199.779565122, 1.015053547,
2199.799996671, 1.014970538,
2199.820428119, 1.014968676,
2199.840859767, 1.014899659,
2199.861291216, 1.015199466,
2199.881722764, 1.015095384,
2199.902154413, 1.015174261,
2199.922585862, 1.015105538,
2199.963449059, 1.015309637,
2199.983880508, 1.015161393,
2200.004312157, 1.015130998,
2200.024743706, 1.015133483,
2200.045175155, 1.014803712,
2200.065606805, 1.015429543,
2200.086038354, 1.015108473,
2200.106469903, 1.015076401,
2200.126901453, 1.014868848,
2200.147333002, 1.014963999,
2200.167764652, 1.015097386,
2200.208627652, 1.014946298,
2200.229059301, 1.015127025,
2200.249490851, 1.015168983,
2200.290353952, 1.015222293,
2200.310785502, 1.015287550,
2200.331216952, 1.015306860,
2200.351648603, 1.015077926,
2200.372080153, 1.015051839,
2200.392511804, 1.015152046,
2200.412943254, 1.015148194,
2200.453806456, 1.015013550,
2200.474237907, 1.015334369,
2200.494669458, 1.015163460,
2200.515101009, 1.015172560,
2200.535532560, 1.015293217,
2200.555964111, 1.015328023,
2200.576395662, 1.015004120,
2200.596827214, 1.015061876,
2200.617258865, 1.015381167,
2200.637690317, 1.015165063,
2200.658121868, 1.015290039,
2200.698984972, 1.015188937,
2200.719416524, 1.015458270,
2200.739848176, 1.015136158,
2200.760279628, 1.015173831,
2200.780711180, 1.015388273,
2200.801142833, 1.015045285,
2200.821574385, 1.015186211,
2200.842005937, 1.015034079,
2200.862437490, 1.014953542,
2200.882869043, 1.015118856,
2200.903300695, 1.015225760,
2200.944163701, 1.014979209,
2200.964595354, 1.015453481,
2200.985026807, 1.015270071,
2201.005458460, 1.015144307,
2201.025890014, 1.015305828,
2201.046321467, 1.015280986,
2201.066753120, 1.015195025,
2201.087184674, 1.015050745,
2201.107616128, 1.015213719,
2201.128047781, 1.015308452,
2201.148479335, 1.015229793,
2201.189342443, 1.015226279,
2201.209773997, 1.014979524,
2201.230205552, 1.015308654,
2201.250637106, 1.015570982,
2201.271068660, 1.015088492,
2201.291500215, 1.015372430,
2201.311931769, 1.015364112,
2201.352794879, 1.016666829,
2201.373226434, 1.015180311,
2201.393657989, 1.015323002,
2201.434521099, 1.014831083,
2201.454952754, 1.015140711,
2201.475384310, 1.015434944,
2201.495815765, 1.015362620,
2201.516247421, 1.015159691,
2201.536678976, 1.015240628,
2201.557110432, 1.015107830,
2201.577542088, 1.015498462,
2201.597973644, 1.015315550,
2201.618405100, 1.015169777,
2201.659268313, 1.015243779,
2201.700131425, 1.015477999,
2201.720562982, 1.015298606,
2201.740994639, 1.015309371,
2201.761426095, 1.015304117,
2201.781857652, 1.015207271,
2201.802289309, 1.015199788,
2201.822720766, 1.015588151,
2201.843152424, 1.015440440,
2201.863583981, 1.015126427,
2201.884015438, 1.015578923,
2201.924878553, 1.015203638,
2201.945310111, 1.015504240,
2201.965741769, 1.015373700,
2201.986173327, 1.015862426,
2202.006604785, 1.015441544,
2202.027036443, 1.015376358,
2202.047468001, 1.015256467,
2202.067899560, 1.015609347,
2202.088331118, 1.015615306,
2202.108762677, 1.015281309,
2202.129194335, 1.015402144,
2202.170057353, 1.015234756,
2202.190489012, 1.015715210,
2202.210920471, 1.015530781,
2202.231352030, 1.015507728,
2202.251783690, 1.015363392,
2202.272215149, 1.015672809,
2202.292646808, 1.015390574,
2202.313078368, 1.015320572,
2202.333509828, 1.015539254,
2202.353941488, 1.015451916,
2202.374373048, 1.015292031,
2202.415236168, 1.015435235,
2202.456099389, 1.015469817,
2202.476530849, 1.015569248,
2202.496962410, 1.015491271,
2202.537825531, 1.015185390,
2202.558257092, 1.015776791,
2202.578688654, 1.015402348,
2202.599120215, 1.015655234,
2202.619551776, 1.015739279,
2202.660414899, 1.015381638,
2202.680846561, 1.015502798,
2202.701278122, 1.015463995,
2202.721709584, 1.015725314,
2202.742141246, 1.015531078,
2202.783004271, 1.015404614,
2202.803435933, 1.015714611,
2202.823867495, 1.015444814,
2202.844298958, 1.015737161,
2202.864730621, 1.015595778,
2202.926025309, 1.015765128,
2202.946456873, 1.015594396,
2202.966888536, 1.015398861,
2202.987319999, 1.015657537,
2203.007751563, 1.015704578,
2203.028183226, 1.015773613,
2203.048614690, 1.015572461,
2203.069046354, 1.015609032,
2203.089477918, 1.015398576,
2203.109909482, 1.015465907,
2203.150772611, 1.015847523,
2203.171204175, 1.015670134,
2203.191635740, 1.015585745,
2203.212067305, 1.015642542,
2203.232498869, 1.015662553,
2203.252930434, 1.015591386,
2203.273361999, 1.015492916,
2203.293793665, 1.015450688,
2203.314225130, 1.015581416,
2203.334656695, 1.015597821,
2203.355088361, 1.015809560,
2203.395951392, 1.015612227,
2203.416383058, 1.015735457,
2203.436814524, 1.015806591,
2203.457246091, 1.015777322,
2203.477677757, 1.015526283,
2203.498109223, 1.015536202,
2203.518540890, 1.015621425,
2203.538972457, 1.015810768,
2203.559403924, 1.015592742,
2203.579835590, 1.015668006,
2203.600267158, 1.015769449,
2203.641130292, 1.015643832,
2203.661561859, 1.015740514,
2203.681993527, 1.015666153,
2203.722856563, 1.015771610,
2203.743288231, 1.015471132,
2203.763719799, 1.015931310,
2203.784151267, 1.015841428,
2203.804582935, 1.015581435,
2203.825014504, 1.015697945,
2203.845445972, 1.015514144,
2203.886309210, 1.015713448,
2203.906740779, 1.015781669,
2203.927172348, 1.015749078,
2203.947603817, 1.015747120,
2203.968035487, 1.015725512,
2203.988467056, 1.015876025,
2204.008898526, 1.015804341,
2204.029330196, 1.015631500,
2204.049761766, 1.015850483,
2204.070193236, 1.015393323,
2204.090624906, 1.015693114,
2204.131488147, 1.015557410,
2204.151919617, 1.015773834,
2204.172351188, 1.015864388,
2204.192782859, 1.015343524,
2204.213214330, 1.015728900,
2204.233645901, 1.015973751,
2204.254077572, 1.015487110,
2204.274509143, 1.015840582,
2204.294940715, 1.015470875,
2204.315372287, 1.015753583,
2204.335803858, 1.015683420,
2204.397098575, 1.015874592,
2204.417530147, 1.015738103,
2204.437961719, 1.015794871,
2204.458393292, 1.015535052,
2204.478824965, 1.015671451,
2204.499256438, 1.015556071,
2204.519688111, 1.015775837,
2204.540119584, 1.015808119,
2204.560551157, 1.015727197,
2204.580982831, 1.015783706,
2204.642277552, 1.015659527,
2204.662709026, 1.016033472,
2204.683140700, 1.015953666,
2204.703572274, 1.015543935,
2204.724003749, 1.015715508,
2204.744435423, 1.015468536,
2204.764866998, 1.015539466,
2204.785298473, 1.015573669,
2204.805730148, 1.015725697,
2204.826161723, 1.015757202,
2204.867024874, 1.015883698,
2204.887456449, 1.015941439,
2204.907888125, 1.015659336,
2204.928319701, 1.015887429,
2204.948751177, 1.015667126,
2204.969182853, 1.015852946,
2204.989614429, 1.015832134,
2205.010045906, 1.015688302,
2205.030477582, 1.015442010,
2205.050909159, 1.015846279,
2205.071340636, 1.015889763,
2205.112203890, 1.015821928,
2205.132635567, 1.015744185,
2205.153067045, 1.015492349,
2205.173498622, 1.015799218,
2205.193930200, 1.015611472,
2205.214361778, 1.015896510,
2205.234793356, 1.015960403,
2205.255224934, 1.016163452,
2205.275656513, 1.015947013,
2205.296088191, 1.015790033,
2205.316519670, 1.015881342,
2205.357382928, 1.015746108,
2205.377814407, 1.015714333,
2205.398245986, 1.015627936,
2205.418677665, 1.015560988,
2205.439109145, 1.015853811,
2205.459540725, 1.015715615,
2205.479972404, 1.015734888,
2205.500403984, 1.015599761,
2205.520835565, 1.016153156,
2205.541267145, 1.015729587,
2205.561698725, 1.015945415,
2205.602561887, 1.015640747,
2205.622993468, 1.015800597,
2205.643425149, 1.015639717,
2205.663856630, 1.015610295,
2205.684288211, 1.015235979,
2205.704719893, 1.015701758,
2205.725151374, 1.015773993,
2205.745583056, 1.015755620,
2205.786446120, 1.015727166,
2205.806877803, 1.015550522,
2205.847740868, 1.015702209,
2205.868172551, 1.015586862,
2205.888604133, 1.015600855,
2205.909035717, 1.015658194,
2205.929467300, 1.015734245,
2205.949898783, 1.015787779,
2205.970330467, 1.015717265,
2205.990762050, 1.015934627,
2206.011193634, 1.015565059,
2206.031625218, 1.016297349,
2206.052056803, 1.015616434,
2206.113351556, 1.015514097,
2206.133783241, 1.015706583,
2206.154214826, 1.015975472,
2206.174646311, 1.015785273,
2206.195077996, 1.015881964,
2206.215509582, 1.015633966,
2206.235941067, 1.015782864,
2206.256372753, 1.015619790,
2206.276804339, 1.015896613,
2206.297236025, 1.015736798,
2206.358530784, 1.015655477,
2206.378962271, 1.015808013,
2206.399393858, 1.015727921,
2206.419825545, 1.016159761,
2206.440257032, 1.015697388,
2206.460688620, 1.015731466,
2206.481120307, 1.015655711,
2206.501551795, 1.015828730,
2206.521983483, 1.016009472,
2206.542415071, 1.015548540,
2206.583278248, 1.015843851,
2206.603709736, 1.015694432,
2206.624141325, 1.015865016,
2206.644573014, 1.015778365,
2206.665004503, 1.015975406,
2206.685436092, 1.015741378,
2206.705867782, 1.015998685,
2206.726299371, 1.015869672,
2206.746730961, 1.016108523,
2206.767162551, 1.015723315,
2206.787594141, 1.015915918,
2206.828457322, 1.015713831,
2206.848888912, 1.015859744,
2206.869320603, 1.016034496,
2206.889752094, 1.015637074,
2206.910183785, 1.016033766,
2206.930615376, 1.015954515,
2206.951046868, 1.016394949,
2206.971478559, 1.015749512,
2207.012341643, 1.015911172,
2207.032773335, 1.015979593,
2207.073636420, 1.016047407,
2207.114499705, 1.015848894,
2207.134931398, 1.016091370,
2207.155362891, 1.015819235,
2207.175794485, 1.015930708,
2207.196226178, 1.015868035,
2207.216657672, 1.015959434,
2207.237089266, 1.015861124,
2207.257520860, 1.015951971,
2207.318815743, 1.015870133,
2207.339247238, 1.015866665,
2207.359678932, 1.015936126,
2207.380110527, 1.016002089,
2207.400542023, 1.016057382,
2207.420973718, 1.015864779,
2207.441405314, 1.015923538,
2207.461836810, 1.016182476,
2207.482268505, 1.015836795,
2207.502700102, 1.015932653,
2207.523131798, 1.016140625,
2207.563994891, 1.015972069,
2207.584426588, 1.016101916,
2207.604858085, 1.015807267,
2207.625289682, 1.016071124,
2207.645721379, 1.016068327,
2207.666152877, 1.015961562,
2207.686584475, 1.015943710,
2207.707016173, 1.015599622,
2207.727447671, 1.016235231,
2207.747879369, 1.016020219,
2207.768310968, 1.015782053,
2207.809174165, 1.016050474,
2207.829605764, 1.015907322,
2207.850037363, 1.015987634,
2207.870468963, 1.015920487,
2207.890900562, 1.015957101,
2207.911332162, 1.016113964,
2207.931763762, 1.016025644,
2207.952195362, 1.016163088,
2207.972626962, 1.016125854,
2207.993058563, 1.016071719,
2208.013490163, 1.015952944,
2208.074784966, 1.016105079,
2208.095216668, 1.016066662,
2208.115648169, 1.016057467,
2208.136079871, 1.016035770,
2208.156511473, 1.016100148,
2208.197374677, 1.016045382,
2208.217806280, 1.015764622,
2208.238237783, 1.016023963,
2208.258669486, 1.015963316,
2208.299532592, 1.016090881,
2208.319964295, 1.016026155,
2208.340395899, 1.015921364,
2208.360827603, 1.015960905,
2208.381259107, 1.016185986,
2208.401690711, 1.015890006,
2208.422122415, 1.015881831,
2208.442553920, 1.016062480,
2208.462985525, 1.015988342,
2208.483417230, 1.016041978,
2208.503848835, 1.016117449,
2208.544712046, 1.016315611,
2208.565143652, 1.016100668,
2208.585575258, 1.016199242,
2208.606006864, 1.015812346,
2208.626438370, 1.016070833,
2208.646870076, 1.016066606,
2208.667301683, 1.016160249,
2208.687733190, 1.016156119,
2208.708164897, 1.016040779,
2208.728596504, 1.016142976,
2208.789891327, 1.016431575,
2208.810323035, 1.016237008,
2208.830754544, 1.015794935,
2208.851186152, 1.015857884,
2208.871617861, 1.015955889,
2208.892049370, 1.015877491,
2208.912481079, 1.016005689,
2208.932912688, 1.016277833,
2208.953344197, 1.016136595,
2208.973775907, 1.016001116,
2208.994207517, 1.015893155,
2209.035070737, 1.016095053,
2209.055502347, 1.015841731,
2209.075933958, 1.016089463,
2209.096365569, 1.015995107,
2209.116797180, 1.015869149,
2209.137228891, 1.015956202,
2209.157660502, 1.016077612,
2209.178092014, 1.015938029,
2209.198523726, 1.016181510,
2209.218955338, 1.016182582,
2209.239386850, 1.016146793,
2209.280250075, 1.016085376,
2209.300681788, 1.016195202,
2209.321113401, 1.016089224,
2209.341544914, 1.016044005,
2209.361976627, 1.016064119,
2209.382408241, 1.016147885,
2209.402839755, 1.016103414,
2209.423271469, 1.016478411,
2209.443703083, 1.016391662,
2209.464134597, 1.016272685,
2209.484566312, 1.016283029,
2209.525429642, 1.016216019,
2209.545861157, 1.016138339,
2209.566292772, 1.016084069,
2209.586724488, 1.016080109,
2209.607156004, 1.016286115,
2209.648019336, 1.016664409,
2209.668450953, 1.016550911,
2209.709314186, 1.016158409,
2209.729745803, 1.016049295,
2209.770609038, 1.016124319,
2209.791040656, 1.016102731,
2209.811472374, 1.016264244,
2209.831903892, 1.016131471,
2209.852335510, 1.016274389,
2209.872767129, 1.016270870,
2209.893198747, 1.016249377,
2209.913630466, 1.015973282,
2209.934061985, 1.016203009,
2209.974925324, 1.016245385,
2210.015788464, 1.016026707,
2210.036220184, 1.016139849,
2210.056651705, 1.015960174,
2210.077083425, 1.016041630,
2210.097515046, 1.016086465,
2210.138378289, 1.016175859,
2210.158809910, 1.016174427,
2210.199673154, 1.016407882,
2210.220104776, 1.016317459,
2210.281399643, 1.015958153,
2210.301831366, 1.016078126,
2210.342694513, 1.016143729,
2210.363126237, 1.015997167,
2210.383557860, 1.016172279,
2210.403989384, 1.016248769,
2210.424421109, 1.016036453,
2210.444852733, 1.016440086,
2210.465284458, 1.016199008,
2210.485715983, 1.016601175,
2210.526579233, 1.016191428,
2210.547010859, 1.016507025,
2210.567442485, 1.016309146,
2210.587874210, 1.016377822,
2210.608305737, 1.016228251,
2210.628737363, 1.016268038,
2210.649168990, 1.016290229,
2210.669600617, 1.016208885,
2210.690032344, 1.016143019,
2210.710463871, 1.016313006,
2210.751327226, 1.015912708,
2210.771758754, 1.016341451,
2210.792190382, 1.016109519,
2210.812622111, 1.016177609,
2210.833053739, 1.015983726,
2210.853485368, 1.016199661,
2210.873916997, 1.016177128,
2210.894348627, 1.016238972,
2210.914780256, 1.016224356,
2210.935211886, 1.016245160,
2210.955643516, 1.016165525,
2210.996506776, 1.016362481,
2211.016938407, 1.016219133,
2211.078233400, 1.016373918,
2211.098665032, 1.016399649,
2211.119096563, 1.016152663,
2211.139528295, 1.016285687,
2211.159959928, 1.016174940,
2211.180391460, 1.016273337,
2211.200823193, 1.016192217,
2211.241686459, 1.016341094,
2211.262118092, 1.016336380,
2211.282549626, 1.016207351,
2211.302981359, 1.016063218,
2211.323412993, 1.016407301,
2211.343844528, 1.016253321,
2211.364276262, 1.016143634,
2211.384707897, 1.016304066,
2211.405139532, 1.016384115,
2211.425571167, 1.016136434,
2211.446002802, 1.016053185,
2211.486866073, 1.016028362,
2211.507297709, 1.015911942,
2211.527729445, 1.016067887,
2211.548161082, 1.016509643,
2211.568592618, 1.016348313,
2211.589024355, 1.016367351,
2211.609455993, 1.016097672,
2211.629887630, 1.016344341,
2211.650319268, 1.016291487,
2211.670750906, 1.016466407,
2211.691182644, 1.015973103,
2211.732045821, 1.016315903,
2211.752477560, 1.016284822,
2211.772909099, 1.019407847,
2211.793340738, 1.016286579,
2211.813772477, 1.016504681,
2211.834204017, 1.016417645,
2211.854635757, 1.016315501,
2211.875067397, 1.016256676,
2211.895498938, 1.016396115,
2211.915930679, 1.016424339,
2211.936362220, 1.016328395,
2211.977225602, 1.016178528,
2211.997657144, 1.016432240,
2212.018088886, 1.016233158,
2212.038520528, 1.016409857,
2212.058952170, 1.016628909,
2212.079383813, 1.016414810,
2212.099815455, 1.016156975,
2212.120247098, 1.016286337,
2212.140678742, 1.016383164,
2212.161110385, 1.016295094,
2212.181542029, 1.015710649,
2212.201973773, 1.016056688,
2212.222405317, 1.016297124,
2212.242837062, 1.016271184,
2212.263268706, 1.016271448,
2212.283700251, 1.016303142,
2212.304131997, 1.016314063,
2212.324563642, 1.016228205,
2212.344995188, 1.016294083,
2212.365426934, 1.015845196,
2212.385858580, 1.016130582,
2212.406290326, 1.016271504,
2212.426721873, 1.016101436,
2212.488016814, 1.016368351,
2212.508448462, 1.016544851,
2212.528880210, 1.016576708,
2212.549311758, 1.016455412,
2212.569743406, 1.017206692,
2212.590175055, 1.016262735,
2212.610606704, 1.016201925,
2212.631038453, 1.016161737,
2212.651470002, 1.016252766,
2212.671901651, 1.016127722,
2212.712765051, 1.016092174,
2212.733196602, 1.016644122,
2212.753628352, 1.016226710,
2212.774060003, 1.016361146,
2212.794491554, 1.016140847,
2212.814923305, 1.016266598,
2212.835354957, 1.016073951,
2212.855786708, 1.016557524,
2212.876218260, 1.016134466,
2212.896649913, 1.016607730,
2212.917081665, 1.016210778,
2212.957944871, 1.016426006,
2212.978376624, 1.015996954,
2212.998808178, 1.016221049,
2213.019239932, 1.016269070,
2213.039671586, 1.016169035,
2213.060103140, 1.016245280,
2213.080534894, 1.016121768,
2213.100966549, 1.016257141,
2213.121398104, 1.016447831,
2213.141829859, 1.016164669,
2213.162261515, 1.015985888,
2213.203124826, 1.016365877,
2213.223556483, 1.016566352,
2213.243988139, 1.016524058,
2213.264419796, 1.016121043,
