BJD - 2454833, Corrected Flux
2061.305684710, 0.992275466,
2061.326116973, 0.991563751,
2061.346549136, 0.991384853,
2061.366981198, 0.991563337,
2061.387413460, 0.991745385,
2061.407845621, 0.991259115,
2061.428277882, 0.990858046,
2061.489574362, 0.992574430,
2061.510006421, 0.992409364,
2061.530438580, 0.992896717,
2061.550870838, 0.991837666,
2061.571302996, 0.991781611,
2061.591735053, 0.991946859,
2061.612167310, 0.991329637,
2061.632599467, 0.990902121,
2061.653031523, 0.991603878,
2061.673463779, 0.993281630,
2061.693895934, 0.989939821,
2061.714328089, 0.990707695,
2061.734760243, 0.990992131,
2061.755192396, 0.994876534,
2061.775624550, 0.990327071,
2061.796056703, 0.990565351,
2061.816488856, 0.990950664,
2061.836921008, 0.989959795,
2061.857353160, 0.989788838,
2061.877785211, 0.989701662,
2061.898217462, 0.989953638,
2061.918649612, 0.990030912,
2061.939081762, 0.990343116,
2061.959513912, 0.989358502,
2061.979946061, 0.989100608,
2062.000378309, 0.990004210,
2062.020810358, 0.989085141,
2062.041242505, 0.989878291,
2062.082106800, 0.989495730,
2062.102538946, 0.989609827,
2062.122971192, 0.990342194,
2062.143403338, 0.989746230,
2062.163835383, 0.989236432,
2062.225131816, 0.990021670,
2062.245564059, 0.989794895,
2062.265996202, 0.989720819,
2062.286428245, 0.989661584,
2062.306860487, 0.989796902,
2062.327292629, 0.989576686,
2062.347724870, 0.989247516,
2062.368156911, 0.989190094,
2062.388589052, 0.989551500,
2062.409021292, 0.989367997,
2062.429453331, 0.989095513,
2062.449885470, 0.989525847,
2062.470317609, 0.988659005,
2062.490749747, 0.989222988,
2062.511181886, 0.989322596,
2062.531614023, 0.989211802,
2062.552046160, 0.988893485,
2062.572478296, 0.989386131,
2062.592910433, 0.989696723,
2062.613342568, 0.989235496,
2062.633774704, 0.989383728,
2062.654206938, 0.989156368,
2062.674638973, 0.988948814,
2062.695071207, 0.988798901,
2062.715503340, 0.989594091,
2062.735935373, 0.989374193,
2062.756367606, 0.989377650,
2062.776799739, 0.989530634,
2062.797231770, 0.989274956,
2062.817664002, 0.989700612,
2062.838096133, 0.990076705,
2062.858528163, 0.989259524,
2062.878960393, 0.989339164,
2062.899392523, 0.989509092,
2062.919824552, 0.990126338,
2062.940256781, 0.989112951,
2062.960688910, 0.988217986,
2062.981121038, 0.988624941,
2063.001553165, 0.988674549,
2063.021985292, 0.988842450,
2063.042417419, 0.988909032,
2063.062849545, 0.988790275,
2063.083281671, 0.988438435,
2063.103713897, 0.988839137,
2063.124146022, 0.987933264,
2063.144578046, 0.988100163,
2063.165010271, 0.987703459,
2063.185442394, 0.987420821,
2063.205874417, 0.987640333,
2063.226306640, 0.987980856,
2063.246738663, 0.986883269,
2063.267170785, 0.987608055,
2063.287603007, 0.987511282,
2063.308035028, 0.986388736,
2063.328467148, 0.987257929,
2063.348899369, 0.987279927,
2063.369331389, 0.986790250,
2063.389763508, 0.986748025,
2063.410195727, 0.986779429,
2063.430627746, 0.986247826,
2063.451059864, 0.986688869,
2063.471492082, 0.986214149,
2063.491924199, 0.986407001,
2063.512356316, 0.986335836,
2063.532788433, 0.987409257,
2063.553220549, 0.986647740,
2063.573652665, 0.986651280,
2063.594084780, 0.985659228,
2063.614516895, 0.986476861,
2063.696245450, 0.987314439,
2063.716677463, 0.987986699,
2063.737109575, 0.987746274,
2063.757541787, 0.987211161,
2063.777973798, 0.987746645,
2063.798405909, 0.987011162,
2063.818838120, 0.987476302,
2063.839270130, 0.986634598,
2063.859702240, 0.986976497,
2063.880134449, 0.986804687,
2063.900566458, 0.986645849,
2063.920998667, 0.986467282,
2063.941430775, 0.986496142,
2063.961862782, 0.987063217,
2063.982294990, 0.986661448,
2064.002727096, 0.986751092,
2064.023159103, 0.987099021,
2064.043591309, 0.985924125,
2064.064023415, 0.987096795,
2064.084455420, 0.987552898,
2064.104887624, 0.987199543,
2064.125319729, 0.987432237,
2064.554393824, 0.988625629,
2064.574826019, 0.988508122,
2064.595258114, 0.988192611,
2064.615690108, 0.987798336,
2064.636122302, 0.988014358,
2064.656554395, 0.987380029,
2064.738282665, 0.988299655,
2064.758714857, 0.988595300,
2064.779146847, 0.988172963,
2064.799579038, 0.986756905,
2064.820011129, 0.988239131,
2064.840443218, 0.987578896,
2064.860875308, 0.987943829,
2064.922171573, 0.987924681,
2064.942603661, 0.988533480,
2064.963035748, 0.988109573,
2064.983467935, 0.987770734,
2065.003899922, 0.987924666,
2065.024332008, 0.988073168,
2065.044764193, 0.987972274,
2065.065196178, 0.988615159,
2065.085628264, 0.988522963,
2065.106060448, 0.987878753,
2065.126492432, 0.988253945,
2065.146924516, 0.987791972,
2065.167356699, 0.988222229,
2065.187788682, 0.987631475,
2065.208220864, 0.987744819,
2065.228652946, 0.988341567,
2065.249084928, 0.988947637,
2065.269517109, 0.989186316,
2065.289949190, 0.987884575,
2065.310381270, 0.988166735,
2065.330813350, 0.987823942,
2065.371677508, 0.988877562,
2065.392109587, 0.988449911,
2065.412541665, 0.989169127,
2065.432973743, 0.988498745,
2065.453405820, 0.991214169,
2065.473837898, 0.988336950,
2065.494269874, 0.989215868,
2065.514702050, 0.989440522,
2065.535134126, 0.989054498,
2065.555566102, 0.989108851,
2065.575998277, 0.989176251,
2065.596430351, 0.988414584,
2065.657726573, 0.987979857,
2065.678158746, 0.987981478,
2065.698590719, 0.987616838,
2065.719022791, 0.987620251,
2065.739454962, 0.987596494,
2065.759886934, 0.987078755,
2065.780319005, 0.987736686,
2065.800751175, 0.987458766,
2065.821183246, 0.988004810,
2065.841615215, 0.987649310,
2065.862047385, 0.988230534,
2065.882479454, 0.986989963,
2065.923343590, 0.988730671,
2065.943775658, 0.988419046,
2065.964207625, 0.988397166,
2065.984639792, 0.988297527,
2066.005071859, 0.987765806,
2066.025503825, 0.988694506,
2066.045935990, 0.988442052,
2066.066368056, 0.987867860,
2066.086800220, 0.988149180,
2066.148096313, 0.988869570,
2066.168528376, 0.989281133,
2066.188960439, 0.988212102,
2066.209392502, 0.989464706,
2066.229824564, 0.987177891,
2066.250256625, 0.988373009,
2066.270688686, 0.988343627,
2066.291120747, 0.989872680,
2066.331984968, 0.987972730,
2066.393281146, 0.989768586,
2066.413713104, 0.989392146,
2066.434145162, 0.989791938,
2066.454577320, 0.989630118,
2066.475009277, 0.989154771,
2066.495441334, 0.989119230,
2066.515873490, 0.989561604,
2066.536305447, 0.989917560,
2066.556737602, 0.989201187,
2066.577169658, 0.988665195,
2066.597601612, 0.988660748,
2066.618033767, 0.989157123,
2066.638465821, 0.989650589,
2066.658897875, 0.989065669,
2066.679329928, 0.989163024,
2066.699761981, 0.988508221,
2066.720194033, 0.988203480,
2066.740626085, 0.988927734,
2066.761058137, 0.988709601,
2066.781490188, 0.988000505,
2066.801922339, 0.988055136,
2066.822354289, 0.987214276,
2066.863218389, 0.988639118,
2066.883650439, 0.987931222,
2066.904082488, 0.988358500,
2066.924514636, 0.988653418,
2066.944946584, 0.988532373,
2066.965378532, 0.989610661,
2066.985810679, 0.988896296,
2067.006242726, 0.988360578,
2067.026674873, 0.988858415,
2067.047106819, 0.988454632,
2067.067538864, 0.989670435,
2067.087971009, 0.988699931,
2067.108402955, 0.988959325,
2067.128834999, 0.989844202,
2067.149267143, 0.988653234,
2067.169699187, 0.989186561,
2067.190131131, 0.988577892,
2067.210563273, 0.988185626,
2067.230995316, 0.989403391,
2067.251427258, 0.989309603,
2067.271859400, 0.988287506,
2067.292291441, 0.988062756,
2067.312723382, 0.987731415,
2067.353587563, 0.987512801,
2067.374019503, 0.987959963,
2067.394451642, 0.988290474,
2067.414883681, 0.988044389,
2067.435315620, 0.987552854,
2067.455747758, 0.986813703,
2067.476179796, 0.987301096,
2067.496611933, 0.986818900,
2067.517043870, 0.986752800,
2067.537475907, 0.987704358,
2067.557908043, 0.987243722,
2067.578339979, 0.987484322,
2067.598772014, 0.987827650,
2067.619204050, 0.988303327,
2067.639636184, 0.987787022,
2067.660068119, 0.987851565,
2067.680500153, 0.987395425,
2067.700932186, 0.987861842,
2067.721364219, 0.988341318,
2067.741796352, 0.988466304,
2067.762228284, 0.987921619,
2067.782660317, 0.988038413,
2067.803092448, 0.987895233,
2067.864388540, 0.990397542,
2067.884820471, 0.990416190,
2067.905252600, 0.990224772,
2067.925684629, 0.990146253,
2067.946116558, 0.990615851,
2067.966548687, 0.988898316,
2067.986980715, 0.990094562,
2068.007412742, 0.988931087,
2068.027844770, 0.990499077,
2068.048276797, 0.990021711,
2068.130004901, 0.988785190,
2068.150437025, 0.989720036,
2068.170868950, 0.989946229,
2068.191300974, 0.989063808,
2068.211733098, 0.989950965,
2068.232165022, 0.989710356,
2068.252597044, 0.989565866,
2068.273029167, 0.989568563,
2068.293461090, 0.988792238,
2068.313893111, 0.989361243,
2068.334325233, 0.988539723,
2068.354757154, 0.988731857,
2068.375189275, 0.988957649,
2068.395621195, 0.988903484,
2068.416053215, 0.988789575,
2068.436485335, 0.989229911,
2068.456917254, 0.989017242,
2068.477349273, 0.989106266,
2068.497781391, 0.989221871,
2068.518213309, 0.988041052,
2068.538645327, 0.988418389,
2068.559077444, 0.988064271,
2068.579509461, 0.989098532,
2068.599941378, 0.989279102,
2068.620373493, 0.988865808,
2068.640805509, 0.987802155,
2068.661237425, 0.989241002,
2068.681669540, 0.988235145,
2068.702101554, 0.988077076,
2068.722533468, 0.988164122,
2068.742965582, 0.988749718,
2068.763397596, 0.989380071,
2068.783829709, 0.989588527,
2068.845125746, 0.988797601,
2068.885989668, 0.989255250,
2068.906421779, 0.989707070,
2068.926853690, 0.988622410,
2068.947285700, 0.989148176,
2068.967717809, 0.988833138,
2068.988149819, 0.989774007,
2069.008581727, 0.988493655,
2069.029013836, 0.987630343,
2069.049445844, 0.988460254,
2069.069877752, 0.988666073,
2069.090309859, 0.989036455,
2069.110741766, 0.987939872,
2069.131173773, 0.988704719,
2069.151605879, 0.988881621,
2069.172037885, 0.986906120,
2069.192469790, 0.987939308,
2069.212901895, 0.987954956,
2069.233333800, 0.987959846,
2069.253765904, 0.988419422,
2069.274197908, 0.988239173,
2069.315061915, 0.987557178,
2069.335493918, 0.988101422,
2069.355925820, 0.987402043,
2069.376357922, 0.988543755,
2069.396789924, 0.989621362,
2069.417221926, 0.990566822,
2069.437653926, 0.987692332,
2069.458085927, 0.988684183,
2069.478517927, 0.989279035,
2069.498949927, 0.989127167,
2069.519381926, 0.989367149,
2069.580677922, 0.989068183,
2069.601109920, 0.989824596,
2069.621542018, 0.989546353,
2069.641973915, 0.990450047,
2069.662406012, 0.990992722,
2069.682838008, 0.990797511,
2069.703269904, 0.990022511,
2069.723702000, 0.990108667,
2069.744133995, 0.990088158,
2069.764565890, 0.989162895,
2069.784997985, 0.990899940,
2069.805429979, 0.990485667,
2069.825861873, 0.989449913,
2069.846293966, 0.989678733,
2069.866725859, 0.989847715,
2069.887157952, 0.989432887,
2069.907589944, 0.989437712,
2069.928021936, 0.990128228,
2069.948453827, 0.988842351,
2069.968885919, 0.991081947,
2069.989317910, 0.989612077,
2070.009749800, 0.993314211,
2070.091477858, 0.990843176,
2070.111909847, 0.990181529,
2070.132341935, 0.990282038,
2070.152773823, 0.989499917,
2070.173205810, 0.988105261,
2070.193637897, 0.988610527,
2070.234501771, 0.989091232,
2070.254933857, 0.990951779,
2070.275365742, 0.990337262,
2070.295797727, 0.989329765,
2070.316229813, 0.989870275,
2070.336661697, 0.990134825,
2070.357093681, 0.991377469,
2070.377525765, 0.990931047,
2070.397957748, 0.991032099,
2070.418389631, 0.990103571,
2070.438821714, 0.989686587,
2070.459253696, 0.991527012,
2070.500117660, 0.988774554,
2070.561413602, 0.990985416,
2070.581845482, 0.990892373,
2070.602277562, 0.988961524,
2070.622709541, 0.988922624,
2070.643141420, 0.988539292,
2070.663573499, 0.990989638,
2070.684005477, 0.990208488,
2070.704437355, 0.990820129,
2070.745301410, 0.989843646,
2070.765733387, 0.990365320,
2070.786165363, 0.990478976,
2070.806597340, 0.988919299,
2070.827029315, 0.988191220,
2070.847461290, 0.989787952,
2070.867893265, 0.989067477,
2070.888325240, 0.989365099,
2070.908757314, 0.989391015,
2070.929189188, 0.989194298,
2070.949621262, 0.987564923,
2070.970053235, 0.990663929,
2070.990485108, 0.989118481,
2071.031349152, 0.990048420,
2071.051781024, 0.989865531,
2071.092645066, 0.989754749,
2071.113076937, 0.989205304,
2071.133509007, 0.989714884,
2071.153940977, 0.990386910,
2071.174372846, 0.991194433,
2071.194804915, 0.990607942,
2071.215236884, 0.989601390,
2071.235668853, 0.990330855,
2071.317396723, 0.989573516,
2071.337828690, 0.990273968,
2071.358260656, 0.990047782,
2071.378692622, 0.990810273,
2071.399124588, 0.990309703,
2071.460420482, 0.989872490,
2071.480852546, 0.990313863,
2071.501284410, 0.989516651,
2071.521716373, 0.990409020,
2071.542148436, 0.990316345,
2071.562580299, 0.990867900,
2071.583012261, 0.988650330,
2071.623876185, 0.991811293,
2071.644308146, 0.991502634,
2071.664740207, 0.991454470,
2071.705604028, 0.990630798,
2071.726036087, 0.991131048,
2071.746468047, 0.991969912,
2071.766900006, 0.991460613,
2071.787331965, 0.990838117,
2071.807763923, 0.991623652,
2071.828195881, 0.990125103,
2071.848627838, 0.989730764,
2071.889491853, 0.989424314,
2071.909923709, 0.988060101,
2071.930355666, 0.989079122,
2071.971219577, 0.989492142,
2072.073379349, 0.991116863,
2072.114243256, 0.989624110,
2072.134675209, 0.990178831,
2072.155107161, 0.989703010,
2072.175539113, 0.989780963,
2072.216403016, 0.990460990,
2072.236835067, 0.989246067,
2072.257267017, 0.988632617,
2072.277698868, 0.988475025,
2072.298130917, 0.988715809,
2072.318562867, 0.988534994,
2072.338994716, 0.989344025,
2072.359426765, 0.988800573,
2072.379858713, 0.989970831,
2072.400290561, 0.989604430,
2072.441154556, 0.989090439,
2072.461586404, 0.988866413,
2072.522882243, 0.991443763,
2072.543314288, 0.988349785,
2072.563746234, 0.988779758,
2072.604610123, 0.988119215,
2072.625042067, 0.989311330,
2072.645474111, 0.988950993,
2072.686337898, 0.989470828,
2072.706769941, 0.988112257,
2072.747633725, 0.989477376,
2072.768065767, 0.989373948,
2072.788497709, 0.990054758,
2072.808929550, 0.989631684,
2072.829361590, 0.989748299,
2072.849793431, 0.989349685,
2072.870225371, 0.988892079,
2072.890657410, 0.989490829,
2072.911089250, 0.988942891,
2072.931521189, 0.989660637,
2072.951953227, 0.989853280,
2072.972385066, 0.988795384,
2072.992817004, 0.989182917,
2073.013249042, 0.989218011,
2073.033680879, 0.988985752,
2073.054112916, 0.989872378,
2073.074544852, 0.988979742,
2073.094976789, 0.988295898,
2073.115408724, 0.988751558,
2073.135840660, 0.989016053,
2073.156272595, 0.989449465,
2073.176704530, 0.989451322,
2073.258432266, 0.990635587,
2073.299296232, 0.990849682,
2073.319728064, 0.989933622,
2073.340159996, 0.990045458,
2073.360592028, 0.988862060,
2073.421887721, 0.990303388,
2073.442319652, 0.989555206,
2073.462751681, 0.990040752,
2073.483183511, 0.989668845,
2073.503615441, 0.991050933,
2073.544479298, 0.989362678,
2073.564911227, 0.989533754,
2073.585343255, 0.989022792,
2073.626207010, 0.988849628,
2073.646639036, 0.989008780,
2073.667070963, 0.989694314,
2073.687502789, 0.987907738,
2073.748798566, 0.989051551,
2073.769230591, 0.988473314,
2073.789662516, 0.989008898,
2073.810094340, 0.988507348,
2073.830526364, 0.989433280,
2073.850958287, 0.988863811,
2073.871390310, 0.989460560,
2073.891822133, 0.989216429,
2073.912254056, 0.988939870,
2073.932686078, 0.989354382,
2073.993981843, 0.990867885,
2074.014413663, 0.989980051,
2074.034845584, 0.990462314,
2074.055277604, 0.990934093,
2074.075709524, 0.991024539,
2074.096141343, 0.990105478,
2074.116573362, 0.991211899,
2074.137005181, 0.990655939,
2074.157437100, 0.991221610,
2074.177869118, 0.991259723,
2074.239164870, 0.990793086,
2074.259596687, 0.990372206,
2074.280028604, 0.990275494,
2074.300460620, 0.990626223,
2074.320892436, 0.989764855,
2074.341324451, 0.989785602,
2074.361756366, 0.989983054,
2074.382188181, 0.989972529,
2074.402620195, 0.991099376,
2074.423052109, 0.989976928,
2074.443484023, 0.991361317,
2074.463915937, 0.989289690,
2074.484347850, 0.989147463,
2074.504779762, 0.989928493,
2074.525211675, 0.990208105,
2074.545643587, 0.989253747,
2074.566075499, 0.989557011,
2074.586507510, 0.990888412,
2074.606939321, 0.989049898,
2074.627371232, 0.990325090,
2074.668235053, 0.990505126,
2074.709098972, 0.990779058,
2074.729530781, 0.991536058,
2074.749962790, 0.991759545,
2074.770394698, 0.991207525,
2074.790826506, 0.991178006,
2074.811258514, 0.988951347,
2074.831690421, 0.990070769,
2074.852122229, 0.990543229,
2074.872554235, 0.990401221,
2074.892986042, 0.990866929,
2074.913417948, 0.990774923,
2074.954281759, 0.990959772,
2074.974713664, 0.991718779,
2074.995145669, 0.991231946,
2075.015577574, 0.991491793,
2075.036009378, 0.991395871,
2075.056441382, 0.990011197,
2075.076873285, 0.990932576,
2075.097305088, 0.990597350,
2075.117737091, 0.990547371,
2075.138168994, 0.991900352,
2075.158600996, 0.991516405,
2075.179032798, 0.990711140,
2075.199464699, 0.992600666,
2075.219896700, 0.991151583,
2075.240328501, 0.989803889,
2075.260760402, 0.991162045,
2075.281192402, 0.991123959,
2075.301624202, 0.990103663,
2075.322056101, 0.990796778,
2075.342488100, 0.989733851,
2075.362919899, 0.991064158,
2075.383351798, 0.990276450,
2075.465079489, 0.990249135,
2075.485511386, 0.990267339,
2075.505943183, 0.990611808,
2075.526375179, 0.990534274,
2075.546807075, 0.990592688,
2075.567238970, 0.990688545,
2075.587670866, 0.989392058,
2075.608102761, 0.990152332,
2075.628534655, 0.990362653,
2075.648966550, 0.990188466,
2075.730694024, 0.989874017,
2075.751126017, 0.990607454,
2075.771557909, 0.990889639,
2075.791989701, 0.989776683,
2075.812421693, 0.989873724,
2075.832853584, 0.990116184,
2075.853285475, 0.990244119,
2075.873717366, 0.989928167,
2075.894149257, 0.990034785,
2075.955444926, 0.991035063,
2075.975876915, 0.991691512,
2075.996308804, 0.992065803,
2076.016740593, 0.991374278,
2076.037172581, 0.990912190,
2076.057604469, 0.990269567,
2076.098468244, 0.990581017,
2076.118900131, 0.990769191,
2076.139331917, 0.990359426,
2076.159763904, 0.989498347,
2076.180195789, 0.990948537,
2076.200627575, 0.990259163,
2076.221059561, 0.989762021,
2076.241491446, 0.989434143,
2076.261923330, 0.990965394,
2076.282355215, 0.991053518,
2076.302787099, 0.990447537,
2076.323218982, 0.991617815,
2076.343650866, 0.991992465,
2076.364082749, 0.991942888,
2076.384514632, 0.991909821,
2076.425378396, 0.990130113,
2076.445810278, 0.991273006,
2076.466242160, 0.991359983,
2076.486674041, 0.992252457,
2076.507106022, 0.991115208,
2076.527537802, 0.990554117,
2076.547969683, 0.991266548,
2076.568401663, 0.991464792,
2076.588833442, 0.991473741,
2076.609265322, 0.992497411,
2076.629697301, 0.990908921,
2076.670560958, 0.991199440,
2076.690992936, 0.991590458,
2076.711424713, 0.990995845,
2076.731856591, 0.992179433,
2076.752288568, 0.991446461,
2076.772720345, 0.990847985,
2076.793152321, 0.991638580,
2076.813584198, 0.991709420,
2076.834016073, 0.991456739,
2076.854447949, 0.990644862,
2076.874879824, 0.990757299,
2076.915743673, 0.991756274,
2076.936175448, 0.991327181,
2076.956607322, 0.991678305,
2076.977039296, 0.992126699,
2076.997471069, 0.991562375,
2077.017902942, 0.990980891,
2077.038334815, 0.990748745,
2077.058766687, 0.991787405,
2077.079198559, 0.990800652,
2077.099630431, 0.990580953,
2077.120062302, 0.990997807,
2077.140494074, 0.990068230,
2077.160926044, 0.990876332,
2077.181357915, 0.990105915,
2077.201789885, 0.990573537,
2077.222221655, 0.991063998,
2077.242653525, 0.991132145,
2077.263085494, 0.990811651,
2077.283517263, 0.990041496,
2077.303949132, 0.990236353,
2077.324381100, 0.989837766,
2077.344812968, 0.991402699,
2077.365244736, 0.990051064,
2077.426540337, 0.990394685,
2077.446972304, 0.989744899,
2077.467404170, 0.990335869,
2077.487835936, 0.990368883,
2077.508267902, 0.990332741,
2077.528699767, 0.989832135,
2077.549131532, 0.989947563,
2077.569563497, 0.990304237,
2077.589995361, 0.989515887,
2077.610427325, 0.991168384,
2077.671722915, 0.990753492,
2077.692154678, 0.990232764,
2077.712586541, 0.989669901,
2077.733018503, 0.990704494,
2077.753450265, 0.991692992,
2077.773882127, 0.989899681,
2077.794313988, 0.990365356,
2077.814745949, 0.990953325,
2077.835177710, 0.991330730,
2077.855609670, 0.989853551,
2077.957768967, 0.991175758,
2077.978200826, 0.991989133,
2077.998632584, 0.993015118,
2078.019064542, 0.991895469,
2078.039496400, 0.992132804,
2078.059928157, 0.991325953,
2078.080360115, 0.991985423,
2078.100791971, 0.990719916,
2078.162087540, 0.991083829,
2078.182519395, 0.991618489,
2078.202951251, 0.991696384,
2078.223383106, 0.991368516,
2078.243814960, 0.991941349,
2078.305110522, 0.989844139,
2078.407269786, 0.989789648,
2078.448133590, 0.987753933,
2078.468565341, 0.989892813,
2078.529860894, 0.990369509,
2078.591156444, 0.988089850,
2078.672883939, 0.993800726,
2078.713747535, 0.991057134,
2078.775043176, 0.991348337,
2078.815906869, 0.992670092,
2078.836338815, 0.991843067,
2078.897634351, 0.992248917,
2078.938497941, 0.990680962,
2078.958929885, 0.989266891,
2078.979361629, 0.990461813,
2078.999793473, 0.990855396,
2079.020225416, 0.991245015,
2079.040657159, 0.991252556,
2079.061089002, 0.991452142,
2079.081520944, 0.993210038,
2079.163248311, 0.989462449,
2079.204111993, 0.991775877,
2079.244975673, 0.991076451,
2079.265407513, 0.991507487,
2079.285839253, 0.990823613,
2079.326703031, 0.990504949,
2079.347134770, 0.990505000,
2079.387998546, 0.989802040,
2079.408430284, 0.991298528,
2079.428862222, 0.989628029,
2079.449294059, 0.990491350,
2079.469725796, 0.991062467,
2079.490157732, 0.989782676,
2079.510589569, 0.990478439,
2079.531021405, 0.991600340,
2079.551453241, 0.991869365,
2079.571885076, 0.991170326,
2079.592317011, 0.990812637,
2079.612748746, 0.990865085,
2079.633180581, 0.991516461,
2079.653612515, 0.991588130,
2079.674044349, 0.991173106,
2079.694476083, 0.992233434,
2079.714908016, 0.990502782,
2079.735339850, 0.992090673,
2079.755771583, 0.991925452,
2079.776203515, 0.989362714,
2079.796635347, 0.995447935,
2079.817067079, 1.000099846,
2079.878362574, 0.991426640,
2079.898794505, 0.991041262,
2079.919226335, 0.990688110,
2079.939658066, 0.991082183,
2079.960089996, 0.991453561,
2079.980521825, 0.993245009,
2080.000953655, 0.992989756,
2080.021385484, 0.993462193,
2080.041817313, 0.991558228,
2080.123544626, 0.992720733,
2080.143976453, 0.991966843,
2080.164408280, 0.992459342,
2080.184840207, 0.993724275,
2080.205271934, 0.992821059,
2080.225703760, 0.992220383,
2080.246135686, 0.992109560,
2080.266567412, 0.993615851,
2080.286999238, 0.992628875,
2080.307431163, 0.994274515,
2080.368726637, 0.991077170,
2080.409590285, 0.992540243,
2080.430022108, 0.992892785,
2080.450453831, 0.993386973,
2080.470885754, 0.994339096,
2080.491317577, 0.993105484,
2080.511749399, 0.993295024,
2080.532181221, 0.993129959,
2080.552613043, 0.993467903,
2080.573044865, 0.993278115,
2080.593476686, 0.993107414,
2080.613908507, 0.992711227,
2080.634340328, 0.992836177,
2080.654772248, 0.992683441,
2080.675203968, 0.993396547,
2080.695635788, 0.993359801,
2080.716067608, 0.992650563,
2080.736499427, 0.991612871,
2080.756931146, 0.991451560,
2080.777363065, 0.991699905,
2080.797794884, 0.992480779,
2080.859090337, 0.992333673,
2080.879522255, 0.991997354,
2080.899953972, 0.992159619,
2080.920385789, 0.991119078,
2080.940817705, 0.991588047,
2080.961249422, 0.991598340,
2080.981681238, 0.991305025,
2081.002113153, 0.991593320,
2081.022544969, 0.990756884,
2081.042976684, 0.991215516,
2081.063408599, 0.992062132,
2081.083840413, 0.991430923,
2081.104272128, 0.992772437,
2081.124704042, 0.992278816,
2081.145135856, 0.991523526,
2081.165567569, 0.991620256,
2081.185999482, 0.991939140,
2081.206431295, 0.992528497,
2081.226863208, 0.992068120,
2081.247294920, 0.991913037,
2081.267726733, 0.992499748,
2081.288158645, 0.993645107,
2081.349454079, 0.992622765,
2081.369885790, 0.992516387,
2081.390317600, 0.992522777,
2081.410749410, 0.992730676,
2081.431181220, 0.992610693,
2081.472044839, 0.992964507,
2081.492476649, 0.992357249,
2081.512908457, 0.992450491,
2081.533340266, 0.992275116,
2081.553772074, 0.993202194,
2081.574203883, 0.992720309,
2081.594635790, 0.992516739,
2081.615067498, 0.992871924,
2081.635499405, 0.993316379,
2081.655931212, 0.993567782,
2081.676362919, 0.993126639,
2081.696794825, 0.994831862,
2081.717226632, 0.991250202,
2081.737658337, 0.994632831,
2081.758090243, 0.994598654,
2081.778522049, 0.992428284,
2081.839817463, 0.993647024,
2081.860249267, 0.993066907,
2081.880681071, 0.992781701,
2081.901112875, 0.993540055,
2081.921544679, 0.993076882,
2081.941976482, 0.993714824,
2081.962408285, 0.992868670,
2081.982840087, 0.993846594,
2082.003271890, 0.994323183,
2082.023703692, 0.994315083,
2082.044135594, 0.994231670,
2082.064567396, 0.993594468,
2082.084999097, 0.993436866,
2082.125862699, 0.992693280,
2082.146294500, 0.991804460,
2082.166726400, 0.994292681,
2082.187158100, 0.993705630,
2082.207589900, 0.994013927,
2082.228021799, 0.995187098,
2082.248453499, 0.993549320,
2082.268885298, 0.993869366,
2082.330180693, 0.993306505,
2082.350612591, 0.993100562,
2082.371044289, 0.992505990,
2082.391476086, 0.993713946,
2082.411907983, 0.994592132,
2082.432339780, 0.993336560,
2082.452771577, 0.993943478,
2082.473203373, 0.994135341,
2082.493635169, 0.994608053,
2082.514067065, 0.994581132,
2082.534498761, 0.994248923,
2082.554930556, 0.994446711,
2082.575362451, 0.993545664,
2082.595794146, 0.994254944,
2082.616225941, 0.991998552,
2082.636657835, 0.991918014,
2082.657089529, 0.992666016,
2082.677521323, 0.992488044,
2082.697953216, 0.992578491,
2082.718384909, 0.993344653,
2082.738816702, 0.992238739,
2082.759248595, 0.992849443,
2082.820543972, 0.993541067,
2082.840975663, 0.993218496,
2082.861407555, 0.993601520,
2082.881839346, 0.994040853,
2082.902271037, 0.995316514,
2082.922702928, 0.994308387,
2082.943134718, 0.994450252,
2082.963566408, 0.994528364,
2082.983998298, 0.993924735,
2083.004430088, 0.994587591,
2083.024861777, 0.993651742,
2083.045293666, 0.994182289,
2083.065725455, 0.994284507,
2083.086157143, 0.994245602,
2083.106589032, 0.994055103,
2083.127020820, 0.994691157,
2083.147452508, 0.993792456,
2083.167884395, 0.994809096,
2083.188316183, 0.994879305,
2083.208748070, 0.993992885,
2083.229179757, 0.992657659,
2083.249611543, 0.995625548,
2083.310906901, 0.995242964,
2083.331338787, 0.995679960,
2083.351770572, 0.995642725,
2083.372202257, 0.994956506,
2083.392634142, 0.996137414,
2083.413065926, 0.996107878,
2083.433497611, 0.996313883,
2083.453929495, 0.996104425,
2083.474361278, 0.994605371,
2083.494792962, 0.995025819,
2083.515224845, 0.994698605,
2083.535656628, 0.995190586,
2083.556088511, 0.993875014,
2083.576520194, 0.994867626,
2083.596951976, 0.994559289,
2083.617383758, 0.994999940,
2083.637815540, 0.994317749,
2083.658247221, 0.994100055,
2083.678679102, 0.995246151,
2083.699110883, 0.993803810,
2083.719542564, 0.994971553,
2083.739974445, 0.995508286,
2083.801269785, 0.995893738,
2083.821701564, 0.995114078,
2083.842133343, 0.993853772,
2083.862565122, 0.995221034,
2083.882996901, 0.994661261,
2083.903428680, 0.994716472,
2083.923860558, 0.995097215,
2083.944292236, 0.993968630,
2083.964724114, 0.994335470,
2084.005587569, 0.992691345,
2084.026019446, 0.992988549,
2084.046451222, 0.993986986,
2084.066882899, 0.993783059,
2084.087314775, 0.993864457,
2084.107746551, 0.993450305,
2084.128178227, 0.994222393,
2084.148610103, 0.993450356,
2084.169041878, 0.993985668,
2084.189473653, 0.993372958,
2084.209905428, 0.993901551,
2084.230337202, 0.996011503,
2084.291632525, 0.994116023,
2084.312064298, 0.993787329,
2084.332496071, 0.995239959,
2084.352927844, 0.993525347,
2084.373359617, 0.994951483,
2084.393791390, 0.994405398,
2084.414223162, 0.994318826,
2084.434655034, 0.995315830,
2084.455086706, 0.995516710,
2084.475518478, 0.994493327,
2084.495950349, 0.993330106,
2084.516382021, 0.993548732,
2084.536813791, 0.994815906,
2084.557245662, 0.993482304,
2084.577677333, 0.994778202,
2084.598109103, 0.995289338,
2084.618540973, 0.994776115,
2084.659404412, 0.996152911,
2084.679836281, 0.995565960,
2084.700267950, 0.995749263,
2084.720699819, 0.997025721,
2084.781995123, 0.997510681,
2084.802426891, 0.996799413,
2084.822858659, 0.996798977,
2084.843290426, 0.996729789,
2084.863722193, 0.998193011,
2084.884153960, 0.996644113,
2084.904585826, 0.996629676,
2084.925017493, 0.996331621,
2084.945449259, 0.996678554,
2084.965881125, 0.996995229,
2085.006744556, 0.998402967,
2085.027176421, 0.997379603,
2085.047608086, 0.997187128,
2085.068039851, 0.997746486,
2085.088471715, 0.998190105,
2085.108903379, 0.996580863,
2085.129335243, 0.997718716,
2085.149766907, 0.998292299,
2085.170198670, 0.997124357,
2085.190630534, 0.997631986,
2085.211062196, 0.997207158,
2085.231493959, 0.996635498,
2085.251925822, 0.996877107,
2085.272357584, 0.997266801,
2085.292789246, 0.996732368,
2085.313221108, 0.995521149,
2085.333652870, 0.996419696,
2085.354084531, 0.996466460,
2085.374516392, 0.997314233,
2085.394948153, 0.995832268,
2085.415379814, 0.996197436,
2085.435811674, 0.996107964,
2085.456243434, 0.995738159,
2085.517538714, 0.998521552,
2085.537970573, 0.998163658,
2085.558402232, 0.996651045,
2085.578833991, 0.996098883,
2085.599265849, 0.995853501,
2085.619697508, 0.995111963,
2085.640129266, 0.995342417,
2085.660561124, 0.995971362,
2085.680992781, 0.995959562,
2085.701424539, 0.994300682,
2085.762719809, 0.994742723,
2085.783151666, 0.995027774,
2085.803583422, 0.995250505,
2085.824015178, 0.994898222,
2085.885310445, 0.994699627,
2085.905742200, 0.993942440,
2085.926173855, 0.993620107,
2085.946605710, 0.993567603,
2085.967037464, 0.994047374,
2085.987469118, 0.994585962,
2086.007900972, 0.995153220,
2086.028332726, 0.995931075,
2086.048764379, 0.995237129,
2086.069196233, 0.995117936,
2086.089627986, 0.995648472,
2086.110059739, 0.995737564,
2086.130491491, 0.996179943,
2086.150923244, 0.995631953,
2086.171354996, 0.995244913,
2086.191786748, 0.996838602,
2086.253082102, 0.996880495,
2086.273513753, 0.996276448,
2086.293945604, 0.997603495,
2086.314377354, 0.997432802,
2086.334809005, 0.997214414,
2086.355240855, 0.997213982,
2086.375672605, 0.996241473,
2086.396104255, 0.997485192,
2086.416536104, 0.998164750,
2086.436967853, 0.998528301,
2086.457399502, 0.996714502,
2086.477831351, 0.996968562,
2086.498263100, 0.998053959,
2086.518694748, 0.997566673,
2086.539126596, 0.997552320,
2086.559558244, 0.997601501,
2086.579990092, 0.997749364,
2086.620853586, 0.997817019,
2086.641285333, 0.998083607,
2086.661717080, 0.998904119,
2086.743444065, 0.998276281,
2086.763875810, 0.998102616,
2086.784307556, 0.997862869,
2086.804739301, 0.997817930,
2086.825171146, 0.998425695,
2086.845602791, 0.998854110,
2086.866034535, 0.998494722,
2086.886466380, 0.997599744,
2086.906898024, 0.999242225,
2086.927329868, 0.999011798,
2086.947761612, 0.998662511,
2086.968193255, 0.999045884,
2086.988625098, 0.998480059,
2087.009056841, 0.998133305,
2087.029488484, 0.997193065,
2087.049920327, 0.998058059,
2087.070352069, 0.997998911,
2087.090783811, 0.997760613,
2087.111215553, 0.997037244,
2087.131647295, 0.997272590,
2087.152079036, 0.998667497,
2087.233806000, 0.997154152,
2087.254237741, 0.997417681,
2087.274669581, 0.996172822,
2087.295101221, 0.995990093,
2087.315532961, 0.996954198,
2087.335964800, 0.996700442,
2087.356396439, 0.996256056,
2087.376828179, 0.996558110,
2087.397260017, 0.995749489,
2087.417691656, 0.996533991,
2087.438123395, 0.996217397,
2087.458555233, 0.997509734,
2087.478986871, 0.995191657,
2087.499418609, 0.995290623,
2087.519850446, 0.995211872,
2087.540282084, 0.996000926,
2087.560713821, 0.995679991,
2087.581145658, 0.996212834,
2087.601577295, 0.996038327,
2087.622009132, 0.995613756,
2087.642440868, 0.997252678,
2087.662872604, 0.995381666,
2087.724167811, 0.994063294,
2087.744599646, 0.995695837,
2087.765031282, 0.995737949,
2087.785463016, 0.997057037,
2087.805894851, 0.996333913,
2087.826326486, 0.996141269,
2087.846758220, 0.996119446,
2087.867190054, 0.996552626,
2087.887621688, 0.997556967,
2087.908053421, 0.996820252,
2087.928485255, 0.998037662,
2087.948916888, 0.997127438,
2087.969348621, 0.996994761,
2087.989780354, 0.996990574,
2088.010212086, 0.997796253,
2088.030643919, 0.998807493,
2088.051075551, 0.999396057,
2088.071507283, 0.998978680,
2088.091939114, 0.998977077,
2088.112370846, 0.998423376,
2088.153234308, 0.999877492,
2088.214529501, 0.998911628,
2088.234961231, 0.997466445,
2088.255392861, 0.999856853,
2088.275824691, 0.999617055,
2088.296256420, 1.000174377,
2088.316688050, 0.999588254,
2088.337119879, 0.999111064,
2088.357551608, 0.999971416,
2088.377983437, 0.999676253,
2088.398415066, 1.000714120,
2088.418846794, 1.000338934,
2088.439278622, 0.999117497,
2088.459710250, 0.998139457,
2088.480141978, 0.999456151,
2088.500573806, 0.999818115,
2088.521005433, 1.000485646,
2088.541437160, 1.000027946,
2088.561868988, 0.999193336,
2088.582300714, 1.000186267,
2088.602732341, 1.000479595,
2088.623164167, 1.000362083,
2088.684459345, 0.999255678,
2088.704891071, 0.999714837,
2088.725322796, 0.999579683,
2088.745754522, 0.998742261,
2088.766186147, 0.998613350,
2088.786617971, 0.999688745,
2088.827481320, 0.999988330,
2088.847913144, 0.999106192,
2088.868344869, 0.999267101,
2088.888776492, 0.999203819,
2088.909208316, 0.998351741,
2088.929640039, 0.998711812,
2088.950071762, 0.998886535,
2088.970503485, 0.999314989,
2088.990935208, 0.998791096,
2089.011366931, 0.997608528,
2089.031798653, 0.997212013,
2089.052230376, 0.998616011,
2089.072662198, 0.998600788,
2089.093093919, 0.997839328,
2089.113525541, 0.998437067,
2089.133957362, 0.997897021,
2089.195252525, 0.997076707,
2089.215684246, 0.996508081,
2089.236115866, 0.996930301,
2089.256547687, 0.996757322,
2089.276979407, 0.997578295,
2089.297411026, 0.997345017,
2089.317842846, 0.996460225,
2089.338274565, 0.997355599,
2089.358706185, 0.997797040,
2089.379138004, 0.996591333,
2089.399569623, 0.997718643,
2089.420001441, 0.996561092,
2089.440433160, 0.997806627,
2089.460864778, 0.996390154,
2089.481296596, 0.996099350,
2089.501728314, 0.996210175,
2089.522160032, 0.997749613,
2089.542591749, 0.998424234,
2089.563023467, 0.996991970,
2089.583455184, 0.997957167,
2089.603886901, 0.997859291,
2089.624318617, 0.998441843,
2089.706045482, 0.998608093,
2089.726477298, 0.998949139,
2089.746908914, 0.998644656,
2089.767340729, 0.998330294,
2089.787772444, 0.999293187,
2089.808204059, 0.998932277,
2089.828635874, 0.999019929,
2089.849067589, 0.999854247,
2089.869499203, 0.999501012,
2089.889931017, 0.999846122,
2089.910362731, 1.000806745,
2089.930794445, 0.999709710,
2089.951226159, 1.000572266,
2089.971657872, 1.000082758,
2089.992089586, 1.000744510,
2090.012521299, 1.001104506,
2090.032953012, 1.001823584,
2090.053384725, 1.000304833,
2090.073816437, 1.001619657,
2090.094248149, 1.001066480,
2090.114679962, 1.001542548,
2090.135111574, 1.001263140,
2090.155543285, 1.001584421,
2090.175975097, 1.001577014,
2090.196406708, 1.001070862,
2090.216838420, 1.001621926,
2090.237270231, 1.001929792,
2090.257701842, 1.000440556,
2090.278133552, 1.000534382,
2090.318996973, 1.001319688,
2090.339428683, 1.001097142,
2090.359860493, 1.001063190,
2090.421155622, 1.000895941,
2090.441587231, 1.000733358,
2090.462019040, 0.999064341,
2090.482450749, 0.998946978,
2090.502882458, 0.999205677,
2090.523314166, 0.999087725,
2090.543745874, 0.999392174,
2090.564177582, 0.999004474,
2090.584609290, 0.998318716,
2090.605040998, 0.999082676,
2090.625472705, 0.998313996,
2090.645904513, 0.998602403,
2090.666336120, 0.998371510,
2090.686767827, 0.998030021,
2090.707199634, 0.998049284,
2090.727631240, 0.998853453,
2090.748062947, 0.999063018,
2090.768494753, 0.998232666,
2090.788926359, 0.998828822,
2090.809358165, 0.997774535,
2090.829789871, 0.997605597,
2090.850221476, 0.997690586,
2090.870653282, 0.999299896,
2090.891084887, 0.998318311,
2090.911516592, 0.998246397,
2090.931948397, 0.998212357,
2090.952380002, 0.997676637,
2090.972811706, 0.998980454,
2090.993243510, 0.997559684,
2091.013675214, 0.998982355,
2091.054538622, 0.998658651,
2091.074970326, 0.997304723,
2091.095402029, 0.998650500,
2091.156697238, 1.001109088,
2091.177128841, 0.999881670,
2091.197560544, 0.999610745,
2091.217992346, 1.000140880,
2091.238423948, 0.999734021,
2091.258855650, 1.000074299,
2091.279287452, 1.000801210,
2091.299719053, 0.999610371,
2091.320150755, 0.999445318,
2091.340582556, 0.998518403,
2091.361014157, 0.998966718,
2091.381445858, 0.998477824,
2091.401877659, 0.998981813,
2091.422309260, 0.998543514,
2091.442741060, 0.999082067,
2091.463172760, 0.999424601,
2091.483604460, 0.999312904,
2091.504036160, 0.998916068,
2091.524467860, 0.999888613,
2091.544899559, 1.000437429,
2091.565331259, 1.000277770,
2091.585762958, 0.998571871,
2091.647058055, 1.001363600,
2091.667489653, 1.002745780,
2091.687921451, 1.002534003,
2091.708353150, 1.002905810,
2091.728784748, 1.000507410,
2091.749216545, 1.000374072,
2091.769648243, 1.002071789,
2091.790080040, 1.000159220,
2091.810511638, 1.001734037,
2091.892238425, 1.002748109,
2091.912670222, 1.002549769,
2091.933101818, 1.001512657,
2091.953533514, 1.001624000,
2091.973965310, 1.001177518,
2091.994397006, 1.000749406,
2092.014828602, 1.001279743,
2092.035260397, 1.000324248,
2092.055692092, 1.001472882,
2092.076123687, 1.001231099,
2092.096555482, 1.000918987,
2092.116987177, 1.000810063,
2092.137418972, 1.000665657,
2092.157850566, 1.000453354,
2092.178282260, 1.000231917,
2092.198714055, 1.000271498,
2092.219145649, 1.000331885,
2092.239577342, 1.000034555,
2092.260009036, 0.999192753,
2092.280440729, 0.999543450,
2092.300872323, 1.000204781,
2092.321304116, 0.998860862,
2092.341735809, 0.998286061,
2092.362167501, 0.999317996,
2092.382599194, 0.999012257,
2092.403030887, 0.998613042,
2092.423462679, 0.999931775,
2092.443894271, 0.999696125,
2092.464325963, 0.999179167,
2092.484757755, 0.998232730,
2092.505189447, 0.999182910,
2092.627779593, 1.000440242,
2092.648211184, 1.000631174,
2092.668642974, 1.000035403,
2092.689074664, 1.000896659,
2092.709506254, 1.000248875,
2092.729938044, 1.000051795,
2092.750369734, 1.000102925,
2092.770801523, 1.000251555,
2092.791233113, 1.001366722,
2092.811664802, 1.000248078,
2092.832096591, 1.000541787,
2092.852528180, 0.999948876,
2092.872959869, 0.998835918,
2092.893391657, 0.998325004,
2092.913823246, 0.998528837,
2092.934254934, 0.997464025,
2092.954686722, 0.997529120,
2092.975118410, 0.998046100,
2092.995549998, 0.998615380,
2093.015981785, 0.997753682,
2093.036413373, 0.998708551,
2093.056845060, 0.999262998,
2093.077276847, 0.999068696,
2093.097708434, 0.999408406,
2093.118140221, 0.999814676,
2093.138571908, 1.000199032,
2093.159003494, 1.000378308,
2093.179435280, 1.000808148,
2093.199866967, 1.000764727,
2093.220298553, 1.001108625,
2093.240730339, 1.000154314,
2093.281593610, 1.000748463,
2093.302025395, 1.000778789,
2093.322457081, 1.002930172,
2093.342888766, 1.001834415,
2093.363320451, 1.001801980,
2093.383752135, 1.003579446,
2093.404183920, 1.002947842,
2093.424615505, 1.002115444,
2093.445047189, 1.002688759,
2093.465478973, 1.002452611,
2093.485910657, 1.002167514,
2093.506342241, 1.002795990,
2093.526774025, 1.002228365,
2093.547205708, 1.001781121,
2093.608500758, 0.999186488,
2093.628932341, 1.000075748,
2093.649364124, 0.999904865,
2093.669795807, 0.999897818,
2093.690227389, 1.000811009,
2093.710659172, 1.001760287,
2093.731090854, 1.001053162,
2093.751522536, 1.001731627,
2093.771954218, 1.001020061,
2093.792385799, 1.001396918,
2093.812817581, 1.001194449,
2093.833249263, 1.000242961,
2093.853680944, 0.999689490,
2093.874112625, 1.000090227,
2093.894544306, 1.000401306,
2093.914975987, 0.999410648,
2093.935407668, 0.999751572,
2093.976271029, 0.999090577,
2093.996702709, 1.000051188,
2094.017134389, 1.000437113,
2094.037566169, 1.000712003,
2094.057997849, 0.998971158,
2094.078429428, 0.998965800,
2094.098861208, 1.000001254,
2094.119292887, 0.999101505,
2094.139724467, 0.999004795,
2094.160156246, 0.999669918,
2094.180587925, 0.998895118,
2094.201019504, 0.999271728,
2094.221451282, 0.998314453,
2094.241882961, 0.999498693,
2094.262314539, 0.998770784,
2094.303177995, 0.997900288,
2094.323609773, 0.996189405,
2094.344041351, 0.997970885,
2094.364473029, 0.998778642,
2094.384904706, 0.998126411,
2094.405336383, 0.998927637,
2094.425768061, 0.998772588,
2094.466631415, 0.998365412,
2094.487063091, 0.998218993,
2094.507494768, 0.997458941,
2094.527926445, 0.997362954,
2094.589221473, 0.997491396,
2094.609653149, 0.998327516,
2094.630084925, 0.997449058,
2094.650516501, 0.998026267,
2094.670948276, 0.998515133,
2094.691379951, 0.998495578,
2094.711811527, 0.997737189,
2094.732243302, 0.998894449,
2094.752674977, 0.998567993,
2094.773106551, 0.999518480,
2094.793538326, 0.999520006,
2094.813970001, 0.999121186,
2094.834401575, 0.999020258,
2094.854833349, 0.999332726,
2094.875265023, 0.999807215,
2094.895696697, 0.999687208,
2094.916128371, 1.000406303,
2094.936560045, 1.000875824,
2094.956991818, 1.000138497,
2094.977423392, 1.000267461,
2094.997855065, 1.001130368,
2095.018286838, 1.002636535,
2095.038718511, 1.001765998,
2095.059150084, 1.001936379,
2095.079581857, 1.002460946,
2095.100013529, 1.002179867,
2095.120445102, 1.001494190,
2095.140876874, 1.001780256,
2095.161308446, 1.002010688,
2095.181740118, 1.003242545,
2095.202171890, 1.003502364,
2095.222603462, 1.001654413,
2095.243035234, 1.001982941,
2095.263466905, 1.002698010,
2095.324761919, 1.001612854,
2095.345193490, 1.001576005,
2095.365625260, 1.001805689,
2095.406488602, 1.000894631,
2095.447351942, 1.001512742,
2095.467783613, 1.000067062,
2095.488215283, 0.999661357,
2095.569941961, 1.002069449,
2095.590373731, 1.001209089,
2095.610805400, 1.001081516,
2095.631236969, 1.000979530,
2095.651668738, 1.001358590,
2095.672100407, 1.001339953,
2095.692531976, 1.001224190,
2095.712963744, 1.001034963,
2095.733395413, 1.000279704,
2095.753826981, 1.001247024,
2095.774258749, 1.000577286,
2095.794690417, 1.000726541,
2095.815121985, 1.001013618,
2095.835553753, 1.000872656,
2095.855985421, 0.999030363,
2095.876417088, 0.998716370,
2095.896848756, 0.999545760,
2095.917280423, 0.999329874,
2095.937712090, 0.999853202,
2095.958143757, 0.999744579,
2095.978575424, 0.999543831,
2095.999007091, 0.999196496,
2096.019438757, 0.999349338,
2096.039870424, 0.999500801,
2096.060302190, 0.998795575,
2096.080733757, 0.998292995,
2096.101165423, 0.998336088,
2096.121597189, 0.999519314,
2096.142028755, 0.998998203,
2096.162460520, 0.999275746,
2096.182892186, 0.999294127,
2096.203323751, 0.999754814,
2096.223755517, 0.998892546,
2096.244187182, 0.998087755,
2096.264618747, 0.997124648,
2096.285050512, 0.997481477,
2096.305482177, 0.998988602,
2096.325913742, 0.998137833,
2096.346345507, 0.998858758,
2096.366777171, 0.997145638,
2096.387208836, 0.998807364,
2096.407640500, 0.999253510,
2096.428072164, 0.998904831,
2096.468935492, 0.999650836,
2096.489367156, 0.999303691,
2096.550662146, 0.999004100,
2096.571093910, 1.000509836,
2096.591525473, 0.999960540,
2096.611957136, 1.000265072,
2096.632388899, 1.000781448,
2096.673252124, 1.000177231,
2096.693683887, 1.001118377,
2096.714115449, 1.001588045,
2096.734547212, 1.000664375,
2096.754978874, 1.001390899,
2096.775410436, 1.001335420,
2096.795842198, 1.002740358,
2096.816273860, 1.000731357,
2096.836705422, 1.002691052,
2096.857137183, 1.002058804,
2096.877568845, 1.002627895,
2096.898000506, 1.002395790,
2096.938863828, 1.002581968,
2096.959295489, 1.002585955,
2096.979727150, 1.002712510,
2097.000158811, 1.002176027,
2097.020590572, 1.002398196,
2097.041022232, 1.002904473,
2097.061453793, 1.001899364,
2097.102317213, 1.002271650,
2097.122748774, 1.003693334,
2097.143180533, 1.001506410,
2097.163612193, 1.002861792,
2097.184043753, 1.002550907,
2097.204475513, 1.001830001,
2097.224907172, 1.002009476,
2097.245338732, 1.003036644,
2097.265770491, 1.001556628,
2097.286202050, 1.001610409,
2097.306633709, 1.002876745,
2097.327065468, 1.002413346,
2097.347497027, 1.001885693,
2097.367928786, 1.001167378,
2097.388360444, 1.001491066,
2097.408792103, 1.001262312,
2097.429223761, 1.001214416,
2097.449655420, 1.001678827,
2097.470087078, 1.000708388,
2097.551813809, 1.002118733,
2097.572245367, 1.001009034,
2097.592677024, 1.001194819,
2097.613108782, 1.000976413,
2097.633540339, 0.999937186,
2097.653972096, 1.001003157,
2097.694835310, 1.000532992,
2097.715267067, 1.000446537,
2097.735698724, 0.999809441,
2097.756130281, 0.999336377,
2097.776562037, 0.999318507,
2097.796993693, 0.998390809,
2097.817425250, 1.001379269,
2097.837857006, 0.998817689,
2097.858288662, 0.999975917,
2097.899151974, 0.999880045,
2097.919583630, 1.000313434,
2097.940015285, 1.000359447,
2097.960446941, 1.000890710,
2097.980878596, 1.000018226,
2098.021741907, 0.999020615,
2098.042173562, 0.998382101,
2098.083036872, 0.999966303,
2098.103468527, 1.000253357,
2098.123900281, 1.000250261,
2098.144331836, 1.000769577,
2098.164763490, 0.999790767,
2098.185195245, 1.001006572,
2098.205626799, 1.000403456,
2098.266921761, 1.001073557,
2098.287353515, 1.000957442,
2098.307785169, 1.001406066,
2098.328216723, 1.002346133,
2098.348648476, 1.002215299,
2098.369080130, 1.002347842,
2098.389511783, 1.002704400,
2098.409943436, 1.002489045,
2098.430375089, 1.002626756,
2098.450806742, 1.003221368,
2098.471238395, 1.002865379,
2098.491670048, 1.003263970,
2098.512101801, 1.002770816,
2098.532533354, 1.003131109,
2098.552965006, 1.003363480,
2098.573396759, 1.003490065,
2098.593828411, 1.003531215,
2098.614259963, 1.003917785,
2098.634691715, 1.002519778,
2098.655123267, 1.003225842,
2098.675554919, 1.002898913,
2098.695986671, 1.003286940,
2098.716418223, 1.003890051,
2098.736849875, 1.004850152,
2098.757281626, 1.003808748,
2098.777713178, 1.003510512,
2098.798144929, 1.004144636,
2098.818576580, 1.002770656,
2098.839008131, 1.004564019,
2098.859439882, 1.003732064,
2098.879871533, 1.003863717,
2098.900303084, 1.005094923,
2098.920734835, 1.004030975,
2098.941166486, 1.004206190,
2098.961598136, 1.004251425,
2098.982029787, 1.004032005,
2099.002461437, 1.003994474,
2099.022893087, 1.004245185,
2099.043324838, 1.003849208,
2099.063756388, 1.004255685,
2099.084188138, 1.003432112,
2099.104619788, 1.002886103,
2099.125051337, 1.002075907,
2099.145483087, 1.003834048,
2099.165914737, 1.002180760,
2099.186346286, 1.002846288,
2099.206778036, 1.003092332,
2099.227209685, 1.002294067,
2099.247641234, 1.002935069,
2099.268072984, 1.001753233,
2099.288504633, 1.002278350,
2099.308936182, 1.002065504,
2099.329367930, 1.001166505,
2099.349799579, 1.001469028,
2099.370231228, 1.002541242,
2099.390662877, 1.001282057,
2099.411094525, 1.001813382,
2099.431526174, 1.001765208,
2099.513252766, 1.001677993,
2099.533684414, 1.001756186,
2099.554116062, 1.001261810,
2099.574547710, 1.000554942,
2099.594979458, 1.001121207,
2099.615411105, 1.002090653,
2099.635842653, 1.001575768,
2099.656274400, 1.001489881,
2099.676706048, 1.000925377,
2099.697137595, 1.002255861,
2099.717569342, 1.002504563,
2099.738000989, 1.001732319,
2099.758432536, 1.002124836,
2099.778864283, 1.001777438,
2099.799295930, 1.000828500,
2099.819727477, 1.001362166,
2099.840159223, 1.002690613,
2099.860590870, 1.002895314,
2099.881022616, 1.003766406,
2099.901454163, 1.003399520,
2099.921885809, 1.002703249,
2099.983180747, 1.002650095,
2100.003612493, 1.001998781,
2100.024044039, 1.002382959,
2100.044475685, 1.002697081,
2100.064907331, 1.003527911,
2100.085338976, 1.002556230,
2100.105770622, 1.002708466,
2100.126202368, 1.002795750,
2100.146633913, 1.003339725,
2100.167065658, 1.003650988,
2100.187497303, 1.003233084,
2100.207928848, 1.003833447,
2100.228360594, 1.003493319,
2100.248792238, 1.003290282,
2100.269223783, 1.003598886,
2100.289655528, 1.003919797,
2100.310087173, 1.004117847,
2100.330518718, 1.003891932,
2100.350950462, 1.004155125,
2100.371382107, 1.004530743,
2100.391813651, 1.003724074,
2100.412245395, 1.003457395,
2100.432677039, 1.004782647,
2100.453108784, 1.005188197,
2100.473540328, 1.003167945,
2100.493971972, 1.005056884,
2100.514403716, 1.004068685,
2100.534835259, 1.004185548,
2100.555266903, 1.004177576,
2100.575698647, 1.004517428,
2100.596130290, 1.004112224,
2100.616561834, 1.004092821,
2100.636993577, 1.004700170,
2100.657425221, 1.003711800,
2100.677856764, 1.004649369,
2100.698288507, 1.003797718,
2100.718720150, 1.004797103,
2100.739151893, 1.004117936,
2100.759583436, 1.002562671,
2100.780015079, 1.003476818,
2100.820878365, 1.003144047,
2100.841309907, 1.004031438,
2100.861741650, 1.002750178,
2100.882173293, 1.002795549,
2100.902604835, 1.003195400,
2100.923036577, 1.003809681,
2100.943468220, 1.002492824,
2100.963899862, 1.002857656,
2100.984331504, 1.004373935,
2101.004763146, 1.003426873,
2101.025194888, 1.003557257,
2101.045626430, 1.003598541,
2101.066058072, 1.003106667,
2101.086489814, 1.002457753,
2101.106921455, 1.003238862,
2101.127352997, 1.002737220,
2101.147784738, 1.001888221,
2101.168216380, 1.001916676,
2101.188647921, 1.001163162,
2101.209079663, 1.001943060,
2101.229511304, 1.001839250,
2101.249943045, 1.003121922,
2101.270374586, 1.002453771,
2101.290806227, 1.002108458,
2101.311237968, 1.000904048,
2101.331669509, 1.001431627,
2101.352101150, 1.002579612,
2101.372532891, 1.002393779,
2101.392964431, 1.003060700,
2101.454259353, 1.001905826,
2101.474690994, 1.002362281,
2101.495122634, 1.002865085,
2101.515554274, 1.002891068,
2101.535986014, 1.002225243,
2101.556417554, 1.003771555,
2101.576849195, 1.003184334,
2101.597280935, 1.002953854,
2101.617712475, 1.003917595,
2101.638144114, 1.004045448,
2101.658575854, 1.005640751,
2101.679007494, 1.004750461,
2101.699439034, 1.006270155,
2101.719870773, 1.004161807,
2101.740302413, 1.004325958,
2101.760733952, 1.005203433,
2101.781165692, 1.003934035,
2101.801597331, 1.005542957,
2101.822029070, 1.005795691,
2101.842460609, 1.005324228,
2101.862892249, 1.005489313,
2101.883323988, 1.005341914,
2101.903755527, 1.005815265,
2101.924187166, 1.007144417,
2101.944618904, 1.008029823,
2101.965050443, 1.006516134,
2101.985482082, 1.006215586,
2102.005913821, 1.006475661,
2102.026345359, 1.006989232,
2102.046777098, 1.007178273,
2102.067208736, 1.007273719,
2102.087640375, 1.006830800,
2102.108072013, 1.007247311,
2102.128503652, 1.007034240,
2102.148935290, 1.007550949,
2102.169366928, 1.007663784,
2102.189798566, 1.006798179,
2102.210230104, 1.007070045,
2102.230661842, 1.007401631,
2102.251093480, 1.008012674,
2102.271525018, 1.007158797,
2102.291956756, 1.006571112,
2102.312388394, 1.008193453,
2102.332820131, 1.007324039,
2102.353251669, 1.007157107,
2102.373683307, 1.007070581,
2102.394115044, 1.007263695,
2102.414546582, 1.007399194,
2102.434978219, 1.008184591,
2102.455409956, 1.007609709,
2102.475841494, 1.007686575,
2102.496273131, 1.007923785,
2102.516704868, 1.008530702,
2102.537136405, 1.008025708,
2102.557568042, 1.007587607,
2102.577999779, 1.007256313,
2102.598431416, 1.007668372,
2102.618863053, 1.007179981,
2102.639294690, 1.006689651,
2102.659726327, 1.006379165,
2102.680157963, 1.005926975,
2102.700589600, 1.006349962,
2102.721021237, 1.004784443,
2102.741452973, 1.006394509,
2102.761884510, 1.005787760,
2102.782316146, 1.004852832,
2102.802747783, 1.005526314,
2102.823179419, 1.005486494,
2102.843611155, 1.005320795,
2102.864042791, 1.005009444,
2102.884474328, 1.004165562,
2102.904906064, 1.003634638,
2102.925337600, 1.004813949,
2102.945769236, 1.003522400,
2102.966200972, 1.004122870,
2102.986632508, 1.003161574,
2103.007064143, 1.003671115,
2103.027495879, 1.002672458,
2103.047927415, 1.002924911,
2103.068359051, 1.003916504,
2103.088790786, 1.002858416,
2103.109222422, 1.002731466,
2103.129654057, 1.002530933,
2103.150085693, 1.002621481,
2103.170517328, 1.002539532,
2103.190948964, 1.002414325,
2103.211380599, 1.002966400,
2103.231812234, 1.002553191,
2103.252243870, 1.002925892,
2103.272675505, 1.002414173,
2103.293107140, 1.002285874,
2103.313538875, 1.002571623,
2103.333970410, 1.002034195,
2103.354402045, 1.001829552,
2103.415697050, 1.003010040,
2103.436128684, 1.002647411,
2103.456560219, 1.002961690,
2103.476991954, 1.003849685,
2104.110372707, 1.017414942,
2104.130804340, 1.017657344,
2104.151236074, 1.017520402,
2104.171667607, 1.017370599,
2104.192099240, 1.017559175,
2104.212530873, 1.017917217,
2104.232962506, 1.017724246,
2104.253394139, 1.017422280,
2104.273825772, 1.017682630,
2104.294257405, 1.018175259,
2104.314689038, 1.017928063,
2104.335120771, 1.017633504,
2104.375983937, 1.017238369,
2104.396415670, 1.017924287,
2104.416847202, 1.017547573,
2104.437278935, 1.017264180,
2104.457710568, 1.017072065,
2104.478142100, 1.017009971,
2104.498573833, 1.017127663,
2104.519005466, 1.016739134,
2104.559868730, 1.016892731,
2104.580300363, 1.016876974,
2104.621163628, 1.016083462,
2104.641595260, 1.016114462,
2104.662026992, 1.016777945,
2104.682458525, 1.016450317,
2104.723321889, 1.015140256,
2104.743753421, 1.014955634,
2104.764185054, 1.015822610,
2104.784616786, 1.015764122,
2104.805048418, 1.016021769,
2104.825479950, 1.015142363,
2104.866343314, 1.015738848,
2104.886774946, 1.015173234,
2104.907206578, 1.015476787,
2104.927638210, 1.015750596,
2104.948069841, 1.020213362,
2104.968501473, 1.014933126,
2104.988933005, 1.015241165,
2105.009364737, 1.015423753,
2105.029796368, 1.015288432,
2105.050227900, 1.014850029,
2105.070659632, 1.014786479,
2105.111522795, 1.014152169,
2105.131954527, 1.014961888,
2105.152386158, 1.015564700,
2105.172817890, 1.015340463,
2105.193249421, 1.015484016,
2105.213681053, 1.015652683,
2105.234112784, 1.015540151,
2105.254544316, 1.015676223,
2105.274975947, 1.016367324,
2105.295407678, 1.016272419,
2105.315839310, 1.016558721,
2105.397565835, 1.016354333,
2105.417997466, 1.016220048,
2105.438429097, 1.016432825,
2105.458860828, 1.016995773,
2105.479292359, 1.017106561,
2105.499723990, 1.016595427,
2105.520155721, 1.017644522,
2105.540587252, 1.017598458,
2105.561018883, 1.017889611,
2105.581450614, 1.018048089,
2105.601882145, 1.018305851,
2105.622313876, 1.018813521,
2105.642745507, 1.018296400,
2105.663177038, 1.018299689,
2105.683608769, 1.017765849,
2105.704040300, 1.018611811,
2105.724471931, 1.018181915,
2105.744903662, 1.017437617,
2105.765335192, 1.017635353,
2105.785766823, 1.017976264,
2105.806198554, 1.017946968,
2105.847061815, 1.017468049,
2105.867493446, 1.017821794,
2105.887925076, 1.017847348,
2105.908356707, 1.017843586,
2105.928788338, 1.017842761,
2105.949219968, 1.017925185,
2105.990083229, 1.017997441,
2106.010514860, 1.018221976,
2106.030946590, 1.018312782,
2106.051378121, 1.018218558,
2106.092241482, 1.017881941,
2106.112673012, 1.017739513,
2106.133104743, 1.017976566,
2106.153536373, 1.017835455,
2106.173967903, 1.017501541,
2106.194399634, 1.017026961,
2106.214831264, 1.018068579,
2106.235262794, 1.017453556,
2106.255694525, 1.017246677,
2106.276126155, 1.016865255,
2106.296557785, 1.017552903,
2106.337421046, 1.017366058,
2106.357852676, 1.017880887,
2106.378284306, 1.017547039,
2106.398715936, 1.017240032,
2106.419147566, 1.016964478,
2106.439579197, 1.017069700,
2106.460010827, 1.016702666,
2106.480442457, 1.017001545,
2106.500874087, 1.016979089,
2106.521305717, 1.016801349,
2106.541737447, 1.017111973,
2106.582600707, 1.016978936,
2106.603032337, 1.016433900,
2106.623463867, 1.016667820,
2106.643895597, 1.016854664,
2106.664327227, 1.016103982,
2106.684758757, 1.016881585,
2106.705190487, 1.017153254,
2106.725622117, 1.016513836,
2106.746053647, 1.016512473,
2106.766485377, 1.016166562,
2106.786917007, 1.016465297,
2106.827780267, 1.016675091,
2106.848211897, 1.016429651,
2106.868643627, 1.016899007,
2106.889075157, 1.016939322,
2106.909506786, 1.016723890,
2106.929938516, 1.016814358,
2106.950370046, 1.017055776,
2106.970801676, 1.017226928,
2106.991233406, 1.017368070,
2107.011665036, 1.017272502,
2107.032096665, 1.017821611,
2107.072959825, 1.017712308,
2107.093391555, 1.017675749,
2107.113823185, 1.018200053,
2107.134254714, 1.017927664,
2107.154686444, 1.018378117,
2107.175118074, 1.018523645,
2107.195549604, 1.018491692,
2107.215981333, 1.019151578,
2107.236412963, 1.018140653,
2107.256844693, 1.017609487,
2107.277276223, 1.017844257,
2107.338571112, 1.017034394,
2107.359002741, 1.017205213,
2107.379434471, 1.017462257,
2107.420297631, 1.017485164,
2107.440729360, 1.017783595,
2107.461160990, 1.017823049,
2107.481592620, 1.018674116,
2107.502024249, 1.018450650,
2107.522455879, 1.018969578,
2107.542887509, 1.018249365,
2107.563319138, 1.018410719,
2107.583750768, 1.018326000,
2107.604182498, 1.018781770,
2107.624614027, 1.018300481,
2107.645045657, 1.018236475,
2107.665477387, 1.018429174,
2107.685908916, 1.018657258,
2107.706340646, 1.018288764,
2107.726772175, 1.018529942,
2107.747203805, 1.023517453,
2107.767635535, 1.018257465,
2107.808498694, 1.018360793,
2107.828930424, 1.018043589,
2107.849361953, 1.018096495,
2107.869793583, 1.018340054,
2107.890225313, 1.018168199,
2107.910656842, 1.018189044,
2107.931088472, 1.018009588,
2107.951520202, 1.017944044,
2107.992383461, 1.017886040,
2108.012815091, 1.017539081,
2108.053678350, 1.017018185,
2108.074109980, 1.016457229,
2108.094541609, 1.017334591,
2108.114973239, 1.017551641,
2108.135404869, 1.017781096,
2108.155836498, 1.017650150,
2108.176268228, 1.017459935,
2108.196699758, 1.018213513,
2108.217131487, 1.017495508,
2108.257994647, 1.017648699,
2108.319289536, 1.016941654,
2108.339721266, 1.017721155,
2108.360152895, 1.017047195,
2108.380584425, 1.017670781,
2108.401016155, 1.017514080,
2108.421447785, 1.017334278,
2108.441879414, 1.017714548,
2108.462311044, 1.017389838,
2108.482742574, 1.016614449,
2108.503174304, 1.016110522,
2108.544037563, 1.016803056,
2108.564469193, 1.017095427,
2108.584900823, 1.017375381,
2108.605332453, 1.017266342,
2108.625764083, 1.017341393,
2108.646195712, 1.017263522,
2108.666627442, 1.017607002,
2108.687059072, 1.017320500,
2108.707490602, 1.017392659,
2108.727922332, 1.016861959,
2108.748353962, 1.018106924,
2108.789217221, 1.017845824,
2108.809648851, 1.018159032,
2108.830080381, 1.018340423,
2108.850512111, 1.019178879,
2108.870943741, 1.019266943,
2108.891375471, 1.019215681,
2108.911807001, 1.018953401,
2108.932238631, 1.019635499,
2108.952670361, 1.018567113,
2108.973101891, 1.018231523,
2108.993533521, 1.018222426,
2109.034396781, 1.019882759,
2109.054828411, 1.019477164,
2109.075260141, 1.018892444,
2109.095691672, 1.019501549,
2109.116123402, 1.019353794,
2109.136554932, 1.019489735,
2109.156986562, 1.018413579,
2109.177418292, 1.018000831,
2109.197849822, 1.017825863,
2109.218281452, 1.018931196,
2109.238713183, 1.018730009,
2109.300008073, 1.019115894,
2109.320439704, 1.018575989,
2109.340871434, 1.018408269,
2109.361302964, 1.018520221,
2109.381734594, 1.018444477,
2109.402166325, 1.018935566,
2109.422597855, 1.018783689,
2109.443029486, 1.019091957,
2109.463461216, 1.018544538,
2109.483892746, 1.018548963,
2109.524756107, 1.017974203,
2109.565619368, 1.018472586,
2109.586050999, 1.018929840,
2109.606482529, 1.018447289,
2109.626914260, 1.017974196,
2109.647345890, 1.018737606,
2109.667777521, 1.019096473,
2109.688209152, 1.021291333,
2109.708640782, 1.018858007,
2109.729072413, 1.018074782,
2109.769935674, 1.018304113,
2109.790367305, 1.018484035,
2109.810799036, 1.018377484,
2109.831230566, 1.017933408,
2109.851662297, 1.017655585,
2109.872093828, 1.018294400,
2109.892525459, 1.018164770,
2109.912957190, 1.018915480,
2109.933388720, 1.018339500,
2109.953820351, 1.017959912,
2109.974252082, 1.017898373,
2110.035546975, 1.017855199,
2110.055978506, 1.018325218,
2110.076410237, 1.018652805,
2110.096841868, 1.018321290,
2110.117273399, 1.017955897,
2110.137705131, 1.018054390,
2110.158136762, 1.017087817,
2110.178568393, 1.018432734,
2110.199000024, 1.017777695,
2110.219431655, 1.017100512,
2110.301158280, 1.019620473,
2110.321589912, 1.018698724,
2110.342021443, 1.018394088,
2110.382884806, 1.018134599,
2110.403316437, 1.018386127,
2110.423748069, 1.019128957,
2110.444179701, 1.018973224,
2110.464611332, 1.018557945,
2110.505474495, 1.019156193,
2110.525906227, 1.019194937,
2110.546337859, 1.019485705,
2110.566769390, 1.019558909,
2110.587201122, 1.019599049,
2110.607632754, 1.020395463,
2110.628064486, 1.020183698,
2110.648496018, 1.020886310,
2110.668927649, 1.019820538,
2110.689359381, 1.019209653,
2110.771085809, 1.021260007,
2110.791517441, 1.019429630,
2110.811949173, 1.016944091,
2110.832380705, 1.019831237,
2110.852812438, 1.019062797,
2110.873244070, 1.019050693,
2110.893675702, 1.019211195,
2110.914107334, 1.020118557,
2110.934538967, 1.020099259,
2110.975402231, 1.019378097,
2110.995833864, 1.019304227,
2111.016265496, 1.019435312,
2111.036697229, 1.018956262,
2111.057128761, 1.019727517,
2111.077560494, 1.018697129,
2111.097992126, 1.019339676,
2111.118423659, 1.018928530,
2111.138855392, 1.018256494,
2111.159286924, 1.018214008,
2111.179718557, 1.018212416,
2111.200150290, 1.018577295,
2111.261445188, 1.019300125,
2111.281876721, 1.018453203,
2111.302308454, 1.019225377,
2111.322740087, 1.018743767,
2111.343171620, 1.019556110,
2111.363603353, 1.023153361,
2111.384034986, 1.019501025,
2111.404466620, 1.018716777,
2111.424898253, 1.019328643,
2111.445329886, 1.018418457,
2111.486193153, 1.019400166,
2111.506624786, 1.018988150,
2111.527056519, 1.018648080,
2111.547488153, 1.018650418,
2111.567919686, 1.018507525,
2111.588351420, 1.018066669,
2111.608783053, 1.018368578,
2111.629214587, 1.018976038,
2111.649646321, 1.018733151,
2111.670077954, 1.018816524,
2111.731372856, 1.018528496,
2111.751804590, 1.019197405,
2111.772236123, 1.018668057,
2111.792667757, 1.018212458,
2111.813099391, 1.018828649,
2111.833531025, 1.019081816,
2111.853962660, 1.018933468,
2111.874394294, 1.018893003,
2111.894825928, 1.018820629,
2111.915257662, 1.018993432,
2111.935689196, 1.017959577,
2112.017415734, 1.017967140,
2112.037847468, 1.018668490,
2112.058279103, 1.018695772,
2112.078710738, 1.018654069,
2112.099142372, 1.019017115,
2112.119574007, 1.019061251,
2112.140005642, 1.019629491,
2112.160437276, 1.019085550,
2112.180868911, 1.019270949,
2112.221732181, 1.018795307,
2112.242163816, 1.019353169,
2112.262595551, 1.019881781,
2112.283027086, 1.020382554,
2112.303458821, 1.019355638,
2112.323890457, 1.020195493,
2112.344321992, 1.020163071,
2112.364753727, 1.020456494,
2112.385185362, 1.020705614,
2112.405616898, 1.019969277,
2112.426048633, 1.019797132,
2112.487343540, 1.020139824,
2112.507775176, 1.020565059,
2112.528206811, 1.019990819,
2112.548638447, 1.019771086,
2112.569070083, 1.019950362,
2112.589501719, 1.020201434,
2112.609933355, 1.019459280,
2112.630364991, 1.019553904,
2112.650796627, 1.019000959,
2112.671228263, 1.018988581,
2112.712091635, 1.018640684,
2112.732523171, 1.018865337,
2112.752954907, 1.018901323,
2112.773386544, 1.018669458,
2112.793818080, 1.018702134,
2112.814249817, 1.018709500,
2112.834681453, 1.019255291,
2112.855112990, 1.018777195,
2112.875544726, 1.019187460,
2112.895976363, 1.019262230,
2112.916408100, 1.018756867,
2112.957271273, 1.018978238,
2112.977703010, 1.018389133,
2112.998134547, 1.018982492,
2113.018566184, 1.019389072,
2113.038997921, 1.019923723,
2113.059429459, 1.019385871,
2113.079861096, 1.019774743,
2113.100292833, 1.019048187,
2113.120724370, 1.019829262,
2113.161587745, 1.019814714,
2113.243314196, 1.016929379,
2113.263745933, 1.017806803,
2113.284177571, 1.017827261,
2113.325040847, 1.017918213,
2113.345472485, 1.019189293,
2113.365904223, 1.018365620,
2113.386335761, 1.018661186,
2113.406767399, 1.018907342,
2113.427199137, 1.019301192,
2113.447630676, 1.019292899,
2113.468062314, 1.019221253,
2113.488494053, 1.019381718,
2113.508925591, 1.019413122,
2113.529357329, 1.018927740,
2113.549788968, 1.020002901,
2113.570220507, 1.019255071,
2113.590652245, 1.019594160,
2113.611083884, 1.019217686,
2113.631515423, 1.019605845,
2113.651947162, 1.018606551,
2113.692810340, 1.018755014,
2113.713242079, 1.018391658,
2113.733673719, 1.018742320,
2113.754105458, 1.018513784,
2113.774536997, 1.018391688,
2113.794968637, 1.018596871,
2113.835832015, 1.018402245,
2113.856263555, 1.019125420,
2113.876695295, 1.018541056,
2113.897126835, 1.019041591,
2113.937990214, 1.019889404,
2113.958421754, 1.019006119,
2113.978853494, 1.019725678,
2113.999285134, 1.019366471,
2114.040148415, 1.020204689,
2114.060580055, 1.020210409,
2114.081011595, 1.019648818,
2114.101443336, 1.020423722,
2114.121874976, 1.020158368,
2114.142306717, 1.020195484,
2114.183169898, 1.020275814,
2114.203601639, 1.020789286,
2114.224033180, 1.020087108,
2114.244464821, 1.020138920,
2114.264896562, 1.020258844,
2114.285328103, 1.019918051,
2114.305759844, 1.020028605,
2114.326191485, 1.020186303,
2114.346623126, 1.020021101,
2114.367054768, 1.020149731,
2114.387486409, 1.020331743,
2114.428349692, 1.020187278,
2114.448781334, 1.019587141,
2114.469212975, 1.019739974,
2114.489644617, 1.019081724,
2114.510076259, 1.019412603,
2114.530508001, 1.019611317,
2114.550939543, 1.019788614,
2114.571371185, 1.019106054,
2114.591802927, 1.019054295,
2114.612234470, 1.019562300,
2114.632666112, 1.019203174,
2114.673529397, 1.019948913,
2114.693961039, 1.019265809,
2114.714392782, 1.019613763,
2114.734824325, 1.019850170,
2114.755256068, 1.019737812,
2114.775687710, 1.020102799,
2114.796119253, 1.019957718,
2114.816550996, 1.020108470,
2114.836982639, 1.020091949,
2114.857414183, 1.020294379,
2114.939140856, 1.017898998,
2114.959572500, 1.018674889,
2114.980004243, 1.018566693,
2115.000435787, 1.019756498,
2115.020867431, 1.019864768,
2115.041299175, 1.019962623,
2115.061730819, 1.019328031,
2115.082162363, 1.020323311,
2115.123025751, 1.020333528,
2115.184320684, 1.019732839,
2115.204752329, 1.018565580,
2115.225183974, 1.020134934,
2115.245615618, 1.019514436,
2115.266047263, 1.019482156,
2115.286478908, 1.019389152,
2115.306910653, 1.019347090,
2115.327342198, 1.019310362,
2115.347773843, 1.019389210,
2115.368205588, 1.019899316,
2115.409068779, 1.018936181,
2115.429500524, 1.019137370,
2115.449932070, 1.018959528,
2115.470363716, 1.018341296,
2115.490795461, 1.019130334,
2115.511227007, 1.018508315,
2115.531658753, 1.018989694,
2115.552090399, 1.018922124,
2115.572522045, 1.018992971,
2115.592953691, 1.018846406,
2115.613385338, 1.019402722,
2115.654248630, 1.018803220,
2115.674680277, 1.019301551,
2115.695111923, 1.019308838,
2115.715543670, 1.018365952,
2115.735975217, 1.019805947,
2115.756406964, 1.020386578,
2115.776838611, 1.019940454,
2115.797270158, 1.020971783,
2115.817701905, 1.020431743,
2115.838133552, 1.019918735,
2115.899428494, 1.020082868,
2115.919860142, 1.020149468,
2115.940291789, 1.020087403,
2115.960723337, 1.020206450,
2115.981155085, 1.021269641,
2116.001586733, 1.020899111,
2116.022018281, 1.020939709,
2116.042450029, 1.020402383,
2116.062881677, 1.020676087,
2116.083313326, 1.020915056,
2116.103744974, 1.020772622,
2116.144608371, 1.020304367,
2116.165039920, 1.020450714,
2116.185471569, 1.020750681,
2116.205903318, 1.020625329,
2116.226334966, 1.020812762,
2116.246766516, 1.020418518,
2116.267198265, 1.020969782,
2116.287629914, 1.020951474,
2116.308061563, 1.020337629,
2116.328493213, 1.021006588,
2116.348924862, 1.020606934,
2116.389788162, 1.020033530,
2116.410219811, 1.020142531,
2116.430651561, 1.020417674,
2116.451083111, 1.020565546,
2116.471514761, 1.020927084,
2116.491946512, 1.020179979,
2116.512378062, 1.020712701,
2116.532809812, 1.020766472,
2116.553241463, 1.020778971,
2116.573673013, 1.020885561,
2116.594104764, 1.020211505,
2116.634967966, 1.020699599,
2116.655399717, 1.020385202,
2116.675831268, 1.020247903,
2116.696263019, 1.020513792,
2116.716694670, 1.021094764,
2116.757557973, 1.020709750,
2116.777989625, 1.020187997,
2116.798421277, 1.020299742,
2116.818852928, 1.020031188,
2116.839284580, 1.017993879,
2116.900579537, 1.020096267,
2116.921011289, 1.020437907,
2116.941442941, 1.020168430,
2116.961874494, 1.020790988,
2116.982306246, 1.020113397,
2117.002737899, 1.020099448,
2117.023169452, 1.020793328,
2117.043601205, 1.020318556,
2117.064032858, 1.020967228,
2117.084464611, 1.020571983,
2117.145759571, 1.019302583,
2117.166191124, 1.018862158,
2117.186622778, 1.018785499,
2117.207054432, 1.018497518,
2117.227486086, 1.019281880,
2117.247917740, 1.018325101,
2117.268349394, 1.019461246,
2117.288781048, 1.019064754,
2117.309212802, 1.019550346,
2117.329644356, 1.019169542,
2117.390939320, 1.018921875,
2117.411370975, 1.018543867,
2117.431802730, 1.019650366,
2117.452234385, 1.019398755,
2117.472666040, 1.019380910,
2117.493097695, 1.020249767,
2117.513529351, 1.020036152,
2117.533961006, 1.020276922,
2117.595256073, 1.020614735,
2117.615687629, 1.020244850,
2117.636119285, 1.020769608,
2117.656551041, 1.020590063,
2117.676982597, 1.021412667,
2117.717846010, 1.020977326,
2117.738277567, 1.021022436,
2117.758709323, 1.020632699,
2117.779140980, 1.020550750,
2117.881299266, 1.020057994,
2117.901730923, 1.020762753,
2117.922162581, 1.020662256,
2117.942594238, 1.020843267,
2117.963025896, 1.020946307,
2117.983457554, 1.020738274,
2118.003889212, 1.020526242,
2118.024320870, 1.021344112,
2118.044752529, 1.021100686,
2118.065184187, 1.020804841,
2118.106047604, 1.020103983,
2118.126479163, 1.021408402,
2118.146910922, 1.021116727,
2118.167342581, 1.021237032,
2118.187774140, 1.021278973,
2118.208205899, 1.021685338,
2118.228637558, 1.021727907,
2118.249069117, 1.021650949,
2118.269500877, 1.021566307,
2118.289932537, 1.022169206,
2118.310364296, 1.021594964,
2118.351227516, 1.021210094,
2118.371659276, 1.022278343,
2118.392090837, 1.020679108,
2118.412522497, 1.021231643,
2118.432954257, 1.021544075,
2118.453385818, 1.021681152,
2118.473817579, 1.021558416,
2118.494249240, 1.021552036,
2118.514680800, 1.021055229,
2118.555544223, 1.021015751,
2118.596407545, 1.020746086,
2118.678134192, 1.021095014,
2118.698565854, 1.020955665,
2118.718997517, 1.020928307,
2118.739429179, 1.021181073,
2118.759860841, 1.020682513,
2118.780292504, 1.021166521,
2118.800724166, 1.020961432,
2118.841587492, 1.020088221,
2118.862019255, 1.020251259,
2118.882450918, 1.021304206,
2118.902882482, 1.019674956,
2118.923314245, 1.019942033,
2118.943745908, 1.019702934,
2118.964177472, 1.020253551,
2118.984609236, 1.020055234,
2119.005040900, 1.019905729,
2119.025472464, 1.019335860,
2119.045904228, 1.019886463,
2119.107199221, 1.020260988,
2119.127630886, 1.020401646,
2119.148062650, 1.020275209,
2119.168494215, 1.020294332,
2119.188925880, 1.020301373,
2119.209357646, 1.020703064,
2119.229789211, 1.021123973,
2119.250220976, 1.020919640,
2119.270652642, 1.020616194,
2119.291084307, 1.020235598,
2119.352379205, 1.020766975,
2119.393242638, 1.021294982,
2119.413674404, 1.021506442,
2119.434105971, 1.021231104,
2119.454537637, 1.021726236,
2119.474969404, 1.021711193,
2119.495400971, 1.021565598,
2119.515832638, 1.021151141,
2119.536264406, 1.021417152,
2119.577127640, 1.021344410,
2119.597559408, 1.021312602,
2119.617990976, 1.020869132,
2119.638422744, 1.021291002,
2119.658854412, 1.021416843,
2119.679285980, 1.021490040,
2119.699717748, 1.020926559,
2119.720149417, 1.021416882,
2119.740581085, 1.020622316,
2119.761012754, 1.021360160,
2119.781444423, 1.021685947,
2119.822307761, 1.020601893,
2119.842739430, 1.021144636,
2119.863171199, 1.021159153,
2119.883602869, 1.021914483,
2119.904034438, 1.022017603,
2119.924466108, 1.022004525,
2119.944897778, 1.021686146,
2119.965329448, 1.022013205,
2119.985761218, 1.022390081,
2120.006192789, 1.022404355,
2120.067487800, 1.021227698,
2120.087919571, 1.022003331,
2120.108351242, 1.022511347,
2120.128782813, 1.022549571,
2120.149214585, 1.021934303,
2120.169646256, 1.022470410,
2120.190078028, 1.022106037,
2120.210509599, 1.022048670,
2120.230941271, 1.022223863,
2120.251373043, 1.021989249,
2120.271804615, 1.021887167,
2120.312668060, 1.021086223,
2120.333099632, 1.020774756,
2120.353531305, 1.020635686,
2120.373963078, 1.021228793,
2120.394394651, 1.021137554,
2120.414826424, 1.021019230,
2120.435258097, 1.020329085,
2120.455689771, 1.020474643,
2120.476121444, 1.020584759,
2120.496553118, 1.020421196,
2120.516984792, 1.020022998,
2120.557848140, 1.020433395,
2120.578279914, 1.020027574,
2120.598711488, 1.019866252,
2120.619143163, 1.019635091,
2120.639574937, 1.019997079,
2120.660006512, 1.019642403,
2120.680438187, 1.020222262,
2120.700869962, 1.019769151,
2120.721301538, 1.020150330,
2120.741733213, 1.019585699,
2120.803028340, 1.020763528,
2120.823460016, 1.020593098,
2120.843891592, 1.020979153,
2120.864323368, 1.020294366,
2120.884755045, 1.020504949,
2120.925618398, 1.021351809,
2120.946050075, 1.021113993,
2120.966481852, 1.020907806,
2120.986913429, 1.021368117,
2121.068640139, 1.021358134,
2121.089071917, 1.020597845,
2121.109503595, 1.021191398,
2121.129935173, 1.020901577,
2121.150366951, 1.021758742,
2121.170798630, 1.020863765,
2121.191230309, 1.022117936,
2121.232093666, 1.021317691,
2121.252525345, 1.021296826,
2121.272957025, 1.021219498,
2121.293388704, 1.021858893,
2121.313820384, 1.021674582,
2121.334252063, 1.021775060,
2121.354683843, 1.022196034,
2121.375115423, 1.022101373,
2121.395547103, 1.021474125,
2121.415978883, 1.021643791,
2121.436410464, 1.021546151,
2121.477273925, 1.021927333,
2121.497705506, 1.021994009,
2121.538568968, 1.021637842,
2121.559000550, 1.021455895,
2121.579432331, 1.021515655,
2121.599864013, 1.021544915,
2121.620295695, 1.022121820,
2121.640727377, 1.021691485,
2121.661159059, 1.021818355,
2121.681590741, 1.021755948,
2121.702022424, 1.022520375,
2121.722454106, 1.022209918,
2121.742885889, 1.021827975,
2121.783749155, 1.021830793,
2121.804180938, 1.021849344,
2121.824612622, 1.021190194,
2121.845044205, 1.021770831,
2121.865475989, 1.021764397,
2121.885907673, 1.021734665,
2121.906339257, 1.022108095,
2121.926771041, 1.022396943,
2121.947202726, 1.021560170,
2121.967634410, 1.022108416,
2121.988066095, 1.022139689,
2122.049361150, 1.022433079,
2122.069792735, 1.021611001,
2122.090224520, 1.022546242,
2122.131087992, 1.021809486,
2122.151519578, 1.021694898,
2122.171951264, 1.021842171,
2122.192383050, 1.021582647,
2122.212814637, 1.020943431,
2122.233246323, 1.020991242,
2122.274109797, 1.019980396,
2122.294541384, 1.021752878,
2122.314973171, 1.020805916,
2122.335404859, 1.020232332,
2122.355836546, 1.020360639,
2122.376268234, 1.019685039,
2122.396699922, 1.019486883,
2122.417131610, 1.020558301,
2122.437563298, 1.020192442,
2122.457994986, 1.020174187,
2122.478426775, 1.020544611,
2122.519290153, 1.020382456,
2122.539721842, 1.020455286,
2122.560153431, 1.020153057,
2122.580585220, 1.020264813,
2122.601016910, 1.020801160,
2122.621448499, 1.020478581,
2122.641880289, 1.020743844,
2122.662311879, 1.020919180,
2122.682743670, 1.021234808,
2122.703175360, 1.021502169,
2122.723606951, 1.021397586,
2122.784902023, 1.021538212,
2122.805333814, 1.021514975,
2122.825765506, 1.022370669,
2122.846197197, 1.022175716,
2122.866628889, 1.022483676,
2122.887060581, 1.021712520,
2122.907492373, 1.022293871,
2122.927924065, 1.022116096,
2122.948355658, 1.021866075,
2122.968787450, 1.021435377,
2123.030082529, 1.021297145,
2123.050514222, 1.020375486,
2123.070946016, 1.021593476,
2123.091377609, 1.021374232,
2123.111809303, 1.021580611,
2123.132241097, 1.021546850,
2123.152672691, 1.021568111,
2123.173104385, 1.021328510,
2123.193536180, 1.022481511,
2123.213967774, 1.022151915,
2123.275262859, 1.020954570,
2123.295694655, 1.021394587,
2123.316126250, 1.021883833,
2123.336557946, 1.021900650,
2123.356989742, 1.022327303,
2123.377421338, 1.021822685,
2123.397853034, 1.021920447,
2123.418284830, 1.021731620,
2123.438716427, 1.021492219,
2123.459148223, 1.021757460,
2123.500011617, 1.022716940,
2123.520443315, 1.022231009,
2123.540875012, 1.021128028,
2123.561306710, 1.021835830,
2123.581738407, 1.022122381,
2123.602170105, 1.021962568,
2123.622601904, 1.022336872,
2123.643033602, 1.022213741,
2123.663465200, 1.022056512,
2123.683896999, 1.022016950,
2123.704328698, 1.022692254,
2123.745192096, 1.021686934,
2123.765623795, 1.021753808,
2123.786055395, 1.021932720,
2123.806487195, 1.022012256,
2123.826918895, 1.022116572,
2123.847350695, 1.022454386,
2123.867782295, 1.021972475,
2123.888213996, 1.021903790,
2123.908645696, 1.021714790,
2123.929077397, 1.020938969,
2123.949509098, 1.021096127,
2123.990372501, 1.021720213,
2124.010804302, 1.021149872,
2124.031235904, 1.021109745,
2124.051667606, 1.020925147,
2124.072099408, 1.020843393,
2124.092531010, 1.020662782,
2124.112962713, 1.019990090,
2124.133394515, 1.021150515,
2124.153826218, 1.020940197,
2124.174257821, 1.020657304,
2124.194689624, 1.020506661,
2124.235553031, 1.020536486,
2124.255984735, 1.021258367,
2124.276416439, 1.020922915,
2124.296848243, 1.021287033,
2124.317279847, 1.020840390,
2124.337711552, 1.021154876,
2124.358143357, 1.020546024,
2124.378574961, 1.021093904,
2124.399006766, 1.021453239,
2124.419438472, 1.021469004,
2124.439870077, 1.021636319,
2124.480733589, 1.021230829,
2124.501165195, 1.021167154,
2124.521597001, 1.021414458,
2124.542028707, 1.021627142,
2124.562460414, 1.021837858,
2124.582892120, 1.021793443,
2124.603323827, 1.021491053,
2124.623755534, 1.021767458,
2124.644187242, 1.022095944,
2124.664618949, 1.021703812,
2124.685050657, 1.021447069,
2124.746345781, 1.021259103,
2124.766777490, 1.021640321,
2124.787209298, 1.021767593,
2124.807641007, 1.021798695,
2124.828072616, 1.021848209,
2124.848504425, 1.021888971,
2124.868936135, 1.021635055,
2124.889367744, 1.022188685,
2124.909799554, 1.021923540,
2124.930231264, 1.021601574,
2124.991526395, 1.021759087,
2125.011958206, 1.020933827,
2125.032389817, 1.021529071,
2125.052821528, 1.021568840,
2125.073253339, 1.021137231,
2125.093684951, 1.021773014,
2125.114116662, 1.022008453,
2125.134548474, 1.022195912,
2125.154980086, 1.022131637,
2125.175411899, 1.021457537,
2125.195843611, 1.021729858,
2125.216275224, 1.021037715,
2125.236707037, 1.021671262,
2125.257138750, 1.021503665,
2125.277570463, 1.021595502,
2125.298002177, 1.021496790,
2125.318433890, 1.021238173,
2125.338865604, 1.021794125,
2125.359297318, 1.021021418,
2125.379729032, 1.021574893,
2125.400160747, 1.021658635,
2125.420592462, 1.021069150,
2125.461455891, 1.020973513,
2125.481887607, 1.021143295,
2125.502319422, 1.020722013,
2125.522751138, 1.021171128,
2125.543182754, 1.020676171,
2125.563614570, 1.020315591,
2125.584046286, 1.021315074,
2125.604477902, 1.020625470,
2125.624909719, 1.020223685,
2125.665773053, 1.020133089,
2125.727068405, 1.019954512,
2125.747500023, 1.020051142,
2125.767931741, 1.019390928,
2125.788363559, 1.020223146,
2125.808795178, 1.020480712,
2125.829226897, 1.020489444,
2125.849658715, 1.020064276,
2125.870090334, 1.020467572,
2125.890522154, 1.020167841,
2125.910953873, 1.020733504,
2125.951817313, 1.019879046,
2125.972248933, 1.020587974,
2125.992680753, 1.020071559,
2126.013112474, 1.020385112,
2126.033544194, 1.020284652,
2126.053975815, 1.020585618,
2126.074407636, 1.020433796,
2126.094839358, 1.020725948,
2126.115271079, 1.020706954,
2126.135702801, 1.020661125,
2126.156134523, 1.021356971,
2126.196997967, 1.020912960,
2126.217429690, 1.020941249,
2126.237861513, 1.021254859,
2126.258293136, 1.021766193,
2126.278724959, 1.021148826,
2126.299156682, 1.020887922,
2126.319588306, 1.021733191,
2126.340020130, 1.021277960,
2126.360451853, 1.021157160,
2126.380883478, 1.021385215,
2126.401315302, 1.022453616,
2126.442178652, 1.021987673,
2126.462610477, 1.021631737,
2126.483042202, 1.021328820,
2126.503474027, 1.021334939,
2126.523905653, 1.020593226,
2126.544337379, 1.021279489,
2126.564769205, 1.020678927,
2126.585200931, 1.021224062,
2126.605632558, 1.021099524,
2126.646496112, 1.020825773,
2126.687359566, 1.021130570,
2126.707791194, 1.020927128,
2126.728223021, 1.021073085,
2126.748654749, 1.020711321,
2126.789518206, 1.020848403,
2126.830381764, 1.020938777,
2126.850813393, 1.020828800,
2126.871245122, 1.020053502,
2126.891676951, 1.020169231,
2126.952972141, 1.020524065,
2126.973403772, 1.020379690,
2126.993835502, 1.020474524,
2127.014267333, 1.019803333,
2127.034698964, 1.020361031,
2127.055130795, 1.020285551,
2127.075562527, 1.020349213,
2127.095994158, 1.019854878,
2127.116425990, 1.020287862,
2127.136857722, 1.020686240,
2127.198152920, 1.019825028,
2127.218584753, 1.020354276,
2127.239016386, 1.020601348,
2127.259448119, 1.020086550,
2127.279879853, 1.019735993,
2127.300311587, 1.019591949,
2127.320743321, 1.019324122,
2127.341175155, 1.019077126,
2127.361606790, 1.019885510,
2127.382038524, 1.019842272,
2127.422901995, 1.019156820,
2127.443333830, 1.019108050,
2127.463765566, 1.019325304,
2127.484197201, 1.018867017,
2127.504629038, 1.018975049,
2127.525060774, 1.019334532,
2127.545492410, 1.019722852,
2127.565924247, 1.019543251,
2127.586355984, 1.019584592,
2127.606787821, 1.019444804,
2127.627219458, 1.019127329,
2127.688514672, 1.019150686,
2127.708946410, 1.020233765,
2127.729378249, 1.020101685,
2127.749809887, 1.019562416,
2127.770241726, 1.020526911,
2127.790673465, 1.020365065,
2127.811105205, 1.020453832,
2127.831536944, 1.020503314,
2127.851968684, 1.020813497,
2127.872400424, 1.020484044,
2127.913263905, 1.020361054,
2127.933695646, 1.021188583,
2127.954127387, 1.021459739,
2127.974559128, 1.021486189,
2127.994990969, 1.021090962,
2128.015422611, 1.021694541,
2128.035854353, 1.021373012,
2128.056286195, 1.021211705,
2128.076717837, 1.021632694,
2128.097149580, 1.021333744,
2128.117581423, 1.021257826,
2128.158444909, 1.021459714,
2128.178876652, 1.021022295,
2128.199308296, 1.021467925,
2128.219740140, 1.020724558,
2128.240171884, 1.021207013,
2128.260603529, 1.020986180,
2128.281035373, 1.020937384,
2128.301467118, 1.020187943,
2128.321898763, 1.020593665,
2128.342330608, 1.020389049,
2128.362762354, 1.020199315,
2128.424057592, 1.019439264,
2128.444489438, 1.020005587,
2128.464921185, 1.019982649,
2128.485352832, 1.020214975,
2128.505784679, 1.020178627,
2128.526216426, 1.019342616,
2128.546648174, 1.019493946,
2128.587511670, 1.019750911,
2128.607943418, 1.020157465,
2128.628375167, 1.019883756,
2128.648806916, 1.019366261,
2128.669238665, 1.019646036,
2128.689670414, 1.019505494,
2128.710102263, 1.019460086,
2128.730533913, 1.019786746,
2128.750965663, 1.019845483,
2128.771397513, 1.018750499,
2128.791829164, 1.019281133,
2128.812260915, 1.019695363,
2128.832692765, 1.019396490,
2128.853124417, 1.019936866,
2128.914419671, 1.019209957,
2128.934851524, 1.018965560,
2128.955283276, 1.019202262,
2128.996146781, 1.019557722,
2129.016578534, 1.018716776,
2129.037010287, 1.018678256,
2129.057442041, 1.018964234,
2129.077873795, 1.018931233,
2129.098305649, 1.017829314,
2129.159600912, 1.017833105,
2129.180032667, 1.017997579,
2129.200464322, 1.018268759,
2129.220896178, 1.017367954,
2129.241327933, 1.018401720,
2129.261759689, 1.018526740,
2129.282191446, 1.018333583,
2129.302623202, 1.018550961,
2129.323054959, 1.018260710,
2129.343486715, 1.018598995,
2129.384350230, 1.019027868,
2129.404781988, 1.018320113,
2129.425213645, 1.019050644,
2129.445645503, 1.019127912,
2129.466077262, 1.019165219,
2129.486509120, 1.019294969,
2129.506940779, 1.019137346,
2129.527372538, 1.019615343,
2129.547804398, 1.019178213,
2129.568236057, 1.019446760,
2129.588667817, 1.019569492,
2129.649963198, 1.020446641,
2129.670394959, 1.020346730,
2129.690826720, 1.020160260,
2129.711258481, 1.020316179,
2129.731690243, 1.021095671,
2129.752122004, 1.020643182,
2129.772553766, 1.021322062,
2129.792985529, 1.020589709,
2129.813417291, 1.021236878,
2129.833849154, 1.021670837,
2129.874712680, 1.020750527,
2129.895144444, 1.020483445,
2129.915576107, 1.020822714,
2129.936007971, 1.020730936,
2129.956439736, 1.020682342,
2129.976871400, 1.020253329,
2129.997303265, 1.020476843,
2130.017734930, 1.020623351,
2130.038166795, 1.020355493,
2130.058598561, 1.019972330,
2130.079030226, 1.020090161,
2130.119893859, 1.019958794,
2130.140325525, 1.019575953,
2130.160757392, 1.019802253,
2130.181189159, 1.019624716,
2130.201621026, 1.019944004,
2130.222052694, 1.019579212,
2130.242484461, 1.029085797,
2130.262916329, 1.018911019,
2130.283347998, 1.019687465,
2130.303779766, 1.019825562,
2130.324211635, 1.019718109,
2130.365075073, 1.019287365,
2130.385506943, 1.019372209,
2130.405938712, 1.018645746,
2130.426370482, 1.019406123,
2130.446802253, 1.018996154,
2130.467234023, 1.018975087,
2130.487665894, 1.019181543,
2130.508097565, 1.019316598,
2130.528529336, 1.019063929,
2130.548961208, 1.019287812,
2130.569392880, 1.019180364,
2130.630688197, 1.019248667,
2130.651120069, 1.018839365,
2130.671551743, 1.018979531,
2130.691983516, 1.018202128,
2130.712415390, 1.018837575,
2130.732847063, 1.017593406,
2130.753278938, 1.018039083,
2130.773710712, 1.018080420,
2130.794142387, 1.017408887,
2130.814574261, 1.018894191,
2130.875869588, 1.017285520,
2130.896301364, 1.017246884,
2130.916733140, 1.017336332,
2130.937164916, 1.017666521,
2130.957596693, 1.017028282,
2130.978028570, 1.017345529,
2130.998460347, 1.018025353,
2131.018892025, 1.017609521,
2131.059755680, 1.018023326,
2131.121051016, 1.018826486,
2131.141482795, 1.019023984,
2131.161914574, 1.018835874,
2131.182346354, 1.019232485,
2131.202778234, 1.019095850,
2131.223209914, 1.019221788,
2131.243641694, 1.019548269,
2131.264073475, 1.019349255,
2131.284505256, 1.019134366,
2131.304937137, 1.020410125,
2131.366232482, 1.020864979,
2131.386664164, 1.020392524,
2131.407095947, 1.020963821,
2131.427527829, 1.020445816,
2131.447959512, 1.022081290,
2131.468391296, 1.020769672,
2131.488823179, 1.020780713,
2131.509254863, 1.020420592,
2131.529686747, 1.020577080,
2131.550118532, 1.020117380,
2131.590982101, 1.019806117,
2131.611413886, 1.020124626,
2131.631845672, 1.020036642,
2131.652277557, 1.019541519,
2131.672709243, 1.019971435,
2131.693141129, 1.019072370,
2131.713572916, 1.019588154,
2131.734004603, 1.019315629,
2131.754436490, 1.018771209,
2131.774868277, 1.019541031,
2131.795299965, 1.017983061,
2131.856595529, 1.018514728,
2131.877027218, 1.019374027,
2131.897459006, 1.019028812,
2131.917890796, 1.019228794,
2131.938322585, 1.019224232,
2131.958754375, 1.018522422,
2131.979186165, 1.018638116,
2131.999617955, 1.018846012,
2132.020049746, 1.019034378,
2132.040481536, 1.019902258,
2132.060913327, 1.019036722,
2132.081345219, 1.018890199,
2132.101776910, 1.018860767,
2132.142640594, 1.018677087,
2132.163072287, 1.018412460,
2132.183504080, 1.018654529,
2132.203935973, 1.018825082,
2132.224367766, 1.018342316,
2132.244799559, 1.018569365,
2132.265231353, 1.018482486,
2132.285663147, 1.017756739,
2132.326526736, 1.018353345,
2132.346958531, 1.018055822,
2132.367390426, 1.017960418,
2132.387822122, 1.017801446,
2132.408254018, 1.018586308,
2132.428685814, 1.018633627,
2132.449117510, 1.017498853,
2132.469549406, 1.018091556,
2132.489981203, 1.017555716,
2132.510412900, 1.017585594,
2132.530844798, 1.017640907,
2132.571708293, 1.018119538,
2132.592140192, 1.018607256,
2132.612571990, 1.018403009,
2132.633003789, 1.017784301,
2132.653435588, 1.018165065,
2132.673867287, 1.018049051,
2132.694299187, 1.018256687,
2132.714730987, 1.018556048,
2132.735162787, 1.018214988,
2132.755594588, 1.018660318,
2132.776026388, 1.018490585,
2132.837321792, 1.018763299,
2132.857753694, 1.019149317,
2132.878185496, 1.018940520,
2132.898617199, 1.019226379,
2132.919049101, 1.019399778,
2132.939480904, 1.019163869,
2132.959912708, 1.019580366,
2132.980344511, 1.019747592,
2133.000776315, 1.019961703,
2133.021208219, 1.019908624,
2133.082503633, 1.019954844,
2133.102935338, 1.019982484,
2133.143799050, 1.020208698,
2133.164230756, 1.020204534,
2133.184662662, 1.019990524,
2133.205094469, 1.020307726,
2133.225526176, 1.020462787,
2133.245958083, 1.020269785,
2133.266389891, 1.020766944,
2133.307253507, 1.019495292,
2133.327685215, 1.019527437,
2133.348117124, 1.019881120,
2133.368548933, 1.019451040,
2133.388980642, 1.018854819,
2133.409412551, 1.020084461,
2133.429844361, 1.020002672,
2133.450276171, 1.018886849,
2133.470707982, 1.019874846,
2133.491139792, 1.019632196,
2133.511571704, 1.019517080,
2133.552435226, 1.019521563,
2133.572867138, 1.019850548,
2133.593298950, 1.020136297,
2133.613730663, 1.020803746,
2133.634162575, 1.019757029,
2133.654594388, 1.019719775,
2133.675026302, 1.019764306,
2133.715889829, 1.019516132,
2133.736321743, 1.019992820,
2133.777185273, 1.019406222,
2133.797617188, 1.019312698,
2133.818048903, 1.019316123,
2133.838480718, 1.019613620,
2133.858912634, 1.019895910,
2133.879344351, 1.019492812,
2133.899776267, 1.020462445,
2133.920208084, 1.019529553,
2133.940639801, 1.019746101,
2133.961071718, 1.020549794,
2134.001935354, 1.019844128,
2134.063230810, 1.019792247,
2134.083662629, 1.019465625,
2134.104094448, 1.019723777,
2134.124526268, 1.018164275,
2134.144958088, 1.018542396,
2134.165389908, 1.018780663,
2134.185821729, 1.019136687,
2134.206253550, 1.018915960,
2134.226685371, 1.019185389,
2134.267549014, 1.018600240,
2134.287980936, 1.018757942,
2134.308412759, 1.018527999,
2134.328844481, 1.018769234,
2134.349276404, 1.018420446,
2134.369708228, 1.018759848,
2134.390139951, 1.017797052,
2134.410571875, 1.019268628,
2134.431003699, 1.017577992,
2134.451435624, 1.019549165,
2134.471867349, 1.017466038,
2134.553594650, 1.019346918,
2134.574026477, 1.019284386,
2134.594458303, 1.019345682,
2134.614890230, 1.019814917,
2134.635322057, 1.019035116,
2134.655753785, 1.019243384,
2134.676185713, 1.019024405,
2134.696617441, 1.019761698,
2134.717049269, 1.019758209,
2134.737481198, 1.020016103,
2134.798776686, 1.019778108,
2134.819208515, 1.020531244,
2134.839640346, 1.020664687,
2134.860072176, 1.020763467,
2134.880504007, 1.021359952,
2134.900935938, 1.020813098,
2134.921367669, 1.021560551,
2134.941799501, 1.021287247,
2134.962231433, 1.021688894,
2134.982663165, 1.021907307,
2135.043958664, 1.021112850,
2135.064390598, 1.021101875,
2135.084822431, 1.021445764,
2135.105254166, 1.021438845,
2135.125686100, 1.021014934,
2135.146117935, 1.021739025,
2135.166549870, 1.021366307,
2135.186981605, 1.020663378,
2135.207413441, 1.021136900,
2135.227845377, 1.020795437,
2135.268708950, 1.019758834,
2135.289140887, 1.020426013,
2135.309572624, 1.021052440,
2135.330004461, 1.020455751,
2135.350436299, 1.020271005,
2135.370868137, 1.020595590,
2135.391300076, 1.020511790,
2135.411731915, 1.020662524,
2135.432163654, 1.020810665,
2135.452595593, 1.021553809,
2135.473027433, 1.021227092,
2135.534322954, 1.021038140,
2135.554754895, 1.020528648,
2135.575186636, 1.020233756,
2135.595618477, 1.020804166,
2135.616050419, 1.020612263,
2135.636482161, 1.020425576,
2135.656914004, 1.020616546,
2135.677345947, 1.020608606,
2135.697777690, 1.020676168,
2135.718209633, 1.020656015,
2135.779505165, 1.020305396,
2135.799937010, 1.020110150,
2135.820368755, 1.020372608,
2135.840800700, 1.020561632,
2135.861232546, 1.019843097,
2135.881664392, 1.019877760,
2135.902096238, 1.020130076,
2135.983823626, 1.019336436,
2136.004255474, 1.020084600,
2136.024687322, 1.019227468,
2136.045119171, 1.020295664,
2136.065551119, 1.019102261,
2136.085982868, 1.019212306,
2136.106414818, 1.019259789,
2136.126846667, 1.018892370,
2136.147278418, 1.019823199,
2136.167710368, 1.019532828,
2136.188142219, 1.019878435,
2136.208573970, 1.018788021,
2136.249437772, 1.018798260,
2136.269869724, 1.018851023,
2136.290301477, 1.019205039,
2136.310733329, 1.019486049,
2136.331165282, 1.019695453,
2136.351597035, 1.019569322,
2136.372028889, 1.019196413,
2136.392460843, 1.020135472,
2136.412892597, 1.019937379,
2136.433324451, 1.021955907,
2136.515051972, 1.020048455,
2136.535483829, 1.019950904,
2136.555915685, 1.020010016,
2136.576347542, 1.020355273,
2136.596779399, 1.020929941,
2136.617211256, 1.020899672,
2136.637643114, 1.020777892,
2136.658074972, 1.022046983,
2136.678506830, 1.021284716,
2136.698938689, 1.021669599,
2136.760234267, 1.021342524,
2136.780666227, 1.021307716,
2136.801097987, 1.021656870,
2136.821529948, 1.021426254,
2136.841961809, 1.021469507,
2136.862393570, 1.021113298,
2136.882825532, 1.021106467,
2136.903257393, 1.020929033,
2136.923689156, 1.021562369,
2136.944121118, 1.021552083,
2137.005416708, 1.021190753,
2137.025848572, 1.020245290,
2137.046280536, 1.020559663,
2137.066712300, 1.020298395,
2137.087144165, 1.021409841,
2137.107576131, 1.020679996,
2137.148439762, 1.020651211,
2137.168871728, 1.020071189,
2137.189303595, 1.020112766,
2137.250599196, 1.020600324,
2137.271031064, 1.020654683,
2137.291462932, 1.021057925,
2137.332326669, 1.021281096,
2137.352758538, 1.021199166,
2137.373190408, 1.021710472,
2137.393622278, 1.021705801,
2137.414054148, 1.021243446,
2137.434486118, 1.022073849,
2137.495781732, 1.020759035,
2137.516213503, 1.021327782,
2137.536645475, 1.020843612,
2137.557077348, 1.020947413,
2137.577509121, 1.020897923,
2137.597941094, 1.020610321,
2137.618372967, 1.020283283,
2137.638804741, 1.019906127,
2137.659236715, 1.021463424,
2137.679668589, 1.019702587,
2137.720532339, 1.019583952,
2137.740964215, 1.019883018,
2137.761396191, 1.019059274,
2137.781827967, 1.019511960,
2137.802259843, 1.019652265,
2137.822691820, 1.019808912,
2137.843123597, 1.019284628,
2137.883987452, 1.019627254,
2137.904419330, 1.019639134,
2137.924851209, 1.019129998,
2137.965714867, 1.019609324,
2137.986146846, 1.019405605,
2138.006578726, 1.019509402,
2138.027010506, 1.019625269,
2138.047442487, 1.019691935,
2138.067874368, 1.019490000,
2138.088306349, 1.019196091,
2138.108738130, 1.020018909,
2138.129170012, 1.020387160,
2138.149601994, 1.020411628,
2138.170033777, 1.020194733,
2138.231329426, 1.019783845,
2138.251761410, 1.019950343,
2138.272193294, 1.019974099,
2138.292625079, 1.019960508,
2138.313057064, 1.020516292,
2138.333488949, 1.020602340,
2138.353920735, 1.021161447,
2138.374352721, 1.020857263,
2138.394784607, 1.020666930,
2138.415216493, 1.022157235,
2138.456080268, 1.021689338,
2138.476512255, 1.021662806,
2138.496944043, 1.021821050,
2138.517375932, 1.021686029,
2138.537807920, 1.022273055,
2138.558239809, 1.021920887,
2138.578671599, 1.021816872,
2138.599103588, 1.022521577,
2138.619535378, 1.022330783,
2138.639967369, 1.022133670,
2138.660399259, 1.021884826,
2138.721694934, 1.020693423,
2138.742126726, 1.020986482,
2138.762558718, 1.020668273,
2138.782990611, 1.021154944,
