BJD - 2454833, Corrected Flux
2061.305841789, 0.996359280,
2061.346706306, 0.996938256,
2061.367138414, 0.997311428,
2061.387570722, 0.997601531,
2061.408002929, 0.998477064,
2061.428435236, 0.999070227,
2061.489731853, 1.008949141,
2061.510163957, 1.009542684,
2061.530596162, 1.010033451,
2061.551028466, 1.010735243,
2061.571460669, 1.011312546,
2061.591892772, 1.012022378,
2061.612325075, 1.012916441,
2061.632757277, 1.014091425,
2061.653189378, 1.013884089,
2061.673621680, 1.014175826,
2061.694053880, 1.014607712,
2061.714486081, 1.015197976,
2061.734918280, 1.015611772,
2061.755350480, 1.016581137,
2061.775782679, 1.016777505,
2061.816647075, 1.017571642,
2061.837079273, 1.017746466,
2061.857511470, 1.018076513,
2061.877943567, 1.018623503,
2061.898375863, 1.018862348,
2061.918808058, 1.019022985,
2061.939240254, 1.020351329,
2061.959672448, 1.019773943,
2061.980104643, 1.019854679,
2062.000536937, 1.020209243,
2062.020969030, 1.020415946,
2062.041401223, 1.020795712,
2062.061833516, 1.020962808,
2062.082265608, 1.020933545,
2062.102697800, 1.020778324,
2062.123130091, 1.020701239,
2062.143562281, 1.020716482,
2062.163994372, 1.020624322,
2062.225290940, 1.020062587,
2062.245723228, 1.019441294,
2062.266155417, 1.019745942,
2062.286587504, 1.019290592,
2062.307019791, 1.019043853,
2062.327451978, 1.018400709,
2062.347884264, 1.018166188,
2062.368316350, 1.017772723,
2062.388748536, 1.017247326,
2062.409180820, 1.016757719,
2062.429612905, 1.016100327,
2062.450045089, 1.015421582,
2062.470477272, 1.015118590,
2062.490909456, 1.014996918,
2062.511341638, 1.014666298,
2062.531773820, 1.014677519,
2062.552206002, 1.014180396,
2062.572638183, 1.014710751,
2062.593070364, 1.014009811,
2062.613502545, 1.013018783,
2062.633934725, 1.012664663,
2062.654367004, 1.012122596,
2062.674799083, 1.011782761,
2062.695231362, 1.011028755,
2062.715663540, 1.010279120,
2062.736095618, 1.009384824,
2062.756527895, 1.008775989,
2062.776960072, 1.008316404,
2062.797392148, 1.007315200,
2062.817824424, 1.007017266,
2062.838256600, 1.005795647,
2062.858688675, 1.004604009,
2062.879120950, 1.003473642,
2062.899553124, 1.004338466,
2062.919985197, 1.001527301,
2062.940417471, 1.000460391,
2062.960849643, 0.999387320,
2062.981281816, 0.998523079,
2063.001713988, 0.997994643,
2063.022146159, 0.996915332,
2063.042578331, 0.995899392,
2063.063010501, 0.994992781,
2063.083442671, 0.993774211,
2063.103874941, 0.993036157,
2063.124307110, 0.992152967,
2063.144739179, 0.991407358,
2063.165171448, 0.991384538,
2063.185603615, 0.989611852,
2063.206035683, 0.988423875,
2063.226467950, 0.987584275,
2063.246900017, 0.986674648,
2063.267332183, 0.985558958,
2063.287764449, 0.984465155,
2063.308196514, 0.983331698,
2063.328628679, 0.982457915,
2063.349060943, 0.981363600,
2063.369493007, 0.980453781,
2063.389925170, 0.979577011,
2063.410357433, 0.978646195,
2063.430789496, 0.991447650,
2063.451221658, 0.986817200,
2063.471653920, 0.981800399,
2063.492086082, 0.978314847,
2063.512518242, 0.976265496,
2063.532950403, 0.975017407,
2063.553382563, 0.974298858,
2063.573814722, 0.973331742,
2063.594246882, 0.972687986,
2063.614679040, 0.972998818,
2063.635111298, 0.973496102,
2063.696407770, 0.968870268,
2063.716839827, 0.968385340,
2063.737271983, 0.967992643,
2063.757704238, 0.967779041,
2063.778136293, 0.967390194,
2063.798568448, 0.967575819,
2063.819000702, 0.967904835,
2063.839432756, 0.968550604,
2063.859864910, 0.968947424,
2063.880297163, 0.969836865,
2063.900729215, 0.969947276,
2063.921161467, 0.970163000,
2063.941593619, 0.971314118,
2063.962025670, 0.970865396,
2063.982457921, 0.971490270,
2064.002890071, 0.970995158,
2064.023322121, 0.970723786,
2064.043754370, 0.971343441,
2064.064186519, 0.971545628,
2064.084618568, 0.971728380,
2064.105050816, 0.971941984,
2064.125482964, 0.972631445,
2064.554557965, 0.987549991,
2064.574990203, 0.988044613,
2064.595422341, 0.989127266,
2064.615854378, 0.989966042,
2064.636286615, 0.990516626,
2064.656718751, 0.991208510,
2064.738447193, 0.994310021,
2064.758879427, 0.994974447,
2064.779311461, 0.995595413,
2064.799743694, 0.996416472,
2064.820175827, 0.997238426,
2064.840607960, 0.997552974,
2064.861040091, 0.997946662,
2064.922336485, 1.000357299,
2064.942768616, 1.001365563,
2064.963200746, 1.001988307,
2064.983632975, 1.002252970,
2065.004065004, 1.002257079,
2065.024497132, 1.002712002,
2065.044929361, 1.003113199,
2065.065361389, 1.003810260,
2065.085793516, 1.004419973,
2065.106225743, 1.004750143,
2065.126657769, 1.005185066,
2065.147089895, 1.005474752,
2065.167522121, 1.005908609,
2065.187954146, 1.006541901,
2065.208386371, 1.008107281,
2065.228818495, 1.008570827,
2065.249250519, 1.008746137,
2065.269682742, 1.009526009,
2065.290114866, 1.009674590,
2065.310546988, 1.010121119,
2065.330979111, 1.010955246,
2065.351411232, 1.011349712,
2065.371843354, 1.011698601,
2065.392275474, 1.012455905,
2065.412707595, 1.013060260,
2065.433139715, 1.013310419,
2065.453571835, 1.013712906,
2065.474003954, 1.014162259,
2065.494435973, 1.014624973,
2065.514868191, 1.015042110,
2065.535300309, 1.015723922,
2065.555732327, 1.016181027,
2065.576164543, 1.016792281,
2065.596596660, 1.018441290,
2065.657893008, 1.019214534,
2065.678325223, 1.019675788,
2065.698757237, 1.020817388,
2065.719189351, 1.021486369,
2065.739621565, 1.021546759,
2065.760053578, 1.021665312,
2065.780485691, 1.021606559,
2065.800917903, 1.021600299,
2065.862214238, 1.021949513,
2065.882646349, 1.022777098,
2065.903078359, 1.023091245,
2065.923510569, 1.023773963,
2065.943942678, 1.024871515,
2065.964374687, 1.023998963,
2065.984806896, 1.023961170,
2066.005239004, 1.023733085,
2066.025671012, 1.023749215,
2066.046103219, 1.023733413,
2066.066535326, 1.023364180,
2066.086967532, 1.022871149,
2066.148263749, 1.023383738,
2066.168695854, 1.023003205,
2066.189127959, 1.022281575,
2066.209560062, 1.021914186,
2066.229992166, 1.021393368,
2066.250424269, 1.021026625,
2066.270856372, 1.020519676,
2066.291288474, 1.020102490,
2066.311720576, 1.019622214,
2066.332152777, 1.019205970,
2066.393449079, 1.017966964,
2066.413881079, 1.017426114,
2066.434313178, 1.016431056,
2066.454745377, 1.015766281,
2066.475177375, 1.015401434,
2066.495609473, 1.014894686,
2066.516041671, 1.014101637,
2066.536473668, 1.013866954,
2066.556905865, 1.013311799,
2066.577337962, 1.012874129,
2066.597769957, 1.012858949,
2066.618202153, 1.012099008,
2066.638634248, 1.011116544,
2066.659066343, 1.010209805,
2066.679498437, 1.009438179,
2066.699930531, 1.009788366,
2066.720362625, 1.008968684,
2066.740794718, 1.007308034,
2066.761226810, 1.006366197,
2066.781658902, 1.005314098,
2066.802091094, 1.004200456,
2066.822523085, 1.003649215,
2066.863387267, 1.002305092,
2066.883819357, 1.001033387,
2066.904251447, 1.000030609,
2066.924683636, 0.998993362,
2066.945115625, 0.998594865,
2066.965547614, 0.997920622,
2066.985979802, 0.997280913,
2067.006411889, 0.996313894,
2067.026844076, 0.995313355,
2067.047276063, 0.994550669,
2067.067708149, 0.993327800,
2067.088140336, 0.992460361,
2067.108572321, 0.991413552,
2067.129004406, 0.990511719,
2067.149436591, 0.989342185,
2067.169868675, 0.988301466,
2067.190300659, 0.987286327,
2067.210732843, 0.986048231,
2067.231164926, 0.985357111,
2067.251596908, 0.984798507,
2067.272029091, 0.983819218,
2067.292461173, 0.983167935,
2067.312893154, 0.982074142,
2067.353757416, 0.980022158,
2067.374189396, 0.979031016,
2067.394621575, 0.980192097,
2067.415053655, 0.980464725,
2067.455917812, 0.978153189,
2067.476349891, 0.977200046,
2067.496782068, 0.976601199,
2067.517214046, 0.976196896,
2067.537646122, 0.975680129,
2067.558078299, 0.975211344,
2067.578510275, 0.974631608,
2067.598942351, 0.973812284,
2067.619374426, 0.973668003,
2067.639806600, 0.973489323,
2067.660238575, 0.972747193,
2067.680670649, 0.972179119,
2067.701102723, 0.972222735,
2067.721534796, 0.972241044,
2067.741966969, 0.972179268,
2067.762398941, 0.971740736,
2067.782831013, 0.971460668,
2067.803263184, 0.971441738,
2067.864559397, 0.972295107,
2067.884991367, 0.972518832,
2067.905423536, 0.972789241,
2067.925855605, 0.972904407,
2067.946287574, 0.973253025,
2067.966719743, 0.973273293,
2067.987151810, 0.973603369,
2068.007583878, 0.974031205,
2068.028015945, 0.975036362,
2068.048448012, 0.974838986,
2068.130176274, 0.976669768,
2068.150608439, 0.977522267,
2068.171040403, 0.978274396,
2068.191472467, 0.978838915,
2068.211904630, 0.979370192,
2068.232336593, 0.979862979,
2068.252768656, 0.980201775,
2068.314064841, 0.982132237,
2068.334497002, 0.982708872,
2068.354928963, 0.983276970,
2068.375361123, 0.984117363,
2068.395793082, 0.985224386,
2068.416225142, 0.986463929,
2068.436657301, 0.987469363,
2068.457089259, 0.988612479,
2068.477521318, 0.989207210,
2068.497953475, 0.989968410,
2068.518385433, 0.990637725,
2068.538817490, 0.991579420,
2068.559249646, 0.992264785,
2068.579681703, 0.992969123,
2068.600113658, 0.994479444,
2068.620545813, 0.994697742,
2068.640977868, 0.995339570,
2068.661409823, 0.995874080,
2068.681841977, 0.996706542,
2068.702274031, 0.997439594,
2068.722705984, 0.998917068,
2068.743138137, 0.999267349,
2068.763570189, 1.000235420,
2068.784002342, 1.000623914,
2068.845298495, 1.003534433,
2068.865730446, 1.003549029,
2068.886162496, 1.003887178,
2068.906594646, 1.004354737,
2068.927026595, 1.005435634,
2068.947458644, 1.005577676,
2068.967890792, 1.005706762,
2068.988322841, 1.006664377,
2069.008754788, 1.007574023,
2069.029186936, 1.008247842,
2069.049618983, 1.009115107,
2069.070050929, 1.009593919,
2069.090483075, 1.010005404,
2069.110915021, 1.010080875,
2069.131347066, 1.010469693,
2069.151779211, 1.011205541,
2069.172211255, 1.011422794,
2069.192643200, 1.011329383,
2069.213075343, 1.011584682,
2069.233507287, 1.011735995,
2069.253939430, 1.012327259,
2069.274371472, 1.012840186,
2069.315235556, 1.015034765,
2069.335667597, 1.014619669,
2069.356099538, 1.014744409,
2069.376531679, 1.015144770,
2069.396963719, 1.015274142,
2069.417395759, 1.015366043,
2069.437827798, 1.015638653,
2069.458259837, 1.015818366,
2069.478691876, 1.016110435,
2069.499123914, 1.016994623,
2069.519555951, 1.017232974,
2069.580852062, 1.017397961,
2069.601284099, 1.017486575,
2069.621716234, 1.018385036,
2069.642148170, 1.019399764,
2069.662580305, 1.019878869,
2069.683012340, 1.020079151,
2069.703444274, 1.019756645,
2069.723876408, 1.019922547,
2069.744308441, 1.020176466,
2069.764740374, 1.020318018,
2069.785172507, 1.021509021,
2069.805604539, 1.021559696,
2069.826036470, 1.020804841,
2069.846468602, 1.020872033,
2069.866900533, 1.021010801,
2069.887332664, 1.020842907,
2069.907764694, 1.019912244,
2069.928196724, 1.030530459,
2069.948628653, 1.022490869,
2069.969060783, 1.021240078,
2069.989492811, 1.020736103,
2070.009924740, 1.020825351,
2070.091652949, 1.020446783,
2070.112084975, 1.020218000,
2070.132517101, 1.019912790,
2070.152949027, 1.019094685,
2070.173381052, 1.018604714,
2070.214245101, 1.018036680,
2070.234677125, 1.018049204,
2070.275541172, 1.017660904,
2070.295973195, 1.016989970,
2070.316405317, 1.016548656,
2070.336837240, 1.016184691,
2070.357269261, 1.015599529,
2070.377701383, 1.014825588,
2070.398133404, 1.014256971,
2070.418565324, 1.013464787,
2070.438997444, 1.012871010,
2070.459429464, 1.012679344,
2070.479861383, 1.012333268,
2070.500293502, 1.011758411,
2070.541157639, 1.010748898,
2070.582021474, 1.008675543,
2070.602453591, 1.007905812,
2070.622885608, 1.007335983,
2070.643317524, 1.006896412,
2070.663749640, 1.007109157,
2070.684181655, 1.006285872,
2070.704613571, 1.005933859,
2070.725045685, 1.004751722,
2070.745477700, 1.003653684,
2070.765909713, 1.002648570,
2070.786341727, 1.001996731,
2070.806773740, 1.000750527,
2070.827205753, 0.999775798,
2070.847637766, 0.998933939,
2070.868069778, 0.998741594,
2070.888501789, 0.998875743,
2070.908933900, 0.997521038,
2070.929365811, 0.996458770,
2070.949797922, 0.994823299,
2070.970229932, 0.993372023,
2070.990661841, 0.992232618,
2071.051957868, 0.991090735,
2071.072389976, 0.989901657,
2071.092821984, 0.988768293,
2071.113253892, 0.988147585,
2071.133685999, 0.986864494,
2071.154118005, 0.985851021,
2071.174549912, 0.984860125,
2071.194982018, 0.983900725,
2071.215414023, 0.983157425,
2071.235846028, 0.982572580,
2071.297142041, 0.980543777,
2071.317574045, 0.979796501,
2071.358438051, 0.977869118,
2071.378870053, 0.977037257,
2071.399302055, 0.976278075,
2071.419734157, 0.976222898,
2071.440166058, 0.975934040,
2071.460598059, 0.975597237,
2071.481030160, 0.975241439,
2071.501462060, 0.975259985,
2071.521894060, 0.975081778,
2071.542326159, 0.974271077,
2071.562758058, 0.974026151,
2071.583190057, 0.973397567,
2071.603622155, 0.973294813,
2071.624054053, 0.972953720,
2071.644486050, 0.972592445,
2071.664918148, 0.972308527,
2071.685350044, 0.972307096,
2071.705782041, 0.972183208,
2071.726214136, 0.972143426,
2071.746646132, 0.972152813,
2071.767078128, 0.972363620,
2071.807942117, 0.972533553,
2071.828374111, 0.972440037,
2071.848806105, 0.973507223,
2071.869238098, 0.972889742,
2071.889670191, 0.972549206,
2071.910102084, 0.975611313,
2071.930534076, 0.974806867,
2071.950966168, 0.975205317,
2071.971398059, 0.976825195,
2072.053126021, 0.974832262,
2072.073558011, 0.975726934,
2072.093990000, 0.976237366,
2072.114421989, 0.976719454,
2072.134853977, 0.978013625,
2072.155285966, 0.978614510,
2072.175717954, 0.979096876,
2072.196149941, 0.979515249,
2072.237014014, 0.980508125,
2072.257446000, 0.981561821,
2072.277877886, 0.982070653,
2072.298309972, 0.984132135,
2072.318741957, 0.984510667,
2072.339173842, 0.985501236,
2072.359605926, 0.986477253,
2072.380037910, 0.987626677,
2072.400469794, 0.987733915,
2072.420901877, 0.988930797,
2072.441333860, 0.989801225,
2072.461765742, 0.990688229,
2072.502629806, 0.991316731,
2072.523061688, 0.992274746,
2072.543493769, 0.993185180,
2072.563925749, 0.993926519,
2072.584357730, 0.994498446,
2072.604789710, 0.995054338,
2072.625221689, 0.995820070,
2072.645653768, 0.996229129,
2072.666085647, 0.997168950,
2072.686517625, 0.997989052,
2072.706949703, 0.999238693,
2072.747813559, 1.001474831,
2072.768245635, 0.999908209,
2072.788677612, 1.001034022,
2072.809109488, 1.001874731,
2072.829541564, 1.002858500,
2072.849973439, 1.003426844,
2072.890837490, 1.004489776,
2072.911269364, 1.005076253,
2072.931701338, 1.005697061,
2072.952133411, 1.006051605,
2072.972565285, 1.006279216,
2072.992997258, 1.006744622,
2073.013429330, 1.006956719,
2073.033861202, 1.007020939,
2073.054293274, 1.007481355,
2073.074725245, 1.007483718,
2073.095157217, 1.007636323,
2073.115589187, 1.008065585,
2073.136021158, 1.008757299,
2073.156453128, 1.009328071,
2073.176885097, 1.009755998,
2073.197317067, 1.009951515,
2073.258612972, 1.010457328,
2073.279044940, 1.010409059,
2073.299477007, 1.010759653,
2073.319908874, 1.010789743,
2073.340340841, 1.011039838,
2073.360772907, 1.011318527,
2073.381204773, 1.011703394,
2073.401636739, 1.011791622,
2073.422068704, 1.012589300,
2073.442500669, 1.012629127,
2073.462932733, 1.012794235,
2073.483364598, 1.012960628,
2073.503796561, 1.013031138,
2073.524228625, 1.014323931,
2073.544660488, 1.016010503,
2073.565092450, 1.016914137,
2073.585524513, 1.016018664,
2073.605956475, 1.016057912,
2073.626388336, 1.017326520,
2073.646820398, 1.018005474,
2073.667252358, 1.018346973,
2073.687684219, 1.018395321,
2073.748980098, 1.016192278,
2073.769412157, 1.016278307,
2073.789844116, 1.016276293,
2073.810275974, 1.016645910,
2073.830708032, 1.016328767,
2073.851139990, 1.016078201,
2073.871572047, 1.016047316,
2073.892003904, 1.016509386,
2073.912435860, 1.016283708,
2073.932867917, 1.016416202,
2073.994163783, 1.016345128,
2074.014595638, 1.016117944,
2074.035027592, 1.015831696,
2074.055459647, 1.015596017,
2074.075891600, 1.016038734,
2074.096323453, 1.015352911,
2074.116755506, 1.015072905,
2074.137187359, 1.014849491,
2074.157619311, 1.014607559,
2074.178051363, 1.014696615,
2074.239347217, 1.013466408,
2074.259779067, 1.013416524,
2074.280211017, 1.013119948,
2074.300643067, 1.012723227,
2074.321074916, 1.012660935,
2074.341506965, 1.012275585,
2074.361938914, 1.011864091,
2074.382370762, 1.011504321,
2074.402802810, 1.011281162,
2074.423234758, 1.010628477,
2074.443666705, 1.009680837,
2074.464098652, 1.008867950,
2074.484530599, 1.007898792,
2074.504962545, 1.007712417,
2074.525394490, 1.007235997,
2074.545826436, 1.006659833,
2074.566258381, 1.006117508,
2074.586690426, 1.005625440,
2074.607122270, 1.004630297,
2074.627554214, 1.004068031,
2074.647986258, 1.003889744,
2074.668418101, 1.002577684,
2074.709282087, 1.001190503,
2074.729713929, 1.000323420,
2074.750145971, 0.999198397,
2074.770577913, 0.998449175,
2074.791009754, 0.997170666,
2074.811441795, 0.996084298,
2074.831873735, 0.995808246,
2074.852305576, 0.994735110,
2074.872737615, 0.993734789,
2074.893169455, 0.993032720,
2074.913601394, 0.992146381,
2074.954465271, 0.989864162,
2074.974897209, 0.989497458,
2074.995329247, 0.989219854,
2075.015761184, 0.988797860,
2075.036193021, 0.987852437,
2075.056625058, 0.986935127,
2075.077056994, 0.985994378,
2075.097488831, 0.985069910,
2075.117920866, 0.983759189,
2075.138352801, 0.982623945,
2075.158784836, 0.982017951,
2075.179216671, 0.981123975,
2075.199648605, 0.980179709,
2075.220080639, 0.979553395,
2075.240512472, 0.979024973,
2075.260944406, 0.978873380,
2075.281376438, 0.978560483,
2075.301808271, 0.977477187,
2075.322240203, 0.979772231,
2075.342672235, 0.978730549,
2075.363104066, 0.978908639,
2075.383535997, 0.977250586,
2075.403968028, 0.974815485,
2075.465263818, 0.974153076,
2075.485695747, 0.973746327,
2075.506127577, 0.973194364,
2075.526559605, 0.972982810,
2075.546991534, 0.972301671,
2075.587855389, 0.971505111,
2075.608287317, 0.971740294,
2075.628719243, 0.971424221,
2075.710446948, 0.968657450,
2075.730878773, 0.973798457,
2075.751310798, 0.973349402,
2075.771742722, 0.971077049,
2075.792174546, 0.971635124,
2075.812606570, 0.972613024,
2075.833038494, 0.972863751,
2075.853470417, 0.972899568,
2075.873902340, 0.973270006,
2075.894334262, 0.973353851,
2075.955630027, 0.977282498,
2075.976062048, 0.975078447,
2075.996493969, 0.974201841,
2076.016925790, 0.975029462,
2076.037357810, 0.975785902,
2076.057789729, 0.976373915,
2076.078221549, 0.976988702,
2076.098653568, 0.977644930,
2076.119085487, 0.978451196,
2076.139517305, 0.979245840,
2076.159949323, 0.980179580,
2076.180381241, 0.980490358,
2076.200813058, 0.980760899,
2076.221245075, 0.981775405,
2076.241676992, 0.982300921,
2076.262108908, 0.982860933,
2076.282540824, 0.983591632,
2076.302972740, 0.984383464,
2076.323404655, 0.985676526,
2076.343836570, 0.987118832,
2076.364268485, 0.987798109,
2076.384700399, 0.989056793,
2076.425564226, 0.989862782,
2076.445996140, 0.990666092,
2076.466428053, 0.991359918,
2076.486859965, 0.991973656,
2076.507291977, 0.992206407,
2076.527723789, 0.992978848,
2076.548155701, 0.993819746,
2076.568587712, 0.994796598,
2076.589019523, 0.995540612,
2076.609451434, 0.997569225,
2076.629883444, 0.997744804,
2076.670747163, 0.999070731,
2076.691179173, 0.999817906,
2076.711610981, 1.000591120,
2076.732042890, 1.001299767,
2076.752474898, 1.002097088,
2076.772906706, 1.002333826,
2076.793338714, 1.002525922,
2076.813770621, 1.004688889,
2076.834202528, 1.003846086,
2076.854634434, 1.004177667,
2076.875066340, 1.004527171,
2076.915930252, 1.005834005,
2076.936362057, 1.005958159,
2076.956793962, 1.007067060,
2076.977225967, 1.007485827,
2076.997657771, 1.007934000,
2077.018089675, 1.008352126,
2077.038521578, 1.008509211,
2077.058953481, 1.008752563,
2077.079385384, 1.008408252,
2077.099817287, 1.008329738,
2077.120249189, 1.009294673,
2077.140680991, 1.009470292,
2077.161112992, 1.009252724,
2077.181544894, 1.009268112,
2077.201976895, 1.010236193,
2077.222408695, 1.010173629,
2077.242840595, 1.011215694,
2077.263272595, 1.012839790,
2077.283704395, 1.012746867,
2077.304136294, 1.010599152,
2077.324568293, 1.011656285,
2077.345000192, 1.012339035,
2077.365431990, 1.011976704,
2077.426727683, 1.010909073,
2077.447159679, 1.010554831,
2077.467591576, 1.010474248,
2077.488023372, 1.010702176,
2077.508455368, 1.010667949,
2077.528887264, 1.011295147,
2077.549319059, 1.011484671,
2077.569751054, 1.012016951,
2077.590182949, 1.013506713,
2077.610614943, 1.014233065,
2077.671910624, 1.011757536,
2077.692342417, 1.012936178,
2077.712774310, 1.012893419,
2077.733206302, 1.012962028,
2077.753638094, 1.012810619,
2077.774069985, 1.012270229,
2077.794501877, 1.012192625,
2077.814933868, 1.012412527,
2077.835365658, 1.012311493,
2077.855797649, 1.012618790,
2077.937525107, 1.012511211,
2077.957957096, 1.012322514,
2077.978388984, 1.012377667,
2077.998820772, 1.013138398,
2078.019252760, 1.012813553,
2078.039684648, 1.011741053,
2078.060116435, 1.011003787,
2078.080548421, 1.010547318,
2078.100980308, 1.010400309,
2078.162275965, 1.009168370,
2078.182707850, 1.009365042,
2078.203139735, 1.009281271,
2078.223571620, 1.008845496,
2078.244003504, 1.008311975,
2078.264435388, 1.007786760,
2078.284867272, 1.007329246,
2078.346162920, 1.004690525,
2078.407458566, 1.002758385,
2078.427890548, 1.001935920,
2078.448322429, 1.001599961,
2078.530049850, 1.000516047,
2078.570913608, 0.998763054,
2078.591345487, 0.997219159,
2078.673073099, 0.994051139,
2078.693504976, 0.993209043,
2078.713936753, 0.992603226,
2078.734368729, 0.991943758,
2078.775232481, 0.991383532,
2078.795664357, 0.990745847,
2078.836528207, 0.991268747,
2078.897823830, 0.990837562,
2078.938687477, 0.986628286,
2078.959119450, 0.985226507,
2078.979551223, 0.984332142,
2078.999983095, 0.983438699,
2079.020415067, 0.982617823,
2079.040846839, 0.982859326,
2079.061278710, 0.981048975,
2079.081710682, 0.980438912,
2079.163438163, 0.976320103,
2079.183870033, 0.976580928,
2079.204301902, 0.977862550,
2079.224733771, 0.979052141,
2079.245165640, 0.975117313,
2079.265597508, 0.974387746,
2079.286029276, 0.973996353,
2079.306461243, 0.973387166,
2079.347324878, 0.973603773,
2079.367756845, 0.973064511,
2079.388188711, 0.972552380,
2079.408620477, 0.972137465,
2079.429052443, 0.972215280,
2079.449484309, 0.972503659,
2079.469916074, 0.973099525,
2079.490348039, 0.971614022,
2079.510779903, 0.971076408,
2079.531211767, 0.970808331,
2079.551643631, 0.970847140,
2079.572075495, 0.971059014,
2079.592507458, 0.971194130,
2079.612939221, 0.971807841,
2079.633371084, 0.972006758,
2079.653803047, 0.972958955,
2079.674234909, 0.974352064,
2079.694666670, 0.971620181,
2079.715098632, 0.973345909,
2079.735530493, 0.973655631,
2079.755962254, 0.972065786,
2079.796826075, 0.973368502,
2079.817257835, 0.977433340,
2079.898985371, 0.973134293,
2079.919417230, 0.973396927,
2079.939848988, 0.974090150,
2079.960280946, 0.974482163,
2079.980712803, 0.975752577,
2080.001144660, 0.975937974,
2080.021576517, 0.977371474,
2080.042008373, 0.978662043,
2080.062440230, 0.979883221,
2080.123735797, 0.979713007,
2080.144167652, 0.979895504,
2080.164599506, 0.980718528,
2080.225895069, 0.982669421,
2080.246327022, 0.983033995,
2080.266758775, 0.983776103,
2080.287190628, 0.984968498,
2080.307622581, 0.985948896,
2080.368918137, 0.981872226,
2080.389349888, 0.985064401,
2080.409781839, 0.988250397,
2080.430213690, 0.992302783,
2080.450645440, 0.994104941,
2080.471077391, 0.992543933,
2080.491509240, 0.992273537,
2080.511941090, 0.993382409,
2080.532372939, 0.994363247,
2080.552804788, 0.995413592,
2080.573236637, 0.996261983,
2080.593668485, 0.996591053,
2080.614100333, 0.997290357,
2080.634532181, 0.998023329,
2080.654964128, 0.998747602,
2080.675395876, 0.998971848,
2080.695827722, 0.999249877,
2080.716259569, 0.999689984,
2080.736691415, 1.000192348,
2080.757123161, 1.000966338,
2080.777555107, 1.001547282,
2080.797986952, 1.002266649,
2080.859282486, 1.007467139,
2080.879714430, 1.005208073,
2080.900146174, 1.003797242,
2080.920578018, 1.004272934,
2080.941009961, 1.005013946,
2080.961441704, 1.005386192,
2080.981873547, 1.005823438,
2081.002305489, 1.006063998,
2081.022737331, 1.006506574,
2081.043169073, 1.006883394,
2081.063601014, 1.006666846,
2081.084032855, 1.006969381,
2081.104464596, 1.006432886,
2081.124896537, 1.006222718,
2081.145328377, 1.006276354,
2081.165760117, 1.006346627,
2081.206623896, 1.006679847,
2081.227055835, 1.007101090,
2081.247487574, 1.007623212,
2081.267919413, 1.007580517,
2081.288351351, 1.008461894,
2081.349646864, 1.006102544,
2081.370078601, 1.006273334,
2081.390510438, 1.006944349,
2081.410942274, 1.008071426,
2081.431374110, 1.007613010,
2081.451805946, 1.007508183,
2081.472237782, 1.006618693,
2081.492669617, 1.006596044,
2081.513101452, 1.006554917,
2081.533533286, 1.006741330,
2081.553965121, 1.007400630,
2081.574396955, 1.008227351,
2081.594828889, 1.008386412,
2081.615260622, 1.009120502,
2081.635692556, 1.010616405,
2081.656124388, 1.011306345,
2081.676556121, 1.010046629,
2081.696988053, 1.011183718,
2081.717419885, 1.010935345,
2081.737851617, 1.010244498,
2081.758283549, 1.008884463,
2081.778715380, 1.008884789,
2081.840010872, 1.007768600,
2081.860442702, 1.007983348,
2081.880874531, 1.008310494,
2081.901306361, 1.008975069,
2081.921738190, 1.009071391,
2081.942170019, 1.008933897,
2081.962601848, 1.008777027,
2081.983033676, 1.009028061,
2082.003465504, 1.008774931,
2082.023897332, 1.008278319,
2082.044329259, 1.007689523,
2082.064761086, 1.007197928,
2082.085192813, 1.006703820,
2082.105624739, 1.006783746,
2082.126056466, 1.006154739,
2082.146488292, 1.005749188,
2082.166920217, 1.005389581,
2082.187351943, 1.011254578,
2082.207783768, 1.005436218,
2082.228215693, 1.004888653,
2082.248647417, 1.004209035,
2082.330374713, 1.002187080,
2082.350806636, 0.999634994,
2082.371238359, 0.999238252,
2082.391670181, 1.002803158,
2082.412102103, 1.001659984,
2082.432533925, 1.001176890,
2082.452965747, 1.000546688,
2082.473397568, 0.999919762,
2082.493829390, 0.999182137,
2082.514261310, 0.998631514,
2082.534693031, 0.998118157,
2082.555124851, 0.996460535,
2082.575556771, 0.995311507,
2082.595988491, 0.995178212,
2082.616420311, 0.994162399,
2082.636852230, 0.993097408,
2082.657283948, 0.992877718,
2082.677715767, 0.992405026,
2082.698147685, 0.991432627,
2082.718579403, 0.990738027,
2082.739011221, 0.989765902,
2082.759443139, 0.989056663,
2082.820738589, 0.988195022,
2082.841170306, 0.987835966,
2082.861602222, 0.987615956,
2082.882034037, 0.986841013,
2082.902465753, 0.986934082,
2082.943329483, 0.985170701,
2082.963761198, 0.984217735,
2082.984193112, 0.983372412,
2083.004624926, 0.982780135,
2083.025056640, 0.982218215,
2083.065920367, 0.981431658,
2083.086352080, 0.981052963,
2083.106783992, 0.980298767,
2083.127215805, 0.979834673,
2083.147647517, 0.979379374,
2083.168079429, 0.979008667,
2083.188511240, 0.978045495,
2083.208943152, 0.977501635,
2083.229374863, 0.977674674,
2083.249806673, 0.976805499,
2083.311102104, 0.977202457,
2083.331534014, 0.977352409,
2083.351965823, 0.977220068,
2083.372397532, 0.976151665,
2083.392829441, 0.976548969,
2083.413261250, 0.975424621,
2083.433692958, 0.974717680,
2083.454124866, 0.974280854,
2083.474556674, 0.974054455,
2083.494988381, 0.974014610,
2083.515420288, 0.974290697,
2083.535852095, 0.974350483,
2083.556284002, 0.974263984,
2083.576715708, 0.973983574,
2083.597147514, 0.974171224,
2083.617579320, 0.974232516,
2083.638011125, 0.974317740,
2083.658442831, 0.974176902,
2083.678874736, 0.974342950,
2083.699306541, 0.975048623,
2083.719738245, 0.975044653,
2083.740170149, 0.974653931,
2083.801465560, 0.976501071,
2083.821897363, 0.977049008,
2083.842329166, 0.977705444,
2083.862760968, 0.977492872,
2083.883192771, 0.977992059,
2083.903624573, 0.978054364,
2083.924056474, 0.978498924,
2083.944488176, 0.978894568,
2083.964920077, 0.979088136,
2083.985351878, 0.979473144,
2084.005783579, 0.979795848,
2084.026215479, 0.980590558,
2084.046647279, 0.981389314,
2084.067078979, 0.982114607,
2084.087510878, 0.982467264,
2084.107942678, 0.982984481,
2084.128374377, 0.983428114,
2084.148806275, 0.983816046,
2084.169238074, 0.984592544,
2084.189669872, 0.985182517,
2084.210101670, 0.985473401,
2084.230533468, 0.987197181,
2084.291828859, 0.989330170,
2084.312260656, 0.990561200,
2084.332692452, 0.991353950,
2084.353124248, 0.992003514,
2084.373556044, 0.992991770,
2084.393987840, 0.992729185,
2084.414419635, 0.993064680,
2084.434851530, 0.993808859,
2084.455283225, 0.994280364,
2084.475715019, 0.994839712,
2084.496146913, 0.995478972,
2084.516578607, 0.996278695,
2084.537010401, 0.997101643,
2084.557442295, 0.997619079,
2084.577873988, 0.998199511,
2084.598305781, 0.998812218,
2084.618737673, 0.999331856,
2084.639169366, 0.999437309,
2084.659601158, 1.000238783,
2084.680033050, 1.001562232,
2084.700464741, 1.001411904,
2084.720896632, 1.001699169,
2084.782192005, 1.004497491,
2084.802623795, 1.004311980,
2084.823055585, 1.004743222,
2084.843487375, 1.005040284,
2084.863919164, 1.005668845,
2084.884350953, 1.006211709,
2084.904782842, 1.006417063,
2084.925214531, 1.007206051,
2084.945646319, 1.006915970,
2084.966078208, 1.007013847,
2085.006941683, 1.011508518,
2085.027373571, 1.010224424,
2085.047805258, 1.012126568,
2085.068237045, 1.009317089,
2085.088668931, 1.008929623,
2085.109100618, 1.009177039,
2085.129532504, 1.009673188,
2085.149964190, 1.008556116,
2085.170395975, 1.008178937,
2085.190827861, 1.008042775,
2085.211259546, 1.008060964,
2085.231691330, 1.008742075,
2085.252123215, 1.008899447,
2085.272554999, 1.008812479,
2085.292986683, 1.008180940,
2085.313418567, 1.008321940,
2085.333850351, 1.008345342,
2085.354282034, 1.007861125,
2085.374713917, 1.008280781,
2085.395145699, 1.008123982,
2085.415577382, 1.007966313,
2085.436009264, 1.007884922,
2085.456441046, 1.008243631,
2085.517736390, 1.006321793,
2085.538168272, 1.009773348,
2085.558599952, 1.009976532,
2085.579031733, 1.009604819,
2085.599463613, 1.010187637,
2085.619895293, 1.009610340,
2085.640327072, 1.009924952,
2085.660758952, 1.009895170,
2085.681190631, 1.009971289,
2085.701622410, 1.010498105,
2085.762917745, 1.009899098,
2085.783349623, 1.009543480,
2085.803781401, 1.009421390,
2085.824213178, 1.009819706,
2085.844644955, 1.009999053,
2085.865076632, 1.009518714,
2085.905940285, 1.008651439,
2085.926371961, 1.008662314,
2085.946803837, 1.007922696,
2085.967235613, 1.007716456,
2085.987667288, 1.007898646,
2086.008099163, 1.007466227,
2086.028530938, 1.007381559,
2086.048962613, 1.008290794,
2086.069394487, 1.064579676,
2086.089826261, 1.086141681,
2086.110258035, 1.032837350,
2086.130689809, 1.016512252,
2086.151121582, 1.011976462,
2086.171553355, 1.010833551,
2086.191985128, 1.009592698,
2086.273712217, 1.005729928,
2086.294144089, 1.004516104,
2086.314575860, 1.003380870,
2086.335007531, 1.004548632,
2086.355439402, 1.003516068,
2086.375871173, 1.001740848,
2086.396302843, 1.000527536,
2086.416734713, 0.999855552,
2086.437166483, 0.999136063,
2086.457598153, 0.997944294,
2086.478030022, 0.997177075,
2086.498461791, 0.996378473,
2086.518893460, 0.995452403,
2086.539325329, 0.994805610,
2086.559756998, 0.994218634,
2086.580188866, 0.993474807,
2086.600620633, 0.992691760,
2086.621052401, 0.992122996,
2086.641484169, 0.991123667,
2086.661915936, 0.990789938,
2086.682347703, 0.989516803,
2086.743643002, 0.988903254,
2086.764074768, 0.989090113,
2086.784506534, 0.987959957,
2086.804938299, 0.988066701,
2086.825370165, 0.987627766,
2086.845801830, 0.986961226,
2086.866233594, 0.986460153,
2086.886665459, 0.986044648,
2086.907097123, 0.985740140,
2086.927528987, 0.984808192,
2086.947960751, 0.984077657,
2086.968392415, 0.983447888,
2086.988824278, 0.982983107,
2087.009256041, 0.982495070,
2087.029687704, 0.982181600,
2087.050119566, 0.982395771,
2087.070551329, 0.982194405,
2087.090983091, 0.982045027,
2087.111414853, 0.981312582,
2087.131846614, 0.980658120,
2087.152278376, 0.979664179,
2087.172710137, 0.979241902,
2087.234005419, 0.979103068,
2087.254437179, 0.978185108,
2087.274869039, 0.977624172,
2087.295300699, 0.977861974,
2087.315732458, 0.977279620,
2087.336164317, 0.977121534,
2087.356595976, 0.977420040,
2087.377027735, 0.977000712,
2087.397459594, 0.976402158,
2087.417891252, 0.975960266,
2087.438323010, 0.975786704,
2087.458754868, 0.975839932,
2087.479186525, 0.975573355,
2087.499618283, 0.975658392,
2087.520050140, 0.975574220,
2087.540481797, 0.975601053,
2087.560913554, 0.975410305,
2087.581345410, 0.975408628,
2087.601777066, 0.975696478,
2087.622208922, 0.975009741,
2087.663072433, 0.976413555,
2087.724367698, 0.976779103,
2087.744799552, 0.977259727,
2087.765231207, 0.977965509,
2087.785662961, 0.977837856,
2087.806094815, 0.977855745,
2087.826526468, 0.977566221,
2087.846958222, 0.977590497,
2087.867390075, 0.978435370,
2087.887821728, 0.978838054,
2087.908253480, 0.979309237,
2087.928685333, 0.979956294,
2087.949116985, 0.980384054,
2087.969548737, 0.980882919,
2087.989980489, 0.981476127,
2088.010412240, 0.982207511,
2088.030844091, 0.982709667,
2088.051275742, 0.983120375,
2088.071707493, 0.983579453,
2088.092139344, 0.983778120,
2088.112571094, 0.984393927,
2088.133002744, 0.985949039,
2088.153434594, 0.987149077,
2088.214729842, 0.990089887,
2088.235161591, 0.990854794,
2088.255593240, 0.991764839,
2088.276025088, 0.991798687,
2088.296456837, 0.991785467,
2088.316888485, 0.992414005,
2088.337320333, 0.993690399,
2088.357752080, 0.993727714,
2088.398615575, 0.994865023,
2088.419047322, 0.995459361,
2088.439479168, 0.996164384,
2088.459910815, 0.996982881,
2088.480342561, 0.997459000,
2088.500774407, 0.998483181,
2088.521206053, 0.999218420,
2088.541637798, 0.999472318,
2088.562069643, 0.999836083,
2088.582501388, 1.000899935,
2088.602933033, 1.001179838,
2088.623364878, 1.001252198,
2088.643796622, 1.001956499,
2088.684660111, 1.004355756,
2088.705091854, 1.006063087,
2088.745955341, 1.006838880,
2088.766386984, 1.006728190,
2088.786818827, 1.006711890,
2088.807250570, 1.007115964,
2088.827682212, 1.007514088,
2088.848114054, 1.008087436,
2088.868545796, 1.008485820,
2088.888977438, 1.009260745,
2088.909409279, 1.009408930,
2088.929841020, 1.010413029,
2088.950272762, 1.010285991,
2088.970704502, 1.010608664,
2088.991136243, 1.010379490,
2089.011567983, 1.010109943,
2089.031999724, 1.010648115,
2089.052431463, 1.011093362,
2089.072863303, 1.010550690,
2089.093295043, 1.012592862,
2089.113726682, 1.011840175,
2089.134158521, 1.011881658,
2089.195453737, 1.012318747,
2089.215885475, 1.012446194,
2089.236317113, 1.011721878,
2089.277180688, 1.012209823,
2089.297612326, 1.012076096,
2089.318044163, 1.012429222,
2089.338475899, 1.012889955,
2089.358907536, 1.013028796,
2089.379339373, 1.013025555,
2089.399771009, 1.012630847,
2089.420202845, 1.012077157,
2089.440634581, 1.012850382,
2089.461066216, 1.012184043,
2089.481498051, 1.011945179,
2089.501929787, 1.011817899,
2089.522361521, 1.011906134,
2089.542793256, 1.011891595,
2089.563224991, 1.011835399,
2089.583656725, 1.011811451,
2089.604088459, 1.011694190,
2089.624520193, 1.012038577,
2089.706247126, 1.013143885,
2089.726678959, 1.012749623,
2089.747110591, 1.013110682,
2089.767542424, 1.012997413,
2089.787974156, 1.012638819,
2089.808405788, 1.012595368,
2089.828837619, 1.012758291,
2089.849269351, 1.012722996,
2089.869700982, 1.012859394,
2089.890132813, 1.012612956,
2089.910564544, 1.012977783,
2089.930996274, 1.013003352,
2089.951428005, 1.012977541,
2089.971859735, 1.012351692,
2089.992291465, 1.011962511,
2090.012723195, 1.011590708,
2090.033154924, 1.010991718,
2090.053586654, 1.010289805,
2090.074018383, 1.010274287,
2090.094450112, 1.009956489,
2090.114881940, 1.009772734,
2090.135313569, 1.009169616,
2090.155745297, 1.008917746,
2090.176177125, 1.008669563,
2090.196608753, 1.009025387,
2090.217040481, 1.008263972,
2090.237472308, 1.007469438,
2090.257903935, 1.006588254,
2090.278335662, 1.006144190,
2090.298767489, 1.005724002,
2090.319199116, 1.005247049,
2090.339630842, 1.004659774,
2090.360062668, 1.003977764,
2090.421357846, 1.002835637,
2090.441789471, 1.002408838,
2090.462221296, 1.001330000,
2090.482653021, 1.000556796,
2090.503084746, 0.999827030,
2090.523516470, 0.998864344,
2090.543948195, 0.998062031,
2090.564379919, 0.997425720,
2090.584811643, 0.996615101,
2090.605243367, 0.996264413,
2090.625675090, 0.995611961,
2090.646106913, 0.995137286,
2090.666538536, 0.994873029,
2090.686970259, 0.994080066,
2090.707402082, 0.993840738,
2090.727833704, 0.992380531,
2090.748265427, 0.991610258,
2090.768697249, 0.990987910,
2090.789128871, 0.990227200,
2090.809560692, 0.989609329,
2090.829992414, 0.988868650,
2090.850424035, 0.988446913,
2090.870855856, 0.987875843,
2090.891287477, 0.987471525,
2090.911719198, 0.987039427,
2090.932151018, 0.986408453,
2090.952582638, 0.986397517,
2090.973014358, 0.985663156,
2090.993446178, 0.984986183,
2091.013877898, 0.984983601,
2091.034309517, 0.984746306,
2091.054741336, 0.983758996,
2091.156900029, 0.980716037,
2091.177331647, 0.981248832,
2091.197763365, 0.977447612,
2091.218195183, 0.975510069,
2091.238626800, 0.975422648,
2091.259058517, 0.976628800,
2091.279490334, 0.980530451,
2091.299921951, 0.977779999,
2091.361217100, 0.978845031,
2091.381648817, 0.978865411,
2091.402080632, 0.978672996,
2091.422512248, 0.978067817,
2091.442944064, 0.977561154,
2091.463375779, 0.977215268,
2091.483807494, 0.976907782,
2091.504239209, 0.977254713,
2091.524670923, 0.976994806,
2091.545102638, 0.976882905,
2091.565534352, 0.976700216,
2091.585966066, 0.977037664,
2091.647261207, 0.976221877,
2091.667692820, 0.976801753,
2091.688124633, 0.976945744,
2091.708556346, 0.977260967,
2091.728987959, 0.977403145,
2091.749419771, 0.977279270,
2091.769851484, 0.977894000,
2091.790283296, 0.978115566,
2091.810714908, 0.978988833,
2091.831146619, 0.979098508,
2091.892441753, 0.981595624,
2091.912873564, 0.981505823,
2091.933305175, 0.982044392,
2091.953736886, 0.982502332,
2091.974168696, 0.983096492,
2091.994600406, 0.983732577,
2092.015032016, 0.984169298,
2092.035463826, 0.984700109,
2092.055895535, 0.985341329,
2092.076327145, 0.986086053,
2092.096758954, 0.986805927,
2092.117190663, 0.987647920,
2092.137622472, 0.988439893,
2092.158054081, 0.988929876,
2092.178485789, 0.989656704,
2092.198917597, 0.990644686,
2092.219349205, 0.991781300,
2092.239780913, 0.992736252,
2092.260212621, 0.993265078,
2092.280644328, 0.993673950,
2092.301075936, 0.994198465,
2092.321507743, 0.994729545,
2092.341939450, 0.995276586,
2092.362371157, 0.995758619,
2092.382802863, 0.996588542,
2092.403234569, 0.997862862,
2092.423666376, 0.999138512,
2092.444097982, 1.000016246,
2092.464529687, 1.000312149,
2092.484961493, 1.000707970,
2092.505393199, 1.001567252,
2092.525824804, 1.002310139,
2092.546256609, 1.003819417,
2092.566688314, 1.004867973,
2092.627983428, 1.005783379,
2092.648415032, 1.005368989,
2092.668846836, 1.004777423,
2092.689278539, 1.013619323,
2092.709710143, 1.008356324,
2092.730141946, 1.007467721,
2092.750573650, 1.008262159,
2092.771005453, 1.007950437,
2092.791437055, 1.008418573,
2092.811868758, 1.009102081,
2092.832300560, 1.010509839,
2092.852732163, 1.011620337,
2092.873163865, 1.012886916,
2092.893595667, 1.013998967,
2092.914027269, 1.013818320,
2092.934458970, 1.011173536,
2092.954890772, 1.010708842,
2092.975322473, 1.011131497,
2092.995754074, 1.011152840,
2093.016185875, 1.011117116,
2093.036617475, 1.011350149,
2093.057049176, 1.011306886,
2093.077480976, 1.012470900,
2093.097912576, 1.012257952,
2093.118344376, 1.011447093,
2093.138776076, 1.011831265,
2093.159207675, 1.012313437,
2093.179639475, 1.013616653,
2093.200071174, 1.013941157,
2093.220502773, 1.014137283,
2093.240934572, 1.014616430,
2093.261366270, 1.014825939,
2093.281797869, 1.014558574,
2093.302229667, 1.014231263,
2093.322661365, 1.015552923,
2093.343093063, 1.016072638,
2093.363524761, 1.015352426,
2093.383956459, 1.015186881,
2093.404388256, 1.021078388,
2093.424819853, 1.023732836,
2093.445251550, 1.019518165,
2093.465683347, 1.018593832,
2093.486115044, 1.017425160,
2093.506546640, 1.018235748,
2093.526978437, 1.018813665,
2093.547410133, 1.019234000,
2093.608705220, 1.018762976,
2093.629136816, 1.017258649,
2093.649568611, 1.015937174,
2093.670000306, 1.015482305,
2093.690431901, 1.014588836,
2093.710863696, 1.014763932,
2093.731295390, 1.015056046,
2093.751727085, 1.015274790,
2093.772158779, 1.015090992,
2093.792590373, 1.015180057,
2093.833453861, 1.015091377,
2093.853885554, 1.015155248,
2093.894748941, 1.014588470,
2093.915180634, 1.014187967,
2093.935612327, 1.013646639,
2093.956044020, 1.014373543,
2093.976475712, 1.013570368,
2093.996907404, 1.012794349,
2094.017339097, 1.016503256,
2094.037770889, 1.015333861,
2094.058202580, 1.012934324,
2094.078634172, 1.012506710,
2094.099065964, 1.011721941,
2094.119497655, 1.011017066,
2094.139929246, 1.010126277,
2094.160361037, 1.010193946,
2094.180792728, 1.010221633,
2094.201224318, 1.010877150,
2094.221656109, 1.010421663,
2094.242087799, 1.010554511,
2094.262519389, 1.010452322,
2094.282951179, 1.009555199,
2094.303382869, 1.009247905,
2094.323814659, 1.008383041,
2094.344246248, 1.008706874,
2094.364677937, 1.008659758,
2094.425973004, 1.006323049,
2094.446404693, 1.005920383,
2094.466836381, 1.005647017,
2094.487268070, 1.005123468,
2094.589426508, 1.000041063,
2094.609858196, 0.999123088,
2094.630289983, 0.998398371,
2094.650721570, 0.997465129,
2094.671153357, 0.996508628,
2094.691585043, 0.995432579,
2094.712016630, 0.994650334,
2094.732448416, 0.993637489,
2094.752880102, 0.992575959,
2094.773311688, 0.991247465,
2094.793743474, 0.990354184,
2094.814175159, 0.989758585,
2094.834606745, 0.989076648,
2094.855038530, 0.987886923,
2094.875470215, 0.986748543,
2094.895901900, 0.986549772,
2094.916333585, 0.987694004,
2094.936765270, 0.987428932,
2094.957197054, 0.987014280,
2094.977628639, 0.986523859,
2094.998060323, 0.987136995,
2095.018492107, 0.986721256,
2095.038923791, 0.985790418,
2095.059355375, 0.985409196,
2095.079787158, 0.985490253,
2095.100218841, 0.985233653,
2095.120650425, 0.984581504,
2095.141082208, 0.984677124,
2095.161513791, 0.984132435,
2095.181945473, 0.983374378,
2095.202377256, 0.983075221,
2095.222808838, 0.983147265,
2095.243240620, 0.984985675,
2095.263672303, 0.986016391,
2095.324967348, 0.981712127,
2095.345398929, 0.980859713,
2095.365830711, 0.980519145,
2095.386262392, 0.981275201,
2095.406694073, 0.981451393,
2095.427125754, 0.982411775,
2095.447557434, 0.982670163,
2095.467989115, 0.982222946,
2095.488420795, 0.982340390,
2095.508852475, 0.984735751,
2095.570147515, 0.978015544,
2095.590579295, 0.977027517,
2095.611010974, 0.976649800,
2095.631442553, 0.976620508,
2095.651874332, 0.976671504,
2095.672306011, 0.976530877,
2095.692737590, 0.976634044,
2095.713169369, 0.976683558,
2095.733601047, 0.976216587,
2095.754032626, 0.976232729,
2095.774464404, 0.976327868,
2095.794896082, 0.976415359,
2095.815327660, 0.976469647,
2095.835759438, 0.976517771,
2095.856191115, 0.976808951,
2095.876622793, 0.976485900,
2095.897054470, 0.976240858,
2095.917486147, 0.977144522,
2095.937917824, 0.979761368,
2095.958349501, 0.980327863,
2095.978781177, 0.981030949,
2095.999212854, 0.981627480,
2096.019644530, 0.981851714,
2096.040076206, 0.982288305,
2096.060507983, 0.983424105,
2096.080939558, 0.984523487,
2096.101371234, 0.985757994,
2096.121803010, 0.985892734,
2096.142234585, 0.986260568,
2096.162666361, 0.987297337,
2096.183098036, 0.988140146,
2096.203529611, 0.989637952,
2096.223961386, 0.990132537,
2096.244393060, 0.991238843,
2096.264824635, 0.992202492,
2096.285256409, 0.993566363,
2096.305688084, 0.993937864,
2096.326119658, 0.994873972,
2096.346551432, 0.995845236,
2096.366983106, 0.996672742,
2096.387414779, 0.998079994,
2096.407846453, 1.000147696,
2096.428278126, 1.001752686,
2096.448709900, 1.004704831,
2096.469141473, 1.004986881,
2096.550868164, 1.001586191,
2096.571299936, 1.002633104,
2096.591731508, 1.003217765,
2096.612163180, 1.003638903,
2096.632594952, 1.004196652,
2096.653026524, 1.004600724,
2096.673458195, 1.004756503,
2096.693889967, 1.004829506,
2096.714321538, 1.005906136,
2096.734753310, 1.006086012,
2096.755184981, 1.005752140,
2096.775616552, 1.006294814,
2096.796048322, 1.006918429,
2096.816479993, 1.007181670,
2096.836911563, 1.007595825,
2096.857343334, 1.007735488,
2096.877775004, 1.008357536,
2096.898206674, 1.009325798,
2096.918638344, 1.011103420,
2096.939070014, 1.011913044,
2096.959501684, 1.012354678,
2096.979933353, 1.012242671,
2097.000365022, 1.012367467,
2097.020796792, 1.012796822,
2097.041228461, 1.013565001,
2097.061660030, 1.014247314,
2097.082091798, 1.015072070,
2097.102523467, 1.015237193,
2097.122955036, 1.014572130,
2097.143386804, 1.015077823,
2097.163818472, 1.015943363,
2097.184250040, 1.016419335,
2097.204681808, 1.018122179,
2097.225113476, 1.017811879,
2097.245545044, 1.017168864,
2097.265976811, 1.017988391,
2097.286408379, 1.019152619,
2097.306840046, 1.019458467,
2097.327271813, 1.020305784,
2097.347703380, 1.020513955,
2097.368135147, 1.020419296,
2097.388566814, 1.020170104,
2097.408998480, 1.020018740,
2097.429430147, 1.021747794,
2097.449861813, 1.023189719,
2097.470293479, 1.024417346,
2097.552020243, 1.011726027,
2097.572451808, 1.011416624,
2097.592883474, 1.011275064,
2097.613315239, 1.011346195,
2097.633746804, 1.011788604,
2097.654178569, 1.013538300,
2097.674610234, 1.013854956,
2097.695041799, 1.014289858,
2097.715473563, 1.015117198,
2097.735905227, 1.015146084,
2097.756336792, 1.015156208,
2097.776768556, 1.014730268,
2097.797200220, 1.014487885,
2097.817631784, 1.015666703,
2097.838063548, 1.015896506,
2097.858495211, 1.016754642,
2097.878926875, 1.016864683,
2097.899358538, 1.016730321,
2097.919790201, 1.016121189,
2097.940221865, 1.016045870,
2097.960653528, 1.015729167,
2097.981085190, 1.015731835,
2098.001516853, 1.015994193,
2098.021948516, 1.018389253,
2098.042380178, 1.017046005,
2098.062811841, 1.017248665,
2098.083243503, 1.016999083,
2098.103675165, 1.016898812,
2098.124106927, 1.016852130,
2098.144538489, 1.016705497,
2098.164970150, 1.015903453,
2098.185401912, 1.016098567,
2098.267128457, 1.012049695,
2098.287560218, 1.011756443,
2098.307991878, 1.011227882,
2098.328423439, 1.010340983,
2098.348855200, 1.009447527,
2098.369286860, 1.009980553,
2098.389718520, 1.007720121,
2098.410150181, 1.006469185,
2098.430581841, 1.005601212,
2098.451013500, 1.004970952,
2098.471445160, 1.004221235,
2098.491876820, 1.003431084,
2098.512308579, 1.002584146,
2098.532740139, 1.001768935,
2098.553171798, 1.000753877,
2098.573603557, 0.999394430,
2098.594035216, 0.998352525,
2098.614466775, 0.997038777,
2098.634898534, 0.996137273,
2098.655330093, 0.995080438,
2098.675761751, 0.994917664,
2098.696193510, 0.994434364,
2098.716625068, 0.994470906,
2098.737056726, 0.995086158,
2098.757488484, 0.993958136,
2098.777920042, 0.993384100,
2098.798351800, 0.993442612,
2098.818783458, 0.992450077,
2098.839215015, 0.991315882,
2098.859646773, 0.990758683,
2098.880078430, 0.990932564,
2098.900509987, 0.990974515,
2098.920941744, 0.990381954,
2098.941373401, 0.989125981,
2098.961805058, 0.988237918,
2098.982236715, 0.987569795,
2099.002668371, 0.987137523,
2099.023100028, 0.986796606,
2099.043531784, 0.986404699,
2099.063963340, 0.986028888,
2099.084395096, 0.986288302,
2099.104826752, 0.986092242,
2099.125258308, 0.985240444,
2099.145690064, 0.984905902,
2099.166121720, 0.984190786,
2099.186553275, 0.983332693,
2099.206985031, 0.982588882,
2099.227416686, 0.982322260,
2099.247848241, 0.982841237,
2099.268279996, 0.983549829,
2099.288711651, 0.982639697,
2099.309143206, 0.982708032,
2099.329574961, 0.981808873,
2099.350006615, 0.982024732,
2099.370438270, 0.982112493,
2099.390869924, 0.981674040,
2099.411301578, 0.982135969,
2099.431733233, 0.981802516,
2099.493028194, 0.975779994,
2099.513459848, 0.975775846,
2099.533891502, 0.975643807,
2099.554323155, 0.975512490,
2099.574754808, 0.975508015,
2099.595186561, 0.975965090,
2099.615618215, 0.976397470,
2099.636049768, 0.976531819,
2099.656481520, 0.976789686,
2099.676913173, 0.978104492,
2099.697344726, 0.977274394,
2099.717776478, 0.977497021,
2099.738208131, 0.977653500,
2099.758639683, 0.977447805,
2099.779071435, 0.978472908,
2099.799503087, 0.979436389,
2099.819934639, 0.980999746,
2099.840366391, 0.981740070,
2099.860798043, 0.982304427,
2099.881229795, 0.983002254,
2099.901661346, 0.983958995,
2099.922092998, 0.984231375,
2099.983387951, 0.980370962,
2100.003819702, 0.980917815,
2100.024251253, 0.981814303,
2100.044682904, 0.982391865,
2100.065114555, 0.982995042,
2100.085546205, 0.983489736,
2100.105977856, 0.984389975,
2100.126409606, 0.984558193,
2100.146841156, 0.985742799,
2100.167272906, 0.986159996,
2100.187704556, 0.987297453,
2100.208136106, 0.988038488,
2100.228567856, 0.989304202,
2100.248999506, 0.989550025,
2100.269431055, 0.989965157,
2100.289862805, 0.990203568,
2100.310294454, 0.990694175,
2100.330726003, 0.991622783,
2100.351157752, 0.992253392,
2100.371589402, 0.993161539,
2100.392020951, 0.993918072,
2100.412452699, 0.994540686,
2100.432884348, 0.994907741,
2100.453316097, 0.995462541,
2100.473747645, 0.995808647,
2100.494179294, 0.997403885,
2100.514611042, 0.997570488,
2100.535042590, 0.998553436,
2100.555474238, 0.998314285,
2100.575905986, 0.998655579,
2100.596337634, 0.999065563,
2100.616769182, 0.999592940,
2100.637200930, 1.001148687,
2100.657632578, 1.001613943,
2100.678064125, 1.002068173,
2100.698495872, 1.002956036,
2100.718927520, 1.004865804,
2100.739359267, 1.006804465,
2100.759790814, 1.007949619,
2100.780222461, 1.007991493,
2100.800654108, 1.007604515,
2100.821085755, 1.007470862,
2100.841517301, 1.009276919,
2100.861949048, 1.010304889,
2100.882380694, 1.010810759,
2100.902812241, 1.010556796,
2100.923243987, 1.010420200,
2100.943675633, 1.010413513,
2100.964107280, 1.011397826,
2100.984538925, 1.012362602,
2101.004970571, 1.012744410,
2101.025402317, 1.011966865,
2101.045833863, 1.012323136,
2101.066265509, 1.012380561,
2101.086697254, 1.012083123,
2101.107128899, 1.012803503,
2101.127560445, 1.012795943,
2101.147992190, 1.013236800,
2101.168423835, 1.012698563,
2101.188855380, 1.012537090,
2101.209287125, 1.012334092,
2101.229718770, 1.012210302,
2101.250150515, 1.011845595,
2101.270582059, 1.011836882,
2101.291013704, 1.011971619,
2101.311445448, 1.012020694,
2101.331876993, 1.013116736,
2101.352308637, 1.012518839,
2101.393171925, 1.013424224,
2101.454466857, 1.010561618,
2101.474898500, 1.010313445,
2101.495330144, 1.010394808,
2101.515761788, 1.010295948,
2101.536193531, 1.009897976,
2101.556625074, 1.009888200,
2101.577056717, 1.010381009,
2101.597488461, 1.013082338,
2101.617920004, 1.014893855,
2101.658783389, 1.012297707,
2101.679215032, 1.011851325,
2101.699646575, 1.012751850,
2101.720078318, 1.012088049,
2101.740509960, 1.011789538,
2101.760941502, 1.012303957,
2101.781373245, 1.012073623,
2101.801804887, 1.012403714,
2101.822236629, 1.012479431,
2101.842668171, 1.012633500,
2101.863099813, 1.012451121,
2101.903963097, 1.012438377,
2101.924394738, 1.012663168,
2101.944826480, 1.012893952,
2101.965258022, 1.013400699,
2101.985689663, 1.012781029,
2102.006121404, 1.012533338,
2102.026552946, 1.011998596,
2102.046984687, 1.012070014,
2102.067416328, 1.011808006,
2102.087847969, 1.011732562,
2102.108279610, 1.011910463,
2102.149142891, 1.011936247,
2102.169574532, 1.010958628,
2102.190006172, 1.010040203,
2102.210437713, 1.009666594,
2102.230869453, 1.009584679,
2102.251301094, 1.009533025,
2102.271732634, 1.009298249,
2102.292164374, 1.008603174,
2102.312596014, 1.008480992,
2102.353459294, 1.006513025,
2102.394322673, 1.005316662,
2102.414754213, 1.005175363,
2102.435185852, 1.004182985,
2102.455617592, 1.002926077,
2102.476049131, 1.002094971,
2102.496480771, 1.001321328,
2102.516912510, 1.000543928,
2102.537344049, 0.999657307,
2102.557775688, 0.998531720,
2102.578207427, 0.997578590,
2102.598639066, 0.997122149,
2102.639502343, 0.996468425,
2102.659933982, 0.995548310,
2102.680365621, 0.994098514,
2102.700797259, 0.993407640,
2102.721228898, 0.991683718,
2102.741660636, 0.991388139,
2102.762092174, 0.990567396,
2102.782523812, 0.989643688,
2102.802955450, 0.989103624,
2102.823387088, 0.988069997,
2102.843818826, 0.987444906,
2102.884682002, 0.986102959,
2102.905113740, 0.985137004,
2102.925545277, 0.984515787,
2102.945976915, 0.983090273,
2102.966408652, 0.980991948,
2102.986840190, 0.980530264,
2103.007271827, 0.980305949,
2103.027703564, 0.980217601,
2103.048135101, 0.979392386,
2103.068566738, 0.978924227,
2103.088998475, 0.978486591,
2103.109430112, 0.977989100,
2103.129861749, 0.977359766,
2103.150293386, 0.977867954,
2103.170725023, 0.978270340,
2103.191156659, 0.977630569,
2103.211588296, 0.977089457,
2103.232019932, 0.976583151,
2103.252451569, 0.976069426,
2103.272883205, 0.975564247,
2103.293314841, 0.974933578,
2103.313746577, 0.974337386,
2103.334178113, 0.973265056,
2103.354609749, 0.973367509,
2103.415904757, 0.971500941,
2103.436336393, 0.971257240,
2103.456767928, 0.970768349,
2103.477199664, 0.971021107,
2104.090148699, 0.983184144,
2104.110580433, 0.984704979,
2104.131012066, 0.986416339,
2104.151443800, 0.985654598,
2104.171875333, 0.985464507,
2104.192306966, 0.985186424,
2104.212738599, 0.985898899,
2104.233170232, 0.986859614,
2104.253601865, 0.987951404,
2104.274033498, 0.988419078,
2104.294465131, 0.988944330,
2104.314896764, 0.989735480,
2104.335328497, 0.990115629,
2104.396623395, 0.995985726,
2104.417054927, 0.995134735,
2104.437486660, 0.994889631,
2104.457918292, 0.995714458,
2104.478349824, 0.996746402,
2104.498781557, 0.997401904,
2104.519213189, 0.997873172,
2104.539644721, 0.998226071,
2104.560076453, 0.999040196,
2104.580508085, 0.999601232,
2104.641802981, 1.002674135,
2104.662234713, 1.003624583,
2104.682666244, 1.003962262,
2104.703097876, 1.004063045,
2104.723529608, 1.004925825,
2104.743961139, 1.005137442,
2104.764392771, 1.005641426,
2104.784824502, 1.006194445,
2104.805256134, 1.006356584,
2104.825687665, 1.006742353,
2104.886982658, 1.009871381,
2104.907414290, 1.010466128,
2104.927845921, 1.010151187,
2104.948277552, 1.039596935,
2104.968709183, 1.017856193,
2104.989140713, 1.016119939,
2105.009572444, 1.014586168,
2105.030004075, 1.013026668,
2105.050435606, 1.012191942,
2105.070867336, 1.011598650,
2105.132162228, 1.014763997,
2105.152593859, 1.014864071,
2105.173025589, 1.013331823,
2105.193457119, 1.013022986,
2105.213888750, 1.015725156,
2105.234320480, 1.014936147,
2105.254752010, 1.013193084,
2105.295615370, 1.011652409,
2105.316047000, 1.011295212,
2105.377341890, 1.015389846,
2105.418205149, 1.017663559,
2105.438636779, 1.016119841,
2105.459068509, 1.017199557,
2105.479500038, 1.019172291,
2105.499931668, 1.017714758,
2105.520363397, 1.016438153,
2105.540794927, 1.016951917,
2105.561226556, 1.014340344,
2105.581658286, 1.015836258,
2105.602089815, 1.015447498,
2105.622521544, 1.013446595,
2105.642953174, 1.013879872,
2105.663384703, 1.013493231,
2105.683816432, 1.013841336,
2105.704247961, 1.013746816,
2105.724679590, 1.013126170,
2105.745111319, 1.013610321,
2105.765542848, 1.014018080,
2105.785974477, 1.014106578,
2105.806406206, 1.013826617,
2105.867701092, 1.017698251,
2105.888132720, 1.018710430,
2105.908564349, 1.016095249,
2105.928995978, 1.015517106,
2105.949427606, 1.015092534,
2105.969859335, 1.015075546,
2105.990290863, 1.014441303,
2106.010722491, 1.014837268,
2106.031154220, 1.014584676,
2106.051585748, 1.014704997,
2106.112880633, 1.014545097,
2106.133312361, 1.014171474,
2106.153743989, 1.013745080,
2106.174175517, 1.013169657,
2106.194607245, 1.012073754,
2106.215038873, 1.011734068,
2106.235470401, 1.011565919,
2106.255902129, 1.010387336,
2106.276333756, 1.009045061,
2106.296765384, 1.008372234,
2106.358060267, 1.008707826,
2106.378491895, 1.007235608,
2106.398923523, 1.005948870,
2106.419355150, 1.005227528,
2106.439786778, 1.003945693,
2106.460218405, 1.003725157,
2106.480650032, 1.003082430,
2106.501081660, 1.001837844,
2106.521513287, 1.000544460,
2106.541945014, 0.999830086,
2106.603239896, 0.999537271,
2106.623671423, 0.998234092,
2106.644103150, 0.997679833,
2106.664534777, 0.996127876,
2106.684966305, 0.994820118,
2106.705398032, 0.993561749,
2106.725829658, 0.992759984,
2106.746261185, 0.992325737,
2106.766692912, 0.991032934,
2106.787124539, 0.990053618,
2106.848419420, 0.989829830,
2106.868851146, 0.988546585,
2106.889282673, 0.987851932,
2106.909714300, 0.986954612,
2106.930146026, 0.985882251,
2106.950577553, 0.985481218,
2106.971009179, 0.984559846,
2106.991440906, 0.983547109,
2107.011872532, 0.982746947,
2107.032304159, 0.982220006,
2107.073167312, 0.981848002,
2107.093599038, 0.980499762,
2107.114030664, 0.980034790,
2107.134462190, 0.979990914,
2107.154893917, 0.978259156,
2107.175325543, 0.977381161,
2107.195757069, 0.976927085,
2107.216188795, 0.976137109,
2107.257052148, 0.974527884,
2107.359210178, 0.978805206,
2107.379641903, 0.977228363,
2107.400073429, 0.977502629,
2107.420505055, 0.977581222,
2107.440936781, 0.976094575,
2107.461368407, 0.977373846,
2107.481800033, 0.974466411,
2107.502231658, 0.977828391,
2107.522663284, 0.974440968,
2107.543094910, 0.971830377,
2107.563526535, 0.971597068,
2107.583958161, 0.972272379,
2107.604389887, 0.971446641,
2107.624821412, 0.971611059,
2107.645253038, 0.971403629,
2107.665684763, 0.971177965,
2107.686116289, 0.970734115,
2107.726979540, 0.970597722,
2107.747411165, 0.970884313,
2107.767842891, 0.972633804,
2107.829137767, 0.974039172,
2107.849569292, 0.973513176,
2107.870000917, 0.974929781,
2107.890432643, 0.974223297,
2107.910864168, 0.974369107,
2107.931295793, 0.973896576,
2107.951727518, 0.974285872,
2107.972159043, 0.975032009,
2107.992590768, 0.975968364,
2108.013022394, 0.976021798,
2108.074317269, 0.980885530,
2108.094748894, 0.979618667,
2108.115180519, 0.980338903,
2108.135612144, 0.980347901,
2108.156043769, 0.980945906,
2108.176475494, 0.985175272,
2108.196907019, 0.983846024,
2108.217338744, 0.983654017,
2108.237770368, 0.983893633,
2108.258201893, 0.984881339,
2108.319496768, 0.988475225,
2108.339928493, 0.988801822,
2108.360360117, 0.989115703,
2108.380791642, 0.989817244,
2108.401223367, 0.990479694,
2108.421654992, 0.990582186,
2108.462518241, 0.991727423,
2108.482949766, 0.992954629,
2108.503381490, 0.995201474,
2108.564676364, 0.996859250,
2108.585107989, 0.997164569,
2108.605539613, 0.997279940,
2108.625971238, 0.998342082,
2108.666834587, 1.001993891,
2108.687266211, 1.001428180,
2108.707697736, 1.002733650,
2108.728129460, 1.001775435,
2108.748561085, 0.999930058,
2108.809855958, 1.003455813,
2108.830287483, 1.003375893,
2108.850719207, 1.003717446,
2108.871150831, 1.003497962,
2108.891582556, 1.003917850,
2108.912014080, 1.004528065,
2108.952877429, 1.004557629,
2108.973308953, 1.003428392,
2109.055035450, 1.006655512,
2109.075467174, 1.006695010,
2109.095898699, 1.006264884,
2109.116330423, 1.006269643,
2109.136761947, 1.007273237,
2109.157193571, 1.006208880,
2109.177625296, 1.005629026,
2109.198056820, 1.009765036,
2109.218488444, 1.012430946,
2109.300215041, 1.010804220,
2109.320646665, 1.010835129,
2109.341078389, 1.009668994,
2109.361509913, 1.009248837,
2109.381941537, 1.008426176,
2109.402373261, 1.008287061,
2109.422804786, 1.007831744,
2109.443236410, 1.009150613,
2109.463668134, 1.008504821,
2109.524963006, 1.012253139,
2109.545394530, 1.010945126,
2109.565826254, 1.010435686,
2109.586257878, 1.010126911,
2109.606689402, 1.010219522,
2109.627121126, 1.016410640,
2109.647552750, 1.013395655,
2109.667984375, 1.012524886,
2109.688415999, 1.011342382,
2109.708847623, 1.011076450,
2109.729279247, 1.011685508,
2109.770142495, 1.013590625,
2109.790574119, 1.012822939,
2109.811005843, 1.011919970,
2109.831437367, 1.012210167,
2109.851869091, 1.011697052,
2109.872300615, 1.011577829,
2109.892732239, 1.011959168,
2109.913163963, 1.014684826,
2109.954027111, 1.012256182,
2110.015322083, 1.013485257,
2110.035753707, 1.012597101,
2110.056185231, 1.012246920,
2110.076616955, 1.011993291,
2110.097048579, 1.012202102,
2110.117480103, 1.011248280,
2110.137911827, 1.011024166,
2110.158343451, 1.010823886,
2110.199206699, 1.010849616,
2110.280933195, 1.009603679,
2110.301364919, 1.009177692,
2110.321796543, 1.008432303,
2110.342228068, 1.007504881,
2110.362659792, 1.007289107,
2110.383091416, 1.006485351,
2110.403523040, 1.005451640,
2110.423954664, 1.005253481,
2110.505681060, 1.003163883,
2110.526112784, 1.002909933,
2110.546544408, 1.001799361,
2110.566975932, 1.002010992,
2110.587407656, 1.000775544,
2110.607839281, 0.999732265,
2110.628271005, 0.998769855,
2110.669134153, 0.997906315,
2110.689565877, 0.995770104,
2110.709997401, 0.995730819,
2110.771292274, 0.992538358,
2110.791723898, 0.994759450,
2110.812155622, 0.997158885,
2110.853018871, 0.996623185,
2110.873450495, 0.995317656,
2110.914313743, 0.991845297,
2110.934745367, 0.990357136,
2110.955176992, 0.989173128,
2110.975608616, 0.987402494,
2110.996040240, 0.986107897,
2111.016471865, 0.985364988,
2111.036903589, 0.984763747,
2111.077766837, 0.982600592,
2111.098198462, 0.981692042,
2111.118629986, 0.981336752,
2111.139061711, 0.979505906,
2111.159493235, 0.978945339,
2111.179924859, 0.981057699,
2111.261651457, 0.978770933,
2111.282082981, 0.977726577,
2111.302514706, 0.976974985,
2111.322946330, 0.975999140,
2111.343377855, 0.975442774,
2111.363809579, 0.974817221,
2111.384241204, 0.973665435,
2111.404672828, 0.973941608,
2111.425104453, 0.973104774,
2111.445536078, 0.972518395,
2111.486399327, 0.975486200,
2111.506830951, 0.972484505,
2111.527262676, 0.973802054,
2111.547694301, 0.973053857,
2111.568125825, 0.971498711,
2111.588557550, 0.971190303,
2111.608989175, 0.970903348,
2111.629420699, 0.971877946,
2111.649852424, 0.971374063,
2111.670284049, 0.970953895,
2111.690715774, 0.972000901,
2111.752010648, 0.971895737,
2111.772442173, 0.971886923,
2111.792873798, 0.971667486,
2111.813305423, 0.972242187,
2111.833737048, 0.972292381,
2111.854168673, 0.972196533,
2111.874600298, 0.972175405,
2111.895031923, 0.975074740,
2111.935895173, 0.974266978,
2112.017621673, 0.978204503,
2112.058485023, 0.976862907,
2112.078916648, 0.977870480,
2112.099348274, 0.977523606,
2112.119779899, 0.977918984,
2112.140211524, 0.978022840,
2112.160643149, 0.979027724,
2112.181074775, 0.979443343,
2112.242369651, 0.983781115,
2112.262801376, 0.983705333,
2112.283232901, 0.983902996,
2112.303664627, 0.984047986,
2112.324096252, 0.987748687,
2112.344527778, 0.985686822,
2112.364959503, 0.985860774,
2112.385391129, 0.985890674,
2112.405822654, 0.986367169,
2112.426254380, 0.986861416,
2112.528412508, 0.991355876,
2112.548844134, 0.991421224,
2112.569275760, 0.992091133,
2112.589707386, 0.992884455,
2112.610139012, 0.993051811,
2112.630570637, 0.993316436,
2112.651002263, 0.994410954,
2112.671433889, 0.994944048,
2112.753160493, 0.998938476,
2112.794023646, 0.999982288,
2112.814455372, 0.999329984,
2112.834886998, 1.000015318,
2112.896181877, 1.001107698,
2112.916613603, 0.999995670,
2112.957476756, 1.005869978,
2112.977908482, 1.004548655,
2112.998340009, 1.003978992,
2113.018771635, 1.004651089,
2113.039203361, 1.004326220,
2113.059634888, 1.004105608,
2113.100498241, 1.002864041,
2113.120929768, 1.004058646,
2113.141361495, 1.005330620,
2113.161793121, 1.005881280,
2113.243519528, 1.007385270,
2113.263951255, 1.007096795,
2113.284382882, 1.007854422,
2113.304814509, 1.008495166,
2113.325246136, 1.008639309,
2113.345677763, 1.010212387,
2113.366109490, 1.008578081,
2113.386541017, 1.008383625,
2113.406972645, 1.009312238,
2113.427404372, 1.009060455,
2113.447835899, 1.008857670,
2113.468267526, 1.007834558,
2113.488699254, 1.008247888,
2113.509130781, 1.008191273,
2113.529562508, 1.008805656,
2113.549994136, 1.008247292,
2113.570425663, 1.007899967,
2113.590857391, 1.007997450,
2113.611289018, 1.008218762,
2113.631720546, 1.007748502,
2113.652152273, 1.006687935,
2113.693015429, 1.008698217,
2113.713447156, 1.009087545,
2113.733878784, 1.009817469,
2113.754310512, 1.010449829,
2113.774742040, 1.009961706,
2113.795173668, 1.009869469,
2113.815605296, 1.010168797,
2113.836037024, 1.009641418,
2113.876900280, 1.008232910,
2113.897331808, 1.009196059,
2113.938195164, 1.011891774,
2113.958626693, 1.010838549,
2113.979058421, 1.011001857,
2113.999490049, 1.011408085,
2114.019921578, 1.011239503,
2114.040353306, 1.011213846,
2114.060784935, 1.010887756,
2114.081216463, 1.011294406,
2114.101648192, 1.009787669,
2114.183374706, 1.013600387,
2114.203806435, 1.015252170,
2114.224237964, 1.011844813,
2114.244669593, 1.011373532,
2114.265101322, 1.010154648,
2114.285532851, 1.009064392,
2114.305964580, 1.008466443,
2114.326396209, 1.007125041,
2114.367259467, 1.005752880,
2114.387691097, 1.004378333,
2114.428554355, 1.006644091,
2114.448985985, 1.006601383,
2114.469417614, 1.005283911,
2114.489849243, 1.003090736,
2114.510280873, 1.006445113,
2114.530712603, 1.005671028,
2114.551144132, 1.004444876,
2114.571575762, 1.003677778,
2114.592007492, 1.001581634,
2114.673733911, 1.000738249,
2114.694165541, 0.999985238,
2114.714597271, 0.999005659,
2114.735028801, 0.998924509,
2114.755460531, 0.998131794,
2114.775892161, 0.996774517,
2114.796323692, 0.994554876,
2114.816755422, 0.993951977,
2114.837187052, 0.992843292,
2114.857618583, 0.991393061,
2114.878050313, 0.990911430,
2114.939345205, 0.991248457,
2115.021071728, 0.989152296,
2115.041503459, 0.988543898,
2115.061935090, 0.986696189,
2115.082366621, 0.986572918,
2115.102798352, 0.985539181,
2115.123229983, 0.983368369,
2115.184524877, 0.983432205,
2115.204956508, 0.982766458,
2115.225388140, 0.981646253,
2115.245819771, 0.980670368,
2115.266251403, 0.980073647,
2115.286683034, 0.980244249,
2115.307114766, 0.979453841,
2115.327546298, 0.978458424,
2115.347977930, 0.977798073,
2115.368409661, 0.978915429,
2115.409272825, 0.979205281,
2115.429704557, 0.978002130,
2115.450136089, 0.977680818,
2115.470567722, 0.977572654,
2115.490999454, 0.976311518,
2115.511430986, 0.975469376,
2115.531862718, 0.974334584,
2115.552294351, 0.974469946,
2115.572725983, 0.974438319,
2115.593157616, 0.975104569,
2115.613589248, 0.974197081,
2115.654452514, 0.981529053,
2115.674884146, 0.977305113,
2115.695315779, 0.976066730,
2115.715747512, 0.975329845,
2115.736179045, 0.974653280,
2115.756610778, 0.974706020,
2115.777042411, 0.975027836,
2115.797473944, 0.974714823,
2115.817905678, 0.974680192,
2115.838337311, 0.974599751,
2115.858768844, 0.974747524,
2115.899632211, 0.976808686,
2115.920063845, 0.977243663,
2115.940495478, 0.976732543,
2115.960927012, 0.975924136,
2115.981358746, 0.976800738,
2116.001790379, 0.977081112,
2116.022221913, 0.977073582,
2116.042653647, 0.977237799,
2116.063085281, 0.977530520,
2116.083516915, 0.976690427,
2116.144811918, 0.981055536,
2116.165243452, 0.981378409,
2116.185675087, 0.982385925,
2116.206106821, 0.982140718,
2116.226538456, 0.981729887,
2116.246969991, 0.981996555,
2116.267401725, 0.983151464,
2116.287833360, 0.983787227,
2116.308264995, 0.983727236,
2116.328696630, 0.984079257,
2116.349128265, 0.983776353,
2116.389991535, 0.988719042,
2116.410423170, 0.988767362,
2116.430854905, 0.988169004,
2116.451286441, 0.988913993,
2116.471718076, 0.990085726,
2116.512581347, 0.990603829,
2116.533013083, 0.990273267,
2116.553444719, 0.990099402,
2116.573876254, 0.991775718,
2116.635171162, 0.995173799,
2116.655602898, 0.995583255,
2116.676034434, 0.996088529,
2116.696466171, 0.996545361,
2116.716897807, 0.996305444,
2116.737329343, 0.997051264,
2116.757761080, 0.996485765,
2116.778192716, 0.998850629,
2116.798624353, 1.001150312,
2116.819055989, 1.003497763,
2116.900782537, 1.003287101,
2116.921214274, 1.004097569,
2116.941645911, 1.005771260,
2116.962077448, 1.005098939,
2116.982509186, 1.005603357,
2117.002940823, 1.005821732,
2117.023372361, 1.005277665,
2117.043804098, 1.005426389,
2117.064235736, 1.005580862,
2117.084667473, 1.005711360,
2117.145962387, 1.007834596,
2117.166393925, 1.008731230,
2117.186825563, 1.008822181,
2117.207257201, 1.008623408,
2117.227688839, 1.008169036,
2117.248120478, 1.007687752,
2117.268552116, 1.007901479,
2117.288983755, 1.008285385,
2117.309415493, 1.007978143,
2117.329847032, 1.008027908,
2117.391141948, 1.009671441,
2117.411573587, 1.009232358,
2117.432005326, 1.009524621,
2117.452436966, 1.010478527,
2117.472868605, 1.011104514,
2117.493300244, 1.010468694,
2117.513731884, 1.011104055,
2117.534163523, 1.011674415,
2117.554595163, 1.011206730,
2117.575026802, 1.010511436,
2117.595458542, 1.011074144,
2117.615890082, 1.011355651,
2117.636321722, 1.010852144,
2117.656753462, 1.010310398,
2117.677185002, 1.010203995,
2117.697616742, 1.010386924,
2117.718048382, 1.009727903,
2117.738479923, 1.008954563,
2117.758911663, 1.010417920,
2117.779343304, 1.010902913,
2117.799774844, 1.012981711,
2117.820206585, 1.013025895,
2117.881501508, 1.012590325,
2117.901933149, 1.014256838,
2117.922364790, 1.014597596,
2117.942796431, 1.031876548,
2117.963228072, 1.031691057,
2117.983659714, 1.022748491,
2118.004091355, 1.020915904,
2118.024522997, 1.025355662,
2118.044954639, 1.021679877,
2118.065386280, 1.016823868,
2118.106249664, 1.015453551,
2118.147112948, 1.015357637,
2118.167544590, 1.014774319,
2118.187976133, 1.013781069,
2118.208407875, 1.013949494,
2118.228839518, 1.013549409,
2118.249271060, 1.012484636,
2118.269702803, 1.011369705,
2118.290134446, 1.011212553,
2118.351429375, 1.010222400,
2118.371861118, 1.010959463,
2118.392292661, 1.009517349,
2118.412724304, 1.008886657,
2118.453587591, 1.008087884,
2118.474019335, 1.005957785,
2118.494450979, 1.005773894,
2118.514882522, 1.005194616,
2118.596609199, 1.003477849,
2118.678335776, 1.001006672,
2118.698767421, 0.998992656,
2118.719199066, 0.998466380,
2118.739630711, 0.997292095,
2118.760062356, 0.996267783,
2118.780494001, 0.995536859,
2118.800925646, 0.993280442,
2118.841788937, 0.995650441,
2118.862220682, 0.993878383,
2118.882652328, 0.991717664,
2118.903083873, 0.994270743,
2118.923515619, 0.990772688,
2118.984810557, 0.985912222,
2119.005242203, 0.984954116,
2119.025673750, 0.985437633,
2119.046105496, 0.986531255,
2119.107400436, 0.983957833,
2119.127832082, 0.991033827,
2119.148263829, 0.987036144,
2119.168695376, 0.983480434,
2119.189127023, 0.982408202,
2119.209558771, 0.981103124,
2119.229990318, 0.979846513,
2119.250422065, 0.979249544,
2119.270853713, 0.978245590,
2119.291285360, 0.976785943,
2119.352580204, 0.979173879,
2119.373011952, 0.979050791,
2119.393443600, 0.978349331,
2119.413875348, 0.981565221,
2119.434306897, 0.979990263,
2119.454738545, 0.979598260,
2119.475170294, 0.978929755,
2119.495601842, 0.978030441,
2119.516033491, 0.977601543,
2119.536465240, 0.977020613,
2119.597760187, 0.976718405,
2119.618191737, 0.976931907,
2119.638623486, 0.975676459,
2119.659055136, 0.975204173,
2119.679486685, 0.975614741,
2119.699918435, 0.975129401,
2119.720350085, 0.974166833,
2119.740781735, 0.973338549,
2119.761213385, 0.973733802,
2119.781645035, 0.973976029,
2119.822508336, 0.975174962,
2119.842939986, 0.975701432,
2119.863371737, 0.976071642,
2119.883803388, 0.974778282,
2119.904234938, 0.974957815,
2119.924666589, 0.975492591,
2119.945098240, 0.975131176,
2119.965529892, 0.974114405,
2119.985961643, 0.974523742,
2120.006393194, 0.974639923,
2120.067688149, 0.979650702,
2120.088119901, 0.978496412,
2120.128983105, 0.980288931,
2120.149414857, 0.980160702,
2120.169846510, 0.979758403,
2120.190278262, 0.980595574,
2120.210709815, 0.980655573,
2120.231141467, 0.980481494,
2120.251573220, 0.980027706,
2120.272004773, 0.980902669,
2120.312868179, 0.983769081,
2120.333299732, 0.984598902,
2120.353731386, 0.984231403,
2120.374163139, 0.985412898,
2120.394594693, 0.986675024,
2120.415026446, 0.986689145,
2120.435458100, 0.989951208,
2120.455889754, 0.988445897,
2120.476321408, 0.989073138,
2120.496753062, 0.988916851,
2120.517184717, 0.989530259,
2120.558048026, 0.992727166,
2120.578479780, 0.992301349,
2120.598911335, 0.993804395,
2120.619342990, 0.994384787,
2120.639774745, 0.994214834,
2120.660206300, 0.994473740,
2120.701069711, 0.994394936,
2120.721501266, 0.996823167,
2120.741932922, 0.996038749,
2120.762364678, 0.998622740,
2120.803227989, 0.999604172,
2120.823659645, 1.000704857,
2120.864522958, 1.001232460,
2120.884954614, 1.001748777,
2120.905386171, 1.000732932,
2120.925817928, 1.001270290,
2120.946249585, 1.001358824,
2120.966681342, 1.003608427,
2120.987112899, 1.005953090,
2121.068839528, 1.002858215,
2121.089271286, 1.003455672,
2121.109702944, 1.003935546,
2121.130134502, 1.004672615,
2121.150566260, 1.007773911,
2121.170997918, 1.009541345,
2121.191429576, 1.009379646,
2121.211861235, 1.009595802,
2121.232292893, 1.010365390,
2121.273156211, 1.011176495,
2121.293587870, 1.011326915,
2121.314019529, 1.011138210,
2121.334451188, 1.011891991,
2121.354882947, 1.011863675,
2121.375314507, 1.011367525,
2121.395746166, 1.011075492,
2121.416177926, 1.010449133,
2121.436609486, 1.009903317,
2121.457041146, 1.012150201,
2121.477472906, 1.012575758,
2121.497904466, 1.012100568,
2121.538767887, 1.013197429,
2121.559199448, 1.013521561,
2121.579631209, 1.013716230,
2121.600062869, 1.013714261,
2121.620494530, 1.013563282,
2121.640926192, 1.014140476,
2121.661357853, 1.013834807,
2121.681789514, 1.013716356,
2121.702221176, 1.013587661,
2121.722652838, 1.014025263,
2121.743084599, 1.013778863,
2121.783947823, 1.015472853,
2121.804379586, 1.015852421,
2121.824811248, 1.016184902,
2121.845242810, 1.015956263,
2121.865674573, 1.016172659,
2121.886106236, 1.016141324,
2121.906537799, 1.016884993,
2121.926969562, 1.015869786,
2121.947401225, 1.016043325,
2122.049559543, 1.012899297,
2122.069991107, 1.016160823,
2122.090422871, 1.016441751,
2122.110854535, 1.016894905,
2122.131286299, 1.017306877,
2122.151717864, 1.016388502,
2122.172149528, 1.015556209,
2122.192581293, 1.016006279,
2122.213012858, 1.014661252,
2122.233444523, 1.014495347,
2122.274307954, 1.016193613,
2122.294739519, 1.010519732,
2122.315171285, 1.012538213,
2122.356034616, 1.012265710,
2122.376466282, 1.011362688,
2122.396897948, 1.011393197,
2122.417329615, 1.010432460,
2122.437761281, 1.009728372,
2122.458192948, 1.008285267,
2122.478624714, 1.007403187,
2122.519488048, 1.006553743,
2122.539919715, 1.006566789,
2122.560351283, 1.004703901,
2122.601214718, 1.002986606,
2122.621646285, 1.001921880,
2122.642078053, 1.000660359,
2122.662509621, 0.996502437,
2122.682941389, 0.996166704,
2122.703373058, 0.998020076,
2122.723804626, 0.997813633,
2122.785099632, 0.996652296,
2122.805531401, 0.995712403,
2122.825963070, 0.994509628,
2122.846394740, 0.993849063,
2122.866826409, 0.992409036,
2122.887258079, 0.991760726,
2122.907689848, 0.990334141,
2122.928121518, 0.989657883,
2122.948553088, 0.986677335,
2123.030279870, 0.986671719,
2123.050711541, 0.986096161,
2123.071143312, 0.985175162,
2123.091574883, 0.984698799,
2123.112006554, 0.983829944,
2123.152869897, 0.982655362,
2123.173301568, 0.981479855,
2123.234596584, 0.980212044,
2123.275459929, 0.978733300,
2123.295891701, 0.977233723,
2123.316323274, 0.977465281,
2123.336754947, 0.975675207,
2123.357186720, 0.975184917,
2123.377618293, 0.974665939,
2123.398049966, 0.974310050,
2123.418481740, 0.973785227,
2123.438913313, 0.973398391,
2123.459345087, 0.973833113,
2123.500208435, 0.974096323,
2123.520640109, 0.974148156,
2123.541071783, 0.973499031,
2123.561503458, 0.973517874,
2123.581935132, 0.974224818,
2123.602366807, 0.974092530,
2123.622798582, 0.973841692,
2123.663661833, 0.973259218,
2123.684093608, 0.972678058,
2123.704525284, 0.972625024,
2123.745388635, 0.974005699,
2123.765820311, 0.974980192,
2123.786251888, 0.974584898,
2123.806683664, 0.974752356,
2123.827115340, 0.973916648,
2123.847547117, 0.974213413,
2123.867978694, 0.974231802,
2123.888410371, 0.974154926,
2123.908842048, 0.974109586,
2123.929273725, 0.974496035,
2123.949705403, 0.973541458,
2123.990568758, 0.977361583,
2124.011000536, 0.977347679,
2124.031432114, 0.977672393,
2124.051863792, 0.977924682,
2124.072295571, 0.978835641,
2124.092727149, 0.979056419,
2124.113158828, 0.979092611,
2124.133590607, 0.982334528,
2124.154022286, 0.983113494,
2124.174453865, 0.982757332,
2124.194885644, 0.982461383,
2124.235749004, 0.984558801,
2124.256180683, 0.985024629,
2124.276612363, 0.985689380,
2124.297044144, 0.986880262,
2124.317475724, 0.987055610,
2124.337907404, 0.986825106,
2124.358339185, 0.987932495,
2124.378770766, 0.988599000,
2124.399202547, 0.989309628,
2124.419634228, 0.989672556,
2124.440065809, 0.990596687,
2124.480929272, 0.993462741,
2124.501360854, 0.994527084,
2124.521792636, 0.995865556,
2124.542224318, 0.995919899,
2124.562656000, 0.997170933,
2124.583087683, 0.997165385,
2124.603519365, 0.997654211,
2124.623951048, 0.998651239,
2124.644382731, 0.998966346,
2124.664814414, 1.000078002,
2124.746541148, 1.004025566,
2124.766972832, 1.004883934,
2124.787404616, 1.005674779,
2124.807836301, 1.005890768,
2124.828267885, 1.005976660,
2124.848699670, 1.006519177,
2124.869131354, 1.006354463,
2124.889562939, 1.006794296,
2124.909994724, 1.007200102,
2124.930426410, 1.007255245,
2124.991721467, 1.009661055,
2125.012153252, 1.010183600,
2125.032584839, 1.011077576,
2125.053016525, 1.011177154,
2125.073448311, 1.012180503,
2125.093879898, 1.011828723,
2125.114311585, 1.011835640,
2125.134743372, 1.012257873,
2125.155174959, 1.012493661,
2125.175606746, 1.012556492,
2125.196038434, 1.012749186,
2125.216470021, 1.012905881,
2125.236901809, 1.012995530,
2125.257333497, 1.013150659,
2125.318628562, 1.014596268,
2125.339060251, 1.013793607,
2125.359491940, 1.013524243,
2125.379923629, 1.012487390,
2125.461650387, 1.015527385,
2125.482082076, 1.014981680,
2125.502513867, 1.015705305,
2125.522945557, 1.014947061,
2125.543377147, 1.015475915,
2125.563808938, 1.015378743,
2125.584240629, 1.014787234,
2125.604672220, 1.015192528,
2125.625104011, 1.015305645,
2125.645535702, 1.015428576,
2125.665967294, 1.015157321,
2125.706830777, 1.015844498,
2125.727262569, 1.016226304,
2125.747694161, 1.016568912,
2125.768125854, 1.016705478,
2125.788557646, 1.016708069,
2125.808989239, 1.016951961,
2125.829420932, 1.017356440,
2125.849852725, 1.018458651,
2125.870284318, 1.017484172,
2125.890716112, 1.016865018,
2125.911147805, 1.016513761,
2125.952011193, 1.017245531,
2125.972442787, 1.016585030,
2125.992874582, 1.016699456,
2126.013306276, 1.015826813,
2126.033737971, 1.015982961,
2126.054169566, 1.015718156,
2126.074601361, 1.015225428,
2126.095033056, 1.014824622,
2126.115464751, 1.014425350,
2126.135896447, 1.014601851,
2126.156328143, 1.014592002,
2126.197191535, 1.014408693,
2126.217623231, 1.012767033,
2126.238055028, 1.012268706,
2126.258486625, 1.011349884,
2126.278918421, 1.010445766,
2126.299350119, 1.010133343,
2126.319781716, 1.009420426,
2126.340213513, 1.007769958,
2126.360645211, 1.004295218,
2126.442371903, 1.006007463,
2126.462803702, 1.004971586,
2126.483235401, 1.004147143,
2126.503667200, 1.003076810,
2126.524098799, 1.001818683,
2126.544530498, 1.000961615,
2126.605825597, 0.995392284,
2126.626257297, 0.995346118,
2126.646689097, 0.996513000,
2126.687552498, 0.997630036,
2126.707984099, 0.996139769,
2126.728415900, 0.995443229,
2126.748847601, 0.993675877,
2126.769279203, 0.993196146,
2126.789711004, 0.991683514,
2126.810142706, 0.990528519,
2126.830574508, 0.989761420,
2126.851006110, 0.993726628,
2126.871437812, 0.989541967,
2126.953164724, 0.985982147,
2126.973596327, 0.984507236,
2126.994028030, 0.983397621,
2127.014459834, 0.982980183,
2127.034891438, 0.982519867,
2127.055323242, 0.981366194,
2127.075754946, 0.980899963,
2127.096186551, 0.980011120,
2127.116618355, 0.979748910,
2127.137050060, 0.978602347,
2127.198345176, 0.978325856,
2127.218776981, 0.976566369,
2127.239208587, 0.976558258,
2127.259640293, 0.977038496,
2127.280071999, 0.977042573,
2127.300503706, 0.974742226,
2127.320935412, 0.974281534,
2127.341367219, 0.973734575,
2127.361798826, 0.973177353,
2127.382230533, 0.972773615,
2127.423093948, 0.973203241,
2127.443525756, 0.972752530,
2127.463957464, 0.971982283,
2127.484389072, 0.972398572,
2127.504820881, 0.972076293,
2127.525252589, 0.976085128,
2127.545684198, 0.977606127,
2127.566116007, 0.975767209,
2127.586547716, 0.976388429,
2127.606979525, 0.974595389,
2127.627411135, 0.973032539,
2127.688706265, 0.976515296,
2127.709137975, 0.976194578,
2127.729569785, 0.975990394,
2127.750001396, 0.976014823,
2127.770433207, 0.976346712,
2127.790864918, 0.977077379,
2127.811296630, 0.978100682,
2127.831728341, 0.977187330,
2127.852160053, 0.976531860,
2127.893023477, 0.979143721,
2127.913455189, 0.979086440,
2127.933886902, 0.978506775,
2127.954318615, 0.978859317,
2127.974750328, 0.979361351,
2127.995182141, 0.979637324,
2128.015613754, 0.980135049,
2128.036045468, 0.982836433,
2128.056477281, 0.981771422,
2128.076908895, 0.980487254,
2128.097340610, 0.979197759,
2128.117772424, 0.978953941,
2128.158635853, 0.984305476,
2128.179067568, 0.985034777,
2128.199499184, 0.985489739,
2128.219930999, 0.985888958,
2128.240362715, 0.986551947,
2128.281226146, 0.989005224,
2128.301657863, 0.987381250,
2128.322089479, 0.986420272,
2128.342521296, 0.989180100,
2128.362953013, 0.988500047,
2128.424248164, 0.993104706,
2128.444679982, 0.989494971,
2128.465111700, 0.997117947,
2128.485543318, 0.998382052,
2128.526406855, 0.999654495,
2128.546838574, 1.000088211,
2128.567270293, 1.001130890,
2128.587702012, 1.001651116,
2128.628565451, 1.001499379,
2128.648997171, 1.002601427,
2128.669428891, 1.003219200,
2128.689860611, 1.003712861,
2128.710292431, 1.004515747,
2128.730724052, 1.005164284,
2128.751155773, 1.004206069,
2128.771587594, 1.001429627,
2128.792019215, 1.004855919,
2128.812450936, 1.003800026,
2128.832882758, 1.008759248,
2128.853314380, 1.015210674,
2128.914609547, 1.011372791,
2128.935041370, 1.010844481,
2128.975904816, 1.012306496,
2128.996336539, 1.012421154,
2129.016768263, 1.012452856,
2129.037199987, 1.012225663,
2129.057631711, 1.012738594,
2129.078063435, 1.012722120,
2129.098495260, 1.012834818,
2129.159790434, 1.015066784,
2129.180222160, 1.014928028,
2129.200653785, 1.015403613,
2129.221085611, 1.016555664,
2129.241517337, 1.015664830,
2129.261949063, 1.015824076,
2129.282380790, 1.016069575,
2129.302812516, 1.016076375,
2129.323244243, 1.016044828,
2129.343675970, 1.015992495,
2129.384539425, 1.016954554,
2129.404971153, 1.016332233,
2129.425402781, 1.017518127,
2129.445834609, 1.017351240,
2129.466266337, 1.016535029,
2129.486698166, 1.016321055,
2129.507129795, 1.016484077,
2129.568424983, 1.012069415,
2129.588856712, 1.013768010,
2129.650152003, 1.017493645,
2129.670583733, 1.017826960,
2129.691015464, 1.018265133,
2129.711447195, 1.018004221,
2129.731878926, 1.017801856,
2129.752310658, 1.017828850,
2129.772742390, 1.017470216,
2129.793174122, 1.016581020,
2129.813605854, 1.042361648,
2129.834037686, 1.034932344,
2129.874901152, 1.109352652,
2129.895332885, 1.056355460,
2129.915764518, 1.037020615,
2129.936196352, 1.030597113,
2129.956628085, 1.023887928,
2129.977059719, 1.027859316,
2129.997491554, 1.024060183,
2130.017923188, 1.021262437,
2130.038355023, 1.018604397,
2130.058786757, 1.017353341,
2130.079218393, 1.016425745,
2130.120081963, 1.013896441,
2130.140513599, 1.013105739,
2130.160945435, 1.011921560,
2130.181377171, 1.010532786,
2130.201809008, 1.010389758,
2130.263104219, 1.005411791,
2130.283535856, 1.005581016,
2130.303967594, 1.004967811,
2130.324399432, 1.004768206,
2130.365262808, 1.004298586,
2130.385694647, 1.003940572,
2130.406126385, 1.002633778,
2130.426558124, 1.001647286,
2130.446989863, 1.000773895,
2130.467421603, 1.000280598,
2130.487853443, 0.999279194,
2130.508285083, 0.997692929,
2130.528716823, 0.996464013,
2130.549148663, 0.995120472,
2130.569580304, 0.994502951,
2130.630875527, 0.994030320,
2130.651307368, 0.992802848,
2130.671739010, 0.992027190,
2130.692170752, 0.991384460,
2130.712602595, 0.990938058,
2130.733034237, 0.988847840,
2130.753466080, 0.987467985,
2130.773897823, 0.986649414,
2130.794329466, 0.986040941,
2130.814761309, 0.984541840,
2130.876056541, 0.985258736,
2130.896488285, 0.984160072,
2130.916920030, 0.983369097,
2130.937351775, 0.982650157,
2130.957783520, 0.981923046,
2130.978215365, 0.981628021,
2130.998647111, 0.980500714,
2131.019078756, 0.979780992,
2131.039510603, 0.979400760,
2131.059942349, 0.978653408,
2131.121237589, 0.977000035,
2131.141669336, 0.976605543,
2131.162101084, 0.976011779,
2131.182532831, 0.975397377,
2131.202964679, 0.974596256,
2131.223396327, 0.973375621,
2131.243828076, 0.972967337,
2131.264259825, 0.972770461,
2131.284691573, 0.972181293,
2131.305123422, 0.971269976,
2131.366418671, 0.973456623,
2131.386850322, 0.972366265,
2131.407282072, 0.971297422,
2131.427713922, 0.970938891,
2131.448145573, 0.971428080,
2131.468577324, 0.971287876,
2131.489009176, 0.970710657,
2131.509440827, 0.970511198,
2131.529872679, 0.970667850,
2131.550304431, 0.970518115,
2131.591167936, 0.971216905,
2131.611599689, 0.971435822,
2131.632031442, 0.971937325,
2131.652463295, 0.971967591,
2131.672894948, 0.972026183,
2131.693326802, 0.972299315,
2131.713758556, 0.973142556,
2131.734190210, 0.972871708,
2131.754622065, 0.973492823,
2131.775053819, 0.973053311,
2131.795485475, 0.973598767,
2131.856780941, 0.977835843,
2131.877212597, 0.978485259,
2131.897644353, 0.979182454,
2131.918076110, 0.979365664,
2131.938507866, 0.978815326,
2131.958939623, 0.979550929,
2131.999803138, 0.981709774,
2132.020234896, 0.983827753,
2132.040666654, 0.983566013,
2132.061098412, 0.983221607,
2132.081530270, 0.984325621,
2132.101961929, 0.984246026,
2132.142825547, 0.985363585,
2132.163257206, 0.985719018,
2132.183688966, 0.987221137,
2132.204120826, 0.987624977,
2132.224552586, 0.988498747,
2132.244984347, 0.988681097,
2132.265416108, 0.989629276,
2132.285847868, 0.990534640,
2132.326711391, 0.994652313,
2132.347143153, 0.994717399,
2132.367575015, 0.994543499,
2132.388006677, 0.995474210,
2132.408438539, 0.996362961,
2132.428870302, 0.997237728,
2132.449301965, 0.997600918,
2132.469733828, 0.998252633,
2132.490165592, 0.999133115,
2132.510597256, 0.999870774,
2132.531029120, 1.001194291,
2132.592324413, 1.005054890,
2132.612756178, 1.005663572,
2132.633187943, 1.005820235,
2132.653619709, 1.007058670,
2132.674051375, 1.007012258,
2132.694483241, 1.007594741,
2132.735346774, 1.008966337,
2132.755778540, 1.009894354,
2132.817073842, 1.011215315,
2132.837505610, 1.012083547,
2132.857937478, 1.011882211,
2132.878369247, 1.012391406,
2132.898800915, 1.013110501,
2132.919232784, 1.013392454,
2132.939664553, 1.014075229,
2132.960096323, 1.014955296,
2132.980528092, 1.015527909,
2133.000959862, 1.015342066,
2133.021391732, 1.016924543,
2133.082687044, 1.017498043,
2133.103118716, 1.017717335,
2133.123550587, 1.018286018,
2133.143982359, 1.017846487,
2133.164414031, 1.018221077,
2133.184845903, 1.018464182,
2133.205277676, 1.018211245,
2133.225709348, 1.018195750,
2133.246141221, 1.018583105,
2133.266572995, 1.018175821,
2133.307436542, 1.019507575,
2133.327868216, 1.018901167,
2133.348300090, 1.020158684,
2133.368731865, 1.020351320,
2133.389163540, 1.019775042,
2133.409595415, 1.019466162,
2133.430027191, 1.019327927,
2133.450458966, 1.019162341,
2133.470890742, 1.018558817,
2133.491322518, 1.018470081,
2133.511754395, 1.017620832,
2133.552617849, 1.017101596,
2133.573049726, 1.017461717,
2133.593481503, 1.017213927,
2133.613913181, 1.017863664,
2133.675208716, 1.019190013,
2133.695640395, 1.018214778,
2133.716072174, 1.018059918,
2133.736504054, 1.017631650,
2133.756935733, 1.016805572,
2133.777367513, 1.016392443,
2133.797799394, 1.015857830,
2133.818231074, 1.015160623,
2133.859094736, 1.014102609,
2133.879526417, 1.013230108,
2133.899958299, 1.013300985,
2133.920390080, 1.012569686,
2133.940821763, 1.011379805,
2133.961253645, 1.010651987,
2133.981685328, 1.010704578,
2134.063412561, 1.009482157,
2134.083844345, 1.010303181,
2134.104276129, 1.010862989,
2134.124707914, 1.008719243,
2134.145139698, 1.008136786,
2134.165571484, 1.006778456,
2134.186003269, 1.006549648,
2134.206435055, 1.005591061,
2134.226866840, 1.004649131,
2134.247298727, 1.004044206,
2134.267730413, 1.002963658,
2134.288162300, 1.002079891,
2134.308594087, 1.001636876,
2134.329025774, 1.001381719,
2134.349457662, 0.999596251,
2134.369889450, 0.998394831,
2134.390321138, 0.996915141,
2134.410753026, 0.996758723,
2134.431184815, 0.996529782,
2134.451616704, 0.994415817,
2134.472048393, 0.995690660,
2134.492480182, 0.994636374,
2134.553775552, 0.993081039,
2134.574207343, 0.992684246,
2134.594639134, 0.992415432,
2134.615071025, 0.992419259,
2134.635502816, 0.990203205,
2134.676366400, 0.988403387,
2134.696798092, 0.987299385,
2134.717229885, 0.986384981,
2134.778525264, 0.984579504,
2134.798957158, 0.983734592,
2134.819388952, 0.982663993,
2134.839820746, 0.981614639,
2134.860252540, 0.983593638,
2134.880684335, 0.986528772,
2134.901116230, 0.982192408,
2134.921547926, 0.980427083,
2134.941979721, 0.981008601,
2134.962411617, 0.979063679,
2134.982843313, 0.977812791,
2135.044138703, 0.976324544,
2135.064570601, 0.975988948,
2135.085002398, 0.974958517,
2135.105434096, 0.977194511,
2135.125865994, 0.973928884,
2135.146297793, 0.973222125,
2135.166729692, 0.972218946,
2135.187161391, 0.971337379,
2135.207593190, 0.970731089,
2135.228025089, 0.969667197,
2135.268888590, 0.969681588,
2135.289320490, 0.969540907,
2135.309752191, 0.968722112,
2135.330183992, 0.968464630,
2135.350615793, 0.967948668,
2135.371047595, 0.967830699,
2135.391479496, 0.968251135,
2135.411911299, 0.968046141,
2135.432343001, 0.967456940,
2135.452774904, 0.967631009,
2135.473206707, 0.966437306,
2135.534502118, 0.970072358,
2135.554934022, 0.969030118,
2135.575365726, 0.968393252,
2135.595797531, 0.969618779,
2135.616229436, 0.969727384,
2135.636661141, 0.970339642,
2135.657092947, 0.970374446,
2135.677524853, 0.970533034,
2135.697956559, 0.970589534,
2135.718388465, 0.970785153,
2135.779683887, 0.971585133,
2135.800115694, 0.972305107,
2135.840979310, 0.978845190,
2135.861411119, 0.979630924,
2135.881842928, 0.981031626,
2135.902274737, 0.980231698,
2135.922706546, 0.979317259,
2135.943138456, 0.979026869,
2135.963570166, 0.979710171,
2135.984001976, 0.979725242,
2136.004433787, 0.980763044,
2136.024865598, 0.980800054,
2136.065729320, 0.981818919,
2136.086161032, 0.982610035,
2136.106592944, 0.983472469,
2136.127024756, 0.984643273,
2136.147456469, 0.985289641,
2136.167888382, 0.985239327,
2136.188320195, 0.985826868,
2136.208751909, 0.987144728,
2136.249615636, 0.989518140,
2136.270047551, 0.990381227,
2136.310911081, 0.992952851,
2136.331342996, 0.993125762,
2136.351774712, 0.993423660,
2136.372206527, 0.994880779,
2136.392638443, 0.995660401,
2136.413070160, 0.997478983,
2136.433501977, 0.996762937,
2136.453933894, 0.996745743,
2136.515229347, 1.003261502,
2136.535661165, 1.003814704,
2136.556092984, 1.006131841,
2136.576524803, 1.012386646,
2136.596956622, 1.007476179,
2136.617388441, 1.007884719,
2136.637820261, 1.008874313,
2136.658252081, 1.008835305,
2136.678683901, 1.009177199,
2136.699115722, 1.010121338,
2136.760411186, 1.014783532,
2136.780843108, 1.015580272,
2136.801274830, 1.015368503,
2136.821706752, 1.015949214,
2136.842138575, 1.017096739,
2136.862570298, 1.018466523,
2136.883002222, 1.017950571,
2136.903434045, 1.017925655,
2136.923865769, 1.018355987,
2136.944297694, 1.018855112,
2137.005593168, 1.020773152,
2137.026024994, 1.022523706,
2137.046456920, 1.022713837,
2137.066888646, 1.022062445,
2137.087320472, 1.022139172,
2137.107752399, 1.022263330,
2137.128184126, 1.022914869,
2137.148615953, 1.023672243,
2137.169047881, 1.023843681,
2137.189479709, 1.023776008,
2137.250775195, 1.023731868,
2137.271207024, 1.024454259,
2137.291638853, 1.024331673,
2137.312070683, 1.024317909,
2137.332502513, 1.024532797,
2137.352934344, 1.023728074,
2137.373366175, 1.023482433,
2137.393798005, 1.023623480,
2137.414229837, 1.024061305,
2137.434661769, 1.023608276,
2137.495957265, 1.024193591,
2137.516388998, 1.024261383,
2137.536820931, 1.022837901,
2137.557252765, 1.022287858,
2137.577684499, 1.022373399,
2137.598116433, 1.021841155,
2137.618548267, 1.022002214,
2137.638980002, 1.021492783,
2137.659411937, 1.020519513,
2137.679843772, 1.020372422,
2137.720707444, 1.019234031,
2137.741139280, 1.019611657,
2137.761571217, 1.018704397,
2137.782002954, 1.018659050,
2137.802434791, 1.017908807,
2137.822866729, 1.017046673,
2137.843298467, 1.016294187,
2137.863730305, 1.015627757,
2137.884162243, 1.015543871,
2137.904594082, 1.015248401,
2137.925025921, 1.014629008,
2137.965889501, 1.014114823,
2137.986321441, 1.013018096,
2138.006753281, 1.011881878,
2138.027185022, 1.011654461,
2138.047616963, 1.011008767,
2138.068048804, 1.010363710,
2138.088480746, 1.009294212,
2138.108912488, 1.008192490,
2138.129344330, 1.006428243,
2138.149776273, 1.006472168,
2138.170208016, 1.006701715,
2138.231503546, 1.005448824,
2138.251935490, 1.006227307,
2138.272367335, 1.004348299,
2138.292799080, 1.003143997,
2138.313231025, 1.001300650,
2138.333662871, 1.000546853,
2138.354094616, 0.999893891,
2138.374526562, 0.998628479,
2138.394958409, 0.998131727,
2138.415390256, 0.997144141,
2138.435822103, 0.995771203,
2138.456253950, 0.994642465,
2138.476685898, 0.993743613,
2138.517549494, 0.991634976,
2138.537981443, 0.990941171,
2138.578845041, 0.987699120,
2138.599276991, 0.986028886,
2138.619708741, 0.986226954,
2138.640140691, 0.985137579,
2138.660572542, 0.985435308,
2138.742299847, 0.981459359,
2138.762731799, 0.980579724,
2138.783163652, 0.980597477,
