BJD - 2454833, Corrected Flux
2061.305600034, 0.995652167,
2061.326032273, 0.995147241,
2061.346464411, 0.995184200,
2061.366896448, 0.995404659,
2061.387328686, 0.994534824,
2061.407760823, 0.995038004,
2061.428193059, 0.994811651,
2061.489489466, 0.996711976,
2061.509921500, 0.996469301,
2061.530353635, 0.996205195,
2061.550785868, 0.995754317,
2061.571218001, 0.995728548,
2061.591650035, 0.996431761,
2061.612082267, 0.995947584,
2061.632514399, 0.995671092,
2061.652946431, 0.995370202,
2061.673378662, 0.996082935,
2061.693810793, 0.995245358,
2061.714242923, 0.995342454,
2061.734675053, 0.995440043,
2061.755107183, 0.995253436,
2061.775539312, 0.995393344,
2061.795971441, 0.995379854,
2061.816403569, 0.995203569,
2061.836835697, 0.995768392,
2061.857267824, 0.995456017,
2061.877699851, 0.995272108,
2061.898132078, 0.994772371,
2061.918564204, 0.995141594,
2061.938996330, 0.995828506,
2061.959428455, 0.995467486,
2061.979860580, 0.995442146,
2062.000292804, 0.995858571,
2062.020724828, 0.994997896,
2062.041156952, 0.994530422,
2062.061589175, 0.994349837,
2062.082021198, 0.995123529,
2062.102453320, 0.995449286,
2062.122885542, 0.995679177,
2062.143317663, 0.994933810,
2062.163749685, 0.995070197,
2062.225046045, 0.995269637,
2062.245478265, 0.995085544,
2062.265910383, 0.994974340,
2062.286342402, 0.995102042,
2062.306774620, 0.995192234,
2062.327206738, 0.995016113,
2062.347638955, 0.995234021,
2062.368070972, 0.995158207,
2062.388503088, 0.995266385,
2062.408935304, 0.995266336,
2062.429367320, 0.995001740,
2062.449799435, 0.995415567,
2062.470231550, 0.995306387,
2062.490663664, 0.995047202,
2062.511095778, 0.994887820,
2062.531527891, 0.995259793,
2062.551960004, 0.995093917,
2062.572392117, 0.995380274,
2062.592824229, 0.995219696,
2062.613256341, 0.994951833,
2062.633688452, 0.995256583,
2062.654120663, 0.994699162,
2062.674552674, 0.995091891,
2062.694984884, 0.994795467,
2062.715416993, 0.994751780,
2062.735849002, 0.994930111,
2062.756281211, 0.994959778,
2062.776713320, 0.994749316,
2062.817577535, 0.994994776,
2062.838009642, 0.994631811,
2062.858441649, 0.995160438,
2062.878873855, 0.994234740,
2062.899305961, 0.994857077,
2062.919737967, 0.994706652,
2062.940170172, 0.994897491,
2062.960602277, 0.994525436,
2062.981034380, 0.994240416,
2063.001466484, 0.994492442,
2063.021898588, 0.994407298,
2063.042330691, 0.993971336,
2063.062762793, 0.994350462,
2063.083194895, 0.994441374,
2063.103627097, 0.994566838,
2063.124059198, 0.994524709,
2063.144491199, 0.994457213,
2063.164923400, 0.994252675,
2063.185355500, 0.994516776,
2063.205787499, 0.994189768,
2063.226219699, 0.994170518,
2063.246651698, 0.994035762,
2063.267083796, 0.994580257,
2063.287515994, 0.993638608,
2063.307947991, 0.993993770,
2063.328380089, 0.994327679,
2063.348812285, 0.994410766,
2063.369244282, 0.994594293,
2063.389676377, 0.994765000,
2063.410108573, 0.994590248,
2063.430540568, 0.993890261,
2063.450972663, 0.994229293,
2063.471404857, 0.994312985,
2063.512269044, 0.993986593,
2063.532701137, 0.994159437,
2063.553133230, 0.993889868,
2063.573565322, 0.994280922,
2063.593997414, 0.993628507,
2063.614429505, 0.993459080,
2063.634861696, 0.993876263,
2063.696157966, 0.993966069,
2063.716589956, 0.994203690,
2063.737022045, 0.994185618,
2063.757454233, 0.994163611,
2063.777886221, 0.994026003,
2063.798318309, 0.993925981,
2063.818750496, 0.993921372,
2063.839182483, 0.993877857,
2063.859614569, 0.993293439,
2063.880046755, 0.994372691,
2063.900478741, 0.993846957,
2063.920910926, 0.993792980,
2063.941343011, 0.993594026,
2063.961774995, 0.994147818,
2063.982207179, 0.994189569,
2064.002639263, 0.994178202,
2064.023071245, 0.993623826,
2064.043503428, 0.994201524,
2064.063935511, 0.993777083,
2064.084367493, 0.994051991,
2064.104799674, 0.993731531,
2064.125231755, 0.994097058,
2064.554305364, 0.993696857,
2064.574737536, 0.993901857,
2064.595169608, 0.993650911,
2064.615601579, 0.993841968,
2064.636033750, 0.994465722,
2064.656465820, 0.994449124,
2064.738193998, 0.994850294,
2064.758626167, 0.992274559,
2064.779058135, 0.994763362,
2064.799490302, 0.993323214,
2064.819922370, 0.993507955,
2064.840354436, 0.993749985,
2064.860786503, 0.993755104,
2064.922082700, 0.994833668,
2064.942514765, 0.994619233,
2064.962946829, 0.994140001,
2064.983378993, 0.994368374,
2065.003810957, 0.994675872,
2065.024243020, 0.994882150,
2065.044675183, 0.994605966,
2065.065107145, 0.994633722,
2065.085539207, 0.994971542,
2065.105971369, 0.994115462,
2065.126403330, 0.994634617,
2065.146835391, 0.994166859,
2065.167267552, 0.994784998,
2065.187699512, 0.994188689,
2065.208131671, 0.994763617,
2065.228563731, 0.994451951,
2065.248995689, 0.994075722,
2065.269427848, 0.994644357,
2065.289859906, 0.994391915,
2065.310291963, 0.994560805,
2065.330724021, 0.994579783,
2065.351156077, 0.994258978,
2065.371588134, 0.994781213,
2065.392020190, 0.994066940,
2065.412452245, 0.994235826,
2065.432884301, 0.993389324,
2065.453316356, 0.994604589,
2065.473748410, 0.994805825,
2065.494180364, 0.994766977,
2065.514612518, 0.994715527,
2065.535044571, 0.993644854,
2065.555476524, 0.995269929,
2065.575908677, 0.995209124,
2065.596340728, 0.994110416,
2065.657636882, 0.994314440,
2065.678069033, 0.994079953,
2065.698500983, 0.994722449,
2065.718933032, 0.994559122,
2065.739365182, 0.994430714,
2065.759797130, 0.994309682,
2065.780229179, 0.994369509,
2065.800661327, 0.994263701,
2065.821093375, 0.994708473,
2065.841525322, 0.994967760,
2065.861957469, 0.994289388,
2065.882389515, 0.994418115,
2065.902821461, 0.994465846,
2065.923253608, 0.994476317,
2065.943685653, 0.994515671,
2065.964117597, 0.994501463,
2065.984549742, 0.994719761,
2066.004981786, 0.994492818,
2066.025413730, 0.994453516,
2066.045845873, 0.994398563,
2066.066277916, 0.994573772,
2066.086710059, 0.994575400,
2066.148006084, 0.994378368,
2066.168438125, 0.994028750,
2066.188870166, 0.994102385,
2066.209302206, 0.994756460,
2066.229734246, 0.995480923,
2066.250166285, 0.994103185,
2066.270598324, 0.992815226,
2066.291030363, 0.994709430,
2066.311462401, 0.994446824,
2066.331894539, 0.994921478,
2066.393190650, 0.994698188,
2066.413622587, 0.994862615,
2066.434054622, 0.994813928,
2066.454486758, 0.994754422,
2066.474918693, 0.994841198,
2066.495350728, 0.994585891,
2066.515782862, 0.994798248,
2066.536214796, 0.995212357,
2066.556646930, 0.995171294,
2066.597510896, 0.995379231,
2066.617943028, 0.995361335,
2066.638375060, 0.995320915,
2066.658807092, 0.994852192,
2066.679239123, 0.995239668,
2066.699671153, 0.995193738,
2066.720103184, 0.995448277,
2066.740535214, 0.995453941,
2066.760967244, 0.995205358,
2066.781399273, 0.995218876,
2066.801831402, 0.994883798,
2066.822263330, 0.995434504,
2066.863127386, 0.994966481,
2066.883559414, 0.995250374,
2066.903991441, 0.995289505,
2066.924423567, 0.995348658,
2066.944855493, 0.995242266,
2066.965287419, 0.995148573,
2066.985719544, 0.995298985,
2067.006151570, 0.995266182,
2067.026583694, 0.995526918,
2067.047015618, 0.995368882,
2067.067447642, 0.995364281,
2067.087879765, 0.995592950,
2067.108311689, 0.995745817,
2067.128743711, 0.995818337,
2067.149175834, 0.995900744,
2067.169607856, 0.995590309,
2067.190039777, 0.995991813,
2067.210471899, 0.995350938,
2067.230903919, 0.995863484,
2067.251335839, 0.996136354,
2067.271767959, 0.995391045,
2067.292199979, 0.995354458,
2067.312631899, 0.995595399,
2067.353496036, 0.995878730,
2067.373927954, 0.995872977,
2067.394360072, 0.995563275,
2067.414792089, 0.995722302,
2067.435224006, 0.995466016,
2067.455656122, 0.995891821,
2067.476088139, 0.996223230,
2067.496520254, 0.995746921,
2067.516952170, 0.995834443,
2067.537384185, 0.995691395,
2067.557816300, 0.995610780,
2067.578248214, 0.995582650,
2067.598680228, 0.996895422,
2067.619112241, 0.996001269,
2067.639544354, 0.995681326,
2067.659976267, 0.995812863,
2067.680408279, 0.995978616,
2067.700840291, 0.996502749,
2067.721272303, 0.996288653,
2067.741704414, 0.995518608,
2067.762136325, 0.995163594,
2067.782568335, 0.995769786,
2067.803000446, 0.996019069,
2067.864296474, 0.996074449,
2067.884728382, 0.996020590,
2067.905160490, 0.995987649,
2067.925592498, 0.995743468,
2067.946024406, 0.995867681,
2067.966456513, 0.995631803,
2067.986888519, 0.995760799,
2068.007320526, 0.995967893,
2068.027752531, 0.996410301,
2068.048184537, 0.996156354,
2068.129912555, 0.996065485,
2068.150344659, 0.995769835,
2068.170776562, 0.995708249,
2068.191208565, 0.995668614,
2068.211640667, 0.995632945,
2068.232072570, 0.995602355,
2068.252504572, 0.995874385,
2068.272936673, 0.995629888,
2068.293368574, 0.995928944,
2068.313800574, 0.995648138,
2068.334232675, 0.995403389,
2068.354664575, 0.995500080,
2068.375096674, 0.995474593,
2068.395528573, 0.995403983,
2068.415960572, 0.995453074,
2068.436392671, 0.995385814,
2068.456824569, 0.995225215,
2068.477256566, 0.995455584,
2068.497688664, 0.995685373,
2068.518120560, 0.995159801,
2068.538552557, 0.995718682,
2068.558984653, 0.995357641,
2068.579416649, 0.995246395,
2068.599848544, 0.996069298,
2068.620280639, 0.996059838,
2068.640712634, 0.995197103,
2068.661144528, 0.995503402,
2068.681576622, 0.995627892,
2068.702008615, 0.994997080,
2068.722440509, 0.995365443,
2068.742872601, 0.995692687,
2068.763304594, 0.995754949,
2068.783736686, 0.995156448,
2068.845032660, 0.995148722,
2068.865464550, 0.995445101,
2068.885896540, 0.995386117,
2068.906328631, 0.995471930,
2068.926760520, 0.995264759,
2068.947192509, 0.995223282,
2068.967624597, 0.995009493,
2068.988056586, 0.995493039,
2069.008488474, 0.995285789,
2069.028920562, 0.995367499,
2069.049352549, 0.995585223,
2069.069784435, 0.995423562,
2069.090216522, 0.995571907,
2069.110648408, 0.995238898,
2069.131080394, 0.995439505,
2069.151512479, 0.995343978,
2069.171944464, 0.995846228,
2069.192376349, 0.995575399,
2069.233240317, 0.995168419,
2069.253672401, 0.996290334,
2069.274104384, 0.995883903,
2069.314968349, 0.995394795,
2069.335400331, 0.995337390,
2069.355832213, 0.995125370,
2069.376264294, 0.995323213,
2069.396696275, 0.995772814,
2069.417128256, 0.995778667,
2069.437560236, 0.995988851,
2069.457992216, 0.995664657,
2069.478424195, 0.995811170,
2069.498856174, 0.995441683,
2069.519288153, 0.995302217,
2069.580584087, 0.995775210,
2069.601016064, 0.995397398,
2069.621448142, 0.995758077,
2069.641880018, 0.995576490,
2069.682744070, 0.995846874,
2069.703175946, 0.995207846,
2069.723608021, 0.994866834,
2069.744039996, 0.995040308,
2069.764471870, 0.994840176,
2069.805335917, 0.993988720,
2069.846199864, 0.995662632,
2069.866631736, 0.994897576,
2069.887063808, 0.995347130,
2069.907495780, 0.995841626,
2069.927927752, 0.994894568,
2069.948359623, 0.995578146,
2069.968791694, 0.996310699,
2069.989223664, 0.995146550,
2070.009655534, 0.996495601,
2070.111815479, 0.996051196,
2070.132247547, 0.996586573,
2070.152679414, 0.995584989,
2070.173111382, 0.995856707,
2070.193543448, 0.995586014,
2070.213975315, 0.995590441,
2070.234407281, 0.995220771,
2070.275271212, 0.995441548,
2070.295703177, 0.995749515,
2070.316135241, 0.995663202,
2070.356999070, 0.995326599,
2070.377431133, 0.995154508,
2070.397863096, 0.996246432,
2070.418294959, 0.995354935,
2070.438727022, 0.995210516,
2070.459158984, 0.995777866,
2070.479590846, 0.995291836,
2070.500022907, 0.995103281,
2070.561318789, 0.995430898,
2070.581750649, 0.995363894,
2070.622614668, 0.995801659,
2070.643046527, 0.995753983,
2070.663478585, 0.995798086,
2070.704342402, 0.996172110,
2070.724774459, 0.995449958,
2070.765638373, 0.995811807,
2070.786070329, 0.994358996,
2070.806502286, 0.995595949,
2070.826934241, 0.995791934,
2070.847366197, 0.995842562,
2070.867798151, 0.996746848,
2070.929094014, 0.996617527,
2070.949526068, 0.996024978,
2070.969958021, 0.995886021,
2070.990389874, 0.995228847,
2071.031253879, 0.995795514,
2071.051685730, 0.995995824,
2071.072117782, 0.995501795,
2071.153845584, 0.995778338,
2071.174277434, 0.996810226,
2071.194709483, 0.995653402,
2071.215141432, 0.995489304,
2071.235573381, 0.994802230,
2071.358165066, 0.996302132,
2071.378597011, 0.995899518,
2071.399028957, 0.996143705,
2071.419461003, 0.996335385,
2071.480756837, 0.996157851,
2071.521620625, 0.996574716,
2071.542052669, 0.996220608,
2071.562484512, 0.996369523,
2071.603348497, 0.996247270,
2071.623780338, 0.996031082,
2071.664644322, 0.997121242,
2071.685076162, 0.996086632,
2071.705508103, 0.996105664,
2071.725940143, 0.996454266,
2071.766804023, 0.996088997,
2071.787235962, 0.996194408,
2071.807667901, 0.996127799,
2071.828099839, 0.996308432,
2071.868963716, 0.995726455,
2071.889395753, 0.996411743,
2071.909827590, 0.995619662,
2071.930259527, 0.996655752,
2071.950691563, 0.995090332,
2071.971123399, 0.997141243,
2072.073283075, 0.998867540,
2072.114146942, 0.996967675,
2072.155010809, 0.996612836,
2072.175442742, 0.997193290,
2072.195874674, 0.994667966,
2072.236738638, 0.996444834,
2072.277602400, 0.997014659,
2072.298034430, 0.996909651,
2072.318466361, 0.995374396,
2072.338898191, 0.995696694,
2072.359330220, 0.995941001,
2072.379762150, 0.996112360,
2072.420626007, 0.995731390,
2072.441057935, 0.996341355,
2072.461489763, 0.995504210,
2072.502353718, 0.997373056,
2072.543217571, 0.996581050,
2072.563649497, 0.996699031,
2072.584081423, 0.996796856,
2072.624945274, 0.996397260,
2072.665809123, 0.996249889,
2072.686241047, 0.996902678,
2072.706673071, 0.996242113,
2072.747536818, 0.996225852,
2072.767968840, 0.995940786,
2072.808832585, 0.996224853,
2072.829264607, 0.996735352,
2072.849696428, 0.996127525,
2072.870128349, 0.996665885,
2072.890560370, 0.996525227,
2072.910992190, 0.996640696,
2072.951856130, 0.996510213,
2072.972287949, 0.996381582,
2072.992719869, 0.996134649,
2073.013151887, 0.996322075,
2073.033583706, 0.996259581,
2073.054015724, 0.996667158,
2073.074447642, 0.996344643,
2073.094879559, 0.996196579,
2073.115311476, 0.996200139,
2073.135743393, 0.996740878,
2073.197039141, 0.996824076,
2073.258334886, 0.997191495,
2073.278766800, 0.996195321,
2073.299198814, 0.996427075,
2073.319630628, 0.995921243,
2073.340062541, 0.995627454,
2073.360494555, 0.995598659,
2073.380926367, 0.996558059,
2073.401358280, 0.996071496,
2073.421790192, 0.995953898,
2073.442222103, 0.996025233,
2073.462654115, 0.995068594,
2073.483085926, 0.993979049,
2073.503517837, 0.997168472,
2073.523949847, 0.996406380,
2073.544381657, 0.995932575,
2073.564813567, 0.995477467,
2073.585245576, 0.996507418,
2073.605677485, 0.996089267,
2073.626109294, 0.997128020,
2073.646541302, 0.997109035,
2073.666973210, 0.997418448,
2073.687405018, 0.995811565,
2073.769132746, 0.996429905,
2073.789564652, 0.996389659,
2073.809996458, 0.996446885,
2073.830428463, 0.996554543,
2073.850860368, 0.996620474,
2073.871292373, 0.996145876,
2073.891724177, 0.996400636,
2073.912156081, 0.995323822,
2073.932588085, 0.996055465,
2074.014315597, 0.996310812,
2074.034747499, 0.996771147,
2074.055179501, 0.996198636,
2074.075611402, 0.996268592,
2074.096043204, 0.996782311,
2074.116475204, 0.996874068,
2074.136907005, 0.996568111,
2074.157338905, 0.996685905,
2074.177770905, 0.997553936,
2074.239066603, 0.996322122,
2074.259498401, 0.996056779,
2074.300362297, 0.996470438,
2074.320794095, 0.996484253,
2074.341226092, 0.995962380,
2074.361657989, 0.995993080,
2074.382089786, 0.996311671,
2074.402521782, 0.996257320,
2074.422953678, 0.995939248,
2074.443385574, 0.995838628,
2074.463817469, 0.995752888,
2074.484249364, 0.995925506,
2074.504681259, 0.996579256,
2074.525113153, 0.996501903,
2074.545545047, 0.996171905,
2074.565976940, 0.996514796,
2074.606840727, 0.995846449,
2074.627272620, 0.996458859,
2074.647704612, 0.996120667,
2074.668136404, 0.996248213,
2074.709000287, 0.996321068,
2074.729432078, 0.996610175,
2074.749864069, 0.997258805,
2074.770295960, 0.996309880,
2074.790727750, 0.996373095,
2074.811159740, 0.996187404,
2074.831591629, 0.995681283,
2074.852023418, 0.996773126,
2074.872455407, 0.996394921,
2074.892887196, 0.996037291,
2074.913319084, 0.996396403,
2074.954182860, 0.996329706,
2074.974614747, 0.996785472,
2074.995046734, 0.996165442,
2075.015478620, 0.996673597,
2075.035910407, 0.996522010,
2075.056342393, 0.996209919,
2075.076774278, 0.996375113,
2075.097206064, 0.996227970,
2075.117638049, 0.996776551,
2075.138069933, 0.996386315,
2075.158501918, 0.996123189,
2075.178933702, 0.996481815,
2075.199365586, 0.996341938,
2075.219797569, 0.996903117,
2075.240229352, 0.995945504,
2075.260661235, 0.996454405,
2075.281093218, 0.996469294,
2075.301525000, 0.996334743,
2075.321956882, 0.996434444,
2075.342388863, 0.995463173,
2075.362820645, 0.997419731,
2075.383252526, 0.997154402,
2075.403684506, 0.996694573,
2075.464980146, 0.996689596,
2075.505843804, 0.996969120,
2075.526275783, 0.996816455,
2075.546707662, 0.996691727,
2075.567139540, 0.996708322,
2075.587571418, 0.996515620,
2075.608003295, 0.996662254,
2075.628435172, 0.996707546,
2075.648867049, 0.997281351,
2075.710162678, 0.996848859,
2075.730594453, 0.997070110,
2075.751026428, 0.996733647,
2075.771458303, 0.997093169,
2075.791890078, 0.995773763,
2075.812322052, 0.996913359,
2075.832753926, 0.996885266,
2075.853185800, 0.996958189,
2075.873617673, 0.996743840,
2075.894049547, 0.996935333,
2075.975777136, 0.999076473,
2075.996209007, 0.997090909,
2076.016640779, 0.997212682,
2076.037072750, 0.997017095,
2076.057504620, 0.997120577,
2076.077936391, 0.997348137,
2076.098368361, 0.997027589,
2076.118800230, 0.997508978,
2076.139232000, 0.997213799,
2076.159663969, 0.997406087,
2076.180095838, 0.997043086,
2076.200527606, 0.997101144,
2076.220959574, 0.996914774,
2076.241391442, 0.997289036,
2076.261823309, 0.996153705,
2076.282255177, 0.997522874,
2076.302687044, 0.997470747,
2076.323118910, 0.997106508,
2076.343550776, 0.997041024,
2076.363982643, 0.997272104,
2076.384414508, 0.996671015,
2076.425278239, 0.997119249,
2076.445710104, 0.997027363,
2076.466141968, 0.996477097,
2076.486573832, 0.997160702,
2076.507005796, 0.997269058,
2076.527437559, 0.996874774,
2076.547869423, 0.997110436,
2076.568301386, 0.996850986,
2076.588733148, 0.996979681,
2076.609165011, 0.997582977,
2076.629596973, 0.997520431,
2076.670460596, 0.996907478,
2076.690892557, 0.996709036,
2076.711324318, 0.996738526,
2076.731756178, 0.996759906,
2076.752188138, 0.996978785,
2076.772619898, 0.996689124,
2076.793051858, 0.996585937,
2076.813483717, 0.996984445,
2076.854347435, 0.996758415,
2076.874779293, 0.997377355,
2076.915643109, 0.996530786,
2076.936074867, 0.997176885,
2076.956506724, 0.996901243,
2076.976938681, 0.996855938,
2076.997370437, 0.996835017,
2077.017802293, 0.996640100,
2077.038234149, 0.996969307,
2077.058666005, 0.996763034,
2077.079097860, 0.996981485,
2077.099529715, 0.996988967,
2077.119961570, 0.996711287,
2077.140393325, 0.996657634,
2077.160825279, 0.996900482,
2077.201689086, 0.996547638,
2077.222120840, 0.997425064,
2077.242552692, 0.997112671,
2077.262984645, 0.996932386,
2077.283416398, 0.997003762,
2077.303848250, 0.997526424,
2077.324280201, 0.997614255,
2077.344712053, 0.997615576,
2077.365143804, 0.997031854,
2077.426439356, 0.996904782,
2077.446871306, 0.997017407,
2077.467303155, 0.997018584,
2077.487734905, 0.997140496,
2077.508166854, 0.996992504,
2077.528598703, 0.997134790,
2077.549030451, 0.996678317,
2077.569462399, 0.997266595,
2077.589894247, 0.997602724,
2077.610326195, 0.996293378,
2077.671621736, 0.997292981,
2077.712485329, 0.996723935,
2077.732917275, 0.996558995,
2077.753349020, 0.996984016,
2077.773780865, 0.996714192,
2077.794212710, 0.996908912,
2077.814644655, 0.997282700,
2077.835076399, 0.996777995,
2077.855508343, 0.996392980,
2077.937235617, 0.997012805,
2077.957667559, 0.996738824,
2077.978099402, 0.996776773,
2077.998531144, 0.996795753,
2078.018963086, 0.997192826,
2078.039394927, 0.997485633,
2078.059826668, 0.996472579,
2078.080258609, 0.997061702,
2078.100690450, 0.996976424,
2078.161985970, 0.996984677,
2078.182417809, 0.996930622,
2078.202849648, 0.996821652,
2078.223281487, 0.997424993,
2078.243713326, 0.996770053,
2078.264145164, 0.996591608,
2078.468463531, 0.995458646,
2078.550190969, 0.994981287,
2078.672781969, 0.997649439,
2078.836236719, 0.997590611,
2078.917963937, 0.996590497,
2078.938395765, 0.996565224,
2078.979259422, 0.997396306,
2079.040554905, 0.995998177,
2079.081418659, 0.997411208,
2079.142714138, 0.997130894,
2079.204009614, 0.996523606,
2079.265305088, 0.997361405,
2079.326600559, 0.997311463,
2079.347032282, 0.997315990,
2079.408327750, 0.996708498,
2079.428759672, 0.997044816,
2079.449191494, 0.997191827,
2079.469623215, 0.997457216,
2079.490055137, 0.996196856,
2079.510486958, 0.996843299,
2079.551350599, 0.997988130,
2079.571782419, 0.997691483,
2079.592214338, 0.997370253,
2079.612646058, 0.997258312,
2079.653509796, 0.996647353,
2079.673941615, 0.997162762,
2079.694373334, 0.997270025,
2079.714805252, 0.997529308,
2079.755668787, 0.996951798,
2079.776100705, 0.996210876,
2079.796532522, 0.998342688,
2079.816964238, 0.996766357,
2079.878259687, 0.997608710,
2079.898691603, 0.997309361,
2079.919123418, 0.997342632,
2079.939555133, 0.997804939,
2079.980418863, 0.998493285,
2080.021282491, 0.998003574,
2080.041714305, 0.997490809,
2080.062146119, 0.996347850,
2080.123441557, 0.997381080,
2080.143873370, 0.997756738,
2080.184737094, 0.997959241,
2080.205168805, 0.997991359,
2080.225600617, 0.997548397,
2080.246032528, 0.997457176,
2080.266464239, 0.998027696,
2080.286896049, 0.997648272,
2080.307327959, 0.998063555,
2080.368623388, 0.998853746,
2080.389055097, 0.998439392,
2080.409487006, 0.998204254,
2080.429918815, 0.998135638,
2080.450350523, 0.997485135,
2080.470782431, 0.998054557,
2080.491214239, 0.997706272,
2080.511646047, 0.997867780,
2080.532077854, 0.997715346,
2080.552509661, 0.997422616,
2080.572941468, 0.997791463,
2080.593373274, 0.997548893,
2080.613805080, 0.997508549,
2080.634236886, 0.997853862,
2080.675100497, 0.997718900,
2080.695532302, 0.997625384,
2080.715964107, 0.998019765,
2080.736395912, 0.998138435,
2080.756827616, 0.997986680,
2080.777259520, 0.997595318,
2080.797691324, 0.997898873,
2080.858986734, 0.998417874,
2080.879418637, 0.997870313,
2080.899850339, 0.998003984,
2080.920282141, 0.997897372,
2080.940714043, 0.998025094,
2080.961145745, 0.997569738,
2080.981577547, 0.997685352,
2081.002009448, 0.997972002,
2081.022441248, 0.998359091,
2081.042872949, 0.998553927,
2081.063304849, 0.997743075,
2081.083736649, 0.998150954,
2081.104168349, 0.998361918,
2081.124600249, 0.997731355,
2081.145032048, 0.997874408,
2081.165463747, 0.997727720,
2081.185895646, 0.997658042,
2081.206327444, 0.998046017,
2081.226759343, 0.998109773,
2081.247191041, 0.997692901,
2081.267622838, 0.998008723,
2081.288054736, 0.997859429,
2081.349350127, 0.997664997,
2081.369781823, 0.997760059,
2081.390213619, 0.998053445,
2081.410645415, 0.997877595,
2081.431077211, 0.997735037,
2081.451509006, 0.998230541,
2081.471940801, 0.998386933,
2081.492372596, 0.997707388,
2081.512804391, 0.997943107,
2081.533236185, 0.997549909,
2081.574099773, 0.997851483,
2081.594531666, 0.997966720,
2081.614963360, 0.998009807,
2081.635395253, 0.998771501,
2081.655827046, 0.997561213,
2081.676258738, 0.998303302,
2081.696690631, 0.998115286,
2081.717122422, 0.997300109,
2081.737554114, 0.998779122,
2081.757986006, 0.998803042,
2081.839713169, 0.998926749,
2081.880576749, 0.997416761,
2081.901008539, 0.998323946,
2081.921440328, 0.997948521,
2081.941872118, 0.997958335,
2081.962303907, 0.998686616,
2081.982735695, 0.998237879,
2082.003167484, 0.998228172,
2082.023599272, 0.998728132,
2082.044031160, 0.998764230,
2082.064462947, 0.998591095,
2082.084894635, 0.998454971,
2082.105326522, 0.998232523,
2082.125758209, 0.998438806,
2082.146189996, 0.998113946,
2082.166621882, 0.998436675,
2082.187053568, 0.998250278,
2082.207485354, 0.998145826,
2082.227917240, 0.998763482,
2082.248348925, 0.998712355,
2082.268780710, 0.998824450,
2082.330076064, 0.998303941,
2082.350507948, 0.998337175,
2082.370939632, 0.998278587,
2082.391371416, 0.997578832,
2082.411803299, 0.998337384,
2082.432235082, 0.998136802,
2082.452666865, 0.998139070,
2082.473098647, 0.997880726,
2082.493530430, 0.997824987,
2082.513962312, 0.998227813,
2082.534393994, 0.998246496,
2082.554825775, 0.997941456,
2082.575257657, 0.997996518,
2082.595689338, 0.998115555,
2082.616121119, 0.998168283,
2082.636552999, 0.998824317,
2082.656984680, 0.997982385,
2082.677416460, 0.998189395,
2082.697848340, 0.998430593,
2082.718280019, 0.997800952,
2082.738711799, 0.997225428,
2082.759143678, 0.997816107,
2082.820439014, 0.997524058,
2082.861302570, 0.997513879,
2082.881734348, 0.997911556,
2082.902166025, 0.998155925,
2082.922597902, 0.998230737,
2082.943029679, 0.998088268,
2082.963461356, 0.998321946,
2082.983893232, 0.998212105,
2083.004325008, 0.998325293,
2083.024756684, 0.998981435,
2083.045188560, 0.998329497,
2083.065620335, 0.998574451,
2083.086052010, 0.998903214,
2083.106483885, 0.998449275,
2083.126915660, 0.998642724,
2083.147347334, 0.997597552,
2083.167779209, 0.998160473,
2083.188210983, 0.998010613,
2083.208642856, 0.996968383,
2083.229074530, 0.997669576,
2083.249506303, 0.998549283,
2083.310801621, 0.997958173,
2083.331233494, 0.998305819,
2083.351665266, 0.997932551,
2083.372096937, 0.998744928,
2083.392528809, 0.998386058,
2083.412960580, 0.998840192,
2083.433392251, 0.998779632,
2083.453824122, 0.998837605,
2083.474255893, 0.998016885,
2083.494687563, 0.998536121,
2083.515119433, 0.998285505,
2083.535551203, 0.998685305,
2083.555983073, 0.998665581,
2083.576414742, 0.998406362,
2083.596846511, 0.998600735,
2083.617278280, 0.997789525,
2083.637710049, 0.998099058,
2083.658141717, 0.998271702,
2083.678573585, 0.997672041,
2083.699005353, 0.997442237,
2083.719437021, 0.998116365,
2083.739868888, 0.998316788,
2083.801164189, 0.998715660,
2083.821595956, 0.998424550,
2083.842027722, 0.997960747,
2083.862459488, 0.998518372,
2083.882891254, 0.999331222,
2083.903323020, 0.998574353,
2083.923754885, 0.998276054,
2083.944186550, 0.999896539,
2083.964618415, 0.998553454,
2083.985050179, 0.998812311,
2084.005481844, 0.999070376,
2084.025913708, 0.999211066,
2084.046345472, 0.999427795,
2084.066777135, 0.998707173,
2084.087208999, 0.998869477,
2084.107640762, 0.998450103,
2084.128072425, 0.998901095,
2084.148504288, 0.998020835,
2084.168936050, 0.998794163,
2084.189367813, 0.998469591,
2084.209799575, 0.998538789,
2084.230231336, 0.998506482,
2084.291526620, 0.998931675,
2084.311958381, 0.998844217,
2084.332390142, 0.999283482,
2084.352821902, 0.999166027,
2084.373253662, 0.998835658,
2084.393685422, 0.998960680,
2084.414117182, 0.998675566,
2084.434549042, 0.999107975,
2084.454980701, 0.999066106,
2084.475412460, 0.998799073,
2084.495844319, 0.999002217,
2084.516275977, 0.999256261,
2084.536707735, 0.999225184,
2084.557139594, 0.998835049,
2084.577571252, 0.998825762,
2084.598003009, 0.999240779,
2084.618434867, 0.998396430,
2084.638866524, 0.998797862,
2084.659298281, 0.999220164,
2084.679730137, 0.999402119,
2084.700161794, 0.999192586,
2084.781888918, 0.998887775,
2084.802320673, 0.999117528,
2084.822752428, 0.999113043,
2084.843184183, 0.998986222,
2084.863615937, 0.999683596,
2084.884047692, 0.999493614,
2084.904479546, 0.999288857,
2084.924911200, 0.999643618,
2084.945342954, 0.998516371,
2084.965774807, 0.999354875,
2085.006638214, 0.999324711,
2085.027070066, 0.999324314,
2085.047501719, 0.999351840,
2085.067933472, 1.000122870,
2085.088365324, 0.999674924,
2085.108796976, 0.999429150,
2085.129228827, 0.999381567,
2085.149660479, 0.999872877,
2085.170092230, 1.000102931,
2085.190524081, 0.999714094,
2085.210955732, 0.999850500,
2085.231387483, 0.999582251,
2085.251819333, 1.000128388,
2085.272251083, 1.000509605,
2085.313114583, 0.999340718,
2085.333546332, 0.999739645,
2085.353977981, 0.999524263,
2085.374409830, 1.000588973,
2085.394841579, 0.999221103,
2085.435705076, 1.000231135,
2085.456136824, 1.000197173,
2085.517432068, 0.999641677,
2085.537863915, 0.999992002,
2085.558295562, 0.999488714,
2085.578727309, 0.999569904,
2085.599159155, 0.999323912,
2085.619590802, 0.999369208,
2085.640022548, 0.999679667,
2085.680886039, 0.999616843,
2085.701317785, 0.999787592,
2085.762613020, 0.999257371,
2085.783044865, 0.999163136,
2085.803476609, 0.999195701,
2085.844340097, 0.999561455,
2085.864771741, 0.998929687,
2085.885203584, 0.999101223,
2085.946498814, 0.999475785,
2085.966930556, 0.999974035,
2085.987362199, 0.999501974,
2086.007794041, 0.999708566,
2086.028225783, 1.000173922,
2086.048657425, 1.000209193,
2086.069089267, 0.999913449,
2086.089521008, 0.999881688,
2086.109952749, 1.000124778,
2086.130384490, 0.999471132,
2086.150816231, 0.999760127,
2086.171247971, 0.999415238,
2086.191679711, 1.000563850,
2086.273406670, 1.000102770,
2086.293838510, 0.999819048,
2086.314270249, 0.999571516,
2086.334701888, 1.000341922,
2086.355133726, 0.999808346,
2086.375565464, 0.999747051,
2086.395997103, 0.999786321,
2086.416428940, 1.000499818,
2086.436860678, 1.000236859,
2086.457292316, 1.000132253,
2086.477724153, 0.999801579,
2086.498155890, 1.000024410,
2086.518587527, 1.000495358,
2086.539019364, 1.000160191,
2086.559451000, 0.999495439,
2086.579882837, 1.000588365,
2086.600314572, 1.000225279,
2086.620746308, 1.000768458,
2086.661609779, 1.000453344,
2086.682041514, 0.999642263,
2086.743336719, 1.000190835,
2086.763768453, 1.000589461,
2086.784200187, 1.000015358,
2086.804631921, 0.999842404,
2086.825063755, 1.000219328,
2086.845495389, 1.000079779,
2086.865927122, 1.000492038,
2086.886358955, 1.000617864,
2086.906790588, 0.999975870,
2086.927222421, 1.000498258,
2086.968085785, 1.000301290,
2086.988517617, 1.000463039,
2087.008949349, 1.000654255,
2087.029380981, 1.000256040,
2087.049812813, 1.000165800,
2087.070244544, 1.000043792,
2087.090676275, 1.000208689,
2087.111108006, 1.000875259,
2087.131539736, 1.000673787,
2087.151971467, 1.000953023,
2087.233698386, 1.000787737,
2087.254130116, 1.000946724,
2087.274561945, 0.999954273,
2087.294993574, 1.000570147,
2087.315425303, 1.000682975,
2087.335857131, 1.000477894,
2087.356288760, 1.000911805,
2087.376720488, 1.000525260,
2087.397152316, 1.000774469,
2087.417583944, 1.000428642,
2087.438015671, 1.000520281,
2087.458447499, 1.000986270,
2087.478879126, 1.000144722,
2087.499310853, 1.000691656,
2087.519742680, 1.000666232,
2087.540174306, 1.001060754,
2087.560606032, 1.000481669,
2087.581037859, 1.001291623,
2087.621901311, 1.000456720,
2087.642333036, 1.001305651,
2087.662764761, 1.000437307,
2087.724059936, 0.999694445,
2087.744491761, 1.000300076,
2087.764923385, 0.999983417,
2087.785355109, 1.000163975,
2087.805786933, 0.999956206,
2087.826218557, 1.000485096,
2087.846650281, 1.000148776,
2087.867082104, 0.999996855,
2087.887513727, 1.000537111,
2087.907945450, 0.999825848,
2087.928377273, 1.000247442,
2087.948808896, 0.999785793,
2087.969240618, 0.999871338,
2087.989672340, 1.000413964,
2088.010104062, 1.000595459,
2088.030535884, 1.000680693,
2088.050967506, 1.001005116,
2088.071399227, 1.000075156,
2088.091831048, 1.000624264,
2088.112262769, 1.000815065,
2088.132694390, 1.000580982,
2088.153126211, 1.000505079,
2088.214421371, 1.000321814,
2088.234853091, 1.000616563,
2088.255284711, 1.000795536,
2088.275716530, 1.000702639,
2088.296148250, 1.000391798,
2088.337011688, 1.000691880,
2088.357443406, 1.000509738,
2088.377875225, 1.000544652,
2088.398306843, 1.000682599,
2088.418738561, 1.000402080,
2088.439170379, 1.000372947,
2088.459601997, 1.000461040,
2088.480033714, 1.000341862,
2088.500465532, 1.000366989,
2088.520897149, 1.000444817,
2088.541328866, 1.000991155,
2088.582192399, 1.000374378,
2088.602624016, 1.000239124,
2088.623055832, 1.000863745,
2088.643487548, 1.000316922,
2088.684350979, 1.000405474,
2088.704782695, 1.000313276,
2088.725214410, 1.000464654,
2088.745646125, 1.000603924,
2088.766077740, 1.000392251,
2088.786509554, 1.000738299,
2088.806941269, 1.000005882,
2088.827372883, 1.000525308,
2088.847804697, 1.000605620,
2088.868236411, 1.000539689,
2088.888668025, 1.000378369,
2088.909099839, 1.000313763,
2088.929531552, 1.000286285,
2088.949963265, 1.000639661,
2088.970394978, 1.000581176,
2088.990826691, 1.000514659,
2089.011258403, 0.999847152,
2089.031690116, 1.000765009,
2089.072553640, 1.000994982,
2089.092985352, 1.000936687,
2089.133848775, 1.000975412,
2089.195143909, 1.001435905,
2089.215575619, 1.001579858,
2089.236007230, 1.000934806,
2089.256439040, 1.001059697,
2089.276870750, 1.001270710,
2089.297302361, 1.001313359,
2089.317734170, 1.001249124,
2089.338165880, 1.001080900,
2089.358597490, 1.001387524,
2089.379029299, 1.001132460,
2089.399460908, 1.001275480,
2089.419892717, 1.001050065,
2089.440324426, 1.001039768,
2089.460756034, 1.001438297,
2089.481187843, 1.000851748,
2089.501619551, 1.001002142,
2089.522051259, 1.001507744,
2089.542482967, 1.001510790,
2089.562914674, 1.000871369,
2089.583346382, 1.000924746,
2089.603778089, 1.000837803,
2089.624209796, 1.000564016,
2089.705936623, 1.000628416,
2089.726368429, 1.000621188,
2089.746800035, 1.000854055,
2089.767231841, 1.001232306,
2089.787663546, 1.000500888,
2089.808095152, 1.001088470,
2089.828526957, 1.001112350,
2089.848958662, 1.000483398,
2089.869390267, 1.000989089,
2089.889822072, 1.000716236,
2089.910253777, 1.000652155,
2089.930685481, 1.000591236,
2089.971548890, 1.001015194,
2089.991980593, 1.000873242,
2090.012412297, 1.001308357,
2090.053275704, 1.000707272,
2090.073707407, 1.001162001,
2090.094139110, 1.000635929,
2090.114570913, 1.000685806,
2090.135002516, 1.001251627,
2090.155434218, 1.000783754,
2090.175866021, 1.001009497,
2090.196297623, 1.000537778,
2090.216729325, 1.000615430,
2090.237161126, 1.000449495,
2090.257592728, 0.999368608,
2090.278024429, 1.001291957,
2090.298456231, 1.000575360,
2090.318887832, 1.001305324,
2090.339319533, 1.001046658,
2090.359751334, 1.001422533,
2090.421046435, 1.000850909,
2090.441478035, 1.001527476,
2090.461909835, 1.001185164,
2090.482341534, 1.000882010,
2090.502773234, 1.000873839,
2090.523204933, 1.001520122,
2090.543636632, 1.000970092,
2090.564068332, 1.001217525,
2090.584500030, 1.001340316,
2090.604931729, 1.001352857,
2090.625363428, 1.001246222,
2090.645795226, 1.001293680,
2090.666226824, 1.001204124,
2090.686658522, 1.001223394,
2090.707090320, 1.001190572,
2090.727521918, 1.001814831,
2090.747953615, 1.000959332,
2090.768385412, 1.001533985,
2090.788817010, 1.000868255,
2090.809248807, 1.000772725,
2090.829680503, 1.001206663,
2090.850112100, 1.001026213,
2090.890975493, 1.001225402,
2090.911407189, 1.000938155,
2090.931838985, 1.000802703,
2090.952270581, 1.000850288,
2090.972702277, 1.000947896,
2090.993134072, 1.000159173,
2091.013565767, 1.000816245,
2091.033997362, 1.000704656,
2091.054429157, 1.000391834,
2091.074860852, 1.000085935,
2091.095292547, 1.001081936,
2091.156587730, 1.001487145,
2091.177019324, 1.001306663,
2091.197451018, 1.000896061,
2091.217882811, 1.000748343,
2091.238314405, 1.001269368,
2091.258746098, 1.001069398,
2091.279177892, 1.001625182,
2091.299609484, 1.000769260,
2091.320041177, 1.001389766,
2091.340472970, 1.001015313,
2091.360904563, 1.001001652,
2091.381336255, 1.001000799,
2091.401768047, 1.001352024,
2091.422199639, 1.000547337,
2091.442631431, 1.001070141,
2091.463063123, 1.001328291,
2091.503926506, 1.001353774,
2091.524358197, 1.000955693,
2091.544789888, 1.001645507,
2091.565221579, 1.001060572,
2091.585653270, 1.001473620,
2091.646948341, 1.001307537,
2091.667379931, 1.001487745,
2091.687811721, 1.001632955,
2091.708243411, 1.001309165,
2091.728675000, 1.000874925,
2091.769538479, 1.001616116,
2091.789970268, 1.001029922,
2091.810401857, 1.001623513,
2091.830833546, 1.001232138,
2091.892128612, 1.001563519,
2091.912560400, 1.001542302,
2091.932991988, 1.001863396,
2091.973855463, 1.001616767,
2091.994287151, 1.001932414,
2092.014718739, 1.001546788,
2092.035150526, 1.001448115,
2092.055582213, 1.001895439,
2092.076013800, 1.001511279,
2092.096445587, 1.002023594,
2092.116877273, 1.001874994,
2092.137309060, 1.001292338,
2092.157740646, 1.001617131,
2092.178172332, 1.001731031,
2092.198604118, 1.001898089,
2092.219035704, 1.001173119,
2092.239467390, 1.001962793,
2092.259899075, 1.001391552,
2092.280330761, 1.001748719,
2092.300762346, 1.001197749,
2092.321194131, 1.001557242,
2092.341625816, 1.001478275,
2092.362057501, 1.001197935,
2092.382489186, 1.001328929,
2092.402920870, 1.001556656,
2092.423352654, 1.001453283,
2092.443784239, 1.001003200,
2092.464215923, 1.001313851,
2092.484647707, 1.001579908,
2092.505079391, 1.001490009,
2092.525510974, 1.001335231,
2092.545942758, 1.000923484,
2092.566374441, 1.001352466,
2092.627669490, 1.001792366,
2092.648101073, 1.001787235,
2092.668532855, 1.001619163,
2092.688964538, 1.001974417,
2092.709396120, 1.001769997,
2092.729827902, 1.001752110,
2092.770691366, 1.002153677,
2092.791122947, 1.001782048,
2092.811554629, 1.001738478,
2092.831986410, 1.001773367,
2092.852417991, 1.001931082,
2092.872849672, 1.001410162,
2092.893281453, 1.001766821,
2092.913713034, 1.001947955,
2092.934144715, 1.001707692,
2092.954576495, 1.002665505,
2092.975008175, 1.002011454,
2092.995439756, 1.003201930,
2093.015871535, 1.001695113,
2093.036303115, 1.001904675,
2093.056734795, 1.002089691,
2093.077166575, 1.002379111,
2093.097598154, 1.001621893,
2093.118029933, 1.001372100,
2093.138461613, 1.001651942,
2093.158893191, 1.001827470,
2093.179324970, 1.002116450,
2093.199756649, 1.001391236,
2093.220188228, 1.001680533,
2093.240620006, 1.001491744,
2093.261051684, 1.001527096,
2093.281483263, 1.001663683,
2093.301915041, 1.001212009,
2093.322346718, 1.002225232,
2093.342778396, 1.001582950,
2093.363210074, 1.001736711,
2093.383641751, 1.002034442,
2093.404073528, 1.001463372,
2093.424505105, 1.001349720,
2093.444936783, 1.001163815,
2093.465368559, 1.001503262,
2093.506231813, 1.001530060,
2093.526663589, 1.001890353,
2093.547095265, 1.000872439,
2093.608390294, 1.001981744,
2093.628821869, 1.002003867,
2093.649253645, 1.001936431,
2093.669685320, 1.001487379,
2093.690116896, 1.001970727,
2093.710548671, 1.001695337,
2093.730980346, 1.002470258,
2093.751412021, 1.001757367,
2093.771843696, 1.000770047,
2093.792275270, 1.002157260,
2093.812707045, 1.001844896,
2093.833138719, 1.001633404,
2093.853570393, 1.001463079,
2093.874002067, 1.001549672,
2093.894433741, 1.001757572,
2093.935297089, 1.001378049,
2093.955728762, 1.001933371,
2093.976160436, 1.001839746,
2093.996592109, 1.001525678,
2094.017023782, 1.001579085,
2094.057887228, 1.001571786,
2094.098750573, 1.001325004,
2094.119182246, 1.001750610,
2094.139613818, 1.001928089,
2094.160045590, 1.001443865,
2094.180477262, 1.001406430,
2094.200908834, 1.001689859,
2094.221340606, 1.001068670,
2094.241772278, 1.001771855,
2094.262203849, 1.001740469,
2094.282635621, 1.001172040,
2094.303067292, 1.001425665,
2094.323499063, 1.001841471,
2094.343930634, 1.001276559,
2094.364362305, 1.001657720,
2094.384793976, 1.001264919,
2094.405225646, 1.001910329,
2094.425657317, 1.001796725,
2094.446088987, 1.001413598,
2094.466520657, 1.001667989,
2094.486952327, 1.001392960,
2094.507383997, 1.001066010,
2094.527815667, 1.001610072,
2094.589110676, 1.001718387,
2094.609542345, 1.001338291,
2094.629974114, 1.001697047,
2094.650405683, 1.001973146,
2094.670837452, 1.001742692,
2094.691269121, 1.001446339,
2094.711700689, 1.001070040,
2094.732132458, 1.001177743,
2094.752564126, 1.001455621,
2094.772995695, 1.001881131,
2094.813859131, 1.001139424,
2094.834290699, 1.001393715,
2094.854722466, 1.001354851,
2094.875154134, 1.001064737,
2094.895585802, 1.000985424,
2094.916017469, 1.000711298,
2094.936449136, 1.001250252,
2094.956880903, 1.001419884,
2094.977312470, 1.000847175,
2094.997744137, 1.001871162,
2095.018175904, 1.001191684,
2095.038607570, 1.000919261,
2095.059039137, 1.000897422,
2095.079470903, 1.001160250,
2095.099902570, 1.000785835,
2095.120334136, 1.000966017,
2095.140765902, 1.001249274,
2095.161197468, 1.001079096,
2095.181629133, 1.000683509,
2095.202060899, 1.001416894,
2095.222492464, 1.001129040,
2095.242924230, 1.001033271,
2095.263355895, 1.001267971,
2095.324650890, 1.000741148,
2095.345082455, 1.000374885,
2095.365514220, 1.000647925,
2095.406377549, 1.000449102,
2095.447240877, 1.000878802,
2095.467672541, 1.001062556,
2095.488104205, 1.000824333,
2095.508535869, 1.001083356,
2095.569830859, 1.001056940,
2095.590262623, 1.001927469,
2095.610694286, 1.000913504,
2095.631125849, 1.001466975,
2095.651557612, 1.001673504,
2095.671989275, 1.001278377,
2095.692420838, 1.001386928,
2095.712852600, 1.000880031,
2095.733284263, 1.001348411,
2095.753715825, 1.001496863,
2095.774147588, 1.000759990,
2095.794579250, 1.000820173,
2095.815010812, 1.000916532,
2095.855874235, 1.000453653,
2095.876305897, 1.000690153,
2095.896737559, 1.000343446,
2095.917169220, 1.001066557,
2095.937600881, 1.000846911,
2095.958032543, 1.000536059,
2095.978464204, 0.999983847,
2095.998895865, 1.000797563,
2096.019327526, 1.001288287,
2096.039759186, 1.000915855,
2096.080622508, 1.000993793,
2096.101054168, 1.000982567,
2096.121485928, 1.000765925,
2096.162349249, 1.001254538,
2096.182780909, 1.001005641,
2096.203212468, 1.001228811,
2096.223644228, 1.000842022,
2096.244075888, 1.001412195,
2096.264507447, 1.001563274,
2096.284939207, 1.001191869,
2096.305370866, 1.001091251,
2096.325802425, 1.001187612,
2096.366665843, 1.001088776,
2096.387097502, 1.001370519,
2096.407529161, 1.001597743,
2096.427960819, 1.001033222,
2096.448392578, 1.000784973,
2096.468824136, 1.001142253,
2096.550550769, 1.001653779,
2096.570982527, 1.001545959,
2096.591414084, 1.001621429,
2096.611845742, 1.001291260,
2096.632277500, 1.002175599,
2096.652709057, 1.001511419,
2096.673140714, 1.001788179,
2096.693572472, 1.001516008,
2096.714004029, 1.001944394,
2096.734435786, 1.001760666,
2096.754867443, 1.001254635,
2096.775298999, 1.001704669,
2096.795730756, 1.001594219,
2096.816162413, 1.000983652,
2096.836593969, 1.001553052,
2096.857025725, 1.001420336,
2096.877457382, 1.002285432,
2096.897889038, 1.001757505,
2096.918320694, 1.001882012,
2096.938752350, 1.002301560,
2096.959184006, 1.001895085,
2096.979615661, 1.001380402,
2097.000047317, 1.002171241,
2097.020479073, 1.001639647,
2097.040910728, 1.001755949,
2097.061342283, 1.001679833,
2097.102205694, 1.002077014,
2097.122637249, 1.001905265,
2097.163500658, 1.001860442,
2097.183932213, 1.001920519,
2097.204363968, 1.001547597,
2097.224795622, 1.001883363,
2097.245227176, 1.002183042,
2097.265658931, 1.000782408,
2097.286090485, 1.002072803,
2097.306522139, 1.002024861,
2097.326953893, 1.002056501,
2097.347385447, 1.001210078,
2097.367817201, 1.001919583,
2097.388248854, 1.002073678,
2097.408680508, 1.001965187,
2097.429112161, 1.002342859,
2097.449543815, 1.001849465,
2097.469975468, 1.001433935,
2097.551702180, 1.002144308,
2097.572133733, 1.002541212,
2097.592565386, 1.002222290,
2097.612997138, 1.002038426,
2097.633428691, 1.002081362,
2097.653860443, 1.002508558,
2097.674292095, 1.002379808,
2097.694723648, 1.001741000,
2097.715155400, 1.001894408,
2097.735587052, 1.001874889,
2097.756018604, 1.002035726,
2097.776450356, 1.001779254,
2097.796882007, 1.002441950,
2097.817313559, 1.001854624,
2097.837745310, 1.001876880,
2097.858176962, 1.001906119,
2097.878608613, 1.001767060,
2097.899040264, 1.001598757,
2097.919471916, 1.002163118,
2097.939903567, 1.002114167,
2097.960335218, 1.001537217,
2097.980766868, 1.001791826,
2098.021630170, 1.001526835,
2098.042061821, 1.001569884,
2098.062493471, 1.001732617,
2098.082925121, 1.002019867,
2098.103356772, 1.001825185,
2098.123788522, 1.001888181,
2098.144220072, 1.001447854,
2098.164651722, 1.001331168,
2098.185083472, 1.000933522,
2098.266809971, 1.001782851,
2098.287241720, 1.001750897,
2098.307673370, 1.001619005,
2098.328104919, 1.001874442,
2098.348536668, 1.001683219,
2098.368968317, 1.002516455,
2098.389399967, 1.001546840,
2098.409831615, 1.001809915,
2098.430263264, 1.001946283,
2098.450694913, 1.001813303,
2098.471126562, 1.001706583,
2098.491558210, 1.002005847,
2098.532421507, 1.002127816,
2098.552853156, 1.002391853,
2098.573284904, 1.001857234,
2098.593716552, 1.001537068,
2098.614148100, 1.001888605,
2098.634579848, 1.002200923,
2098.655011396, 1.001823505,
2098.675443044, 1.001824922,
2098.695874791, 1.001665626,
2098.716306339, 1.001794412,
2098.736737987, 1.002156304,
2098.757169734, 1.001787405,
2098.777601281, 1.002133215,
2098.798033029, 1.002127495,
2098.818464676, 1.001600063,
2098.838896223, 1.002373918,
2098.859327970, 1.001852061,
2098.879759617, 1.001356825,
2098.900191164, 1.001900748,
2098.920622911, 1.001900240,
2098.941054557, 1.001629443,
2098.961486204, 1.001883802,
2098.981917850, 1.001570641,
2099.002349497, 1.002172699,
2099.022781143, 1.002044992,
2099.043212890, 1.001355120,
2099.063644436, 1.001968399,
2099.084076182, 1.002419228,
2099.104507828, 1.001610649,
2099.124939374, 1.002223893,
2099.145371120, 1.001600420,
2099.165802766, 1.001350663,
2099.186234311, 1.002278744,
2099.206666057, 1.001790499,
2099.227097702, 1.002153664,
2099.247529248, 1.002481953,
2099.267960993, 1.001995859,
2099.288392639, 1.001624750,
2099.308824184, 1.001784702,
2099.329255929, 1.001973539,
2099.349687574, 1.002240602,
2099.370119219, 1.002911023,
2099.390550864, 1.001856316,
2099.410982509, 1.003330094,
2099.431414154, 1.002873115,
2099.492709087, 1.002658150,
2099.513140732, 1.002297714,
2099.533572376, 1.002687778,
2099.554004020, 1.001975150,
2099.574435665, 1.002594882,
2099.594867409, 1.002545462,
2099.615299053, 1.002397002,
2099.635730597, 1.002178177,
2099.656162341, 1.004437017,
2099.676593985, 1.002857140,
2099.697025528, 1.002427295,
2099.717457272, 1.001867906,
2099.737888916, 1.002244760,
2099.778752203, 1.002314858,
2099.799183846, 1.001962685,
2099.819615389, 1.002609810,
2099.840047133, 1.002684884,
2099.860478776, 1.002180489,
2099.880910519, 1.002274233,
2099.901342062, 1.002399891,
2099.983068633, 1.002122579,
2100.003500376, 1.001498056,
2100.023931918, 1.001633026,
2100.044363561, 1.001780237,
2100.064795203, 1.002038817,
2100.085226845, 1.002046995,
2100.105658488, 1.001573252,
2100.126090230, 1.001785933,
2100.146521772, 1.003932368,
2100.166953514, 1.001877288,
2100.187385156, 1.001836922,
2100.207816698, 1.001692131,
2100.228248440, 1.001854668,
2100.248680082, 1.002143003,
2100.269111624, 1.001614273,
2100.289543365, 1.001911926,
2100.309975007, 1.002036609,
2100.330406548, 1.001631708,
2100.350838290, 1.001820771,
2100.371269931, 1.001845491,
2100.391701472, 1.001695971,
2100.412133214, 1.002524422,
2100.452996596, 1.002089538,
2100.473428137, 1.002527724,
2100.493859778, 1.002453477,
2100.514291519, 1.002024322,
2100.534723060, 1.001959556,
2100.555154700, 1.002035794,
2100.575586441, 1.002123640,
2100.596018082, 1.001979925,
2100.616449622, 1.002596957,
2100.636881363, 1.002055012,
2100.657313003, 1.002034929,
2100.677744544, 1.002323451,
2100.698176284, 1.002634700,
2100.718607924, 1.002629662,
2100.739039664, 1.002108421,
2100.759471204, 1.001886000,
2100.779902845, 1.002314701,
2100.800334485, 1.001983083,
2100.820766124, 1.001913279,
2100.841197664, 1.002402814,
2100.861629404, 1.002117524,
2100.902492584, 1.002400993,
2100.922924323, 1.002533763,
2100.943355963, 1.001783235,
2100.963787602, 1.002680302,
2101.004650881, 1.002248661,
2101.025082620, 1.002949151,
2101.045514160, 1.001766602,
2101.065945799, 1.001910675,
2101.086377538, 1.002154384,
2101.106809177, 1.002404643,
2101.147672455, 1.002601231,
2101.168104094, 1.002244303,
2101.188535633, 1.002751418,
2101.208967371, 1.002253504,
2101.229399010, 1.002431238,
2101.249830749, 1.003022663,
2101.270262287, 1.001832886,
2101.290693926, 1.002707715,
2101.311125664, 1.002352368,
2101.331557203, 1.002647095,
2101.351988841, 1.002368745,
2101.372420579, 1.002503191,
2101.392852118, 1.002080107,
2101.454147032, 1.002884648,
2101.474578670, 1.002467445,
2101.495010308, 1.002752716,
2101.515441946, 1.002895052,
2101.535873684, 1.002403868,
2101.556305221, 1.002536540,
2101.576736859, 1.002120712,
2101.597168597, 1.002209513,
2101.617600134, 1.002478908,
2101.638031772, 1.002939263,
2101.658463509, 1.002936307,
2101.678895147, 1.003192052,
2101.699326684, 1.003368910,
2101.719758422, 1.003038447,
2101.740190059, 1.003036997,
2101.760621596, 1.002533228,
2101.781053333, 1.002845290,
2101.801484970, 1.002957557,
2101.821916708, 1.002792981,
2101.842348245, 1.002748003,
2101.862779882, 1.002939410,
2101.883211618, 1.003049494,
2101.903643155, 1.003135918,
2101.924074792, 1.002661020,
2101.944506529, 1.003307316,
2101.964938066, 1.003527764,
2101.985369702, 1.003542549,
2102.005801439, 1.003084530,
2102.026232975, 1.003243503,
2102.046664712, 1.002806853,
2102.067096348, 1.003009429,
2102.087527985, 1.002603720,
2102.107959621, 1.003080013,
2102.128391258, 1.002813497,
2102.148822894, 1.002845912,
2102.169254530, 1.003603604,
2102.189686166, 1.003459600,
2102.210117702, 1.002703991,
2102.230549438, 1.003117834,
2102.250981074, 1.003712652,
2102.271412610, 1.003118330,
2102.291844346, 1.003215238,
2102.312275982, 1.003288807,
2102.332707718, 1.003798165,
2102.353139254, 1.003990388,
2102.373570890, 1.003285420,
2102.394002625, 1.003337272,
2102.414434161, 1.003316937,
2102.434865797, 1.003152522,
2102.455297532, 1.003304420,
2102.475729067, 1.003667598,
2102.496160703, 1.003213674,
2102.516592438, 1.003548858,
2102.537023974, 1.003619182,
2102.557455609, 1.003692325,
2102.577887344, 1.003623563,
2102.598318980, 1.003488389,
2102.618750615, 1.004237498,
2102.639182250, 1.003544914,
2102.659613885, 1.003706206,
2102.680045520, 1.003288577,
2102.700477155, 1.004058856,
2102.720908790, 1.002447181,
2102.741340525, 1.003723116,
2102.761772060, 1.004244463,
2102.782203695, 1.003348663,
2102.802635330, 1.003920471,
2102.823066964, 1.003691488,
2102.843498699, 1.003729402,
2102.863930334, 1.004002931,
2102.884361868, 1.004258426,
2102.904793603, 1.003732914,
2102.925225138, 1.003870178,
2102.945656772, 1.003735618,
2102.966088507, 1.003822294,
2102.986520041, 1.004152936,
2103.006951675, 1.003952322,
2103.027383410, 1.003476789,
2103.047814944, 1.004167676,
2103.068246578, 1.003967446,
2103.088678313, 1.004033869,
2103.109109947, 1.003991046,
2103.129541581, 1.003926239,
2103.149973215, 1.003843654,
2103.170404849, 1.003722210,
2103.190836483, 1.003807055,
2103.211268117, 1.003982947,
2103.231699751, 1.003397261,
2103.252131385, 1.003241904,
2103.272563019, 1.003469606,
2103.292994653, 1.003481975,
2103.313426387, 1.003447827,
2103.333857920, 1.003537483,
2103.354289554, 1.003584451,
2103.415584555, 1.003877605,
2103.436016189, 1.003264279,
2103.456447722, 1.003273922,
2103.476879456, 1.003032910,
2104.089828447, 1.007057956,
2104.110260180, 1.007274066,
2104.130691812, 1.006979444,
2104.151123545, 1.007455092,
2104.171555077, 1.007208851,
2104.191986710, 1.007474024,
2104.212418342, 1.007363416,
2104.232849974, 1.007121873,
2104.253281607, 1.007010515,
2104.273713239, 1.007568284,
2104.294144872, 1.007256103,
2104.314576504, 1.007391910,
2104.335008236, 1.007058271,
2104.375871401, 1.007166411,
2104.396303133, 1.007771269,
2104.416734665, 1.007096353,
2104.437166397, 1.007226768,
2104.457598029, 1.007222217,
2104.478029561, 1.006691683,
2104.498461293, 1.007420972,
2104.518892925, 1.007374708,
2104.539324457, 1.006922995,
2104.559756189, 1.007416343,
2104.580187821, 1.007453714,
2104.641482717, 1.007365285,
2104.661914449, 1.007326889,
2104.682345981, 1.007366669,
2104.702777613, 1.006910102,
2104.723209345, 1.007064120,
2104.743640877, 1.007479282,
2104.764072508, 1.006836009,
2104.784504240, 1.007371987,
2104.804935872, 1.006960450,
2104.825367404, 1.007019527,
2104.866230767, 1.006787680,
2104.886662399, 1.007276153,
2104.907094030, 1.007137005,
2104.927525662, 1.007285804,
2104.947957294, 1.007358035,
2104.968388925, 1.006752675,
2104.988820457, 1.007065088,
2105.009252188, 1.007088714,
2105.029683820, 1.006975635,
2105.050115351, 1.006559456,
2105.070547083, 1.006381947,
2105.111410246, 1.007102620,
2105.131841977, 1.007105446,
2105.152273609, 1.006943193,
2105.172705340, 1.007219193,
2105.213568503, 1.007319642,
2105.234000234, 1.007303767,
2105.254431766, 1.007449664,
2105.274863397, 1.006856403,
2105.295295128, 1.007085560,
2105.315726760, 1.006848516,
2105.377021654, 1.006787822,
2105.397453285, 1.007463414,
2105.417884916, 1.007138558,
2105.438316547, 1.006978479,
2105.458748279, 1.006775524,
2105.479179810, 1.007348960,
2105.499611441, 1.007070722,
2105.520043172, 1.007063909,
2105.540474703, 1.006250972,
2105.560906334, 1.007105158,
2105.581338066, 1.007090299,
2105.601769597, 1.007164336,
2105.622201328, 1.007047955,
2105.642632959, 1.007293678,
2105.663064490, 1.006893822,
2105.683496221, 1.007219689,
2105.703927752, 1.007282391,
2105.724359383, 1.006839179,
2105.744791114, 1.007074516,
2105.765222645, 1.007143119,
2105.785654276, 1.007281829,
2105.806086007, 1.007268563,
2105.846949270, 1.006923475,
2105.867380901, 1.006668711,
2105.887812532, 1.006996458,
2105.908244163, 1.007168213,
2105.928675793, 1.009989037,
2105.949107424, 1.007083382,
2105.969539155, 1.007142262,
2105.989970686, 1.006988402,
2106.010402317, 1.006986094,
2106.030834048, 1.007000240,
2106.051265579, 1.007158555,
2106.092128941, 1.007133877,
2106.112560472, 1.006821200,
2106.132992203, 1.006968082,
2106.173855365, 1.007113895,
2106.194287096, 1.007179448,
2106.214718726, 1.007321425,
2106.235150257, 1.007442606,
2106.255581988, 1.007247744,
2106.276013619, 1.006658073,
2106.296445250, 1.007271153,
2106.337308512, 1.006944871,
2106.357740143, 1.006931848,
2106.378171773, 1.007261690,
2106.398603404, 1.007228240,
2106.419035035, 1.007217853,
2106.439466666, 1.006773082,
2106.459898297, 1.007098280,
2106.480329928, 1.007332317,
2106.500761558, 1.006981619,
2106.521193189, 1.007060895,
2106.541624920, 1.007198341,
2106.582488182, 1.006980734,
2106.602919813, 1.006909307,
2106.623351344, 1.007286167,
2106.643783074, 1.007263021,
2106.664214705, 1.006757181,
2106.684646236, 1.007782944,
2106.705077967, 1.007831451,
2106.725509598, 1.007152031,
2106.745941129, 1.007334638,
2106.766372859, 1.006993622,
2106.786804490, 1.007166368,
2106.827667752, 1.007729459,
2106.868531114, 1.007146983,
2106.888962645, 1.007664787,
2106.909394275, 1.007190930,
2106.929826006, 1.007093338,
2106.950257537, 1.007166959,
2106.970689168, 1.007464510,
2106.991120899, 1.006938665,
2107.011552530, 1.007139407,
2107.031984161, 1.007498163,
2107.072847322, 1.007235969,
2107.093279053, 1.007320905,
2107.113710684, 1.007079189,
2107.134142215, 1.007090546,
2107.154573946, 1.007352546,
2107.175005577, 1.007570751,
2107.195437108, 1.007269931,
2107.215868839, 1.007071927,
2107.236300470, 1.007098555,
2107.256732201, 1.007303449,
2107.277163732, 1.007252530,
2107.338458624, 1.006885748,
2107.358890255, 1.007282016,
2107.379321986, 1.007517935,
2107.399753517, 1.007098969,
2107.420185148, 1.006795548,
2107.440616879, 1.007232064,
2107.461048510, 1.006492834,
2107.481480142, 1.006930805,
2107.501911773, 1.007643358,
2107.522343404, 1.007290871,
2107.542775035, 1.007333487,
2107.563206666, 1.007311423,
2107.583638297, 1.007059316,
2107.624501559, 1.007353006,
2107.644933190, 1.007344674,
2107.665364921, 1.007698511,
2107.685796452, 1.007521019,
2107.726659715, 1.006847986,
2107.747091346, 1.007130158,
2107.767523077, 1.007901874,
2107.828817971, 1.006989760,
2107.849249502, 1.007324267,
2107.869681133, 1.007402647,
2107.890112864, 1.007416212,
2107.910544396, 1.007621507,
2107.930976027, 1.007258961,
2107.951407758, 1.007479391,
2107.971839290, 1.007506733,
2107.992271021, 1.007660331,
2108.012702652, 1.006884208,
2108.053565915, 1.006395864,
2108.073997546, 1.007251918,
2108.094429178, 1.006929862,
2108.114860809, 1.007086733,
2108.135292441, 1.006928325,
2108.155724072, 1.006979552,
2108.176155804, 1.007509589,
2108.196587335, 1.007085964,
2108.217019067, 1.006868283,
2108.237450698, 1.006659735,
2108.257882230, 1.007370556,
2108.319177124, 1.007191091,
2108.360040488, 1.007222833,
2108.380472019, 1.006906044,
2108.400903751, 1.007117827,
2108.421335383, 1.007470293,
2108.441767014, 1.007225361,
2108.462198646, 1.007171096,
2108.482630178, 1.006652451,
2108.543925173, 1.007364945,
2108.564356805, 1.007516307,
2108.584788437, 1.007064718,
2108.605220069, 1.007286294,
2108.625651701, 1.007268031,
2108.646083333, 1.007298621,
2108.666515065, 1.007889323,
2108.686946697, 1.007433859,
2108.707378229, 1.006904040,
2108.727809961, 1.008250892,
2108.789104857, 1.007375680,
2108.809536489, 1.007116289,
2108.829968021, 1.007604438,
2108.850399753, 1.007373857,
2108.870831385, 1.007467358,
2108.891263117, 1.007401165,
2108.911694650, 1.007785297,
2108.932126282, 1.008154959,
2108.952558014, 1.007561044,
2108.972989547, 1.007514654,
2109.034284444, 1.007382019,
2109.054716076, 1.007185626,
2109.075147808, 1.007609569,
2109.095579341, 1.007910229,
2109.116011073, 1.007581129,
2109.136442606, 1.007962000,
2109.156874238, 1.007425139,
2109.197737504, 1.008416249,
2109.299895767, 1.007775666,
2109.320327400, 1.007411894,
2109.340759133, 1.007713830,
2109.361190666, 1.007490837,
2109.381622298, 1.007418690,
2109.402054031, 1.007723265,
2109.422485564, 1.007816243,
2109.442917197, 1.007754341,
2109.463348930, 1.007782133,
2109.483780463, 1.007663459,
2109.524643829, 1.007273317,
2109.545075362, 1.007852286,
2109.565507096, 1.007682877,
2109.585938729, 1.007560888,
2109.606370262, 1.007708999,
2109.626801995, 1.007697691,
2109.647233629, 1.007237798,
2109.667665262, 1.007916205,
2109.688096895, 1.007434343,
2109.708528529, 1.007888560,
2109.728960162, 1.008018375,
2109.769823429, 1.007579131,
2109.790255062, 1.007732414,
2109.810686796, 1.007874122,
2109.831118330, 1.007706198,
2109.851550063, 1.007657764,
2109.871981597, 1.008003454,
2109.892413231, 1.008361364,
2109.912844964, 1.008218776,
2109.933276498, 1.008051871,
2109.953708132, 1.008150713,
2109.974139866, 1.007708264,
2110.015003133, 1.007945240,
2110.035434767, 1.007375071,
2110.055866301, 1.008071847,
2110.076298035, 1.008075607,
2110.096729670, 1.008296980,
2110.117161204, 1.008390987,
2110.137592938, 1.008010741,
2110.158024572, 1.007905223,
2110.198887840, 1.007829745,
2110.280614378, 1.007659482,
2110.301046112, 1.007833194,
2110.321477747, 1.007301095,
2110.341909281, 1.008037232,
2110.362341016, 1.007683706,
2110.382772651, 1.007469867,
2110.403204285, 1.007598253,
2110.423635920, 1.008201740,
2110.444067555, 1.007961219,
2110.505362359, 1.007540479,
2110.525794094, 1.007760860,
2110.546225729, 1.007814880,
2110.566657264, 1.008376373,
2110.587088999, 1.008047470,
2110.607520634, 1.007767418,
2110.627952369, 1.007682203,
2110.668815540, 1.008073137,
2110.689247275, 1.007855939,
2110.709678810, 1.007686042,
2110.770973717, 1.009429724,
2110.791405352, 1.008598069,
2110.811837088, 1.008354647,
2110.832268623, 1.008036293,
2110.852700359, 1.008737319,
2110.873131995, 1.008154655,
2110.893563630, 1.007996645,
2110.934426902, 1.008070374,
2110.954858538, 1.008141773,
2110.975290174, 1.008110279,
2110.995721810, 1.008254158,
2111.016153446, 1.007960650,
2111.036585182, 1.008310804,
2111.057016718, 1.007982851,
2111.077448454, 1.008248990,
2111.097880090, 1.008321124,
2111.118311627, 1.008034208,
2111.138743363, 1.008596098,
2111.159174899, 1.008433375,
2111.179606536, 1.008856965,
2111.261333182, 1.008081384,
2111.281764718, 1.007777899,
2111.302196455, 1.008227615,
2111.322628092, 1.008443084,
2111.343059629, 1.008468604,
2111.363491366, 1.008397151,
2111.383923003, 1.008832480,
2111.404354640, 1.008395827,
2111.424786277, 1.008572319,
2111.445217914, 1.008009135,
2111.486081188, 1.008141312,
2111.506512825, 1.008305450,
2111.526944563, 1.008131616,
2111.547376200, 1.008463620,
2111.567807737, 1.007944171,
2111.588239475, 1.008458839,
2111.608671112, 1.008137359,
2111.629102650, 1.008965804,
2111.649534387, 1.008169259,
2111.669966025, 1.008404278,
2111.731260939, 1.008513601,
2111.751692676, 1.008643937,
2111.772124214, 1.007909328,
2111.792555853, 1.008003072,
2111.812987491, 1.008374683,
2111.833419129, 1.008127330,
2111.853850767, 1.008024888,
2111.874282405, 1.008013487,
2111.894714043, 1.007773094,
2111.915145782, 1.007843472,
2111.935577320, 1.008246883,
2111.996872236, 1.008165183,
2112.017303875, 1.008279028,
2112.037735613, 1.007721826,
2112.058167252, 1.007678720,
2112.078598891, 1.007909126,
2112.099030530, 1.007808451,
2112.119462169, 1.007835162,
2112.139893808, 1.007650431,
2112.160325447, 1.007725493,
2112.180757086, 1.007842977,
2112.221620365, 1.008158810,
2112.242052004, 1.008009259,
2112.262483743, 1.007612353,
2112.344210202, 1.007675170,
2112.364641941, 1.007963892,
2112.385073581, 1.007785219,
2112.405505121, 1.007799247,
2112.425936861, 1.008355382,
2112.466800041, 1.008287022,
2112.487231781, 1.008234778,
2112.507663421, 1.007515903,
2112.528095061, 1.008080466,
2112.548526702, 1.008040528,
2112.568958342, 1.007797038,
2112.589389982, 1.008051958,
2112.609821623, 1.008294805,
2112.630253264, 1.008133895,
2112.650684904, 1.008316076,
2112.671116545, 1.008321858,
2112.711979926, 1.008239033,
2112.732411467, 1.008521894,
2112.752843208, 1.007278149,
2112.773274849, 1.008130658,
2112.793706390, 1.008443299,
2112.814138132, 1.007917089,
2112.834569773, 1.008268358,
2112.855001314, 1.008407042,
2112.875433056, 1.008471782,
2112.895864697, 1.008772432,
2112.977591363, 1.007842086,
2112.998022905, 1.007858381,
2113.018454547, 1.007779638,
2113.038886289, 1.008010221,
2113.059317831, 1.008023395,
2113.079749473, 1.008470777,
2113.100181215, 1.008062163,
2113.120612758, 1.008378688,
2113.161476142, 1.008110639,
2113.243202612, 1.007947642,
2113.263634355, 1.008138795,
2113.284065998, 1.008678815,
2113.304497641, 1.008596302,
2113.324929284, 1.008115738,
2113.345360927, 1.008477110,
2113.365792670, 1.008361130,
2113.427087600, 1.008555946,
2113.447519143, 1.008549071,
2113.467950787, 1.008634836,
2113.508814074, 1.008888981,
2113.529245817, 1.008349252,
2113.549677461, 1.008508628,
2113.570109005, 1.008638495,
2113.590540749, 1.008601626,
2113.610972393, 1.008709394,
2113.631403937, 1.008372614,
2113.651835681, 1.008131282,
2113.692698870, 1.008390444,
2113.733562259, 1.008150765,
2113.753994003, 1.007991621,
2113.774425548, 1.008570180,
2113.794857193, 1.008499573,
2113.815288838, 1.008449314,
2113.835720582, 1.008525910,
2113.856152127, 1.008374408,
2113.876583872, 1.008519761,
2113.897015418, 1.008193747,
2113.937878808, 1.008300545,
2113.958310353, 1.008759015,
2113.978742099, 1.008930996,
2114.019605290, 1.008562023,
2114.040037036, 1.008482498,
2114.060468682, 1.008574120,
2114.080900227, 1.008650976,
2114.101331973, 1.008619172,
2114.121763619, 1.008442088,
2114.142195365, 1.008479767,
2114.183058558, 1.008397084,
2114.203490304, 1.008322479,
2114.223921851, 1.008554789,
2114.244353497, 1.008871431,
2114.264785244, 1.008295936,
2114.285216791, 1.008492655,
2114.305648537, 1.008564846,
2114.326080184, 1.008044145,
2114.366943478, 1.008153904,
2114.387375125, 1.008157245,
2114.428238420, 1.008368831,
2114.448670067, 1.008384820,
2114.469101715, 1.008680779,
2114.489533362, 1.008138211,
2114.509965010, 1.008518199,
2114.530396758, 1.008606450,
2114.571259954, 1.008417409,
2114.591691702, 1.008518743,
2114.612123250, 1.008250880,
2114.632554898, 1.008215757,
2114.693849843, 1.008661162,
2114.714281591, 1.008290429,
2114.734713140, 1.008270882,
2114.755144889, 1.008421001,
2114.775576538, 1.008435259,
2114.796008087, 1.008572653,
2114.816439836, 1.008369718,
2114.836871485, 1.008414480,
2114.857303034, 1.008009756,
2114.877734783, 1.008642439,
2114.939029731, 1.008782470,
2114.959461381, 1.008766801,
2114.979893131, 1.008073754,
2115.000324681, 1.008641640,
2115.020756331, 1.008695628,
2115.041188081, 1.008606397,
2115.061619731, 1.007062720,
2115.082051281, 1.008201635,
2115.102483031, 1.008721834,
2115.122914682, 1.008849647,
2115.184209633, 1.008184507,
2115.204641284, 1.008303997,
2115.225072935, 1.008324395,
2115.245504586, 1.008171779,
2115.265936237, 1.008258354,
2115.286367888, 1.008768334,
2115.306799639, 1.009023298,
2115.327231191, 1.008113303,
2115.347662842, 1.008069241,
2115.368094594, 1.008587530,
2115.408957797, 1.008243406,
2115.429389549, 1.008902881,
2115.449821101, 1.008450195,
2115.470252753, 1.008601123,
2115.490684505, 1.008572155,
2115.511116057, 1.008994764,
2115.531547809, 1.009000653,
2115.551979462, 1.008792709,
2115.572411114, 1.009045519,
2115.592842767, 1.008435417,
2115.613274420, 1.008670574,
2115.674569378, 1.008885888,
2115.695001032, 1.008968331,
2115.715432785, 1.008312388,
2115.735864338, 1.008502711,
2115.756296092, 1.008355660,
2115.776727745, 1.008447720,
2115.797159299, 1.008333293,
2115.817591052, 1.008927651,
2115.838022706, 1.008544647,
2115.858454260, 1.008332884,
2115.899317668, 1.008567883,
2115.919749323, 1.008729451,
2115.940180977, 1.008272047,
2115.960612531, 1.008268842,
2116.001475941, 1.008720753,
2116.021907495, 1.008732261,
2116.042339250, 1.008805455,
2116.062770905, 1.008672471,
2116.083202560, 1.008718319,
2116.103634216, 1.008332927,
2116.144497626, 1.008869787,
2116.164929182, 1.008172099,
2116.185360837, 1.008902456,
2116.205792593, 1.008692159,
2116.226224249, 1.008360251,
2116.246655805, 1.008052566,
2116.267087561, 1.008474184,
2116.287519217, 1.008228151,
2116.307950873, 1.008666616,
2116.328382530, 1.008708974,
2116.348814186, 1.008115265,
2116.389677499, 1.008247194,
2116.410109156, 1.008588955,
2116.430540913, 1.007962395,
2116.450972470, 1.008132847,
2116.471404127, 1.008694312,
2116.491835884, 1.008104260,
2116.512267442, 1.008319012,
2116.532699199, 1.008327039,
2116.553130857, 1.007925976,
2116.573562414, 1.008110526,
2116.593994172, 1.008199477,
2116.634857388, 1.008453965,
2116.655289146, 1.007927404,
2116.675720705, 1.008390474,
2116.696152463, 1.008180424,
2116.716584121, 1.007990533,
2116.737015680, 1.008203081,
2116.757447439, 1.008535451,
2116.777879097, 1.008422763,
2116.798310756, 1.008306784,
2116.818742415, 1.008622289,
2116.900469053, 1.008492835,
2116.920900812, 1.008313819,
2116.941332472, 1.008322352,
2116.961764032, 1.008631846,
2116.982195792, 1.008406648,
2117.002627452, 1.008404020,
2117.023059012, 1.008449193,
2117.043490772, 1.008349494,
2117.063922433, 1.008266635,
2117.145649175, 1.008565575,
2117.166080736, 1.008210683,
2117.186512397, 1.008342619,
2117.206944059, 1.008028076,
2117.227375720, 1.008615780,
2117.247807381, 1.007884162,
2117.268239043, 1.008368992,
2117.288670705, 1.008443615,
2117.309102466, 1.008986009,
2117.329534028, 1.008985566,
2117.390829015, 1.008634981,
2117.411260677, 1.008959993,
2117.431692440, 1.008370804,
2117.452124103, 1.008563707,
2117.472555765, 1.008071572,
2117.492987428, 1.008444088,
2117.513419091, 1.008663991,
2117.533850754, 1.008474043,
2117.554282418, 1.008963019,
2117.574714081, 1.008400515,
2117.615577408, 1.008331362,
2117.636009072, 1.007906531,
2117.656440836, 1.008725299,
2117.676872400, 1.009140852,
2117.697304164, 1.008193607,
2117.738167392, 1.008217534,
2117.779030822, 1.007875371,
2117.799462386, 1.008888997,
2117.881189147, 1.008726084,
2117.901620812, 1.008183212,
2117.922052477, 1.009096044,
2117.942484143, 1.008605266,
2117.962915809, 1.008459730,
2117.983347475, 1.008942123,
2118.003779141, 1.008745947,
2118.024210807, 1.008791332,
2118.044642473, 1.008546690,
2118.065074139, 1.008947094,
2118.105937573, 1.008563511,
2118.126369139, 1.008369536,
2118.146800906, 1.008221026,
2118.167232573, 1.008486182,
2118.187664140, 1.008608951,
2118.208095908, 1.008600350,
2118.228527575, 1.008501844,
2118.248959143, 1.008175627,
2118.269390910, 1.008038244,
2118.289822578, 1.008661330,
2118.310254346, 1.007959976,
2118.371549351, 1.008885023,
2118.391980919, 1.008091073,
2118.412412588, 1.008493482,
2118.432844356, 1.008388558,
2118.453275925, 1.008164754,
2118.473707694, 1.007956814,
2118.494139363, 1.008238790,
2118.514570932, 1.008322509,
2118.535002702, 1.008118642,
2118.555434371, 1.008192154,
2118.596297711, 1.008474371,
2118.678024391, 1.008538656,
2118.698456062, 1.008589151,
2118.718887732, 1.008345879,
2118.739319403, 1.008337385,
2118.759751074, 1.008003700,
2118.780182745, 1.008508742,
2118.800614416, 1.008448910,
2118.841477759, 1.008076131,
2118.861909530, 1.008285939,
2118.882341202, 1.008388429,
2118.902772774, 1.008209969,
2118.923204545, 1.008248716,
2118.943636218, 1.008139538,
2118.964067790, 1.008491121,
2118.984499562, 1.008356846,
2119.004931235, 1.008119297,
2119.025362807, 1.008192539,
2119.045794580, 1.008413358,
2119.107089599, 1.008214908,
2119.127521273, 1.008441488,
2119.147953046, 1.008071928,
2119.168384620, 1.008493891,
2119.188816293, 1.008703463,
2119.209248067, 1.008211970,
2119.229679641, 1.008452062,
2119.250111415, 1.008482410,
2119.270543090, 1.007914695,
2119.290974764, 1.008199702,
2119.352269688, 1.008361907,
2119.372701463, 1.008416157,
2119.393133139, 1.008394942,
2119.413564914, 1.007707836,
2119.433996489, 1.008234329,
2119.454428165, 1.008368683,
2119.474859941, 1.008219897,
2119.495291517, 1.008605984,
2119.515723193, 1.008909614,
2119.536154969, 1.008525081,
2119.577018221, 1.008304111,
2119.597449998, 1.007925777,
2119.617881575, 1.008527582,
2119.638313352, 1.008257973,
2119.658745029, 1.008313639,
2119.679176606, 1.008083890,
2119.699608383, 1.008082077,
2119.720040061, 1.008344036,
2119.760903416, 1.008434502,
2119.781335094, 1.007939686,
2119.822198450, 1.008045419,
2119.842630129, 1.008303164,
2119.863061907, 1.008322104,
2119.883493586, 1.008653411,
2119.903925165, 1.008233209,
2119.924356844, 1.008206183,
2119.944788523, 1.008083567,
2119.965220202, 1.008166679,
2119.985651981, 1.008022632,
2120.006083561, 1.008534186,
2120.026515340, 1.008414543,
2120.067378600, 1.008443941,
2120.087810380, 1.008414227,
2120.108242061, 1.008233386,
2120.128673641, 1.008549103,
2120.149105422, 1.008485943,
2120.169537103, 1.008618123,
2120.189968883, 1.008334342,
2120.210400465, 1.008277497,
2120.230832146, 1.008973619,
2120.251263927, 1.008695377,
2120.271695509, 1.008329440,
2120.332990554, 1.008415103,
2120.353422236, 1.008795060,
2120.373854018, 1.008319807,
2120.394285601, 1.009428637,
2120.414717383, 1.008870506,
2120.435149066, 1.008691156,
2120.455580749, 1.008965997,
2120.476012432, 1.008577856,
2120.496444115, 1.008783751,
2120.516875799, 1.008887575,
2120.578170950, 1.008728606,
2120.598602534, 1.008302805,
2120.619034218, 1.008235387,
2120.639466002, 1.008729607,
2120.659897586, 1.008508793,
2120.680329271, 1.008444577,
2120.700761056, 1.008702633,
2120.721192641, 1.008767423,
2120.741624326, 1.009008858,
2120.802919482, 1.008245867,
2120.823351168, 1.008363085,
2120.864214540, 1.008026212,
2120.884646226, 1.008552044,
2120.905077812, 1.008148652,
2120.925509599, 1.008466993,
2120.945941285, 1.008598529,
2120.966373072, 1.008042052,
2120.986804659, 1.007518813,
2121.068531409, 1.008242012,
2121.088963196, 1.008177635,
2121.109394884, 1.008157275,
2121.129826473, 1.008649028,
2121.150258261, 1.008735657,
2121.170689949, 1.007984920,
2121.191121638, 1.008194986,
2121.211553327, 1.007806901,
2121.272848394, 1.008251099,
2121.293280083, 1.007642386,
2121.313711773, 1.008096065,
2121.334143463, 1.008326756,
2121.354575253, 1.008413295,
2121.375006843, 1.007931899,
2121.395438533, 1.007921032,
2121.415870323, 1.007923975,
2121.436301914, 1.007942262,
2121.456733605, 1.008500856,
2121.477165395, 1.008200377,
2121.497596987, 1.007966580,
2121.538460469, 1.007900455,
2121.558892061, 1.008026680,
2121.579323852, 1.008128634,
2121.599755544, 1.008223949,
2121.620187236, 1.008209137,
2121.640618929, 1.008598478,
2121.661050621, 1.008220528,
2121.681482314, 1.008196517,
2121.701914006, 1.008164012,
2121.722345699, 1.007763927,
2121.742777492, 1.007650745,
2121.783640779, 1.008085565,
2121.804072573, 1.008101354,
2121.824504266, 1.008073426,
2121.844935860, 1.007612637,
2121.865367654, 1.007772693,
2121.885799349, 1.007817213,
2121.906230943, 1.008567480,
2121.926662738, 1.008216030,
2121.947094433, 1.007901411,
2121.967526128, 1.008303046,
2121.987957823, 1.008265617,
2122.049252909, 1.007965298,
2122.069684505, 1.007629903,
2122.090116301, 1.007590761,
2122.130979793, 1.007963408,
2122.151411390, 1.008018815,
2122.171843087, 1.007839935,
2122.192274883, 1.008183657,
2122.212706480, 1.008169519,
2122.233138178, 1.007719223,
2122.274001673, 1.007960768,
2122.294433270, 1.008546152,
2122.314865068, 1.007711445,
2122.335296766, 1.008250847,
2122.355728465, 1.008035050,
2122.376160163, 1.008049711,
2122.396591862, 1.008008197,
2122.417023560, 1.008199552,
2122.437455259, 1.008060480,
2122.457886959, 1.008198139,
2122.478318758, 1.008283790,
2122.519182157, 1.008064853,
2122.539613857, 1.008164360,
2122.560045457, 1.008276421,
2122.580477257, 1.008306446,
2122.600908958, 1.008184652,
2122.621340558, 1.007954539,
2122.641772359, 1.007451940,
2122.662203960, 1.007850080,
2122.682635761, 1.007746372,
2122.784794169, 1.007610161,
2122.805225971, 1.007763394,
2122.825657674, 1.007641479,
2122.846089376, 1.007697349,
2122.886952782, 1.007416992,
2122.907384585, 1.007904368,
2122.927816288, 1.007745348,
2122.948247892, 1.007539576,
2122.968679695, 1.007774225,
2123.029974807, 1.008117359,
2123.070838316, 1.007552990,
2123.091269921, 1.007532665,
2123.111701626, 1.007974393,
2123.132133431, 1.008072311,
2123.152565036, 1.007769596,
2123.172996742, 1.007793134,
2123.193428547, 1.008010816,
2123.213860153, 1.008126736,
2123.275155272, 1.007871088,
2123.295587079, 1.007921510,
2123.316018685, 1.007807526,
2123.336450392, 1.007605249,
2123.356882199, 1.008307722,
2123.377313807, 1.007967705,
2123.397745514, 1.008180537,
2123.418177322, 1.008087035,
2123.438608930, 1.007966459,
2123.459040738, 1.008215354,
2123.499904155, 1.007866983,
2123.520335864, 1.008028188,
2123.540767572, 1.007802762,
2123.561199281, 1.008213392,
2123.602062700, 1.007965318,
2123.622494510, 1.008134104,
2123.642926219, 1.007830072,
2123.663357829, 1.007835955,
2123.683789640, 1.007785911,
2123.704221350, 1.007977380,
2123.745084771, 1.007865886,
2123.765516482, 1.007771223,
2123.785948093, 1.007673219,
2123.806379905, 1.007649171,
2123.826811616, 1.007988018,
2123.847243428, 1.007875860,
2123.867675040, 1.008060985,
2123.888106752, 1.008241780,
2123.908538464, 1.007530638,
2123.928970177, 1.007333459,
2123.949401889, 1.007537529,
2123.990265315, 1.007836312,
2124.010697129, 1.007896131,
2124.031128742, 1.007888493,
2124.051560456, 1.008017293,
2124.071992270, 1.007655124,
2124.092423884, 1.007663006,
2124.112855598, 1.007955140,
2124.133287412, 1.007798499,
2124.153719127, 1.007802487,
2124.174150742, 1.008073758,
2124.194582557, 1.007280185,
2124.235445988, 1.007821948,
2124.255877703, 1.008133376,
2124.276309419, 1.008178415,
2124.296741235, 1.008120232,
2124.317172851, 1.007873826,
2124.337604568, 1.007974538,
2124.358036384, 1.007889722,
2124.378468001, 1.007506006,
2124.398899818, 1.007785431,
2124.419331535, 1.007889332,
2124.439763153, 1.007513563,
2124.480626688, 1.007782155,
2124.501058306, 1.007464803,
2124.521490124, 1.007995515,
2124.541921843, 1.007559699,
2124.562353561, 1.007522460,
2124.582785280, 1.007570639,
2124.603216999, 1.007446230,
2124.623648718, 1.007603045,
2124.644080438, 1.007381756,
2124.664512157, 1.007430295,
2124.684943877, 1.007515172,
2124.746239038, 1.007109242,
2124.766670758, 1.007604938,
2124.787102579, 1.007693880,
2124.807534300, 1.007323714,
2124.827965921, 1.007327634,
2124.848397743, 1.007290561,
2124.889261086, 1.007476572,
2124.909692908, 1.007680943,
2124.930124631, 1.007582458,
2124.991419799, 1.007665515,
2125.011851622, 1.007405127,
2125.032283245, 1.007858070,
2125.052714969, 1.007616262,
2125.073146792, 1.007575666,
2125.093578416, 1.007611345,
2125.114010140, 1.007473314,
2125.134441965, 1.007647903,
2125.154873589, 1.007914371,
2125.175305414, 1.007207445,
2125.195737139, 1.007864891,
2125.216168764, 1.007556120,
2125.236600589, 1.007133674,
2125.257032315, 1.007282535,
2125.277464041, 1.007388416,
2125.297895767, 1.007284391,
2125.318327493, 1.007571825,
2125.338759219, 1.007555904,
2125.359190946, 1.007359056,
2125.379622673, 1.007324422,
2125.400054400, 1.007180280,
2125.420486127, 1.007346769,
2125.461349582, 1.007263106,
2125.481781310, 1.007192000,
2125.502213138, 1.007196122,
2125.522644866, 1.007366601,
2125.543076495, 1.006951466,
2125.563508323, 1.007098304,
2125.583940052, 1.007324740,
2125.604371681, 1.007206884,
2125.624803511, 1.007201140,
2125.645235240, 1.006834761,
2125.665666870, 1.007155145,
2125.706530430, 1.007356635,
2125.726962261, 1.007405015,
2125.747393892, 1.006797103,
2125.788257453, 1.006976627,
2125.808689085, 1.007373269,
2125.829120816, 1.007013817,
2125.849552648, 1.007227893,
2125.869984280, 1.006880506,
2125.890416112, 1.006856615,
2125.910847844, 1.006542114,
2125.951711310, 1.006850364,
2125.972142943, 1.006512145,
2125.992574776, 1.006450325,
2126.013006509, 1.006764694,
2126.033438243, 1.006871073,
2126.053869877, 1.007063270,
2126.074301711, 1.006741412,
2126.094733445, 1.007141498,
2126.115165180, 1.006660742,
2126.135596915, 1.006342772,
2126.156028650, 1.006941758,
2126.196892120, 1.006793520,
2126.217323856, 1.006904454,
2126.237755692, 1.006932456,
2126.258187328, 1.007030296,
2126.278619164, 1.006837005,
2126.299050900, 1.007203035,
2126.319482537, 1.006355327,
2126.339914374, 1.007247052,
2126.360346111, 1.006596672,
2126.380777749, 1.007091758,
2126.442072962, 1.007056043,
2126.462504800, 1.007321158,
2126.482936539, 1.007151064,
2126.503368378, 1.007391351,
2126.523800016, 1.007371968,
2126.544231756, 1.007041280,
2126.564663595, 1.006956724,
2126.585095335, 1.007542480,
2126.605526974, 1.008158356,
2126.625958715, 1.007969635,
2126.646390555, 1.007161814,
2126.707685677, 1.007426560,
2126.728117518, 1.007204052,
2126.748549260, 1.007046625,
2126.768980901, 1.007467362,
2126.789412743, 1.007320848,
2126.809844485, 1.007394095,
2126.830276327, 1.007586565,
2126.850707970, 1.007427847,
2126.871139713, 1.007570227,
2126.891571556, 1.007207321,
2126.952866786, 1.007939964,
2126.973298430, 1.007280406,
2126.993730174, 1.007487761,
2127.014162018, 1.007185926,
2127.034593663, 1.007471821,
2127.055025508, 1.007188160,
2127.075457253, 1.007405423,
2127.095888898, 1.007458452,
2127.116320744, 1.007562999,
2127.136752489, 1.007061506,
2127.198047728, 1.007659782,
2127.218479574, 1.007453952,
2127.238911221, 1.007502502,
2127.259342968, 1.007309091,
2127.279774716, 1.007380237,
2127.300206463, 1.007292244,
2127.320638211, 1.007178968,
2127.341070059, 1.007151031,
2127.381933456, 1.007222665,
2127.422796954, 1.007167219,
2127.443228803, 1.006956580,
2127.463660552, 1.007214233,
2127.484092202, 1.007249982,
2127.504524052, 1.007287803,
2127.524955802, 1.006813835,
2127.545387453, 1.007145360,
2127.565819303, 1.007550038,
2127.586251054, 1.007577562,
2127.606682905, 1.007343101,
2127.627114556, 1.007106497,
2127.688409812, 1.007337152,
2127.708841564, 1.007528505,
2127.729273416, 1.006798127,
2127.749705069, 1.007087901,
2127.770136922, 1.007384341,
2127.790568675, 1.006810434,
2127.811000429, 1.007670619,
2127.831432182, 1.006935976,
2127.851863936, 1.007060535,
2127.872295690, 1.006557694,
2127.913159199, 1.006815161,
2127.933590954, 1.007234653,
2127.954022709, 1.007639042,
2127.974454465, 1.007475129,
2127.994886320, 1.007270652,
2128.015317976, 1.007287969,
2128.035749732, 1.007219918,
2128.056181588, 1.007667220,
2128.076613245, 1.007471077,
2128.117476859, 1.007321998,
2128.158340373, 1.007738799,
2128.178772131, 1.007516475,
2128.199203789, 1.007610322,
2128.219635647, 1.007172114,
2128.240067406, 1.007356404,
2128.260499064, 1.007239055,
2128.280930923, 1.007624366,
2128.301362683, 1.007175377,
2128.321794342, 1.007175701,
2128.342226202, 1.007245042,
2128.362657962, 1.007167997,
2128.423953243, 1.007785650,
2128.444385104, 1.007280423,
2128.464816865, 1.007104154,
2128.485248526, 1.007675610,
2128.505680388, 1.007812543,
2128.526112150, 1.007423945,
2128.546543912, 1.007523901,
2128.566975674, 1.007480814,
2128.587407437, 1.007090627,
2128.628270963, 1.007346249,
2128.648702726, 1.007355181,
2128.669134490, 1.007389890,
2128.689566253, 1.007339336,
2128.709998118, 1.007187083,
2128.730429782, 1.007431870,
2128.750861546, 1.007330505,
2128.771293411, 1.007467265,
2128.791725076, 1.007636431,
2128.812156842, 1.007066201,
2128.832588707, 1.006488324,
2128.853020373, 1.006661849,
2128.934747539, 1.006881304,
2128.955179306, 1.006594736,
2128.975611073, 1.006421289,
2128.996042841, 1.007259419,
2129.016474609, 1.007096557,
2129.036906377, 1.006936821,
2129.057338145, 1.006991718,
2129.077769913, 1.006763478,
2129.098201782, 1.007382653,
2129.159497090, 1.006834635,
2129.179928860, 1.006590542,
2129.200360530, 1.006835424,
2129.220792401, 1.006597166,
2129.241224171, 1.006950971,
2129.261655942, 1.006725542,
2129.282087713, 1.007529816,
2129.302519484, 1.007109513,
2129.322951256, 1.006548862,
2129.343383028, 1.007175499,
2129.384246572, 1.007474770,
2129.404678345, 1.006331204,
2129.425110018, 1.006987464,
2129.445541891, 1.006558272,
2129.465973664, 1.006489548,
2129.486405538, 1.006992723,
2129.506837212, 1.007202217,
2129.527268986, 1.007513470,
2129.547700860, 1.006132277,
2129.568132535, 1.007217521,
2129.588564310, 1.006859568,
2129.649859736, 1.006829941,
2129.670291512, 1.006216994,
2129.690723288, 1.006677896,
2129.711155065, 1.006762729,
2129.731586842, 1.006560841,
2129.752018619, 1.007088480,
2129.772450396, 1.006625297,
2129.792882173, 1.006552798,
2129.813313951, 1.007008513,
2129.833745829, 1.007252743,
2129.874609386, 1.006799716,
2129.895041165, 1.006875521,
2129.915472844, 1.006780560,
2129.935904723, 1.007056331,
2129.956336503, 1.007056520,
2129.976768183, 1.007366713,
2129.997200063, 1.006790697,
2130.017631743, 1.006839915,
2130.038063624, 1.007167140,
2130.058495405, 1.007239658,
2130.078927086, 1.007216426,
2130.119790749, 1.006958750,
2130.140222431, 1.006771414,
2130.160654313, 1.006923755,
2130.181086095, 1.007103035,
2130.201517978, 1.006934810,
2130.221949661, 1.006764400,
2130.242381444, 1.006671890,
2130.262813328, 1.006472707,
2130.283245012, 1.006264453,
2130.303676796, 1.006547567,
2130.324108680, 1.006414701,
2130.364972150, 1.006808780,
2130.385404035, 1.007460938,
2130.405835820, 1.007273414,
2130.426267606, 1.006820254,
2130.446699392, 1.006755685,
2130.467131178, 1.006977492,
2130.487563064, 1.007667336,
2130.507994751, 1.006977721,
2130.528426538, 1.006907544,
2130.548858425, 1.006636552,
2130.569290113, 1.005900752,
2130.630585477, 1.006780540,
2130.651017365, 1.006948469,
2130.671449054, 1.006657932,
2130.691880844, 1.006979654,
2130.712312733, 1.006710328,
2130.732744423, 1.006573584,
2130.753176313, 1.006602024,
2130.773608103, 1.006686073,
2130.794039793, 1.006463783,
2130.814471684, 1.006610139,
2130.875767058, 1.006179281,
2130.896198850, 1.005959317,
2130.916630642, 1.005820549,
2130.937062434, 1.006577355,
2130.957494227, 1.006676420,
2130.977926120, 1.006740919,
2130.998357913, 1.007044295,
2131.018789606, 1.006710399,
2131.039221500, 1.006552369,
2131.059653294, 1.007181120,
2131.120948678, 1.006401004,
2131.141380473, 1.006549015,
2131.161812268, 1.006498892,
2131.182244064, 1.006283272,
2131.202675960, 1.006509764,
2131.223107656, 1.006683515,
2131.243539452, 1.006664227,
2131.263971249, 1.006362289,
2131.284403046, 1.006763098,
2131.304834944, 1.006217776,
2131.366130337, 1.006388658,
2131.386562036, 1.006273492,
2131.406993834, 1.005982510,
2131.427425733, 1.005967189,
2131.447857433, 1.005999484,
2131.468289232, 1.006644815,
2131.488721132, 1.006584951,
2131.509152832, 1.006575838,
2131.529584732, 1.006570870,
2131.550016533, 1.006777989,
2131.590880135, 1.006346515,
2131.611311937, 1.006454031,
2131.652175640, 1.006448350,
2131.672607343, 1.006671909,
2131.693039245, 1.006132502,
2131.713471048, 1.006748319,
2131.733902751, 1.006950449,
2131.754334655, 1.006981447,
2131.774766458, 1.006479854,
2131.795198162, 1.006453478,
2131.856493776, 1.006644443,
2131.876925481, 1.006305174,
2131.897357286, 1.006842772,
2131.917789092, 1.006557847,
2131.938220898, 1.006952825,
2131.958652704, 1.006054741,
2131.979084511, 1.006268128,
2131.999516318, 1.006746713,
2132.019948125, 1.006352798,
2132.040379932, 1.006316829,
2132.060811740, 1.006147421,
2132.081243648, 1.006730343,
2132.101675356, 1.006489062,
2132.122107165, 1.006354845,
2132.162970783, 1.006461014,
2132.183402592, 1.006895994,
2132.203834502, 1.006198094,
2132.224266312, 1.006556293,
2132.244698122, 1.006655458,
2132.265129932, 1.006683176,
2132.285561743, 1.006858330,
2132.326425366, 1.006551598,
2132.346857177, 1.006712149,
2132.367289089, 1.006456197,
2132.387720802, 1.007056606,
2132.408152714, 1.006734488,
2132.428584527, 1.006789978,
2132.449016240, 1.006716039,
2132.469448154, 1.007003339,
2132.489879967, 1.006851378,
2132.510311681, 1.006839058,
2132.530743595, 1.006570229,
2132.571607125, 1.006213795,
2132.592039040, 1.007029246,
2132.612470855, 1.006742374,
2132.632902671, 1.006471513,
2132.653334487, 1.006733436,
2132.673766203, 1.006178653,
2132.694198120, 1.007262735,
2132.714629937, 1.007106183,
2132.735061754, 1.007175835,
2132.755493572, 1.006619127,
2132.775925389, 1.006367271,
2132.837220844, 1.006631053,
2132.857652763, 1.006286683,
2132.878084583, 1.006433531,
2132.898516302, 1.006431569,
2132.939380042, 1.006780035,
2132.959811862, 1.006025127,
2132.980243683, 1.006895113,
2133.000675504, 1.009305114,
2133.021107425, 1.006283000,
2133.082402891, 1.006370573,
2133.102834613, 1.006233643,
2133.123266536, 1.006307386,
2133.143698359, 1.006620986,
2133.164130083, 1.006396175,
2133.184562006, 1.006635779,
2133.204993830, 1.006620330,
2133.225425555, 1.006430426,
2133.245857479, 1.006749392,
2133.266289304, 1.006656758,
2133.307152954, 1.006632915,
2133.327584680, 1.006746526,
2133.348016606, 1.006885976,
2133.368448433, 1.006599523,
2133.388880159, 1.006760960,
2133.409312086, 1.006338254,
2133.429743913, 1.006489860,
2133.450175741, 1.006919641,
2133.470607569, 1.006743615,
2133.491039397, 1.006857820,
2133.511471325, 1.006605089,
2133.552334883, 1.006798208,
2133.572766812, 1.005705030,
2133.593198642, 1.006404330,
2133.613630372, 1.006393642,
2133.634062302, 1.006199733,
2133.654494133, 1.006152592,
2133.674926063, 1.005909619,
2133.695357795, 1.006132352,
2133.715789626, 1.006601623,
2133.736221558, 1.006396318,
2133.756653290, 1.006231536,
2133.777085122, 1.005827274,
2133.797517055, 1.006275953,
2133.817948788, 1.006084457,
2133.838380621, 1.006009120,
2133.858812555, 1.006349651,
2133.879244288, 1.006383389,
2133.899676223, 1.006430426,
2133.920108057, 1.006174401,
2133.960971727, 1.006233844,
2133.981403462, 1.005860183,
2134.063130907, 1.005844191,
2134.083562744, 1.005881728,
2134.103994581, 1.006466277,
2134.124426419, 1.005915903,
2134.144858257, 1.006218698,
2134.165290095, 1.005781236,
2134.185721933, 1.006292708,
2134.206153772, 1.006367681,
2134.226585611, 1.006562239,
2134.247017550, 1.006241235,
2134.267449290, 1.006164678,
2134.287881230, 1.006161531,
2134.308313070, 1.006053134,
2134.328744811, 1.006529370,
2134.349176752, 1.006075226,
2134.369608593, 1.006075707,
2134.390040335, 1.005837602,
2134.410472277, 1.006266050,
2134.430904119, 1.005886053,
2134.451336061, 1.005827327,
2134.471767804, 1.005198882,
2134.492199647, 1.005425676,
2134.553495178, 1.006294885,
2134.573927022, 1.005740657,
2134.594358867, 1.005482487,
2134.614790812, 1.005851821,
2134.635222657, 1.005827160,
2134.655654403, 1.006276595,
2134.676086349, 1.005716199,
2134.696518095, 1.005700839,
2134.716949942, 1.005629846,
2134.737381888, 1.005511380,
2134.798677431, 1.005410876,
2134.819109279, 1.005952985,
2134.839541127, 1.005287200,
2134.859972976, 1.005614602,
2134.880404825, 1.005591071,
2134.900836774, 1.005603556,
2134.921268524, 1.005879953,
2134.962132325, 1.005549934,
2134.982564075, 1.005638859,
2135.043859629, 1.005492327,
2135.064291581, 1.005229305,
2135.084723433, 1.004912077,
2135.105155186, 1.005226333,
2135.125587138, 1.005584999,
2135.146018992, 1.005296113,
2135.166450945, 1.005426199,
2135.186882699, 1.005135389,
2135.207314553, 1.005740335,
2135.227746507, 1.005484597,
2135.289042073, 1.004822387,
2135.309473828, 1.004943710,
2135.329905684, 1.004868259,
2135.350337541, 1.005215195,
2135.370769397, 1.004867741,
2135.391201354, 1.004783780,
2135.411633212, 1.005256169,
2135.432064969, 1.005412600,
2135.452496927, 1.005865686,
2135.472928786, 1.005192591,
2135.534224362, 1.005511420,
2135.554656322, 1.004983788,
2135.575088082, 1.005327162,
2135.595519942, 1.005656834,
2135.615951903, 1.005288097,
2135.636383663, 1.005523819,
2135.656815525, 1.005194259,
2135.677247486, 1.005434891,
2135.697679248, 1.004545543,
2135.718111210, 1.004845885,
2135.799838662, 1.005128808,
2135.861134254, 1.005097523,
2135.881566119, 1.005081775,
2135.901997984, 1.005595985,
2135.922429850, 1.005285265,
2135.942861815, 1.005296327,
2135.963293581, 1.005603221,
2135.983725448, 1.004869099,
2136.004157314, 1.005008586,
2136.024589181, 1.004882520,
2136.045021049, 1.004731617,
2136.065453017, 1.004881364,
2136.085884785, 1.004974656,
2136.106316753, 1.004578493,
2136.126748622, 1.004749809,
2136.147180391, 1.005514359,
2136.167612360, 1.005087286,
2136.188044230, 1.005426995,
2136.208476000, 1.005352720,
2136.249339841, 1.004738703,
2136.269771812, 1.004853154,
2136.290203583, 1.005208427,
2136.310635455, 1.005007471,
2136.331067427, 1.005157360,
2136.351499199, 1.005176464,
2136.371931072, 1.004764428,
2136.392363045, 1.010750953,
2136.412794818, 1.005332378,
2136.433226691, 1.005477262,
2136.453658665, 1.005790765,
2136.514954289, 1.004899640,
2136.535386165, 1.005217848,
2136.555818040, 1.004797394,
2136.576249916, 1.004893542,
2136.596681793, 1.004781288,
2136.617113669, 1.004946909,
2136.637545546, 1.004861040,
2136.657977424, 1.004709225,
2136.678409301, 1.004573154,
2136.698841179, 1.005142635,
2136.760136815, 1.004601221,
2136.780568794, 1.004677784,
2136.801000574, 1.004623992,
2136.821432554, 1.005181020,
2136.841864434, 1.005089416,
2136.862296215, 1.005100806,
2136.903160077, 1.004754657,
2136.923591859, 1.005071188,
2136.944023841, 1.005123835,
2137.005319489, 1.004816177,
2137.025751373, 1.004810998,
2137.046183356, 1.004852998,
2137.066615140, 1.004999398,
2137.087047025, 1.005395385,
2137.107479009, 1.005132839,
2137.127910794, 1.004652719,
2137.148342680, 1.004875480,
2137.168774666, 1.004945790,
2137.189206552, 1.004649908,
2137.250502212, 1.005002653,
2137.270934099, 1.004497966,
2137.291365987, 1.005211475,
2137.311797875, 1.004544523,
2137.332229764, 1.005337341,
2137.352661653, 1.004422158,
2137.373093542, 1.004656183,
2137.393525431, 1.004581865,
2137.413957321, 1.003819908,
2137.434389311, 1.004375730,
2137.495684984, 1.005123616,
2137.516116775, 1.005143558,
2137.536548767, 1.005086075,
2137.556980660, 1.004962440,
2137.577412452, 1.004519394,
2137.597844445, 1.004296878,
2137.618276338, 1.004517579,
2137.638708132, 1.005042172,
2137.679572020, 1.004458332,
2137.720435810, 1.004794644,
2137.740867705, 1.004226311,
2137.761299701, 1.004796943,
2137.781731497, 1.004791453,
2137.802163393, 1.004780968,
2137.822595390, 1.004516232,
2137.843027187, 1.004473519,
2137.883891082, 1.004677307,
2137.904322980, 1.004442839,
2137.924754879, 1.004614581,
2137.965618577, 1.004526376,
2137.986050576, 1.004129724,
2138.006482476, 1.004272358,
2138.026914276, 1.004516097,
2138.047346277, 1.004500572,
2138.067778178, 1.004318009,
2138.088210179, 1.004478830,
2138.108641981, 1.004341069,
2138.129073883, 1.004525292,
2138.149505885, 1.004434133,
2138.169937688, 1.004780328,
2138.231233398, 1.004915182,
2138.251665402, 1.004603505,
2138.272097306, 1.004644261,
2138.292529111, 1.004519150,
2138.312961116, 1.004731323,
2138.353824827, 1.004810072,
2138.374256834, 1.004769859,
2138.394688740, 1.004764345,
2138.415120647, 1.004678726,
2138.435552554, 1.004355130,
2138.455984462, 1.004166159,
2138.476416470, 1.004549613,
2138.496848278, 1.004467116,
2138.517280187, 1.003980561,
2138.537712196, 1.004558091,
2138.558144105, 1.004141343,
2138.578575915, 1.004221266,
2138.599007925, 1.004340346,
2138.619439735, 1.004589689,
2138.639871746, 1.004422064,
2138.660303657, 1.004844441,
2138.721599393, 1.004352449,
2138.742031205, 1.004499277,
2138.762463218, 1.004154161,
2138.782895132, 1.004100129,
