BJD - 2454833, Corrected Flux
2061.305851102, 0.999343468,
2061.326283415, 0.998505139,
2061.346715627, 0.999947925,
2061.367147739, 0.997959956,
2061.387580050, 0.999989103,
2061.408012261, 0.997394368,
2061.428444572, 0.999707690,
2061.489741200, 0.999107164,
2061.510173309, 0.999551757,
2061.530605517, 0.998923899,
2061.551037825, 0.999898422,
2061.571470032, 0.998156920,
2061.591902139, 1.000392553,
2061.612334445, 0.998345618,
2061.632766651, 1.000491747,
2061.653198756, 0.997453725,
2061.673631061, 1.000072513,
2061.694063266, 0.997625843,
2061.714495470, 1.000213982,
2061.734927673, 0.998005056,
2061.755359876, 1.000243298,
2061.775792079, 0.997826326,
2061.796224281, 1.000073746,
2061.816656483, 0.998377140,
2061.837088685, 0.999910675,
2061.857520885, 0.998498903,
2061.877952986, 0.999787690,
2061.898385286, 0.998333007,
2061.918817485, 0.999960869,
2061.939249684, 0.998124599,
2061.959681883, 1.000533399,
2061.980114081, 0.998227452,
2062.000546379, 0.999238720,
2062.020978476, 0.998066404,
2062.041410673, 0.999405438,
2062.061842969, 0.997613020,
2062.082275065, 1.000269831,
2062.102707260, 0.996747010,
2062.123139556, 1.000025889,
2062.143571750, 0.997365332,
2062.164003844, 0.999752637,
2062.225300424, 0.998466953,
2062.245732716, 1.002367742,
2062.266164908, 0.998989241,
2062.286596999, 1.002115965,
2062.307029290, 0.998876861,
2062.327461480, 1.001767993,
2062.347893770, 0.998922729,
2062.368325860, 1.001149374,
2062.388758049, 0.998285038,
2062.409190338, 1.000964311,
2062.429622426, 0.998129180,
2062.450054614, 1.000718628,
2062.470486801, 0.997560077,
2062.490918988, 1.000186847,
2062.531783360, 1.000249856,
2062.552215546, 0.997418748,
2062.572647731, 0.999810400,
2062.593079915, 0.997230851,
2062.613512100, 0.999646893,
2062.633944283, 0.997366956,
2062.654376567, 1.000492923,
2062.674808650, 0.997452522,
2062.695240932, 1.000102996,
2062.715673114, 0.998049633,
2062.736105195, 1.000022581,
2062.756537476, 0.998439719,
2062.776969657, 0.999589550,
2062.797401737, 0.997665864,
2062.817834016, 1.000023233,
2062.838266196, 0.997619987,
2062.858698275, 0.999887681,
2062.879130553, 0.997541681,
2062.899562731, 0.999564556,
2062.919994808, 0.997698329,
2062.940427085, 1.000339008,
2062.960859262, 0.996799700,
2062.981291438, 1.001036127,
2063.001723614, 0.996265645,
2063.022155789, 1.000575324,
2063.042587964, 0.996413498,
2063.063020138, 1.000165167,
2063.083452312, 0.996845381,
2063.103884585, 0.999363735,
2063.124316758, 0.997044919,
2063.144748831, 0.999825834,
2063.165181103, 0.996769990,
2063.185613275, 0.999165842,
2063.206045346, 0.996788241,
2063.246909687, 0.997027434,
2063.267341857, 0.999334586,
2063.287774126, 0.997005308,
2063.308206196, 0.999756963,
2063.328638364, 0.996987330,
2063.349070632, 0.999819110,
2063.369502700, 0.997291607,
2063.389934867, 0.998978335,
2063.410367134, 0.998056488,
2063.430799200, 0.998971229,
2063.451231366, 0.997655676,
2063.471663631, 0.999502238,
2063.492095796, 0.997656933,
2063.512527961, 0.999890577,
2063.532960125, 0.997477255,
2063.553392289, 0.999318824,
2063.573824452, 0.997494424,
2063.594256615, 0.999181456,
2063.614688777, 0.997206007,
2063.635121039, 1.000457542,
2063.696417522, 0.998257136,
2063.716849582, 1.000525781,
2063.737281742, 0.996691458,
2063.757714001, 0.999971655,
2063.778146060, 0.996880121,
2063.798578218, 0.999606848,
2063.819010476, 0.997224453,
2063.839442534, 0.999549532,
2063.859874691, 0.997352593,
2063.880306947, 1.000118745,
2063.900739004, 0.996736142,
2063.921171259, 0.999039278,
2063.941603415, 0.997241720,
2063.962035470, 0.998544867,
2063.982467724, 0.998179727,
2064.002899878, 0.999001905,
2064.023331932, 0.997623740,
2064.043764185, 0.999994340,
2064.064196337, 0.997353599,
2064.084628390, 0.999440177,
2064.105060641, 0.998403042,
2064.554567871, 0.997370289,
2064.575000113, 0.998511222,
2064.595432254, 0.997794675,
2064.615864295, 0.998498408,
2064.636296535, 0.997949354,
2064.656728675, 0.998524172,
2064.738457131, 0.998869762,
2064.758889369, 0.998179144,
2064.779321407, 0.998678795,
2064.799753643, 0.998213194,
2064.820185780, 0.998294860,
2064.840617916, 0.998316459,
2064.861050052, 0.998725076,
2064.922346456, 0.997618561,
2064.942778591, 0.998908197,
2064.963210724, 0.997251040,
2064.983642957, 0.999005823,
2065.004074990, 0.998014158,
2065.024507122, 0.998580672,
2065.044939354, 0.998221890,
2065.065371385, 0.998306001,
2065.085803516, 0.998452510,
2065.106235747, 0.997932106,
2065.126667777, 0.998015646,
2065.147099906, 0.997736718,
2065.167532136, 0.998348218,
2065.187964164, 0.998136971,
2065.208396393, 0.998467527,
2065.228828521, 0.999455494,
2065.249260548, 0.997408473,
2065.269692776, 0.999028315,
2065.290124902, 0.998141788,
2065.310557028, 0.999071779,
2065.330989154, 0.998941326,
2065.351421279, 0.998091437,
2065.371853405, 0.999722669,
2065.392285529, 0.997962482,
2065.412717653, 0.999049099,
2065.433149777, 0.997934478,
2065.453581900, 0.998383885,
2065.474014023, 0.998102013,
2065.494446045, 0.999245908,
2065.514878267, 0.997996927,
2065.535310388, 0.998531945,
2065.555742410, 0.998669328,
2065.576174630, 0.998418117,
2065.596606751, 0.998463477,
2065.657903109, 0.998669659,
2065.678335327, 0.998188279,
2065.698767345, 0.999123061,
2065.719199463, 0.998286477,
2065.739631680, 0.998235334,
2065.760063697, 0.998134448,
2065.780495814, 0.999184785,
2065.800928030, 0.998341903,
2065.821360145, 0.999247948,
2065.841792160, 0.997908742,
2065.862224375, 0.998995386,
2065.882656489, 0.998292334,
2065.903088503, 0.998855037,
2065.923520716, 0.997955187,
2065.943952830, 0.997941926,
2065.964384842, 0.997690302,
2065.984817054, 0.998246955,
2066.005249166, 0.998369890,
2066.025681177, 0.998701065,
2066.046113388, 0.997902369,
2066.066545499, 0.999028293,
2066.086977709, 0.998318608,
2066.148273936, 0.999224123,
2066.168706044, 0.997877776,
2066.189138152, 0.999187218,
2066.209570260, 0.997072140,
2066.230002367, 0.999761426,
2066.250434474, 0.997345992,
2066.270866580, 0.999426413,
2066.291298686, 0.997693829,
2066.311730791, 0.999172918,
2066.332162996, 0.997905594,
2066.393459308, 0.999559531,
2066.413891312, 0.997133118,
2066.434323415, 0.999438928,
2066.454755617, 0.997871436,
2066.475187619, 0.999726479,
2066.495619721, 0.997997814,
2066.516051922, 0.999696047,
2066.536483923, 0.997987183,
2066.556916123, 0.999606125,
2066.577348223, 0.997134349,
2066.597780222, 0.999175750,
2066.618212422, 0.998001536,
2066.638644520, 0.998898998,
2066.659076619, 0.998066040,
2066.679508716, 0.999285506,
2066.699940814, 0.997160207,
2066.720372911, 1.000188799,
2066.740805007, 0.997069439,
2066.761237103, 0.999700508,
2066.781669199, 0.997494916,
2066.802101394, 0.999052205,
2066.822533389, 0.997874684,
2066.863397578, 0.997612559,
2066.883829671, 1.000995103,
2066.904261765, 0.997523191,
2066.924693958, 1.000209319,
2066.965557942, 1.000250355,
2066.985990134, 0.997296978,
2067.006422224, 1.000536455,
2067.026854415, 0.997334806,
2067.047286406, 1.000059757,
2067.067718495, 0.997339625,
2067.088150685, 0.999426925,
2067.108582674, 0.997299808,
2067.129014763, 0.999704578,
2067.149446951, 0.996489484,
2067.169879039, 0.999501239,
2067.190311026, 0.997030427,
2067.210743213, 0.999867503,
2067.231175300, 0.997615472,
2067.251607286, 0.999637034,
2067.272039472, 0.997345972,
2067.292471557, 0.999624201,
2067.312903542, 0.997650886,
2067.353767811, 0.998186075,
2067.374199794, 0.998937640,
2067.394631977, 0.997535227,
2067.415064060, 1.000162383,
2067.435496043, 0.996831975,
2067.455928225, 1.001202254,
2067.476360306, 0.997181354,
2067.496792488, 1.001247712,
2067.517224469, 0.997688278,
2067.537656549, 1.000485062,
2067.558088729, 0.997300725,
2067.578520708, 1.000609710,
2067.598952787, 0.998105340,
2067.619384866, 0.999731973,
2067.639817044, 0.997078585,
2067.660249023, 0.999352531,
2067.680681100, 0.998091746,
2067.701113177, 0.999349833,
2067.721545253, 0.996877925,
2067.741977430, 1.001166006,
2067.762409406, 0.996072869,
2067.782841481, 0.999975067,
2067.864569879, 0.999937381,
2067.885001852, 0.997880284,
2067.905434025, 0.998999870,
2067.925866098, 0.997458295,
2067.946298070, 0.999988808,
2067.966730242, 0.997431246,
2067.987162313, 1.000123217,
2068.007594384, 0.997146846,
2068.028026455, 1.000252673,
2068.048458525, 0.998391195,
2068.130186801, 0.997411652,
2068.150618969, 1.000473667,
2068.171050937, 0.998628875,
2068.191483004, 0.999545594,
2068.211915171, 0.998132180,
2068.232347138, 0.999889442,
2068.252779204, 0.997553868,
2068.273211369, 0.999987135,
2068.293643335, 0.996827980,
2068.314075399, 1.000373559,
2068.334507564, 0.996673444,
2068.354939528, 1.000750952,
2068.375371691, 0.996831549,
2068.395803654, 1.000549955,
2068.416235717, 0.997133122,
2068.436667880, 0.999834636,
2068.457099842, 0.996900169,
2068.477531903, 0.999739866,
2068.497964064, 0.996747764,
2068.518396025, 0.999773985,
2068.538828086, 0.997502741,
2068.559260246, 0.999523280,
2068.579692305, 0.997561778,
2068.600124264, 0.999544879,
2068.620556423, 0.997421157,
2068.640988481, 1.000437190,
2068.661420439, 0.997112562,
2068.681852597, 1.000213254,
2068.702284654, 0.997705890,
2068.722716611, 0.999594407,
2068.743148767, 0.998553641,
2068.763580823, 0.999281093,
2068.784012978, 0.996984694,
2068.845309143, 1.000001645,
2068.865741097, 0.996970454,
2068.886173150, 0.999343168,
2068.906605303, 0.997550561,
2068.927037256, 0.999588041,
2068.947469308, 0.997663488,
2068.967901460, 1.000776117,
2068.988333512, 0.997168996,
2069.008765463, 1.000251562,
2069.029197613, 0.997881118,
2069.049629664, 0.999927690,
2069.070061614, 0.997541726,
2069.090493763, 0.999797623,
2069.110925712, 0.997643821,
2069.131357761, 0.999720135,
2069.151789909, 0.997601909,
2069.172221957, 0.999897667,
2069.192653905, 0.997650255,
2069.233517998, 0.997837268,
2069.253950145, 0.999232414,
2069.274382191, 0.999010930,
2069.315246281, 0.997873772,
2069.335678326, 0.999054341,
2069.356110270, 0.997387723,
2069.376542414, 0.999163693,
2069.396974458, 0.998219673,
2069.417406501, 0.998934420,
2069.437838544, 0.998266828,
2069.458270586, 0.998510856,
2069.478702628, 0.998564047,
2069.499134670, 0.999379617,
2069.519566711, 0.998120228,
2069.580862832, 0.999534428,
2069.621727010, 0.999315316,
2069.642158949, 0.998444768,
2069.662591088, 0.999199183,
2069.683023126, 0.998442246,
2069.703455063, 0.999504323,
2069.723887200, 0.998671159,
2069.744319237, 0.999651053,
2069.764751173, 0.998939877,
2069.785183310, 0.999621055,
2069.805615345, 0.998698544,
2069.826047280, 0.999107646,
2069.846479415, 0.998485132,
2069.866911350, 1.000185884,
2069.887343484, 0.997946834,
2069.907775517, 0.998930740,
2069.928207550, 0.998100702,
2069.948639483, 0.999640442,
2069.969071616, 1.000364008,
2069.989503648, 1.000454224,
2070.009935579, 1.001739073,
2070.091663802, 0.998999703,
2070.112095832, 0.998493658,
2070.132527961, 0.999077521,
2070.152959890, 0.998654100,
2070.173391918, 0.998381801,
2070.193824047, 0.999793533,
2070.214255974, 0.998609721,
2070.234688002, 0.999302574,
2070.255120129, 0.999124012,
2070.275552055, 0.998868739,
2070.295984081, 0.999883267,
2070.316416207, 0.998978698,
2070.336848133, 0.999781072,
2070.357280158, 0.999744881,
2070.377712282, 0.999730587,
2070.398144307, 0.998585389,
2070.439008354, 0.999075864,
2070.459440377, 0.998691832,
2070.479872300, 0.998160741,
2070.500304422, 0.998142718,
2070.541168565, 0.998807981,
2070.561600486, 0.998624776,
2070.582032407, 0.998759904,
2070.602464528, 0.998275133,
2070.622896548, 0.999387078,
2070.643328467, 0.998467654,
2070.663760586, 0.999473866,
2070.684192605, 0.998153349,
2070.704624523, 0.999111022,
2070.725056642, 0.998946359,
2070.745488659, 0.998838600,
2070.765920676, 0.998310236,
2070.786352693, 0.999287806,
2070.806784710, 0.997097671,
2070.847648741, 0.997457129,
2070.868080757, 0.999972865,
2070.888512771, 0.998431316,
2070.908944886, 1.000318436,
2070.929376800, 0.997566253,
2070.949808914, 0.998217572,
2070.970240927, 0.997762422,
2070.990672840, 1.000804754,
2071.031536965, 0.999596974,
2071.072400989, 0.999242586,
2071.113264911, 0.998885255,
2071.133697021, 0.998552498,
2071.154129031, 0.999556227,
2071.174560940, 0.998747618,
2071.194993049, 1.000375146,
2071.215425058, 0.998135739,
2071.297153089, 0.997748390,
2071.317585096, 0.999773886,
2071.338017103, 0.997569867,
2071.358449109, 1.000032671,
2071.378881115, 0.998101534,
2071.399313120, 0.999538278,
2071.419745225, 0.998966080,
2071.440177129, 0.999434930,
2071.460609133, 0.998408523,
2071.481041237, 1.000162343,
2071.501473141, 0.998466072,
2071.521905143, 1.000052619,
2071.542337246, 0.998347787,
2071.562769149, 1.000198591,
2071.583201150, 0.998235772,
2071.603633252, 1.000892290,
2071.624065153, 0.997676383,
2071.644497154, 1.000359857,
2071.685361155, 1.000479747,
2071.705793154, 0.996802887,
2071.726225253, 1.000368176,
2071.746657252, 0.997595844,
2071.767089251, 1.000608563,
2071.787521249, 0.998367882,
2071.807953247, 1.000363063,
2071.828385244, 0.997983026,
2071.848817241, 0.999356695,
2071.869249237, 0.998880388,
2071.889681333, 0.999779522,
2071.910113229, 0.998183400,
2071.930545225, 0.999478967,
2071.950977320, 0.998099898,
2071.971409215, 0.999545173,
2072.073569183, 0.998130591,
2072.094001175, 1.000285312,
2072.114433167, 0.997920132,
2072.134865159, 1.000625824,
2072.155297150, 0.997918867,
2072.175729141, 0.999916421,
2072.196161132, 0.997012128,
2072.216593122, 1.000461633,
2072.237025212, 0.996763435,
2072.257457201, 0.999760630,
2072.277889090, 0.997225421,
2072.318753167, 0.997264225,
2072.339185055, 1.000643095,
2072.359617143, 0.997474941,
2072.380049130, 1.000742062,
2072.400481017, 0.996797049,
2072.420913103, 1.000369116,
2072.441345090, 0.997753928,
2072.461776975, 1.000032342,
2072.502641045, 1.000431947,
2072.523072930, 0.998383562,
2072.543505014, 1.000521642,
2072.584368982, 1.000447276,
2072.604800965, 0.997599725,
2072.625232947, 1.000205819,
2072.645665030, 0.997404978,
2072.666096912, 0.999626654,
2072.686528893, 0.997670826,
2072.706960975, 1.000207789,
2072.747824836, 1.000304050,
2072.768256916, 0.997430823,
2072.788688896, 0.999872394,
2072.809120775, 0.997642920,
2072.829552854, 0.999872898,
2072.849984733, 0.997050294,
2072.870416711, 1.001212078,
2072.890848789, 0.997043078,
2072.911280667, 1.001449868,
2072.931712644, 0.997538223,
2072.952144721, 1.000785007,
2072.972576597, 0.997408268,
2072.993008573, 1.000310443,
2073.013440649, 0.998421059,
2073.033872524, 1.000840960,
2073.054304599, 0.996939265,
2073.074736574, 1.001035994,
2073.095168548, 0.997441556,
2073.115600522, 1.000393973,
2073.136032495, 0.997860451,
2073.156464468, 1.000394675,
2073.176896441, 0.997889238,
2073.197328414, 0.999730854,
2073.258624329, 0.997581170,
2073.279056300, 1.000623648,
2073.299488370, 0.997376158,
2073.319920241, 0.999744726,
2073.340352210, 0.997546811,
2073.360784280, 0.999186683,
2073.381216149, 0.997760954,
2073.401648118, 0.999228011,
2073.422080086, 0.998293955,
2073.442512054, 1.000286965,
2073.462944122, 0.997594955,
2073.483375989, 0.999950816,
2073.503807955, 0.998167892,
2073.524240022, 0.999026277,
2073.544671888, 0.998020609,
2073.565103854, 0.999679212,
2073.585535919, 0.997596973,
2073.605967884, 1.000339773,
2073.626399750, 0.997560669,
2073.646831814, 1.000458692,
2073.667263778, 0.998190153,
2073.687695641, 1.000295888,
2073.748991530, 0.998677150,
2073.769423592, 1.000471347,
2073.789855554, 0.997891749,
2073.810287416, 1.000191813,
2073.830719477, 0.997861420,
2073.871583498, 0.998410860,
2073.892015358, 0.999648275,
2073.912447318, 0.997600329,
2073.932879377, 0.999821798,
2073.994175253, 0.998154708,
2074.014607110, 1.000160191,
2074.035039068, 0.998182864,
2074.055471125, 0.999162211,
2074.075903082, 0.998607372,
2074.096334938, 0.999514915,
2074.116766994, 0.998368615,
2074.137198850, 1.000212670,
2074.157630805, 0.998590802,
2074.178062860, 0.999950896,
2074.239358723, 0.998890553,
2074.259790577, 1.000019548,
2074.280222530, 0.998878547,
2074.300654582, 1.000451127,
2074.321086435, 0.998436402,
2074.341518487, 0.999508347,
2074.361950439, 0.997765092,
2074.382382291, 1.000495820,
2074.402814341, 0.998464278,
2074.423246292, 0.999797501,
2074.443678242, 0.998415385,
2074.464110193, 0.999598774,
2074.484542142, 0.997540360,
2074.504974091, 0.999759118,
2074.525406040, 0.998820630,
2074.545837989, 0.999127098,
2074.566269937, 0.998079112,
2074.586701985, 0.999338383,
2074.607133832, 0.999075798,
2074.627565779, 0.999348062,
2074.647997826, 0.998783853,
2074.668429672, 0.999219137,
2074.709293664, 1.000132366,
2074.729725510, 0.999151219,
2074.750157555, 0.999112626,
2074.770589499, 0.998736995,
2074.791021343, 0.999028284,
2074.811453388, 0.999093146,
2074.831885331, 0.999261015,
2074.852317174, 0.999340629,
2074.872749217, 0.998666560,
2074.893181060, 0.999534983,
2074.913613002, 0.998628541,
2074.954476885, 0.999186494,
2074.974908826, 0.999205456,
2074.995340867, 0.999669586,
2075.015772808, 0.999194163,
2075.036204648, 0.998891336,
2075.056636688, 0.998754987,
2075.077068627, 0.999363147,
2075.097500466, 0.998987396,
2075.117932505, 0.999399930,
2075.138364443, 0.999516049,
2075.158796481, 0.998977627,
2075.179228318, 0.998830191,
2075.199660255, 0.999975961,
2075.220092292, 0.998498807,
2075.240524129, 1.000053871,
2075.260956065, 0.999280074,
2075.281388101, 0.999133411,
2075.301819937, 0.998732159,
2075.322251872, 0.999132207,
2075.342683906, 0.999046830,
2075.363115741, 0.999314346,
2075.383547675, 0.999895149,
2075.465275508, 0.999888150,
2075.485707441, 0.998730681,
2075.506139273, 0.999222629,
2075.526571304, 0.998664640,
2075.547003236, 0.999352349,
2075.567435166, 0.998996307,
2075.587867097, 0.999711471,
2075.608299027, 0.998006427,
2075.628730957, 0.999793342,
2075.649162887, 0.998785852,
2075.710458674, 0.999377437,
2075.730890502, 0.998970197,
2075.751322530, 0.999812547,
2075.771754457, 0.999376246,
2075.792186284, 1.000094033,
2075.812618311, 0.998781861,
2075.833050238, 1.000333375,
2075.853482164, 0.999581358,
2075.873914089, 0.999795819,
2075.894346015, 0.999234853,
2075.955641790, 1.000511818,
2075.976073814, 0.998609254,
2075.996505737, 0.999888932,
2076.016937561, 0.998695745,
2076.037369584, 0.999469108,
2076.057801506, 0.999257756,
2076.078233329, 0.999543726,
2076.098665351, 0.997855793,
2076.119097272, 1.000192779,
2076.139529094, 0.997318734,
2076.159961115, 1.000513660,
2076.180393035, 0.997406702,
2076.200824856, 1.000473615,
2076.221256876, 0.998056249,
2076.241688795, 0.999985190,
2076.262120715, 0.997796833,
2076.282552634, 1.000900395,
2076.302984552, 0.997936488,
2076.323416470, 1.000262048,
2076.343848388, 0.998614680,
2076.364280306, 0.999384143,
2076.384712223, 0.998733768,
2076.425576057, 0.998097679,
2076.446007973, 1.000812873,
2076.466439889, 0.998535467,
2076.486871804, 1.000187395,
2076.507303820, 0.998909161,
2076.527735634, 0.999984201,
2076.548167549, 0.998922020,
2076.568599563, 1.000602662,
2076.589031377, 0.998972460,
2076.609463291, 0.999883163,
2076.629895304, 0.998434472,
2076.670759029, 0.998441809,
2076.691191041, 1.000712210,
2076.711622853, 0.997749027,
2076.732054765, 1.000491877,
2076.752486776, 0.997955873,
2076.772918587, 0.999631728,
2076.793350597, 0.998556591,
2076.813782507, 1.000033775,
2076.834214417, 0.997458384,
2076.854646327, 1.000365567,
2076.875078236, 0.998066220,
2076.915942153, 0.998600133,
2076.936373961, 1.000595959,
2076.956805869, 0.997743382,
2076.977237876, 1.001675347,
2076.997669683, 0.996781037,
2077.018101590, 1.001787658,
2077.038533497, 0.997312943,
2077.058965403, 1.000723101,
2077.079397309, 0.998743204,
2077.099829214, 1.000716570,
2077.120261119, 0.998783966,
2077.140692924, 0.999215646,
2077.161124928, 0.998214929,
2077.181556833, 1.000304915,
2077.201988836, 0.998016460,
2077.222420640, 1.000063415,
2077.242852543, 0.998374417,
2077.263284546, 1.000623347,
2077.283716348, 0.998177539,
2077.304148250, 1.000290338,
2077.345012154, 1.000668251,
2077.365443955, 0.997873781,
2077.426739656, 0.999998392,
2077.447171656, 0.998360414,
2077.467603555, 1.000994033,
2077.488035355, 0.997807837,
2077.508467354, 1.001342232,
2077.549331050, 1.000899612,
2077.569763048, 0.997988165,
2077.590194946, 1.000480071,
2077.671922632, 1.000773815,
2077.692354428, 0.998129710,
2077.712786324, 1.000054175,
2077.733218319, 0.997918591,
2077.753650114, 1.000490633,
2077.774082008, 0.997840287,
2077.794513902, 1.000170874,
2077.814945896, 0.998348362,
2077.835377690, 1.000607892,
2077.855809683, 0.998192306,
2077.937537153, 0.998569075,
2077.957969144, 0.999899607,
2077.978401036, 0.999718621,
2077.998832827, 0.999774101,
2078.019264817, 0.999359922,
2078.039696707, 1.001107870,
2078.060128498, 0.998368469,
2078.080560487, 1.000585887,
2078.100992377, 0.998379979,
2078.162288042, 1.000292343,
2078.182719930, 0.997664724,
2078.203151818, 1.000941403,
2078.223583705, 0.997483076,
2078.244015593, 1.000579236,
2078.284879366, 1.001233876,
2078.325743238, 1.001214888,
2078.407470677, 1.001588386,
2078.427902661, 0.997860093,
2078.448334545, 1.000051641,
2078.489198312, 1.001867616,
2078.550493960, 0.998972859,
2078.673085246, 0.999068353,
2078.734380885, 0.999986791,
2078.754812764, 0.999005864,
2078.775244643, 1.000310982,
2078.816108400, 1.000906148,
2078.836540377, 0.998719277,
2078.938699661, 1.000053837,
2078.979563413, 1.000177906,
2078.999995288, 0.997514731,
2079.040859037, 0.998836047,
2079.061290912, 1.000082202,
2079.163450378, 0.998183673,
2079.183882250, 1.001374555,
2079.204314122, 0.998910871,
2079.224745994, 0.999172796,
2079.245177865, 0.999045551,
2079.265609737, 1.000584667,
2079.286041507, 0.999932717,
2079.326905348, 0.999312697,
2079.347337118, 1.000368338,
2079.367769088, 1.000424849,
2079.388200957, 0.999455796,
2079.408632726, 0.999533603,
2079.449496562, 0.998536707,
2079.490360298, 0.998634411,
2079.510792165, 1.000095784,
2079.551655899, 0.998576194,
2079.572087765, 0.999172439,
2079.592519731, 0.999063427,
2079.612951497, 0.998477155,
2079.653815328, 0.999283083,
2079.674247193, 0.998992218,
2079.694678957, 0.999765215,
2079.735542785, 0.999375508,
2079.755974549, 1.000619499,
2079.776406512, 1.000354536,
2079.796838375, 0.999338864,
2079.817270138, 0.997242398,
2079.898997685, 0.998888556,
2079.919429547, 1.000540275,
2079.939861307, 0.999930123,
2079.960293268, 1.000040547,
2079.980725128, 0.999171363,
2080.001156988, 0.999980324,
2080.021588848, 0.998729536,
2080.042020707, 0.999081674,
2080.062452566, 0.999284401,
2080.123748141, 0.998868712,
2080.144179999, 1.000131254,
2080.164611856, 0.999773155,
2080.185043813, 1.000351210,
2080.205475570, 0.999851893,
2080.225907427, 0.999858786,
2080.266771139, 0.999900476,
2080.287202994, 0.999989807,
2080.307634950, 0.999878414,
2080.368930514, 0.999075976,
2080.389362268, 0.999976527,
2080.409794221, 0.999374621,
2080.430226075, 1.000205741,
2080.450657828, 0.999196955,
2080.471089781, 0.999660809,
2080.491521633, 1.000202432,
2080.511953486, 0.999551921,
2080.532385338, 0.999813834,
2080.552817189, 0.999538149,
2080.573249041, 0.999765921,
2080.593680892, 0.999741456,
2080.614112742, 0.999325569,
2080.634544593, 1.000062203,
2080.654976543, 0.999509167,
2080.675408293, 0.999879377,
2080.695840142, 0.999228396,
2080.716271991, 1.000628200,
2080.736703840, 0.998865276,
2080.757135589, 1.000621458,
2080.777567537, 0.999181881,
2080.859294928, 0.999593523,
2080.879726874, 1.000409410,
2080.900158621, 0.998516656,
2080.920590467, 1.001163946,
2080.941022413, 0.998857919,
2080.961454159, 1.000529254,
2080.981886004, 0.999565435,
2081.002317949, 1.000199488,
2081.022749794, 0.999009735,
2081.043181538, 1.000289706,
2081.063613482, 0.999502219,
2081.084045326, 0.999536785,
2081.104477070, 0.999845313,
2081.124909013, 1.000283617,
2081.145340856, 0.998970758,
2081.165772598, 1.000195303,
2081.186204541, 0.998629778,
2081.206636383, 1.000683176,
2081.227068324, 0.998588002,
2081.247500066, 1.000232953,
2081.267931907, 0.997921043,
2081.349659369, 0.999991455,
2081.370091108, 0.999740397,
2081.390522948, 0.999440433,
2081.410954787, 1.000598091,
2081.431386626, 0.998890194,
2081.451818464, 1.001512260,
2081.472250302, 0.999153598,
2081.492682140, 1.001989614,
2081.513113978, 0.999184613,
2081.533545815, 1.001438696,
2081.553977652, 0.998650129,
2081.574409489, 1.001790613,
2081.594841425, 0.998163944,
2081.615273161, 1.001660741,
2081.635705097, 0.998565142,
2081.656136933, 1.001009312,
2081.676568668, 0.998666434,
2081.697000603, 1.000040215,
2081.717432438, 0.999233923,
2081.737864172, 0.999696840,
2081.758296106, 0.999595159,
2081.840023439, 0.998521264,
2081.860455272, 1.000370330,
2081.880887104, 0.999094566,
2081.901318936, 1.000136354,
2081.921750768, 0.998971647,
2081.942182600, 1.000337633,
2081.962614431, 0.998381607,
2081.983046262, 1.001051763,
2082.003478092, 0.998220156,
2082.023909923, 1.000791571,
2082.044341853, 0.998854848,
2082.064773682, 1.001066022,
2082.085205412, 0.999083226,
2082.105637341, 1.001648049,
2082.126069070, 0.998677307,
2082.146500898, 1.001773313,
2082.166932827, 0.998806040,
2082.187364555, 1.001160744,
2082.207796382, 0.999592875,
2082.228228310, 1.000392317,
2082.248660037, 0.998731384,
2082.269091864, 1.000955764,
2082.330387342, 0.998229216,
2082.350819268, 1.001949905,
2082.371250994, 0.999113706,
2082.391682819, 1.000720633,
2082.412114744, 0.998896941,
2082.432546568, 1.001070353,
2082.452978392, 0.998738028,
2082.473410216, 1.000784163,
2082.493842040, 0.998198996,
2082.514273963, 1.000890264,
2082.534705686, 0.998400055,
2082.555137509, 1.000679457,
2082.575569432, 0.998634183,
2082.596001154, 1.000768127,
2082.616432976, 0.999042970,
2082.636864898, 1.000242113,
2082.657296619, 0.999241782,
2082.677728440, 1.000997366,
2082.698160361, 0.998662820,
2082.718592082, 1.000904864,
2082.739023902, 0.998490733,
2082.759455822, 1.000869390,
2082.820751280, 0.998479792,
2082.841182999, 1.002540294,
2082.861614918, 0.997927046,
2082.882046736, 1.001547186,
2082.902478454, 0.999159893,
2082.922910372, 1.000723854,
2082.943342189, 0.998844326,
2082.963773906, 1.001007041,
2082.984205823, 0.998270010,
2083.004637640, 1.001183625,
2083.025069356, 0.998446682,
2083.045501273, 1.001685747,
2083.065933088, 0.998650988,
2083.086364804, 1.000955588,
2083.106796719, 0.998173432,
2083.127228534, 1.001712846,
2083.147660249, 0.998016395,
2083.168092163, 1.001812137,
2083.188523977, 0.998271530,
2083.208955891, 1.000582251,
2083.229387604, 1.000041513,
2083.311114856, 0.998923280,
2083.331546768, 1.000540999,
2083.351978580, 0.998730807,
2083.372410291, 1.001303514,
2083.392842203, 0.998596740,
2083.413274014, 1.000703822,
2083.433705724, 0.998675796,
2083.454137635, 1.000002648,
2083.474569445, 0.999188696,
2083.495001155, 1.000298864,
2083.515433065, 0.999396866,
2083.535864874, 1.001550289,
2083.556296783, 0.999139426,
2083.576728492, 1.001178137,
2083.597160301, 0.999519439,
2083.617592109, 1.001307507,
2083.638023917, 0.999151358,
2083.658455625, 1.001420879,
2083.678887532, 0.998653212,
2083.699319339, 1.002905113,
2083.719751046, 0.999768481,
2083.740182953, 1.002433538,
2083.801478371, 0.999206192,
2083.821910177, 1.000694309,
2083.842341982, 0.998948438,
2083.862773787, 1.000469604,
2083.883205592, 0.998773901,
2083.903637396, 1.001289972,
2083.924069300, 0.998069181,
2083.944501004, 1.000705433,
2083.964932908, 0.998806851,
2083.985364711, 0.999696779,
2084.005796414, 0.999225719,
2084.026228317, 1.000197976,
2084.046660120, 0.999549431,
2084.067091822, 1.000304729,
2084.087523724, 0.999777407,
2084.107955526, 1.000172482,
2084.128387227, 0.999330041,
2084.148819129, 0.999357979,
2084.169250930, 1.000049963,
2084.189682730, 1.000609818,
2084.210114530, 0.999150413,
2084.291841729, 1.000194368,
2084.312273528, 1.001109622,
2084.332705327, 0.999686693,
2084.353137126, 1.000732514,
2084.373568924, 0.999759186,
2084.394000722, 1.001136792,
2084.414432520, 0.999140059,
2084.434864417, 1.001069573,
2084.455296114, 0.999191786,
2084.475727911, 1.000439575,
2084.496159808, 0.999084781,
2084.516591504, 0.999823726,
2084.537023300, 0.999595845,
2084.557455196, 1.000210820,
2084.577886892, 0.999437205,
2084.598318687, 1.000142709,
2084.618750582, 0.999672393,
2084.639182277, 0.999235647,
2084.659614071, 0.999765001,
2084.680045966, 1.000241471,
2084.700477660, 1.000238653,
2084.720909553, 1.000576063,
2084.782204933, 0.999657355,
2084.802636726, 1.000260262,
2084.823068518, 1.000365261,
2084.843500310, 1.000004780,
2084.863932102, 1.001048838,
2084.884363894, 1.000075716,
2084.904795785, 1.000263653,
2084.925227476, 1.001169991,
2084.945659267, 1.000237504,
2084.966091157, 1.000780507,
2085.006954638, 1.000368220,
2085.027386528, 0.999759150,
2085.047818217, 1.000799337,
2085.068250006, 0.999559153,
2085.088681895, 1.000926984,
2085.109113584, 0.999428240,
2085.129545473, 1.000702324,
2085.149977161, 1.000060220,
2085.170408949, 1.000202053,
2085.190840836, 0.999822367,
2085.211272524, 1.000230994,
2085.231704311, 1.000037591,
2085.252136198, 0.999880793,
2085.272567984, 1.000499929,
2085.292999671, 1.000033457,
2085.313431557, 1.000057699,
2085.333863343, 0.999922017,
2085.354295028, 1.000276541,
2085.374726914, 0.999825332,
2085.395158699, 1.001011759,
2085.415590384, 1.000024194,
2085.436022268, 1.000420574,
2085.517749404, 1.000772390,
2085.538181287, 1.000539158,
2085.558612970, 1.000891498,
2085.579044753, 0.999989807,
2085.599476636, 1.000866505,
2085.619908318, 1.000304529,
2085.640340100, 1.000786274,
2085.660771982, 0.999803989,
2085.681203663, 1.001369874,
2085.701635445, 0.999830611,
2085.762930787, 1.000172945,
2085.783362667, 0.999961006,
2085.803794447, 1.000358946,
2085.824226227, 0.999358919,
2085.844658006, 1.000667379,
2085.865089686, 0.999531813,
2085.885521564, 1.000971110,
2085.905953343, 0.999313759,
2085.926385022, 1.000326440,
2085.946816900, 0.999257306,
2085.967248678, 1.000839535,
2085.987680356, 0.999591903,
2086.008112233, 1.001494849,
2086.028544010, 0.999808585,
2086.048975687, 1.000833670,
2086.069407564, 0.999787484,
2086.089839340, 1.001291327,
2086.110271116, 0.999567292,
2086.130702892, 1.000814046,
2086.151134668, 0.999313323,
2086.171566443, 1.001376561,
2086.191998219, 0.999443557,
2086.253293642, 1.001637307,
2086.273725317, 0.999187826,
2086.294157191, 1.001091074,
2086.314588964, 1.000099527,
2086.335020638, 1.000737829,
2086.355452511, 1.000068784,
2086.375884284, 1.000686472,
2086.396315957, 0.999803224,
2086.416747829, 1.001321119,
2086.437179601, 0.999516474,
2086.457611273, 1.000832728,
2086.478043145, 0.999926941,
2086.498474916, 1.001684265,
2086.518906587, 0.999083487,
2086.539338458, 1.002023524,
2086.559770129, 0.999284279,
2086.580202000, 1.001708973,
2086.600633770, 0.999111406,
2086.621065540, 1.001861048,
2086.661929079, 1.000595744,
2086.743656154, 1.001330187,
2086.764087923, 0.998716733,
2086.784519690, 1.001346596,
2086.804951458, 0.999017737,
2086.825383326, 1.001147701,
2086.845814993, 0.999232853,
2086.866246760, 1.001798841,
2086.886678627, 0.998350375,
2086.907110293, 1.002543463,
2086.927542160, 0.997959786,
2086.947973926, 1.002251486,
2086.968405592, 0.999251361,
2086.988837457, 1.001347505,
2087.009269222, 0.999499539,
2087.029700888, 1.001878353,
2087.050132752, 0.999125900,
2087.070564517, 1.002550759,
2087.090996281, 0.998934795,
2087.111428045, 1.002093675,
2087.131859809, 1.000070282,
2087.152291573, 1.002060452,
2087.172723336, 0.999419015,
2087.234018625, 1.001594623,
2087.254450387, 0.999409674,
2087.274882249, 1.001840013,
2087.295313911, 0.999436522,
2087.315745673, 1.001862057,
2087.336177535, 0.999713270,
2087.356609196, 1.001584332,
2087.377040957, 0.999278268,
2087.397472817, 1.001575552,
2087.417904478, 1.000097465,
2087.438336238, 1.001724992,
2087.458768098, 0.998427001,
2087.479199758, 1.001496261,
2087.499631518, 0.999259631,
2087.520063377, 1.001442007,
2087.540495036, 1.000125849,
2087.560926795, 1.001571432,
2087.581358653, 1.000152421,
2087.601790312, 1.002422061,
2087.622222170, 0.999127761,
2087.642653928, 1.002926085,
2087.663085685, 1.000366893,
2087.724380957, 1.001211699,
2087.744812814, 0.999302898,
2087.765244470, 1.002408310,
2087.785676226, 0.999486157,
2087.806108082, 1.002146821,
2087.826539738, 0.999310101,
2087.846971494, 1.002003362,
2087.867403349, 0.999374085,
2087.887835004, 1.001862702,
2087.908266759, 0.999364871,
2087.928698613, 1.001220743,
2087.949130268, 0.998855643,
2087.969562022, 1.001594140,
2087.989993776, 0.999365952,
2088.010425529, 1.001000295,
2088.030857383, 0.998797330,
2088.051289036, 1.001602448,
2088.071720789, 0.999924975,
2088.092152642, 1.001043612,
2088.133016047, 1.002295842,
2088.214743153, 1.001986002,
2088.235174905, 0.999846864,
2088.255606555, 1.001965133,
2088.276038406, 0.999553193,
2088.296470156, 1.002457492,
2088.316901807, 0.999527496,
2088.337333656, 1.003324260,
2088.357765406, 0.999317009,
2088.378197256, 1.002721897,
2088.398628905, 0.999498712,
2088.419060654, 1.002292161,
2088.439492503, 0.999285042,
2088.459924152, 1.001560034,
2088.480355900, 0.999465570,
2088.500787748, 1.001983802,
2088.521219396, 0.999026740,
2088.541651144, 1.002022666,
2088.562082991, 0.999321524,
2088.582514738, 1.000644274,
2088.602946385, 0.999354341,
2088.623378232, 1.000896611,
2088.643809979, 0.999529866,
2088.684673471, 0.999675872,
2088.705105217, 1.001334046,
2088.725536963, 1.000458351,
2088.745968708, 1.001238089,
2088.766400353, 1.001109315,
2088.786832198, 1.001228316,
2088.807263943, 1.001012550,
2088.827695587, 1.001029434,
2088.848127431, 0.999732888,
2088.868559175, 1.002147535,
2088.909422663, 1.001856905,
2088.929854406, 0.999725248,
2088.950286150, 1.001774767,
2088.970717892, 1.000214620,
2088.991149635, 1.002421749,
2089.011581378, 0.999363516,
2089.032013120, 1.001838589,
2089.052444862, 0.999234109,
2089.072876704, 1.001066588,
2089.113740087, 1.001400691,
2089.195467150, 1.001795252,
2089.215898890, 1.000105259,
2089.236330530, 1.001386770,
2089.256762370, 1.000019295,
2089.277194110, 1.001472580,
2089.297625749, 1.000500305,
2089.318057588, 1.001219753,
2089.338489327, 1.000678204,
2089.358920966, 1.001098283,
2089.379352804, 1.000594221,
2089.399784443, 1.001571011,
2089.420216281, 0.999872026,
2089.440648018, 1.001677659,
2089.461079656, 1.001094595,
2089.481511494, 1.001608412,
2089.501943231, 1.001044421,
2089.522374968, 1.001976195,
2089.542806705, 1.000427011,
2089.563238441, 1.002305079,
2089.583670177, 1.000712569,
2089.604101913, 1.001375311,
2089.624533649, 1.000899012,
2089.706260591, 1.000421520,
2089.726692425, 1.001573023,
2089.747124060, 0.999870340,
2089.767555894, 1.001316349,
2089.787987629, 1.000555598,
2089.808419262, 1.001092832,
2089.828851096, 1.000752085,
2089.849282830, 1.000940086,
2089.869714463, 1.001006180,
2089.890146296, 1.000332931,
2089.910578029, 1.000593705,
2089.931009761, 1.000664511,
2089.951441494, 1.001361809,
2089.971873226, 1.000781661,
2089.992304958, 1.001377518,
2090.012736690, 1.001205661,
2090.033168421, 1.001566646,
2090.053600153, 1.001495838,
2090.074031884, 1.000878151,
2090.094463615, 1.000821921,
2090.114895446, 1.000416497,
2090.135327076, 0.999690354,
2090.155758806, 1.001778022,
2090.176190637, 0.999623828,
2090.196622266, 1.001563055,
2090.217053996, 1.000098092,
2090.237485826, 1.000997297,
2090.257917455, 1.000513942,
2090.278349184, 1.001250430,
2090.298781013, 1.000344187,
2090.319212641, 1.001415967,
2090.339644370, 1.000867262,
2090.421371381, 1.000887248,
2090.441803009, 1.001342731,
2090.462234836, 1.000768349,
2090.482666563, 1.001634700,
2090.503098289, 1.000906431,
2090.523530016, 1.001457481,
2090.543961742, 1.000598429,
2090.564393468, 1.001073295,
2090.584825194, 1.000082300,
2090.605256920, 1.001242931,
2090.625688645, 1.000444595,
2090.646120471, 1.001170354,
2090.666552096, 1.000935622,
2090.686983821, 1.001657846,
2090.707415645, 1.000136177,
2090.727847270, 1.001764985,
2090.748278994, 1.000062946,
2090.768710818, 1.001105470,
2090.789142442, 0.999829362,
2090.809574265, 1.001389341,
2090.830005989, 0.999565780,
2090.850437612, 1.001569920,
2090.870869435, 0.999700838,
2090.891301058, 1.001718614,
2090.911732780, 1.000610142,
2090.932164603, 1.001397585,
2090.952596225, 1.000142320,
2090.973027947, 1.001533954,
2090.993459769, 1.000596694,
2091.013891490, 1.002229102,
2091.034323112, 0.999777438,
2091.054754933, 1.002016175,
2091.075186654, 1.000358899,
2091.156913636, 1.000593122,
2091.177345256, 1.002864782,
2091.197776975, 0.999816275,
2091.218208795, 1.002318975,
2091.238640414, 1.000457907,
2091.259072134, 1.001771171,
2091.279503952, 1.000246262,
2091.299935571, 1.000928120,
2091.320367290, 0.999303870,
2091.340799108, 1.000915725,
2091.361230726, 0.999570477,
2091.381662444, 1.002176425,
2091.402094262, 0.999189910,
2091.422525880, 1.001840307,
2091.442957697, 0.999539004,
2091.463389414, 1.002132021,
2091.483821131, 0.999112874,
2091.504252848, 1.003197627,
2091.524684564, 0.998944329,
2091.545116281, 1.003015870,
2091.565547997, 0.999009361,
2091.585979713, 1.002699912,
2091.647274860, 1.000152825,
2091.667706475, 1.002239977,
2091.688138290, 0.999465585,
2091.708570004, 1.003274124,
2091.729001619, 0.999797781,
2091.749433433, 1.003155516,
2091.769865147, 0.999872567,
2091.790296962, 1.002554237,
2091.810728575, 0.999398826,
2091.892455429, 1.000575712,
2091.912887242, 1.001690548,
2091.933318854, 1.000290487,
2091.953750566, 1.001307683,
2091.974182379, 1.000002506,
2091.994614091, 1.001844547,
2092.015045703, 0.999585520,
2092.035477514, 1.002862237,
2092.055909226, 0.998920524,
2092.076340837, 1.002978319,
2092.096772648, 0.999005264,
2092.117204359, 1.002570270,
2092.137636170, 0.999697659,
2092.158067780, 1.001901185,
2092.178499490, 1.000326710,
2092.198931301, 1.001968817,
2092.219362911, 0.999529624,
2092.239794620, 1.003178666,
2092.260226330, 0.998990856,
2092.280658039, 1.002794907,
2092.301089648, 0.999608540,
2092.321521457, 1.003163227,
2092.341953166, 0.999973610,
2092.362384875, 1.003476437,
2092.382816583, 0.998725589,
2092.403248291, 1.001934260,
2092.423680099, 0.999722170,
2092.444111707, 1.001694791,
2092.464543415, 0.999809470,
2092.484975222, 1.001592723,
2092.505406930, 0.999747831,
2092.525838537, 1.002178016,
2092.546270344, 1.000183546,
2092.566702051, 1.002460599,
2092.627997170, 0.999869281,
2092.648428776, 1.001553131,
2092.668860582, 1.000087947,
2092.689292287, 1.001339184,
2092.709723892, 1.000635415,
2092.730155698, 1.001630706,
2092.750587403, 0.999884567,
2092.771019208, 1.001617114,
2092.791450812, 0.999811133,
2092.811882517, 1.001783705,
2092.832314321, 0.999554196,
2092.852745925, 1.002528898,
2092.873177629, 0.999316412,
2092.893609433, 1.002835549,
2092.914041036, 0.999304056,
2092.934472740, 1.002239462,
2092.954904543, 0.999065551,
2092.975336246, 1.002269734,
2092.995767849, 0.999850335,
2093.016199651, 1.001567302,
2093.036631254, 0.999407285,
2093.057062956, 1.001954674,
2093.077494758, 0.999191007,
2093.097926360, 1.002977941,
2093.118358162, 0.999029902,
2093.138789863, 1.002328006,
2093.159221465, 0.999448986,
2093.179653266, 1.002758706,
2093.200084967, 1.000182821,
2093.220516568, 1.001582116,
2093.240948368, 1.000317590,
2093.261380069, 1.001885864,
2093.281811669, 1.001054890,
2093.302243469, 1.002298568,
2093.322675169, 1.001070075,
2093.343106869, 1.002388722,
2093.363538568, 1.000206541,
2093.383970268, 1.002233286,
2093.404402067, 1.000949022,
2093.424833666, 1.001925595,
2093.445265365, 0.999621011,
2093.465697163, 1.002857845,
2093.486128862, 0.999046886,
2093.506560460, 1.002581437,
2093.526992258, 1.000232912,
2093.608719049, 1.000508261,
2093.629150646, 1.002053215,
2093.649582443, 0.999001813,
2093.670014140, 1.001263210,
2093.690445736, 0.998485719,
2093.710877533, 1.001745637,
2093.731309229, 0.999267522,
2093.751740926, 1.002434703,
2093.772172621, 0.999691009,
2093.792604217, 1.002592505,
2093.813036013, 1.000110569,
2093.833467709, 1.002612866,
2093.853899404, 0.999999326,
2093.874331099, 1.001162811,
2093.894762794, 1.000591747,
2093.915194489, 1.001853376,
2093.935626183, 1.000364357,
2093.956057878, 1.001484100,
2093.976489572, 1.000855883,
2093.996921266, 1.001694226,
2094.017352960, 1.000613493,
2094.037784753, 1.002101246,
2094.058216447, 1.000936408,
2094.078648040, 1.000769042,
2094.099079834, 1.001658380,
2094.119511527, 1.001165865,
2094.139943119, 1.000560818,
2094.180806605, 0.999811587,
2094.201238197, 1.001445664,
2094.221669989, 1.000122277,
2094.242101681, 1.001316034,
2094.262533273, 1.000679119,
2094.282965065, 1.000711369,
2094.303396756, 1.000761399,
2094.323828548, 1.001382231,
2094.344260139, 1.000128823,
2094.364691830, 1.001122178,
2094.385123521, 1.000534176,
2094.405555211, 1.001420989,
2094.425986902, 1.000397170,
2094.446418592, 1.001731319,
2094.466850282, 1.000358007,
2094.487281972, 1.001981661,
2094.507713662, 1.000166015,
2094.569008830, 1.000978497,
2094.589440419, 1.001444381,
2094.609872108, 1.001047047,
2094.630303897, 1.001803413,
2094.650735486, 1.000950214,
2094.671167274, 1.001467958,
2094.691598963, 1.001892194,
2094.712030551, 1.001068260,
2094.732462339, 1.001260606,
2094.752894027, 1.001001650,
2094.773325614, 1.001594857,
2094.793757402, 1.001912130,
2094.814189089, 1.000491334,
2094.834620676, 1.001296930,
2094.855052463, 1.001297630,
2094.875484150, 1.001431359,
2094.895915837, 1.000768483,
2094.916347523, 1.001273205,
2094.936779209, 1.000843455,
2094.957210995, 1.001182452,
2094.977642582, 1.001030301,
2094.998074267, 1.000794356,
2095.018506053, 1.001622333,
2095.038937739, 1.000053089,
2095.059369324, 1.001053714,
2095.079801109, 1.000252598,
2095.100232794, 1.000848221,
2095.120664379, 1.000757744,
2095.141096164, 0.999735850,
2095.161527748, 1.001012198,
2095.181959432, 1.001563517,
2095.202391217, 1.001105541,
2095.222822801, 1.000506136,
2095.243254585, 1.001939351,
2095.263686268, 1.001588945,
2095.324981319, 1.002212402,
2095.345412902, 1.000966840,
2095.365844684, 1.001545367,
2095.386276367, 1.000720618,
2095.406708050, 1.001981183,
2095.427139732, 1.000449464,
2095.447571415, 1.001982067,
2095.468003097, 1.000756839,
2095.488434779, 1.002082033,
2095.508866461, 0.999424256,
2095.570161505, 1.002012456,
2095.590593286, 0.999773151,
2095.611024967, 1.001919718,
2095.631456548, 0.999161646,
2095.651888329, 1.002157937,
2095.672320009, 0.999639858,
2095.692751590, 1.001820458,
2095.713183370, 1.000033466,
2095.733615050, 1.001514320,
2095.754046630, 1.000456651,
2095.774478410, 1.002022866,
2095.794910090, 1.000181968,
2095.815341669, 1.001602771,
2095.835773448, 1.001114204,
2095.856205128, 1.001006257,
2095.876636806, 1.000831416,
2095.897068485, 1.001347644,
2095.917500164, 1.000396706,
2095.937931843, 1.001377046,
2095.958363521, 0.999882523,
2095.978795199, 1.001416148,
2095.999226877, 0.999735228,
2096.019658555, 1.002924001,
2096.040090233, 0.999686979,
2096.060522011, 1.002821688,
2096.080953588, 1.000171052,
2096.101385266, 1.002522700,
2096.121817043, 1.000205499,
2096.142248620, 1.002675715,
2096.162680397, 0.999453960,
2096.183112073, 1.002862826,
2096.203543650, 0.999975549,
2096.223975426, 1.001983890,
2096.244407103, 1.000436040,
2096.264838679, 1.001714634,
2096.285270455, 0.999831516,
2096.305702131, 1.002920816,
2096.326133706, 0.998526880,
2096.346565482, 1.001968477,
2096.366997157, 0.999165765,
2096.387428833, 1.001298873,
2096.407860507, 1.000216617,
2096.428292182, 1.001511391,
2096.448723957, 0.999759312,
2096.469155532, 1.001236819,
2096.550882229, 1.001098093,
2096.571314003, 0.999945875,
2096.591745577, 1.002590098,
2096.612177250, 1.000171661,
2096.632609024, 1.003090732,
2096.653040597, 1.000293944,
2096.673472270, 1.002685855,
2096.693904043, 1.000459983,
2096.714335616, 1.002417269,
2096.734767389, 1.000399601,
2096.755199061, 1.002589505,
2096.775630634, 1.000441819,
2096.796062406, 1.003120559,
2096.816494078, 0.999813807,
2096.836925650, 1.005746488,
2096.857357422, 0.999191268,
2096.877789094, 1.003877050,
2096.898220765, 0.999593869,
2096.918652437, 1.002879896,
2096.939084108, 0.999662490,
2096.959515779, 1.002405962,
2096.979947450, 0.999703906,
2097.000379121, 1.002444865,
2097.020810892, 0.999069888,
2097.041242562, 1.002297011,
2097.061674133, 0.999711044,
2097.082105903, 1.001637489,
2097.102537573, 0.999202466,
2097.122969143, 1.002453914,
2097.143400913, 1.000584169,
2097.163832583, 1.002511191,
2097.184264152, 0.999498515,
2097.204695922, 1.002641534,
2097.225127591, 0.999760404,
2097.245559161, 1.002205211,
2097.265990929, 1.000350965,
2097.286422498, 1.002033560,
2097.306854167, 1.000271992,
2097.327285936, 1.001823142,
2097.347717504, 1.000720485,
2097.368149273, 1.002281263,
2097.388580941, 0.999922351,
2097.409012609, 1.002776986,
2097.429444277, 0.999622187,
2097.449875944, 1.002921430,
2097.552034381, 0.999632103,
2097.572465948, 1.003393160,
2097.592897615, 0.999382388,
2097.613329382, 1.002455320,
2097.633760949, 1.000134631,
2097.654192715, 1.002289048,
2097.674624381, 0.999011895,
2097.695055947, 1.003153857,
2097.715487713, 0.998952704,
2097.735919379, 1.003116071,
2097.756350945, 0.999498881,
2097.776782711, 1.002322567,
2097.797214376, 1.000451584,
2097.817645941, 1.001421328,
2097.838077707, 1.000789282,
2097.858509372, 1.002509014,
2097.878941037, 0.999997715,
2097.899372701, 1.001734247,
2097.919804366, 0.999615142,
2097.940236031, 1.002158759,
2097.960667695, 0.999570145,
2097.981099359, 1.002388886,
2098.021962687, 1.002225197,
2098.042394351, 1.000501218,
2098.062826015, 1.002778695,
2098.083257679, 1.000195383,
2098.103689342, 1.002687189,
2098.124121105, 0.999327452,
2098.144552669, 1.002389674,
2098.164984332, 1.000249494,
2098.267142645, 1.002974469,
2098.287574408, 0.999560801,
2098.308006070, 1.003495706,
2098.328437632, 1.000449518,
2098.348869394, 1.002555186,
2098.369301056, 1.000294639,
2098.389732717, 1.002403734,
2098.410164379, 1.000625592,
2098.430596040, 1.002674625,
2098.451027702, 0.999986746,
2098.471459363, 1.002049685,
2098.491891024, 1.000513776,
2098.512322785, 1.001868030,
2098.532754346, 1.000454489,
2098.573617767, 1.001533596,
2098.594049427, 1.002134594,
2098.614480987, 1.000822376,
2098.634912748, 1.001907865,
2098.655344308, 1.000674924,
2098.675775968, 1.001759603,
2098.696207727, 1.000748076,
2098.716639287, 1.001525976,
2098.737070947, 1.000926494,
2098.757502706, 1.001542828,
2098.777934265, 1.000456511,
2098.798366024, 1.002474851,
2098.818797683, 1.000751538,
2098.839229242, 1.002233691,
2098.859661001, 1.001236743,
2098.880092660, 1.002072385,
2098.900524218, 1.001388672,
2098.920955977, 1.002437130,
2098.941387635, 1.000801599,
2098.961819293, 1.002610172,
2098.982250951, 1.000274666,
2099.002682609, 1.001815089,
2099.023114267, 1.000314129,
2099.043546025, 1.002108063,
2099.063977582, 1.001059084,
2099.084409340, 1.002405537,
2099.104840997, 1.000865176,
2099.125272554, 1.001524782,
2099.145704311, 1.001555672,
2099.166135968, 1.001372351,
2099.186567525, 1.001173626,
2099.206999282, 1.001922356,
2099.227430939, 1.000480509,
2099.247862495, 1.002369802,
2099.268294252, 1.000995271,
2099.288725908, 1.002136560,
2099.309157464, 1.000907031,
2099.329589220, 1.001919041,
2099.350020876, 1.001249130,
2099.370452532, 1.001677234,
2099.390884187, 1.001888826,
2099.411315843, 1.001107584,
2099.431747498, 1.001046921,
2099.493042464, 1.002181222,
2099.513474119, 1.001316289,
2099.533905774, 1.002435864,
2099.554337429, 1.001283377,
2099.574769083, 1.001938290,
2099.595200838, 1.000799504,
2099.615632492, 1.002178194,
2099.636064046, 1.001020087,
2099.656495800, 1.002078331,
2099.676927455, 1.001504692,
2099.697359008, 1.001046603,
2099.717790762, 1.002738540,
2099.738222416, 1.001056279,
2099.758653970, 1.001677771,
2099.779085723, 1.001729637,
2099.799517377, 1.000742903,
2099.819948930, 1.001591352,
2099.840380683, 1.001428715,
2099.860812336, 1.001073446,
2099.881244089, 1.001475914,
2099.901675642, 1.000800953,
2099.983402252, 1.000804656,
2100.003834004, 1.001436311,
2100.024265556, 1.001365645,
2100.044697208, 1.001837304,
2100.065128860, 1.000460661,
2100.085560512, 1.002669234,
2100.105992164, 1.000647775,
2100.126423915, 1.002492970,
2100.146855467, 1.000366271,
2100.167287218, 1.002178914,
2100.187718869, 1.000637121,
2100.208150420, 1.002295218,
2100.228582172, 1.000577250,
2100.249013823, 1.003119150,
2100.269445373, 1.000188239,
2100.289877124, 1.002608841,
2100.310308775, 1.001774499,
2100.330740325, 1.001138637,
2100.351172076, 1.000754693,
2100.371603726, 1.001523036,
2100.392035276, 1.001041600,
2100.412467026, 1.001791507,
2100.432898676, 1.001008077,
2100.453330426, 1.001922468,
2100.473761976, 1.001489460,
2100.494193625, 1.002184004,
2100.514625375, 1.001317322,
2100.535056924, 1.002354762,
2100.555488574, 1.001372796,
2100.575920323, 1.002229646,
2100.596351972, 1.000936961,
2100.616783521, 1.002185745,
2100.637215270, 1.000633539,
2100.657646919, 1.001805731,
2100.678078468, 1.001313816,
2100.698510216, 1.002567247,
2100.718941865, 1.000270499,
2100.739373613, 1.003058088,
2100.759805161, 1.000366549,
2100.780236810, 1.003020744,
2100.800668458, 1.000729063,
2100.821100106, 1.002963925,
2100.841531654, 1.001161031,
2100.861963401, 1.002584891,
2100.882395049, 1.000817888,
2100.902826597, 1.001864687,
2100.923258344, 1.000371779,
2100.943689992, 1.003464158,
2100.964121639, 1.000503535,
2100.984553286, 1.003058507,
2101.004984933, 0.999961227,
2101.025416680, 1.002801874,
2101.045848227, 1.000434689,
2101.066279874, 1.002544367,
2101.086711620, 1.000525485,
2101.107143267, 1.003155854,
2101.127574814, 1.000252395,
2101.148006560, 1.002444907,
2101.168438206, 1.001042088,
2101.188869752, 1.002152362,
2101.209301499, 1.000879454,
2101.229733145, 1.002723650,
2101.250164890, 1.000906317,
2101.270596436, 1.002403228,
2101.291028082, 1.000093939,
2101.311459827, 1.003166794,
2101.331891373, 1.000420479,
2101.352323018, 1.002954700,
2101.372754764, 1.000060531,
2101.393186309, 1.002647708,
2101.454481244, 1.000269120,
2101.474912889, 1.002969126,
2101.495344534, 1.000483215,
2101.515776178, 1.003322248,
2101.536207923, 1.000042608,
2101.556639467, 1.002797741,
2101.577071112, 0.999799723,
2101.597502856, 1.003177513,
2101.617934400, 0.999755727,
2101.638366044, 1.003837840,
2101.658797788, 1.000216932,
2101.679229432, 1.003348504,
2101.699660976, 1.001962807,
2101.720092720, 1.002525307,
2101.740524363, 1.001030521,
2101.760955907, 1.003081801,
2101.781387650, 1.000230835,
2101.801819294, 1.003562723,
2101.822251037, 1.000766377,
2101.842682580, 1.003266226,
2101.863114223, 1.000286296,
2101.883545966, 1.002935723,
2101.903977509, 1.001168093,
2101.924409152, 1.002396421,
2101.944840895, 1.001029629,
2101.965272437, 1.002848899,
2101.985704080, 1.000557507,
2102.006135822, 1.002547775,
2102.026567364, 1.000694701,
2102.046999107, 1.002982372,
2102.067430749, 1.000361408,
2102.087862391, 1.003374470,
2102.108294033, 1.000154710,
2102.128725675, 1.003777163,
2102.149157317, 1.000275528,
2102.169588959, 1.004903285,
2102.190020600, 1.000195440,
2102.210452142, 1.004057750,
2102.230883883, 1.000743618,
2102.251315525, 1.003318897,
2102.271747066, 1.001290164,
2102.292178807, 1.003665882,
2102.312610448, 0.999990425,
2102.333042189, 1.004135189,
2102.353473730, 1.000665624,
2102.373905371, 1.004030446,
2102.394337112, 1.001390002,
2102.414768653, 1.003030445,
2102.435200293, 1.001440300,
2102.455632034, 1.003345959,
2102.476063574, 1.001922469,
2102.496495214, 1.003018729,
2102.537358495, 1.003027843,
2102.557790135, 1.001047210,
2102.578221875, 1.002860925,
2102.598653515, 1.000923468,
2102.619085155, 1.003167353,
2102.639516795, 1.001099745,
2102.659948434, 1.002361312,
2102.680380074, 1.001895743,
2102.700811714, 1.003740045,
2102.721243353, 1.000644651,
2102.741675092, 1.003143548,
2102.762106632, 1.001922936,
2102.782538271, 1.002604022,
2102.802969910, 1.001395399,
2102.823401549, 1.003041148,
2102.843833288, 1.000551562,
2102.864264927, 1.003778490,
2102.884696466, 1.001081297,
2102.905128204, 1.003773832,
2102.925559743, 1.001577668,
2102.945991382, 1.003504349,
2102.966423120, 1.002010169,
2102.986854658, 1.003738875,
2103.007286297, 1.001267347,
2103.027718035, 1.003358554,
2103.048149573, 1.001317994,
2103.068581211, 1.002874325,
2103.089012949, 1.001421532,
2103.109444587, 1.002375153,
2103.129876225, 1.001095050,
2103.150307863, 1.002828433,
2103.170739501, 1.000619226,
2103.191171138, 1.002853172,
2103.211602776, 1.000065604,
2103.232034413, 1.002665918,
2103.252466051, 1.001026438,
2103.272897688, 1.002529498,
2103.293329325, 1.000600864,
2103.313761062, 1.001970446,
2103.334192599, 1.000083831,
2103.354624236, 1.001654927,
2103.415919247, 1.001179876,
2103.436350884, 1.003586316,
2103.456782420, 1.001575958,
2103.477214157, 1.003535491,
2104.090163221, 1.002391938,
2104.110594956, 1.002377677,
2104.131026590, 1.003055539,
2104.151458324, 1.002024911,
2104.171889858, 1.002726212,
2104.192321493, 1.002271809,
2104.212753127, 1.001979304,
2104.233184761, 1.001254950,
2104.253616395, 1.002418015,
2104.274048028, 1.001364313,
2104.294479662, 1.002957029,
2104.314911296, 1.001695993,
2104.335343030, 1.001946265,
2104.376206197, 1.001943573,
2104.396637930, 1.002338165,
2104.417069464, 1.002840715,
2104.437501197, 1.001786129,
2104.457932831, 1.002587465,
2104.478364364, 1.001693541,
2104.498796097, 1.002541791,
2104.519227730, 1.001942134,
2104.539659263, 1.003107628,
2104.560090996, 1.001775738,
2104.580522629, 1.002459582,
2104.621385895, 1.002600252,
2104.641817527, 1.002366217,
2104.662249260, 1.002356393,
2104.682680793, 1.002169373,
2104.703112425, 1.001902311,
2104.723544158, 1.002875417,
2104.743975690, 1.001030656,
2104.764407323, 1.002834277,
2104.784839055, 1.001776657,
2104.805270687, 1.002241501,
2104.825702219, 1.001979149,
2104.866565584, 1.001660973,
2104.886997216, 1.002992554,
2104.907428848, 1.001228937,
2104.927860480, 1.002217979,
2104.948292111, 1.002403982,
2104.968723743, 1.001651668,
2104.989155275, 1.002265537,
2105.030018638, 1.002183762,
2105.050450170, 1.002903782,
2105.070881901, 1.001941440,
2105.111745064, 1.002332326,
2105.132176796, 1.003161587,
2105.152608427, 1.002470483,
2105.173040158, 1.003277628,
2105.193471689, 1.002216154,
2105.213903320, 1.003551981,
2105.234335051, 1.001559356,
2105.254766582, 1.003111322,
2105.275198214, 1.001832649,
2105.295629944, 1.003586786,
2105.316061575, 1.001393649,
2105.377356467, 1.002611099,
2105.397788098, 1.001500566,
2105.418219729, 1.002079020,
2105.438651359, 1.000637920,
2105.459083090, 1.003546349,
2105.479514620, 1.002135418,
2105.499946251, 1.002672469,
2105.520377981, 1.000951241,
2105.540809511, 1.003354865,
2105.561241141, 1.001162880,
2105.581672872, 1.004320672,
2105.602104402, 1.001352964,
2105.622536132, 1.003018050,
2105.642967762, 1.001529053,
2105.663399292, 1.002516992,
2105.683831022, 1.002035394,
2105.704262552, 1.003633837,
2105.724694181, 1.001628711,
2105.745125911, 1.003038400,
2105.765557441, 1.002410527,
2105.785989071, 1.002558025,
2105.806420800, 1.002595012,
2105.847284059, 1.001779368,
2105.888147318, 1.001806520,
2105.908578948, 1.003001271,
2105.929010577, 1.001458154,
2105.949442206, 1.002602651,
2105.969873936, 1.001963808,
2105.990305465, 1.003162386,
2106.010737094, 1.001775550,
2106.031168823, 1.003956218,
2106.051600352, 1.001225137,
2106.092463710, 1.001077083,
2106.112895239, 1.003399338,
2106.133326968, 1.001257392,
2106.153758597, 1.003500709,
2106.174190126, 1.001414737,
2106.194621854, 1.003435200,
2106.215053483, 1.001289944,
2106.235485012, 1.003584253,
2106.255916740, 1.000852852,
2106.276348369, 1.003962782,
2106.296779998, 1.001212251,
2106.337643255, 1.001220042,
2106.358074883, 1.004146055,
2106.378506511, 1.001034686,
2106.398938140, 1.004171479,
2106.419369768, 1.000800885,
2106.439801396, 1.003638920,
2106.460233024, 1.001275760,
2106.480664653, 1.002968666,
2106.501096281, 1.001966554,
2106.521527909, 1.003340887,
2106.541959637, 1.001918662,
2106.582822893, 1.001782172,
2106.603254521, 1.003643491,
2106.623686048, 1.001014765,
2106.644117776, 1.003396171,
2106.664549404, 1.001121546,
2106.684980932, 1.003111020,
2106.705412660, 1.001168557,
2106.725844287, 1.003936768,
2106.746275815, 1.001606536,
2106.766707543, 1.004043146,
2106.787139170, 1.000765274,
2106.828002425, 1.000451481,
2106.848434053, 1.004167278,
2106.868865780, 1.001404753,
2106.889297308, 1.003754788,
2106.909728935, 1.001525323,
2106.930160662, 1.004147648,
2106.950592190, 1.001026936,
2106.971023817, 1.004634112,
2106.991455544, 1.001442383,
2107.011887171, 1.003719976,
2107.032318798, 1.002067738,
2107.073181952, 1.001642482,
2107.093613680, 1.004047033,
2107.114045307, 1.000863262,
2107.134476834, 1.003748763,
2107.154908560, 1.001790402,
2107.175340187, 1.003664604,
2107.195771714, 1.001869435,
2107.216203441, 1.003524897,
2107.236635068, 1.001600237,
2107.257066795, 1.003172858,
2107.277498321, 1.002053189,
2107.338793202, 1.003220452,
2107.359224828, 1.000634634,
2107.379656555, 1.003313280,
2107.400088081, 1.002295891,
2107.420519708, 1.003739713,
2107.440951434, 1.000747568,
2107.461383061, 1.003246240,
2107.481814687, 1.001098286,
2107.543109566, 1.003737363,
2107.563541193, 1.000657553,
2107.583972819, 1.003875619,
2107.604404545, 1.001264600,
2107.624836071, 1.004038215,
2107.645267698, 1.000244793,
2107.665699424, 1.004662967,
2107.686130950, 1.001047631,
2107.706562676, 1.004174853,
2107.726994202, 1.001623513,
2107.767857554, 1.001234106,
2107.808720706, 1.002102693,
2107.829152432, 1.003628024,
2107.849583958, 1.001667425,
2107.870015584, 1.004559884,
2107.890447310, 1.001047629,
2107.910878836, 1.004102837,
2107.931310462, 1.000905920,
2107.951742187, 1.004110839,
2107.972173713, 1.001795785,
2107.992605439, 1.003578598,
2108.013037065, 1.001127198,
2108.053900316, 1.002292604,
2108.074331942, 1.002559074,
2108.094763567, 1.002338800,
2108.115195193, 1.002500587,
2108.135626819, 1.002352555,
2108.156058444, 1.003493638,
2108.176490170, 1.001436958,
2108.196921695, 1.003895477,
2108.217353421, 1.000331017,
2108.237785046, 1.003275970,
2108.258216572, 1.001464873,
2108.299079923, 1.002063134,
2108.319511448, 1.003571313,
2108.339943173, 1.001566920,
2108.360374799, 1.004177764,
2108.401238049, 1.003310785,
2108.421669675, 1.002186346,
2108.442101300, 1.004005438,
2108.462532925, 1.001928820,
2108.482964450, 1.004366283,
2108.503396176, 1.002735360,
2108.544259426, 1.002022526,
2108.564691051, 1.003427654,
2108.585122676, 1.003347079,
2108.605554302, 1.003344392,
2108.625985927, 1.003105617,
2108.646417552, 1.003389106,
2108.666849277, 1.003351051,
2108.687280902, 1.003034011,
2108.707712427, 1.002099281,
2108.728144152, 1.004289517,
2108.748575777, 1.002628644,
2108.789439027, 1.001697097,
2108.809870652, 1.002667548,
2108.830302177, 1.002248316,
2108.850733902, 1.002721607,
2108.871165527, 1.002140894,
2108.891597252, 1.002918955,
2108.932460402, 1.002842300,
2108.952892126, 1.003136049,
2108.973323651, 1.003629827,
2108.993755276, 1.003488312,
2109.034618526, 1.001849139,
2109.055050151, 1.004199856,
2109.075481875, 1.001364943,
2109.095913400, 1.004414684,
2109.116345125, 1.002187105,
2109.136776650, 1.003532110,
2109.157208274, 1.003276312,
2109.177639999, 1.003613596,
2109.198071524, 1.003041143,
2109.218503149, 1.002353504,
2109.238934873, 1.000876778,
2109.300229747, 1.002528364,
2109.320661372, 1.003079253,
2109.341093097, 1.003110805,
2109.361524621, 1.002432948,
2109.381956246, 1.002118532,
2109.402387971, 1.002479788,
2109.422819495, 1.002168913,
2109.443251120, 1.002798973,
2109.463682844, 1.002185907,
2109.484114369, 1.002986524,
2109.524977718, 1.003119103,
2109.545409243, 1.003117362,
2109.565840967, 1.002405394,
2109.586272592, 1.003174702,
2109.606704116, 1.002818581,
2109.627135841, 1.003109956,
2109.647567466, 1.002383544,
2109.667999090, 1.002603838,
2109.688430715, 1.003201532,
2109.708862339, 1.002716751,
2109.729293964, 1.002676641,
2109.770157213, 1.003155326,
2109.790588837, 1.002441528,
2109.811020562, 1.002578470,
2109.831452086, 1.002987562,
2109.851883811, 1.002771240,
2109.872315335, 1.003860666,
2109.892746960, 1.003061017,
2109.913178684, 1.003042951,
2109.933610209, 1.003116314,
2109.954041833, 1.001856588,
2109.974473558, 1.002845453,
2110.015336807, 1.003059962,
2110.035768431, 1.002210448,
2110.056199956, 1.003655305,
2110.076631680, 1.001775939,
2110.097063304, 1.003308464,
2110.117494829, 1.002209928,
2110.137926553, 1.003502366,
2110.158358178, 1.002409963,
2110.178789802, 1.004560022,
2110.199221427, 1.001693065,
2110.219653051, 1.003439972,
2110.260516300, 1.004139169,
2110.280947925, 1.002687096,
2110.301379649, 1.004130387,
2110.321811274, 1.002339177,
2110.342242798, 1.003218138,
2110.362674523, 1.001981884,
2110.383106147, 1.003462420,
2110.403537771, 1.003317711,
2110.423969396, 1.002971837,
2110.444401020, 1.003056317,
2110.464832645, 1.002296144,
2110.505695794, 1.003563820,
2110.526127518, 1.001597422,
2110.546559143, 1.003759485,
2110.566990667, 1.001713142,
2110.587422392, 1.002951136,
2110.607854016, 1.002201557,
2110.628285741, 1.003595538,
2110.648717266, 1.002262332,
2110.669148890, 1.004267780,
2110.689580615, 1.002831068,
2110.710012139, 1.003282628,
2110.771307013, 1.001493689,
2110.791738637, 1.004191234,
2110.812170362, 1.001784731,
2110.832601887, 1.003770066,
2110.853033611, 1.002400597,
2110.873465236, 1.003801085,
2110.893896860, 1.000993258,
2110.914328485, 1.004945797,
2110.934760110, 1.001826269,
2110.975623359, 1.002002643,
2110.996054984, 1.004073245,
2111.016486608, 1.001306027,
2111.036918333, 1.003676589,
2111.057349858, 1.001479886,
2111.077781582, 1.003716064,
2111.098213207, 1.002579519,
2111.118644732, 1.002876344,
2111.139076456, 1.002551082,
2111.159507981, 1.002868486,
2111.179939606, 1.001956993,
2111.200371331, 1.002774888,
2111.261666205, 1.002341492,
2111.282097730, 1.004724385,
2111.302529454, 1.002025046,
2111.322961079, 1.004227308,
2111.343392604, 1.002454451,
2111.363824329, 1.003968092,
2111.384255954, 1.002753427,
2111.404687579, 1.004598963,
2111.425119204, 1.001619846,
2111.445550829, 1.003688296,
2111.486414078, 1.004276172,
2111.506845703, 1.002188237,
2111.527277428, 1.003655632,
2111.547709053, 1.001090969,
2111.568140578, 1.004612873,
2111.588572303, 1.001304604,
2111.609003928, 1.004457386,
2111.629435453, 1.000707227,
2111.649867178, 1.003593721,
2111.670298804, 1.001307553,
2111.690730529, 1.004366320,
2111.731593679, 1.004315138,
2111.752025404, 1.001388821,
2111.772456929, 1.004298546,
2111.792888554, 1.001567508,
2111.813320180, 1.004223442,
2111.833751805, 1.002929205,
2111.854183430, 1.004360842,
2111.874615055, 1.002085157,
2111.895046681, 1.004649523,
2111.915478406, 1.001500613,
2111.976773282, 1.003550800,
2111.997204807, 1.002267951,
2112.038068158, 1.002936415,
2112.078931409, 1.001742407,
2112.099363034, 1.004404604,
2112.119794660, 1.001722610,
2112.140226285, 1.004605956,
2112.160657911, 1.001170365,
2112.181089536, 1.004329509,
2112.242384413, 1.000799377,
2112.262816139, 1.004937758,
2112.283247665, 1.001092013,
2112.303679390, 1.003986388,
2112.324111016, 1.002091649,
2112.344542542, 1.003637118,
2112.364974268, 1.001851372,
2112.385405893, 1.004691856,
2112.405837419, 1.001391883,
2112.426269145, 1.005203232,
2112.487564023, 1.001726012,
2112.507995649, 1.004015284,
2112.528427275, 1.003065513,
2112.548858901, 1.004388442,
2112.569290527, 1.002351716,
2112.589722153, 1.004273851,
2112.610153779, 1.002534715,
2112.630585405, 1.003682364,
2112.651017031, 1.002838922,
2112.671448657, 1.003554312,
2112.753175262, 1.004246984,
2112.773606889, 1.002359910,
2112.794038415, 1.004797549,
2112.814470141, 1.002849793,
2112.834901768, 1.004639100,
2112.855333294, 1.002801302,
2112.875765021, 1.004862558,
2112.896196647, 1.002071088,
2112.916628374, 1.005359942,
2112.957491527, 1.005082548,
2112.977923253, 1.000741418,
2112.998354780, 1.005239964,
2113.018786407, 1.002050221,
2113.039218133, 1.004200012,
2113.059649660, 1.002477449,
2113.080081287, 1.003930815,
2113.100513014, 1.001838459,
2113.120944540, 1.003140965,
2113.141376267, 1.001379873,
2113.161807894, 1.003488826,
2113.243534302, 1.003806834,
2113.263966029, 1.002695369,
2113.284397656, 1.004392914,
2113.304829284, 1.002817141,
2113.345692538, 1.002844726,
2113.366124265, 1.003076186,
2113.386555792, 1.003342434,
2113.427419147, 1.003105830,
2113.447850674, 1.003446672,
2113.468282302, 1.002708639,
2113.488714029, 1.004997770,
2113.509145557, 1.002710183,
2113.529577284, 1.004897620,
2113.550008912, 1.002210190,
2113.570440440, 1.004056917,
2113.590872167, 1.002010656,
2113.611303795, 1.003700135,
2113.631735323, 1.002581017,
2113.652167050, 1.004908115,
2113.693030206, 1.004234076,
2113.713461934, 1.002543471,
2113.733893562, 1.003714465,
2113.754325290, 1.001854556,
2113.774756818, 1.003390829,
2113.795188446, 1.001570799,
2113.815620074, 1.003839000,
2113.836051802, 1.002361707,
2113.856483330, 1.002981021,
2113.876915058, 1.001829835,
2113.897346587, 1.002521236,
2113.938209943, 1.003398102,
2113.958641472, 1.003205416,
2113.979073200, 1.003144612,
2113.999504829, 1.002912219,
2114.019936357, 1.003588583,
2114.040368086, 1.002999177,
2114.060799714, 1.003691654,
2114.081231243, 1.002994134,
2114.101662972, 1.003670115,
2114.122094600, 1.003773255,
2114.142526329, 1.003719534,
2114.183389487, 1.003958949,
2114.203821216, 1.002477569,
2114.224252745, 1.003919311,
2114.244684374, 1.003586438,
2114.265116103, 1.003232365,
2114.305979361, 1.002950939,
2114.326410990, 1.001601115,
2114.346842619, 1.004396065,
2114.367274249, 1.001140185,
2114.387705878, 1.003906157,
2114.428569137, 1.003442398,
2114.449000766, 1.002757292,
2114.469432396, 1.003464869,
2114.489864025, 1.002643362,
2114.510295655, 1.003582066,
2114.551158914, 1.003279469,
2114.571590544, 1.002952458,
2114.592022274, 1.003422239,
2114.612453804, 1.003574150,
2114.632885433, 1.003442434,
2114.673748693, 1.002954064,
2114.694180323, 1.004777887,
2114.714612054, 1.002388485,
2114.735043584, 1.004777802,
2114.755475314, 1.003166289,
2114.775906944, 1.004359698,
2114.796338475, 1.002801827,
2114.816770205, 1.004498831,
2114.837201835, 1.002887322,
2114.857633366, 1.003389252,
2114.878065096, 1.002858206,
2114.939359988, 1.002830548,
2114.959791619, 1.002301063,
2114.980223350, 1.003296527,
2115.000654881, 1.002880326,
2115.021086511, 1.003916222,
2115.041518242, 1.002385673,
2115.061949873, 1.002955746,
2115.082381404, 1.003058454,
2115.102813135, 1.003773160,
2115.123244767, 1.002508238,
2115.184539660, 1.003287714,
2115.204971292, 1.002961596,
2115.225402923, 1.003637858,
2115.245834555, 1.002427304,
2115.266266186, 1.004505345,
2115.286697818, 1.003966928,
2115.307129550, 1.005210335,
2115.327561081, 1.001463521,
2115.347992713, 1.004686597,
2115.368424445, 1.002536666,
2115.409287609, 1.002015918,
2115.429719341, 1.003629350,
2115.450150873, 1.002595098,
2115.470582505, 1.004390925,
2115.491014237, 1.002173209,
2115.511445770, 1.004600509,
2115.531877502, 1.002264015,
2115.552309134, 1.004330956,
2115.572740767, 1.001954227,
2115.593172399, 1.004232655,
2115.613604032, 1.002006301,
2115.654467297, 1.001564860,
2115.674898930, 1.004589716,
2115.695330563, 1.002710336,
2115.715762296, 1.003334906,
2115.736193829, 1.002341856,
2115.756625562, 1.003472584,
2115.777057195, 1.002925267,
2115.797488728, 1.003789606,
2115.817920461, 1.002753749,
2115.838352094, 1.004232153,
2115.858783627, 1.002314857,
2115.899646994, 1.002697273,
2115.940510261, 1.002355207,
2115.960941795, 1.004253708,
2115.981373529, 1.001495102,
2116.001805162, 1.004306069,
2116.022236696, 1.002095697,
2116.042668430, 1.004258699,
2116.063100064, 1.001549354,
2116.083531698, 1.004859577,
2116.103963332, 1.001704656,
2116.144826701, 1.001492222,
2116.165258235, 1.004977760,
2116.185689869, 1.002409489,
2116.206121604, 1.004934423,
2116.226553238, 1.001914809,
2116.246984773, 1.004891748,
2116.267416507, 1.001926938,
2116.287848142, 1.004296928,
2116.308279777, 1.002296763,
2116.328711412, 1.005051681,
2116.349143047, 1.001326018,
2116.390006317, 1.001629775,
2116.410437952, 1.004671026,
2116.430869687, 1.002910021,
2116.451301222, 1.003859634,
2116.471732858, 1.002387847,
2116.492164593, 1.004567033,
2116.512596128, 1.002221108,
2116.533027864, 1.004732699,
2116.553459500, 1.002991700,
2116.573891035, 1.003558861,
2116.594322771, 1.002889655,
2116.635185943, 1.002229805,
2116.655617679, 1.005284712,
2116.676049215, 1.002070217,
2116.696480951, 1.004889376,
2116.716912587, 1.002332581,
2116.737344123, 1.004068265,
2116.757775860, 1.002972049,
2116.778207496, 1.003212787,
2116.798639133, 1.002141853,
2116.819070769, 1.004074922,
2116.839502406, 1.004969766,
2116.900797316, 1.005982653,
2116.921229053, 1.002209778,
2116.941660690, 1.004527312,
2116.962092227, 1.002495279,
2116.982523964, 1.005525412,
2117.002955602, 1.002173715,
2117.023387139, 1.004689685,
2117.043818876, 1.002354317,
2117.064250514, 1.005395411,
2117.084682251, 1.002485049,
2117.145977165, 1.003536316,
2117.166408702, 1.001738036,
2117.186840340, 1.005787779,
2117.207271978, 1.001968507,
2117.227703617, 1.004207229,
2117.248135255, 1.001876868,
2117.268566893, 1.003764296,
2117.288998531, 1.001892780,
2117.309430270, 1.003518834,
2117.329861808, 1.001930865,
2117.391156724, 1.003411761,
2117.411588363, 1.001047435,
2117.472883380, 1.005698781,
2117.493315019, 1.001384129,
2117.513746658, 1.004872597,
2117.534178298, 1.002861983,
2117.554609937, 1.004817056,
2117.575041577, 1.002447713,
2117.595473316, 1.005022711,
2117.615904856, 1.001828264,
2117.636336496, 1.005063408,
2117.656768235, 1.001820381,
2117.677199775, 1.004431483,
2117.697631515, 1.001662713,
2117.718063155, 1.005282388,
2117.738494696, 1.001299254,
2117.758926436, 1.005129988,
2117.779358076, 1.001006000,
2117.799789617, 1.003938687,
2117.820221357, 1.001006171,
2117.881516279, 1.003704432,
2117.901947920, 1.001396384,
2117.922379561, 1.004097909,
2117.942811202, 1.003416366,
2117.963242843, 1.003258252,
2117.983674484, 1.003068624,
2118.004106125, 1.003458222,
2118.024537767, 1.002847978,
2118.044969408, 1.004124819,
2118.065401050, 1.002716548,
2118.106264433, 1.002594827,
2118.126695975, 1.004994277,
2118.147127717, 1.002399916,
2118.167559359, 1.004689126,
2118.187990901, 1.002541871,
2118.208422643, 1.005059641,
2118.228854285, 1.002518025,
2118.249285828, 1.004671649,
2118.269717570, 1.002213290,
2118.290149213, 1.005041784,
2118.310580955, 1.002136278,
2118.351444141, 1.002410333,
2118.371875884, 1.004699330,
2118.392307427, 1.003106569,
2118.412739070, 1.003348887,
2118.433170813, 1.003078262,
2118.453602356, 1.003621415,
2118.474034100, 1.002430997,
2118.494465743, 1.004018259,
2118.514897287, 1.002284181,
2118.535329030, 1.003411259,
2118.555760674, 1.002658184,
2118.596623962, 1.003188059,
2118.678350539, 1.003038440,
2118.698782183, 1.003711280,
2118.719213827, 1.003569961,
2118.739645472, 1.004530348,
2118.760077117, 1.003347707,
2118.780508762, 1.004697591,
2118.800940406, 1.002997419,
2118.841803697, 1.003206256,
2118.862235442, 1.003326564,
2118.882667087, 1.002776495,
2118.903098632, 1.003334527,
2118.923530378, 1.003108845,
2118.943962023, 1.003953725,
2118.964393569, 1.002030642,
2118.984825315, 1.003964448,
2119.005256961, 1.002000052,
2119.025688507, 1.003213654,
2119.046120253, 1.003241605,
2119.107415192, 1.004221334,
2119.127846838, 1.002492064,
2119.148278585, 1.003335822,
2119.168710131, 1.003253155,
2119.189141778, 1.003549645,
2119.209573525, 1.003456774,
2119.230005072, 1.003163008,
2119.250436819, 1.003742501,
2119.270868466, 1.003490642,
2119.291300114, 1.003418832,
2119.352594956, 1.003531987,
2119.373026704, 1.003917830,
2119.393458352, 1.003291397,
2119.413890099, 1.003505701,
2119.434321647, 1.003316322,
2119.454753296, 1.003843827,
2119.475185044, 1.002483224,
2119.495616592, 1.003704346,
2119.516048241, 1.003158506,
2119.536479989, 1.003824988,
2119.577343187, 1.004212904,
2119.597774935, 1.003443383,
2119.618206484, 1.004470935,
2119.638638233, 1.003131604,
2119.659069883, 1.003341498,
2119.679501432, 1.003814042,
2119.699933181, 1.002649103,
2119.720364831, 1.003076660,
2119.740796480, 1.003108276,
2119.761228130, 1.002427005,
2119.781659780, 1.003057327,
2119.822523080, 1.003861505,
2119.842954730, 1.003757870,
2119.863386480, 1.003732650,
2119.883818131, 1.003169861,
2119.904249681, 1.004553329,
2119.924681332, 1.003087828,
2119.945112982, 1.004097195,
2119.965544633, 1.002765431,
2119.985976384, 1.003791188,
2120.006407935, 1.002800313,
2120.026839686, 1.004626961,
2120.067702889, 1.003420104,
2120.088134640, 1.002000912,
2120.108566292, 1.005084167,
2120.128997844, 1.002891821,
2120.149429595, 1.004190539,
2120.169861247, 1.001720406,
2120.190292999, 1.004814989,
2120.210724551, 1.003177650,
2120.231156204, 1.003762576,
2120.251587956, 1.002394282,
2120.272019509, 1.004424929,
2120.312882914, 1.005118606,
2120.333314467, 1.002468099,
2120.353746120, 1.004213256,
2120.374177873, 1.002978766,
2120.394609426, 1.004479300,
2120.415041179, 1.003046301,
2120.435472833, 1.004380437,
2120.455904486, 1.002702151,
2120.476336140, 1.004345363,
2120.496767793, 1.003286901,
2120.517199447, 1.004322401,
2120.558062755, 1.004880506,
2120.578494510, 1.002169039,
2120.598926064, 1.004831516,
2120.619357718, 1.001725018,
2120.639789473, 1.004599484,
2120.660221028, 1.002124517,
2120.680652683, 1.004692572,
2120.701084437, 1.002410651,
2120.721515993, 1.003597138,
2120.741947648, 1.002738603,
2120.762379403, 1.003332304,
2120.803242714, 1.004791315,
2120.823674370, 1.001472750,
2120.844105925, 1.006417403,
2120.864537681, 1.001697186,
2120.884969337, 1.005097267,
2120.905400893, 1.001657032,
2120.925832650, 1.004284185,
2120.946264306, 1.001708536,
2120.966696062, 1.003419338,
2120.987127619, 1.002757599,
2121.007559276, 1.003724372,
2121.068854247, 1.003562666,
2121.089286004, 1.003391260,
2121.130149219, 1.004848847,
2121.150580976, 1.001438740,
2121.171012634, 1.003050422,
2121.191444292, 1.002573390,
2121.211875950, 1.004242130,
2121.232307608, 1.003245400,
2121.273170924, 1.002255367,
2121.293602583, 1.004350864,
2121.314034241, 1.001758452,
2121.334465900, 1.004643862,
2121.354897659, 1.002642102,
2121.375329218, 1.004180999,
2121.395760877, 1.001774511,
2121.416192636, 1.004935099,
2121.436624196, 1.001549825,
2121.457055855, 1.004355937,
2121.477487615, 1.001007575,
2121.497919175, 1.004239580,
2121.538782594, 1.003809383,
2121.559214154, 1.002272748,
2121.579645915, 1.004328123,
2121.600077575, 1.001772578,
2121.640940896, 1.001996660,
2121.661372557, 1.004490822,
2121.681804218, 1.001428970,
2121.702235879, 1.005220105,
2121.722667540, 1.001304574,
2121.743099301, 1.004537528,
2121.783962524, 1.004310875,
2121.804394286, 1.002482970,
2121.824825948, 1.003926115,
2121.845257510, 1.001997427,
2121.865689272, 1.004156550,
2121.886120934, 1.002336503,
2121.906552496, 1.003682223,
2121.926984259, 1.002362121,
2121.947415921, 1.004072596,
2121.967847584, 1.000736109,
2121.988279247, 1.004099790,
2122.049574236, 1.001968881,
2122.070005800, 1.003762711,
2122.090437563, 1.002808042,
2122.131300991, 1.002786229,
2122.151732555, 1.004253560,
2122.172164219, 1.001267391,
2122.192595983, 1.004535310,
2122.213027547, 1.001067788,
2122.233459212, 1.005608879,
2122.274322641, 1.004527980,
2122.294754206, 1.002611748,
2122.315185971, 1.004761583,
2122.335617636, 1.001538980,
2122.356049301, 1.004994606,
2122.376480967, 1.001975240,
2122.396912633, 1.004800109,
2122.417344298, 1.002147875,
2122.437775964, 1.003288636,
2122.458207630, 1.002826649,
2122.478639396, 1.004594795,
2122.519502729, 1.004849907,
2122.539934395, 1.002664034,
2122.560365962, 1.004287258,
2122.580797729, 1.002330747,
2122.601229396, 1.004137688,
2122.621660963, 1.002536193,
2122.642092730, 1.004161349,
2122.662524298, 1.002472030,
2122.682956065, 1.003822046,
2122.703387733, 1.002769943,
2122.723819301, 1.003890319,
2122.785114305, 1.001986725,
2122.825977742, 1.001752382,
2122.846409411, 1.003505163,
2122.866841079, 1.002401104,
2122.887272748, 1.003677527,
2122.907704517, 1.001186867,
2122.928136187, 1.004531029,
2122.948567756, 1.001676178,
2122.968999526, 1.005064850,
2123.030294535, 1.001209624,
2123.050726205, 1.005606028,
2123.071157975, 1.001811299,
2123.091589546, 1.004419436,
2123.112021216, 1.002238910,
2123.132452987, 1.003663169,
2123.152884558, 1.003380828,
2123.173316229, 1.003317322,
2123.193748000, 1.002813344,
2123.234611243, 1.002652165,
2123.275474586, 1.003147677,
2123.295906358, 1.004042250,
2123.316337930, 1.003460144,
2123.336769602, 1.003689796,
2123.357201374, 1.003136124,
2123.377632947, 1.002381614,
2123.398064619, 1.002354962,
2123.418496392, 1.003077645,
2123.438927965, 1.002932636,
2123.459359738, 1.003591635,
2123.500223085, 1.003254170,
2123.520654758, 1.002946299,
2123.541086432, 1.004202161,
2123.561518106, 1.002395853,
2123.581949780, 1.004456696,
2123.602381454, 1.001719374,
2123.622813228, 1.003765700,
2123.643244903, 1.002879618,
2123.663676477, 1.003604842,
2123.684108252, 1.003244298,
2123.704539927, 1.003569287,
2123.745403277, 1.003868216,
2123.765834952, 1.002756267,
2123.786266528, 1.004598226,
2123.806698303, 1.003278494,
2123.827129979, 1.004628205,
2123.847561755, 1.003356497,
2123.867993331, 1.003975319,
2123.888425008, 1.002910495,
2123.908856684, 1.003193853,
2123.929288361, 1.003022694,
2123.949720037, 1.003227458,
2123.990583391, 1.002601837,
2124.011015168, 1.003424496,
2124.031446746, 1.002942862,
2124.051878423, 1.002491486,
2124.072310201, 1.003141054,
2124.092741779, 1.002445419,
2124.113173457, 1.003429006,
2124.133605235, 1.002448841,
2124.154036913, 1.003157992,
2124.174468492, 1.003325153,
2124.194900270, 1.002897677,
2124.256195307, 1.002999820,
2124.276626986, 1.003251819,
2124.297058766, 1.003561760,
2124.317490345, 1.003893003,
2124.337922025, 1.003108717,
2124.358353805, 1.003863636,
2124.378785385, 1.003578088,
2124.399217165, 1.004275317,
2124.419648846, 1.003427899,
2124.440080426, 1.004424117,
2124.480943888, 1.003551289,
2124.501375469, 1.004043184,
2124.521807250, 1.002803550,
2124.542238931, 1.004249707,
2124.562670613, 1.002327766,
2124.583102294, 1.003507173,
2124.603533976, 1.002785415,
2124.623965658, 1.002984974,
2124.644397340, 1.003622941,
2124.664829023, 1.003492394,
2124.685260705, 1.002839346,
2124.746555754, 1.004061803,
2124.766987437, 1.001693826,
2124.787419220, 1.003819920,
2124.807850904, 1.002704114,
2124.828282487, 1.003551239,
2124.848714271, 1.002263309,
2124.869145955, 1.004483712,
2124.889577539, 1.002367779,
2124.910009323, 1.003739799,
2124.930441008, 1.002532332,
2124.991736062, 1.003330404,
2125.012167848, 1.003070568,
2125.032599433, 1.004317363,
2125.053031118, 1.001829358,
2125.073462904, 1.004843987,
2125.093894490, 1.002205546,
2125.114326176, 1.003445091,
2125.134757962, 1.002947970,
2125.196053021, 1.003056951,
2125.216484608, 1.002629613,
2125.236916395, 1.003209229,
2125.257348082, 1.003204703,
2125.277779770, 1.003302455,
2125.298211457, 1.002006787,
2125.318643145, 1.003818772,
2125.339074833, 1.002261909,
2125.359506521, 1.004058597,
2125.379938209, 1.002042885,
2125.400369897, 1.004534752,
2125.420801586, 1.002680546,
2125.461664963, 1.001672352,
2125.482096653, 1.005220032,
2125.502528442, 1.002359795,
2125.522960131, 1.004216852,
2125.543391721, 1.002239247,
2125.563823511, 1.004913909,
2125.584255200, 1.002189803,
2125.604686791, 1.005026489,
2125.625118581, 1.001898792,
2125.645550271, 1.004571429,
2125.665981862, 1.002700462,
2125.706845344, 1.002413094,
2125.727277135, 1.003616271,
2125.747708726, 1.001857963,
2125.768140418, 1.004818662,
2125.788572209, 1.001834153,
2125.809003801, 1.003672439,
2125.829435493, 1.002166190,
2125.849867285, 1.003461011,
2125.870298878, 1.002328248,
2125.911162363, 1.001414660,
2125.952025749, 1.002738667,
2125.972457343, 1.003938943,
2125.992889136, 1.002831902,
2126.013320830, 1.003764062,
2126.033752523, 1.002405278,
2126.054184117, 1.005377868,
2126.074615912, 1.001763013,
2126.095047606, 1.005926375,
2126.115479300, 1.001685670,
2126.135910995, 1.005487800,
2126.156342690, 1.001834462,
2126.197206080, 1.001412066,
2126.217637776, 1.004739001,
2126.238069571, 1.001548318,
2126.258501167, 1.005096952,
2126.278932963, 1.001569937,
2126.299364659, 1.005567227,
2126.319796256, 1.001120839,
2126.340228052, 1.004451841,
2126.360659749, 1.002519680,
2126.381091346, 1.004867381,
2126.401523143, 1.002130629,
2126.442386438, 1.001199891,
2126.462818235, 1.004698251,
2126.483249933, 1.002333529,
2126.503681731, 1.003952132,
2126.524113329, 1.002481760,
2126.544545028, 1.003909057,
2126.564976826, 1.002439631,
2126.585408525, 1.005693518,
2126.605840124, 1.002369452,
2126.626271823, 1.005967655,
2126.646703622, 1.002571570,
2126.687567022, 1.002730168,
2126.707998621, 1.004365196,
2126.728430421, 1.001629465,
2126.748862122, 1.005100258,
2126.769293722, 1.001766841,
2126.789725523, 1.004831755,
2126.810157224, 1.001955372,
2126.830589025, 1.006041365,
2126.851020626, 1.001675867,
2126.871452327, 1.004723893,
2126.891884129, 1.002510896,
2126.953179234, 1.004695741,
2126.973610837, 1.000132058,
2126.994042539, 1.004563422,
2127.014474342, 1.001081392,
2127.034905945, 1.004465771,
2127.055337748, 1.001750873,
2127.075769451, 1.004102935,
2127.096201055, 1.002110629,
2127.116632858, 1.005245658,
2127.137064562, 1.002053518,
2127.198359675, 1.003884607,
2127.218791479, 1.002701437,
2127.239223084, 1.004611363,
2127.259654789, 1.002489752,
2127.280086494, 1.004405786,
2127.300518200, 1.002421573,
2127.320949905, 1.004973213,
2127.341381711, 1.002213190,
2127.361813317, 1.004337354,
2127.382245023, 1.002331681,
2127.423108436, 1.002766678,
2127.443540243, 1.004598571,
2127.463971950, 1.001953652,
2127.484403557, 1.004940555,
2127.504835365, 1.001689228,
2127.525267072, 1.005192015,
2127.545698680, 1.001374833,
2127.566130488, 1.004282011,
2127.586562196, 1.001761734,
2127.606994004, 1.004802302,
2127.627425613, 1.002109060,
2127.688720739, 1.004229155,
2127.709152449, 1.001800921,
2127.729584258, 1.004496813,
2127.750015868, 1.001910545,
2127.770447678, 1.004692360,
2127.790879388, 1.002649298,
2127.811311098, 1.004465710,
2127.831742809, 1.002551930,
2127.893037941, 1.004923592,
2127.913469653, 1.003772712,
2127.933901364, 1.003513736,
2127.954333076, 1.003256437,
2127.974764788, 1.003873265,
2127.995196600, 1.002858130,
2128.015628212, 1.004645051,
2128.036059925, 1.002143994,
2128.056491737, 1.003994521,
2128.076923350, 1.002216373,
2128.097355063, 1.004440126,
2128.117786877, 1.002644726,
2128.158650304, 1.002684605,
2128.179082018, 1.004698556,
2128.199513632, 1.002372899,
2128.219945446, 1.003944456,
2128.240377161, 1.002291802,
2128.260808776, 1.004679595,
2128.281240591, 1.002135600,
2128.301672306, 1.004257442,
2128.322103921, 1.002612333,
2128.342535737, 1.005030445,
2128.362967452, 1.002305198,
2128.424262601, 1.004200190,
2128.444694418, 1.003391257,
2128.465126134, 1.003812025,
2128.485557751, 1.002281159,
2128.505989569, 1.004420988,
2128.526421286, 1.002014888,
2128.546853004, 1.004942522,
2128.567284721, 1.002721639,
2128.587716440, 1.004297297,
2128.628579876, 1.004031902,
2128.649011595, 1.003424942,
2128.669443314, 1.004501747,
2128.689875033, 1.002876010,
2128.710306852, 1.003651191,
2128.730738472, 1.003486836,
2128.751170191, 1.003682003,
2128.771602011, 1.004211923,
2128.792033632, 1.003205300,
2128.812465352, 1.003684648,
2128.832897173, 1.003142993,
2128.853328793, 1.000895712,
2128.914623957, 1.004070469,
2128.935055779, 1.002402905,
2128.955487500, 1.004489941,
2128.975919222, 1.003104316,
2128.996350945, 1.003875437,
2129.016782667, 1.003855870,
2129.037214390, 1.003445654,
2129.057646113, 1.003007306,
2129.078077836, 1.004096441,
2129.098509659, 1.002692543,
2129.159804830, 1.002451917,
2129.180236555, 1.003888889,
2129.200668179, 1.003661477,
2129.221100004, 1.002873813,
2129.241531728, 1.002952523,
2129.282395179, 1.002989420,
2129.302826904, 1.004669714,
2129.323258630, 1.003157655,
2129.343690356, 1.004374414,
2129.384553808, 1.003824365,
2129.404985535, 1.002813417,
2129.425417162, 1.003954704,
2129.445848989, 1.003117990,
2129.466280716, 1.004418661,
2129.486712543, 1.002165322,
2129.507144171, 1.004556774,
2129.527575899, 1.002046761,
2129.548007727, 1.004190616,
2129.568439355, 1.003348180,
2129.588871084, 1.004169115,
2129.650166371, 1.002363536,
2129.670598100, 1.003302765,
2129.691029830, 1.002962910,
2129.711461560, 1.003264809,
2129.731893290, 1.003447666,
2129.752325020, 1.003265967,
2129.772756751, 1.003762077,
2129.793188481, 1.003523313,
2129.813620212, 1.002777373,
2129.834052043, 1.004322350,
2129.874915506, 1.003571156,
2129.895347238, 1.003386503,
2129.915778870, 1.003603872,
2129.936210703, 1.004159899,
2129.956642435, 1.003806371,
2129.977074068, 1.003107615,
2129.997505901, 1.004324185,
2130.017937534, 1.002294536,
2130.038369368, 1.004704480,
2130.058801101, 1.002594022,
2130.079232735, 1.004941001,
2130.120096304, 1.004954868,
2130.140527938, 1.002829088,
2130.160959773, 1.004025754,
2130.181391508, 1.002830644,
2130.201823343, 1.003981925,
2130.222254979, 1.002322879,
2130.242686714, 1.004507058,
2130.263118550, 1.003446908,
2130.283550186, 1.004189709,
2130.303981923, 1.002943265,
2130.324413759, 1.003742591,
2130.365277133, 1.005105712,
2130.385708970, 1.001561655,
2130.406140708, 1.004243209,
2130.426572446, 1.002161851,
2130.447004184, 1.003911921,
2130.467435922, 1.003413388,
2130.487867760, 1.003771152,
2130.508299399, 1.003030242,
2130.528731138, 1.004792876,
2130.549162977, 1.002795978,
2130.569594616, 1.004976873,
2130.630889836, 1.002788051,
2130.651321676, 1.004662984,
2130.671753316, 1.001526381,
2130.692185057, 1.005201222,
2130.712616898, 1.002090502,
2130.733048539, 1.004621150,
2130.753480381, 1.002279361,
2130.773912122, 1.004405318,
2130.794343764, 1.002243816,
2130.814775606, 1.003742210,
2130.876070834, 1.001496430,
2130.896502577, 1.004832081,
2130.916934321, 1.002263860,
2130.937366064, 1.005101868,
2130.957797808, 1.001479129,
2130.978229652, 1.005496702,
2130.998661396, 1.002757168,
2131.019093041, 1.004578477,
2131.039524885, 1.002783795,
2131.059956630, 1.003695731,
2131.121251867, 1.003229608,
2131.141683612, 1.004547634,
2131.162115359, 1.003726150,
2131.182547105, 1.005011516,
2131.202978952, 1.003125756,
2131.223410598, 1.004819199,
2131.243842345, 1.002055548,
2131.264274093, 1.004295414,
2131.284705840, 1.002490332,
2131.305137688, 1.004734396,
2131.366432933, 1.001993554,
2131.386864582, 1.004949129,
2131.407296331, 1.001985661,
2131.427728180, 1.005770112,
2131.448159829, 1.002112402,
2131.468591579, 1.005154412,
2131.489023429, 1.002099525,
2131.509455079, 1.004920307,
2131.529886930, 1.002135645,
2131.550318681, 1.005017842,
2131.591182183, 1.005130077,
2131.611613934, 1.002055156,
2131.632045686, 1.005217618,
2131.652477538, 1.001332817,
2131.672909190, 1.004932250,
2131.693341042, 1.002054910,
2131.713772795, 1.004597446,
2131.734204448, 1.001758755,
2131.754636301, 1.005353961,
2131.775068054, 1.001738854,
2131.795499708, 1.004416801,
2131.856795170, 1.003706277,
2131.877226825, 1.004401650,
2131.897658579, 1.002765288,
2131.918090334, 1.004945631,
2131.938522090, 1.002265815,
2131.958953845, 1.005038945,
2131.979385601, 1.002929445,
2131.999817357, 1.004818947,
2132.020249113, 1.003234413,
2132.061112627, 1.003446917,
2132.081544484, 1.004675419,
2132.101976141, 1.002047870,
2132.122407899, 1.003778204,
2132.142839756, 1.003103478,
2132.183703173, 1.001936616,
2132.204135031, 1.005050185,
2132.224566790, 1.002097296,
2132.244998549, 1.005107073,
2132.265430309, 1.002286686,
2132.285862068, 1.005605628,
2132.347157348, 1.001951417,
2132.367589209, 1.005103925,
2132.388020870, 1.002941764,
2132.408452731, 1.003966341,
2132.428884492, 1.002392509,
2132.449316153, 1.004567246,
2132.469748015, 1.000963729,
2132.490179777, 1.004769323,
2132.510611440, 1.002633726,
2132.531043302, 1.004328762,
2132.571906728, 1.004568711,
2132.592338591, 1.002899346,
2132.612770355, 1.004669242,
2132.633202119, 1.002380112,
2132.653633883, 1.004960830,
2132.674065547, 1.002445095,
2132.694497412, 1.003791913,
2132.714929177, 1.002577254,
2132.735360942, 1.004299192,
2132.755792707, 1.002429293,
2132.776224473, 1.004988370,
2132.837519771, 1.002747349,
2132.857951638, 1.005034281,
2132.878383405, 1.003004956,
2132.898815072, 1.004644847,
2132.919246939, 1.002880404,
2132.939678707, 1.004642886,
2132.960110475, 1.001986060,
2132.980542243, 1.005064238,
2133.000974011, 1.002514764,
2133.021405880, 1.005401462,
2133.082701188, 1.001598647,
2133.103132857, 1.004812423,
2133.123564727, 1.002222182,
2133.143996498, 1.004100429,
2133.164428168, 1.002630053,
2133.184860039, 1.004077468,
2133.205291810, 1.003422206,
2133.225723481, 1.003332157,
2133.246155353, 1.003312180,
2133.266587125, 1.004040972,
2133.307450669, 1.004198543,
2133.327882341, 1.003218629,
2133.348314214, 1.004487743,
2133.368745987, 1.003261641,
2133.389177661, 1.004043873,
2133.409609535, 1.003224633,
2133.430041308, 1.003894615,
2133.450473083, 1.003308382,
2133.470904857, 1.003457794,
2133.491336632, 1.003784575,
2133.511768507, 1.003503393,
2133.552631957, 1.003983460,
2133.573063833, 1.003030100,
2133.593495609, 1.004877723,
2133.613927285, 1.003048066,
2133.654790939, 1.003011996,
2133.675222816, 1.004637888,
2133.695654493, 1.002851410,
2133.716086271, 1.004907361,
2133.736518149, 1.003300844,
2133.756949827, 1.004196408,
2133.777381605, 1.002756444,
2133.797813484, 1.003600605,
2133.818245163, 1.003180250,
2133.838676942, 1.004281360,
2133.859108822, 1.002588238,
2133.879540501, 1.003873267,
2133.899972381, 1.002101596,
2133.920404162, 1.003393460,
2133.940835842, 1.003267863,
2133.961267723, 1.003114771,
2133.981699404, 1.004045162,
2134.002131285, 1.002778093,
2134.063426631, 1.004207722,
2134.083858413, 1.003078597,
2134.104290196, 1.004670073,
2134.124721979, 1.003357709,
2134.145153762, 1.004018245,
2134.165585546, 1.003745140,
2134.186017330, 1.003875986,
2134.226880898, 1.003589273,
2134.267744468, 1.003635552,
2134.288176353, 1.004133332,
2134.308608138, 1.003546110,
2134.329039824, 1.004792890,
2134.349471710, 1.003430416,
2134.369903496, 1.004187074,
2134.390335183, 1.003246630,
2134.410767069, 1.004214970,
2134.431198856, 1.004136407,
2134.451630744, 1.002608887,
2134.472062431, 1.003094078,
2134.492494219, 1.004133982,
2134.553789585, 1.003352800,
2134.574221373, 1.002400423,
2134.594653163, 1.003592128,
2134.615085052, 1.002656402,
2134.635516842, 1.003516129,
2134.655948532, 1.002450726,
2134.676380423, 1.003846840,
2134.696812113, 1.002217842,
2134.717243904, 1.004759364,
2134.778539279, 1.003365351,
2134.798971171, 1.005315137,
2134.819402963, 1.003836863,
2134.839834755, 1.005189005,
2134.860266548, 1.003015523,
2134.880698341, 1.004399249,
2134.901130235, 1.003162274,
2134.921561929, 1.004202898,
2134.941993723, 1.004143247,
2134.962425617, 1.003858057,
2134.982857311, 1.003486439,
2135.044152697, 1.004126356,
2135.064584592, 1.003218106,
2135.085016388, 1.003825569,
2135.105448085, 1.003111110,
2135.125879981, 1.003531424,
2135.146311778, 1.002745107,
2135.166743675, 1.003989590,
2135.187175372, 1.002604602,
2135.207607170, 1.003979907,
2135.228039068, 1.003433323,
2135.268902565, 1.003040153,
2135.289334463, 1.004994313,
2135.309766162, 1.002524838,
2135.330197962, 1.005122243,
2135.350629762, 1.002829674,
2135.371061561, 1.004760240,
2135.391493462, 1.002594730,
2135.411925262, 1.005648628,
2135.432356963, 1.002571658,
2135.452788864, 1.005377683,
2135.473220665, 1.002417996,
2135.534516071, 1.005387390,
2135.554947973, 1.002078693,
2135.575379676, 1.004671295,
2135.595811479, 1.003186670,
2135.616243383, 1.004676556,
2135.636675086, 1.002986295,
2135.657106890, 1.004933237,
2135.677538794, 1.002829419,
2135.697970499, 1.005121923,
2135.718402404, 1.002314696,
2135.779697820, 1.003227981,
2135.800129626, 1.001016901,
2135.820561332, 1.004459652,
2135.840993238, 1.001940167,
2135.861425045, 1.004166223,
2135.881856852, 1.002465002,
2135.902288660, 1.004234303,
2135.922720467, 1.002929723,
2135.943152375, 1.005127065,
2135.963584084, 1.003021466,
2135.984015892, 1.004828971,
2136.004447701, 1.002950572,
2136.024879510, 1.004935454,
2136.045311320, 1.001881575,
2136.065743229, 1.005455751,
2136.086174939, 1.002218222,
2136.106606850, 1.004637908,
2136.127038660, 1.002671633,
2136.147470371, 1.005914965,
2136.167902282, 1.002226460,
2136.188334094, 1.004836384,
2136.208765806, 1.003292584,
2136.249629530, 1.002471916,
2136.270061443, 1.005248943,
2136.290493156, 1.002607548,
2136.310924969, 1.005294592,
2136.331356882, 1.002505244,
2136.351788596, 1.005358275,
2136.372220410, 1.002937046,
2136.392652325, 1.005063235,
2136.413084040, 1.003280375,
2136.433515855, 1.007040006,
2136.453947770, 1.007240126,
2136.515243218, 1.005583409,
2136.535675034, 1.002287585,
2136.556106851, 1.005132768,
2136.576538668, 1.002877637,
2136.596970485, 1.004781921,
2136.617402303, 1.003139075,
2136.637834121, 1.004804188,
2136.658265939, 1.002257375,
2136.678697758, 1.004753198,
2136.699129577, 1.002176733,
2136.760425035, 1.006033578,
2136.780856955, 1.001916628,
2136.801288676, 1.004936332,
2136.821720597, 1.001407810,
2136.842152418, 1.005283054,
2136.862584139, 1.001380025,
2136.883016061, 1.005373091,
2136.903447882, 1.001975747,
2136.923879605, 1.005647977,
2136.944311527, 1.002471170,
2137.005606996, 1.005364024,
2137.026038820, 1.002149237,
2137.046470744, 1.005222585,
2137.066902468, 1.002268633,
2137.087334293, 1.005471007,
2137.107766218, 1.002834989,
2137.128197943, 1.004621455,
2137.148629769, 1.003246434,
2137.169061695, 1.005053453,
2137.189493521, 1.002695032,
2137.250789001, 1.005294391,
2137.271220828, 1.002503509,
2137.291652656, 1.005752647,
2137.312084484, 1.002726897,
2137.332516312, 1.004228262,
2137.352948141, 1.002834569,
2137.373379970, 1.003892686,
2137.393811799, 1.002295008,
2137.414243628, 1.005010381,
2137.434675558, 1.002512988,
2137.495971050, 1.003809529,
2137.516402781, 1.002717150,
2137.536834712, 1.005081431,
2137.557266544, 1.002715813,
2137.577698276, 1.005692743,
2137.598130208, 1.001867796,
2137.618562040, 1.006170929,
2137.638993773, 1.001967430,
2137.659425707, 1.005143489,
2137.679857540, 1.003144360,
2137.720721208, 1.002874213,
2137.741153042, 1.004869308,
2137.761584977, 1.003059077,
2137.782016712, 1.005762623,
2137.802448548, 1.003083068,
2137.822880483, 1.005169761,
2137.843312219, 1.003701846,
2137.863744056, 1.003746550,
2137.884175992, 1.003455689,
2137.904607829, 1.004474457,
2137.925039667, 1.002865533,
2137.965903242, 1.003314117,
2137.986335180, 1.003647931,
2138.006767019, 1.003589965,
2138.027198758, 1.003555931,
2138.047630697, 1.002917908,
2138.068062536, 1.004691048,
2138.088494476, 1.002898825,
2138.108926216, 1.005001590,
2138.129358056, 1.003936985,
2138.149789997, 1.004906213,
2138.170221738, 1.003709148,
2138.231517263, 1.004210465,
2138.251949205, 1.002904093,
2138.272381048, 1.005101706,
2138.292812791, 1.003271111,
2138.313244734, 1.004741812,
2138.333676578, 1.002599528,
2138.354108322, 1.005510949,
2138.374540266, 1.003298685,
2138.394972110, 1.005079039,
2138.415403955, 1.002924028,
2138.435835800, 1.004724625,
2138.456267646, 1.002786904,
2138.476699592, 1.005108884,
2138.497131338, 1.002607740,
2138.517563184, 1.004955301,
2138.537995131, 1.003291179,
2138.558426978, 1.003900787,
2138.578858725, 1.003884263,
2138.599290673, 1.004227586,
2138.619722421, 1.004083093,
2138.640154369, 1.004270028,
2138.660586218, 1.004051630,
2138.721881766, 1.004067692,
2138.742313516, 1.004464977,
2138.762745466, 1.004220222,
2138.783177317, 1.004714818,
