BJD - 2454833, Corrected Flux
2061.305694373, 0.995268881,
2061.326126638, 1.001367112,
2061.346558803, 1.017126689,
2061.366990867, 1.010463476,
2061.387423132, 1.008334845,
2061.407855295, 1.007287866,
2061.489584045, 0.994373802,
2061.510016106, 0.996254458,
2061.530448267, 1.003406859,
2061.550880528, 1.000036327,
2061.571312688, 1.001345174,
2061.591744747, 1.008637679,
2061.612177007, 0.995064839,
2061.632609165, 0.988828022,
2061.653041224, 1.011004047,
2061.673473482, 1.002411723,
2061.693905639, 0.996897133,
2061.714337796, 1.001547408,
2061.734769953, 0.993452752,
2061.755202109, 1.002370961,
2061.775634264, 1.004811336,
2061.796066420, 0.996843925,
2061.816498574, 0.993305352,
2061.857362883, 1.005244262,
2061.877794936, 1.001010220,
2061.898227189, 0.992360340,
2061.918659342, 0.998760664,
2061.939091494, 1.001282782,
2061.959523646, 1.003055007,
2061.979955797, 1.003977119,
2062.000388048, 0.992801784,
2062.020820098, 0.994955654,
2062.041252249, 1.011609398,
2062.061684498, 1.006599786,
2062.082116547, 0.993891109,
2062.102548696, 0.988681406,
2062.143413092, 1.005786735,
2062.163845139, 1.003200178,
2062.225141579, 0.991278017,
2062.245573825, 1.011166934,
2062.266005970, 0.999449770,
2062.286438015, 0.992673096,
2062.306870259, 0.987532806,
2062.327302403, 0.996670723,
2062.347734647, 1.011337399,
2062.368166690, 1.002538384,
2062.388598832, 0.994589756,
2062.409031075, 0.998785894,
2062.429463116, 1.001041679,
2062.449895258, 1.003163587,
2062.470327399, 1.012263877,
2062.490759539, 0.997807426,
2062.511191679, 0.993507913,
2062.531623819, 1.011334201,
2062.552055958, 0.998007789,
2062.572488097, 1.003539067,
2062.592920235, 1.001642129,
2062.613352373, 0.995996066,
2062.633784510, 1.006752968,
2062.654216747, 1.001271960,
2062.674648784, 1.002325068,
2062.695081020, 0.996509147,
2062.715513156, 0.995472116,
2062.735945191, 1.009501598,
2062.756377426, 1.008273485,
2062.776809561, 0.998662242,
2062.797241595, 0.996101772,
2062.817673829, 1.001230152,
2062.838105962, 1.011363593,
2062.858537994, 1.005548075,
2062.878970227, 0.995890813,
2062.899402358, 0.996395781,
2062.919834390, 1.005876461,
2062.940266621, 1.014793456,
2062.960698751, 1.001087932,
2062.981130882, 0.995066432,
2063.001563012, 1.000870937,
2063.021995141, 0.999346991,
2063.042427270, 1.016154761,
2063.062859398, 1.002869563,
2063.083291526, 0.986125647,
2063.103723754, 1.004800440,
2063.124155881, 1.009624984,
2063.144587908, 0.999729909,
2063.165020134, 1.000464513,
2063.185452260, 0.994044715,
2063.205884286, 1.002346800,
2063.226316510, 1.006512683,
2063.246748535, 1.002161881,
2063.267180659, 0.999800567,
2063.308044906, 1.003690527,
2063.328477029, 1.003188352,
2063.348909252, 1.004989740,
2063.369341274, 1.001708301,
2063.389773396, 0.997955665,
2063.410205617, 1.000883061,
2063.430637638, 1.004166293,
2063.451069758, 1.002711528,
2063.471501978, 0.998860682,
2063.491934097, 0.996361586,
2063.512366216, 0.998637362,
2063.532798335, 1.009151576,
2063.553230453, 1.003364209,
2063.573662571, 0.997727731,
2063.594094689, 0.999512897,
2063.614526806, 1.006052135,
2063.634959022, 1.012104385,
2063.696255369, 1.000498278,
2063.716687384, 1.014802204,
2063.737119499, 0.997431739,
2063.757551713, 1.000760491,
2063.777983726, 0.988460205,
2063.798415840, 0.996979776,
2063.818848052, 1.019748095,
2063.839280064, 1.001478268,
2063.859712177, 0.991189048,
2063.880144388, 0.993416622,
2063.900576399, 0.997086632,
2063.921008610, 1.012283427,
2063.941440720, 1.002134096,
2063.961872730, 0.991406729,
2063.982304939, 1.003183249,
2064.002737048, 1.005599284,
2064.023169057, 1.006280712,
2064.043601265, 1.004236481,
2064.064033372, 0.995759211,
2064.084465380, 0.993545293,
2064.104897586, 1.001705774,
2064.554403832, 0.988807502,
2064.574836029, 1.001817909,
2064.595268126, 1.007512185,
2064.615700122, 1.007768471,
2064.636132318, 1.008827891,
2064.656564414, 0.989649932,
2064.738292692, 0.994611969,
2064.758724886, 0.993188684,
2064.779156879, 1.000601397,
2064.799589071, 1.008911476,
2064.820021164, 1.003875279,
2064.840453255, 0.998782908,
2064.860885347, 0.996016532,
2064.922181619, 1.002907059,
2064.942613709, 1.001939646,
2064.963045798, 0.998149806,
2064.983477987, 1.001642485,
2065.003909976, 1.005477479,
2065.024342064, 0.995285493,
2065.044774252, 1.001467708,
2065.065206239, 0.995953601,
2065.085638326, 0.999061929,
2065.106070512, 1.009135319,
2065.126502498, 0.997133641,
2065.146934584, 0.994848475,
2065.167366769, 0.998150599,
2065.187798754, 0.997249670,
2065.208230938, 1.004530958,
2065.228663023, 1.003792935,
2065.249095006, 0.989012693,
2065.269527189, 0.998453217,
2065.289959272, 1.012666152,
2065.310391355, 1.002186830,
2065.330823436, 1.000726147,
2065.351255518, 0.995682494,
2065.371687599, 0.996158127,
2065.392119680, 1.015035307,
2065.412551760, 1.008565943,
2065.432983840, 0.993446059,
2065.453415920, 0.998200208,
2065.473847998, 1.004525958,
2065.494279977, 1.010250091,
2065.535144234, 0.994462293,
2065.555576211, 0.996147780,
2065.576008388, 1.005967920,
2065.596440464, 1.012374611,
2065.657736692, 1.000375666,
2065.678168867, 1.008497784,
2065.698600842, 1.000154722,
2065.719032916, 1.001109734,
2065.739465090, 0.999815890,
2065.759897063, 1.001620095,
2065.780329136, 1.004450138,
2065.800761309, 1.004970411,
2065.821193381, 1.002693819,
2065.841625353, 0.993495756,
2065.862057524, 1.003179006,
2065.882489595, 1.003083781,
2065.902921566, 1.001556044,
2065.923353736, 1.007382891,
2065.943785805, 0.991635824,
2065.964217775, 1.002569531,
2065.984649944, 1.011436604,
2066.005082012, 1.000196012,
2066.025513980, 0.998751791,
2066.045946148, 0.997617181,
2066.066378215, 0.997981295,
2066.086810382, 1.010583396,
2066.148106480, 0.996306874,
2066.168538546, 1.011285228,
2066.188970611, 1.008361820,
2066.209402675, 0.996508056,
2066.229834739, 0.997795387,
2066.250266803, 1.002086047,
2066.270698866, 1.003421442,
2066.291130929, 1.013685476,
2066.311562992, 0.999141009,
2066.331995153, 0.993389784,
2066.393291337, 1.005489752,
2066.413723298, 0.997729310,
2066.434155358, 0.996834670,
2066.454587518, 1.007655387,
2066.475019477, 1.002756281,
2066.495451536, 1.001299558,
2066.515883694, 1.003471731,
2066.536315652, 0.993217156,
2066.556747810, 1.002503550,
2066.577179867, 1.011405859,
2066.597611824, 0.993759184,
2066.618043980, 0.995738819,
2066.638476036, 1.004729834,
2066.658908092, 0.999562804,
2066.679340147, 1.011838927,
2066.699772202, 0.999218379,
2066.720204256, 0.986654727,
2066.740636310, 1.004462788,
2066.761068364, 1.007190787,
2066.781500417, 1.002474439,
2066.801932570, 0.996549759,
2066.822364523, 0.993596715,
2066.863228626, 1.002120664,
2066.883660678, 1.006284612,
2066.904092728, 0.996187676,
2066.924524879, 0.988623911,
2066.944956829, 0.997626366,
2066.965388779, 1.011874301,
2066.985820928, 1.003396592,
2067.006252977, 0.994383233,
2067.026685125, 0.994230413,
2067.047117073, 1.005252164,
2067.067549121, 1.004380298,
2067.087981268, 1.003213415,
2067.108413215, 0.999760865,
2067.128845262, 0.991271992,
2067.149277408, 1.006926268,
2067.169709453, 1.011607765,
2067.190141399, 0.993306160,
2067.210573544, 0.992041258,
2067.231005588, 1.004910489,
2067.251437532, 1.005955386,
2067.271869676, 1.007556855,
2067.292301719, 0.996382183,
2067.312733662, 0.995894680,
2067.353597847, 1.007350809,
2067.374029788, 1.001764918,
2067.394461930, 0.997772973,
2067.414893971, 0.991485620,
2067.435325911, 1.003623372,
2067.455758051, 1.010073673,
2067.476190091, 1.002904998,
2067.496622231, 0.996348357,
2067.517054170, 0.995972562,
2067.537486208, 1.001123035,
2067.557918346, 1.006333696,
2067.578350284, 1.000167676,
2067.598782322, 1.002320176,
2067.619214359, 0.999921770,
2067.639646495, 0.999437897,
2067.660078432, 1.000642026,
2067.680510468, 1.003260224,
2067.700942503, 1.003389404,
2067.721374538, 0.991560741,
2067.741806673, 1.004331201,
2067.762238607, 1.016920271,
2067.782670641, 0.996795753,
2067.803102774, 1.000339081,
2067.864398872, 1.014017649,
2067.884830805, 0.998982747,
2067.905262936, 0.986199693,
2067.925694967, 1.007908790,
2067.946126898, 1.012120253,
2067.966559028, 1.001420369,
2067.986991058, 0.990815300,
2068.007423088, 0.990850445,
2068.048287146, 1.012397837,
2068.130015257, 1.004689199,
2068.150447384, 1.009120525,
2068.170879310, 0.994252155,
2068.191311337, 0.995882014,
2068.211743463, 1.005002522,
2068.232175388, 1.006511100,
2068.252607413, 1.004192443,
2068.273039537, 1.003632738,
2068.293471461, 0.998437301,
2068.313903485, 0.998906583,
2068.334335609, 1.009984365,
2068.354767532, 1.000754584,
2068.375199654, 0.996444109,
2068.395631577, 1.002216721,
2068.416063599, 0.999483270,
2068.436495720, 0.997925624,
2068.456927641, 1.009287668,
2068.477359661, 1.002009679,
2068.497791782, 0.989327812,
2068.518223702, 1.001575631,
2068.538655721, 1.011101119,
2068.559087841, 1.003956309,
2068.579519859, 0.996179083,
2068.599951778, 0.992235805,
2068.620383895, 1.004377893,
2068.640815913, 1.005476928,
2068.661247830, 0.999772223,
2068.681679947, 0.997651404,
2068.702111964, 0.994133248,
2068.722543880, 1.005027160,
2068.742975995, 1.005661374,
2068.763408011, 0.993880581,
2068.783840126, 0.994110193,
2068.845136168, 1.005540269,
2068.865568082, 0.992885707,
2068.886000095, 0.996123412,
2068.906432207, 1.003938900,
2068.926864120, 1.008352984,
2068.947296131, 0.998161635,
2068.967728243, 0.991924411,
2068.988160254, 0.993457323,
2069.008592165, 1.001550321,
2069.029024275, 1.005948273,
2069.049456285, 1.004250894,
2069.069888195, 0.988410721,
2069.090320304, 0.996051803,
2069.110752213, 1.011053554,
2069.131184221, 1.000955740,
2069.151616329, 1.004831088,
2069.172048337, 1.001120481,
2069.192480244, 0.989894714,
2069.212912351, 1.006848963,
2069.233344257, 1.004709091,
2069.253776364, 1.000471767,
2069.274208369, 1.003667558,
2069.315072380, 0.999630885,
2069.335504384, 1.008555267,
2069.355936289, 0.998211942,
2069.376368393, 0.997988748,
2069.396800396, 1.002638406,
2069.417232399, 1.003183635,
2069.437664402, 1.007472521,
2069.458096404, 0.992070701,
2069.478528407, 0.996571988,
2069.498960408, 1.007645142,
2069.519392409, 1.005693007,
2069.580688411, 0.991945643,
2069.601120411, 1.007174636,
2069.621552510, 1.008932611,
2069.641984409, 0.999322243,
2069.662416507, 0.990929827,
2069.682848506, 0.998823210,
2069.723712501, 1.007816702,
2069.744144498, 1.003630444,
2069.764576395, 0.990792765,
2069.785008491, 0.996896368,
2069.805440487, 1.012124366,
2069.825872383, 1.000251756,
2069.846304478, 0.996510378,
2069.866736373, 0.998511573,
2069.887168467, 1.000198810,
2069.907600462, 1.011775562,
2069.928032455, 1.011838385,
2069.948464349, 0.997573769,
2069.968896442, 1.000095594,
2069.989328434, 1.002811262,
2070.009760327, 0.995916221,
2070.091488392, 0.999817718,
2070.111920382, 1.004374192,
2070.132352472, 1.007041884,
2070.152784362, 0.998717919,
2070.173216351, 0.994273969,
2070.193648440, 1.005537263,
2070.214080328, 1.006996614,
2070.234512317, 0.997478409,
2070.254944404, 0.996886556,
2070.275376292, 1.000548295,
2070.295808279, 1.003614198,
2070.336672252, 0.999895792,
2070.357104238, 0.991087744,
2070.377536323, 0.998182906,
2070.397968308, 1.013890092,
2070.418400193, 1.003624597,
2070.438832278, 0.993944481,
2070.459264262, 0.995138389,
2070.479696146, 0.993200375,
2070.500128229, 1.016808621,
2070.540992294, 0.990883939,
2070.561424177, 0.996855573,
2070.581856058, 1.004504646,
2070.602288140, 1.003748002,
2070.622720121, 1.004466216,
2070.643152002, 0.987530345,
2070.663584082, 0.998696578,
2070.684016062, 1.006061163,
2070.704447942, 1.001003112,
2070.724880021, 1.004307436,
2070.745312000, 0.999408520,
2070.765743979, 0.992686642,
2070.786175957, 1.006318455,
2070.806607935, 1.003377491,
2070.847471889, 1.000696290,
2070.867903866, 1.000638490,
2070.888335843, 1.001935535,
2070.908767918, 1.006095794,
2070.929199794, 1.004708931,
2070.949631869, 0.999226805,
2070.970063844, 1.002441773,
2071.051791640, 0.995097689,
2071.072223713, 1.000455292,
2071.092655686, 1.009814521,
2071.113087558, 0.997330838,
2071.133519630, 0.993870167,
2071.153951602, 0.999960714,
2071.174383473, 1.002414016,
2071.194815544, 1.005788065,
2071.235679485, 0.987307005,
2071.296975393, 1.006006232,
2071.317407362, 0.996626554,
2071.337839330, 0.991485240,
2071.378703266, 1.012890644,
2071.399135233, 1.004629322,
2071.419567300, 0.991744364,
2071.439999166, 0.997578280,
2071.460431132, 1.001356809,
2071.480863198, 1.008244556,
2071.501295064, 1.007807736,
2071.521727029, 0.993748302,
2071.542159094, 0.996838339,
2071.562590958, 1.003214160,
2071.583022922, 1.007812369,
2071.603454986, 1.001126444,
2071.623886849, 0.999364900,
2071.644318812, 1.002163424,
2071.664750874, 1.002122157,
2071.685182736, 1.006631248,
2071.705614698, 1.000374857,
2071.746478721, 1.004150183,
2071.766910682, 0.999183081,
2071.787342642, 1.006048341,
2071.828206562, 0.993161524,
2071.869070481, 1.003714803,
2071.889502539, 1.002574491,
2071.909934397, 1.001287407,
2071.930366355, 0.993850619,
2071.950798413, 0.996146438,
2071.971230270, 1.009845477,
2072.093822006, 1.008216809,
2072.114253961, 0.989372497,
2072.134685915, 0.990219554,
2072.155117869, 1.006250654,
2072.175549822, 1.010207327,
2072.195981776, 1.001632190,
2072.236845781, 0.995808432,
2072.257277734, 1.004439425,
2072.277709585, 1.003320452,
2072.298141637, 0.995304904,
2072.318573588, 0.992293735,
2072.339005439, 0.997342725,
2072.359437490, 1.006469725,
2072.379869439, 1.002532066,
2072.400301290, 0.993712475,
2072.420733339, 0.996597978,
2072.441165288, 1.003848398,
2072.502461133, 0.994226694,
2072.522892981, 0.996828433,
2072.543325028, 1.001194657,
2072.563756975, 1.003188511,
2072.584188921, 0.999309925,
2072.604620867, 0.995986415,
2072.625052813, 0.992068622,
2072.645484859, 1.001026939,
2072.665916704, 1.010468045,
2072.686348649, 0.997136544,
2072.706780694, 0.989465424,
2072.747644481, 0.996800177,
2072.768076525, 1.003469517,
2072.788508468, 1.009727833,
2072.808940310, 0.987420189,
2072.829372353, 0.990273851,
2072.849804195, 1.010800691,
2072.870236137, 1.008002919,
2072.890668178, 0.988837381,
2072.931531960, 1.001847299,
2072.951964000, 1.004828869,
2072.972395840, 1.008729238,
2072.992827779, 0.989375082,
2073.013259819, 0.987872083,
2073.033691657, 1.009713121,
2073.054123696, 1.008890970,
2073.074555634, 0.996154659,
2073.094987572, 0.993878645,
2073.115419510, 1.000647327,
2073.135851447, 1.003326204,
2073.156283384, 1.004568468,
2073.176715320, 1.003851600,
2073.258443062, 1.009375754,
2073.278874997, 0.991668716,
2073.299307032, 0.997794454,
2073.319738865, 1.007007367,
2073.340170799, 0.997281893,
2073.360602833, 1.005514475,
2073.381034666, 1.010382172,
2073.401466598, 0.988808068,
2073.421898531, 0.996235675,
2073.442330463, 1.006836780,
2073.462762494, 1.000628851,
2073.483194326, 0.998229150,
2073.503626256, 0.999524254,
2073.524058287, 0.995953514,
2073.544490117, 1.009878886,
2073.564922047, 1.008442043,
2073.585354077, 0.991426297,
2073.605786006, 0.996982455,
2073.626217835, 0.999081525,
2073.646649864, 1.008488957,
2073.667081792, 1.003505319,
2073.687513620, 0.990119739,
2073.748809401, 1.008653388,
2073.769241427, 0.996300668,
2073.789673354, 0.993745226,
2073.810105179, 0.995830118,
2073.830537205, 1.000962079,
2073.850969130, 1.006100630,
2073.871401155, 0.991699095,
2073.891832979, 0.996257181,
2073.912264903, 0.999446289,
2073.932696927, 0.995591011,
2073.993992696, 0.983324743,
2074.014424519, 1.001453789,
2074.034856441, 1.008258875,
2074.055288462, 0.995406987,
2074.075720384, 0.994494619,
2074.096152205, 0.999278575,
2074.116584226, 0.997070623,
2074.137016046, 1.004585622,
2074.157447966, 1.000347542,
2074.239175743, 1.005480879,
2074.259607561, 0.996052747,
2074.280039479, 0.997654391,
2074.300471497, 0.999766425,
2074.320903314, 0.999074314,
2074.341335331, 1.000571787,
2074.361767248, 1.002053557,
2074.382199064, 0.998045861,
2074.402631080, 0.995852981,
2074.423062996, 1.003392822,
2074.443494911, 1.003658130,
2074.463926826, 0.996825092,
2074.484358740, 0.994699913,
2074.504790655, 1.002156929,
2074.545654482, 1.001393393,
2074.566086396, 0.999184835,
2074.586518409, 0.988746682,
2074.606950221, 1.007678384,
2074.627382134, 1.008402028,
2074.647814146, 0.992192068,
2074.709109879, 1.004782456,
2074.729541690, 1.009341422,
2074.749973700, 0.998328226,
2074.770405610, 0.992522608,
2074.790837420, 0.992561587,
2074.811269429, 1.007282050,
2074.831701338, 1.011360042,
2074.852133147, 0.991025456,
2074.872565155, 0.988943988,
2074.892996963, 1.010093828,
2074.913428871, 1.008015895,
2074.954292685, 1.002357303,
2074.974724592, 0.998259565,
2074.995156598, 0.996743288,
2075.015588504, 1.009776598,
2075.036020310, 1.005509747,
2075.076884220, 0.999432357,
2075.097316025, 1.003288822,
2075.117748029, 1.000409063,
2075.138179933, 1.007874667,
2075.158611936, 1.001761832,
2075.179043740, 0.995483442,
2075.199475643, 1.000684134,
2075.219907646, 1.006630555,
2075.240339448, 1.006153352,
2075.260771350, 1.000462449,
2075.281203352, 0.995369722,
2075.301635153, 1.002681131,
2075.322067054, 1.009232602,
2075.362930855, 0.992792963,
2075.383362755, 1.000680779,
2075.403794755, 1.004022513,
2075.465090452, 0.989957606,
2075.485522350, 1.002909254,
2075.505954149, 1.007082771,
2075.526386147, 1.007598394,
2075.546818044, 0.993981529,
2075.567249941, 0.986686468,
2075.587681838, 1.007417834,
2075.608113734, 1.011017345,
2075.628545630, 0.994726583,
2075.648977526, 0.991107688,
2075.710273212, 1.002912129,
2075.730705006, 0.998169708,
2075.751137000, 0.995132740,
2075.771568894, 0.998726405,
2075.792000688, 1.002093035,
2075.812432681, 0.997448490,
2075.832864574, 0.996660045,
2075.853296466, 1.000173178,
2075.873728359, 0.988455728,
2075.894160251, 0.998321138,
2075.955455924, 0.998338381,
2075.975887915, 1.000575825,
2075.996319805, 1.000801771,
2076.016751595, 1.005347440,
2076.037183585, 0.994914763,
2076.057615474, 0.994110190,
2076.078047264, 0.997909792,
2076.098479252, 1.004064309,
2076.118911140, 1.003731804,
2076.139342929, 0.996578573,
2076.159774916, 0.993488537,
2076.180206804, 1.004701087,
2076.200638591, 1.006139274,
2076.221070578, 0.999510534,
2076.241502464, 0.996390606,
2076.261934350, 0.994997238,
2076.282366236, 1.002982969,
2076.302798121, 1.010766000,
2076.323230007, 0.999299531,
2076.343661892, 0.991794099,
2076.364093776, 1.002432177,
2076.384525660, 1.006043277,
2076.425389428, 0.999439090,
2076.445821311, 0.990228205,
2076.466253194, 1.003161814,
2076.486685077, 1.016564437,
2076.507117059, 0.999742135,
2076.527548841, 0.990554774,
2076.547980723, 0.999850373,
2076.568412704, 1.000195381,
2076.588844485, 1.002937664,
2076.609276366, 1.011385167,
2076.670572006, 1.011354161,
2076.691003985, 0.999820181,
2076.711435764, 1.002460509,
2076.731867643, 1.003834164,
2076.752299622, 0.992343695,
2076.772731400, 1.002178538,
2076.793163378, 0.999981659,
2076.834027133, 0.999339201,
2076.854459010, 0.991936942,
2076.874890886, 1.005982020,
2076.915754739, 1.003961236,
2076.936186514, 1.003759468,
2076.977050365, 1.002628529,
2076.997482140, 1.003907828,
2077.017914014, 0.999461626,
2077.038345888, 0.993956973,
2077.058777762, 1.003195003,
2077.079209635, 1.015522672,
2077.099641508, 0.998391272,
2077.120073381, 0.988183144,
2077.140505154, 0.998875271,
2077.160937126, 1.000684039,
2077.181368998, 1.008456190,
2077.201800970, 1.003486430,
2077.222232741, 0.989121862,
2077.242664612, 0.992756517,
2077.263096583, 1.008169014,
2077.283528353, 1.002548466,
2077.303960223, 1.004195316,
2077.324392193, 0.993875598,
2077.344824062, 0.990171706,
2077.365255831, 0.999365463,
2077.426551437, 1.003228838,
2077.446983405, 0.991250497,
2077.467415273, 0.999184256,
2077.487847040, 1.008972138,
2077.508279007, 0.991537572,
2077.528710873, 0.994890483,
2077.549142640, 1.001730219,
2077.569574606, 0.995657436,
2077.590006471, 1.000155934,
2077.671734031, 0.998257123,
2077.692165796, 1.003199464,
2077.712597659, 0.998242125,
2077.733029623, 0.997056696,
2077.753461386, 0.999455503,
2077.773893249, 1.000697113,
2077.794325112, 1.004944843,
2077.814757074, 0.992448415,
2077.835188836, 0.995395554,
2077.855620798, 1.010320044,
2077.937348142, 0.991503785,
2077.957780102, 1.023140900,
2077.978211962, 1.001596320,
2077.998643722, 0.993794573,
2078.019075681, 1.002261055,
2078.039507540, 0.993706145,
2078.059939299, 1.011831130,
2078.080371257, 1.005490929,
2078.100803115, 0.992368175,
2078.162098688, 1.012053322,
2078.182530545, 1.002840936,
2078.202962401, 0.993500047,
2078.223394257, 0.997897848,
2078.243826113, 1.004949488,
2078.366417343, 1.005430162,
2078.509440214, 0.995748477,
2078.652463170, 1.010636378,
2078.672895119, 1.002707456,
2078.734190667, 1.003076806,
2078.795486211, 0.991084554,
2078.836350006, 1.000985231,
2078.897645546, 0.990650224,
2078.938509138, 1.015978905,
2078.979372829, 0.993182700,
2078.999804674, 0.995888037,
2079.040668363, 1.007845939,
2079.081532150, 0.999543897,
2079.142827680, 1.004232895,
2079.163259522, 0.992914545,
2079.183691364, 0.996991183,
2079.204123207, 1.000494501,
2079.224555048, 1.000172465,
2079.244986890, 1.010976182,
2079.285850472, 0.998276743,
2079.326714252, 0.997457816,
2079.388009771, 0.990531773,
2079.408441510, 0.997634285,
2079.428873449, 1.004165648,
2079.449305287, 1.006651550,
2079.469737026, 1.003179149,
2079.490168964, 0.990565843,
2079.510600801, 0.991819386,
2079.531032638, 1.019244518,
2079.551464475, 1.005117252,
2079.571896312, 0.989698177,
2079.592328249, 1.002018416,
2079.633191820, 1.003328045,
2079.653623756, 1.007254030,
2079.674055591, 0.991941061,
2079.694487326, 0.988371717,
2079.714919261, 1.000123417,
2079.735351095, 1.006860817,
2079.755782829, 1.002879391,
2079.776214763, 1.000944621,
2079.878373828, 0.994648291,
2079.898805760, 1.003632871,
2079.919237592, 1.003785059,
2079.939669324, 1.005405294,
2079.960101255, 0.995517171,
2079.980533086, 0.991244476,
2080.000964916, 1.010718442,
2080.041828577, 0.994336150,
2080.123555895, 1.007923510,
2080.143987723, 0.997490443,
2080.164419552, 1.002995404,
2080.205283207, 0.990500675,
2080.225715035, 1.008779173,
2080.246146962, 1.010291876,
2080.266578689, 0.990701479,
2080.287010516, 0.991178067,
2080.307442442, 1.010303817,
2080.368737920, 0.988831262,
2080.389169645, 0.991555027,
2080.409601570, 1.000973332,
2080.430033395, 1.010954489,
2080.450465119, 1.001009782,
2080.470897043, 0.996672741,
2080.491328867, 1.003953457,
2080.532192514, 1.000719360,
2080.552624337, 0.990163059,
2080.573056160, 0.993704835,
2080.593487982, 1.003929628,
2080.613919804, 1.006809576,
2080.634351626, 0.999858054,
2080.654783548, 0.995388408,
2080.675215269, 0.993654373,
2080.695647090, 0.999874632,
2080.716078911, 1.011170419,
2080.736510731, 0.995306569,
2080.756942452, 0.992744444,
2080.777374372, 1.000453414,
2080.797806191, 0.997616578,
2080.859101649, 0.990065626,
2080.879533567, 1.002125153,
2080.899965286, 1.001476690,
2080.920397103, 1.002508829,
2080.940829021, 1.002946729,
2080.961260739, 0.995500569,
2080.981692556, 0.993265009,
2081.002124473, 1.000726622,
2081.022556289, 1.005149824,
2081.042988006, 1.002273561,
2081.063419922, 0.994642219,
2081.083851737, 0.998792201,
2081.104283453, 1.002738608,
2081.124715368, 1.003586627,
2081.145147183, 0.997205975,
2081.165578898, 0.996791439,
2081.186010812, 1.000875558,
2081.206442626, 1.003120121,
2081.226874540, 1.004607454,
2081.247306253, 0.997379603,
2081.267738067, 0.991458549,
2081.288169980, 1.003713224,
2081.349465417, 0.994449001,
2081.369897129, 0.997445837,
2081.390328941, 1.006683238,
2081.410760752, 1.009008026,
2081.431192563, 0.997668332,
2081.451624374, 0.991310450,
2081.472056185, 1.003611490,
2081.492487995, 1.003560451,
2081.512919805, 1.003132210,
2081.533351615, 1.000555765,
2081.553783424, 0.992048725,
2081.574215233, 0.998514373,
2081.594647142, 1.013785302,
2081.615078851, 0.996091953,
2081.635510759, 0.991926263,
2081.655942567, 0.998206372,
2081.676374275, 1.002024546,
2081.696806183, 1.009344244,
2081.717237990, 0.998597973,
2081.737669697, 0.996947855,
2081.758101604, 1.003347887,
2081.839828828, 0.997965117,
2081.860260634, 0.992498318,
2081.880692439, 0.998935730,
2081.901124244, 1.009054604,
2081.921556048, 0.998195816,
2081.941987853, 0.994963826,
2081.962419657, 0.995891942,
2082.003283264, 1.009236072,
2082.023715067, 1.002721847,
2082.044146970, 0.994635712,
2082.064578773, 0.997700500,
2082.085010476, 0.995887086,
2082.105442378, 1.004142000,
2082.125874080, 1.003616155,
2082.146305881, 0.987266394,
2082.166737783, 1.003590647,
2082.187169484, 1.010978052,
2082.207601285, 0.995232729,
2082.228033185, 0.994346370,
2082.248464886, 0.997242630,
2082.268896686, 1.004234766,
2082.330192085, 0.992234762,
2082.350623983, 1.004231888,
2082.371055682, 1.008675150,
2082.391487481, 1.010988335,
2082.411919379, 1.003823766,
2082.432351177, 0.987036844,
2082.452782974, 0.999150891,
2082.473214772, 1.012295620,
2082.493646569, 1.003569044,
2082.514078466, 1.002015998,
2082.534510163, 0.998463799,
2082.554941959, 0.995633288,
2082.575373855, 1.005656191,
2082.595805551, 1.011249308,
2082.616237347, 1.001815968,
2082.636669242, 0.997034714,
2082.657100937, 1.004150430,
2082.677532732, 0.998974763,
2082.697964626, 1.005588864,
2082.718396321, 1.003868144,
2082.738828115, 0.991667800,
2082.820555388, 1.005520894,
2082.840987081, 0.992823414,
2082.861418973, 1.001731423,
2082.881850766, 1.015795486,
2082.902282458, 0.997601608,
2082.922714349, 0.997079472,
2082.943146141, 0.999355093,
2082.963577832, 1.004082743,
2082.984009723, 1.016554129,
2083.004441513, 0.998221367,
2083.024873204, 0.988147341,
2083.045305094, 1.005389462,
2083.065736884, 1.010556527,
2083.086168574, 1.008454185,
2083.106600463, 0.995015541,
2083.127032252, 0.993371599,
2083.147463941, 1.002149392,
2083.167895829, 1.009854216,
2083.188327618, 1.002157733,
2083.208759506, 0.997994879,
2083.229191194, 1.004486694,
2083.310918342, 0.996884227,
2083.331350229, 0.993080321,
2083.351782015, 1.008194937,
2083.372213701, 1.010465927,
2083.392645587, 0.996782515,
2083.413077373, 1.003025110,
2083.433509058, 0.998996414,
2083.453940943, 0.999571087,
2083.474372728, 1.010582975,
2083.494804412, 1.004544026,
2083.515236296, 0.997432890,
2083.535668080, 1.001925457,
2083.556099964, 1.003646200,
2083.576531648, 1.009210556,
2083.596963431, 1.000952601,
2083.617395214, 0.993192229,
2083.637826997, 1.006808665,
2083.658258679, 0.999077610,
2083.678690561, 1.006087786,
2083.699122343, 1.011226935,
2083.719554025, 0.996267433,
2083.739985907, 1.009137634,
2083.801281249, 0.991432552,
2083.821713030, 1.001124700,
2083.842144810, 1.007160000,
2083.862576590, 1.009063492,
2083.883008370, 0.999890656,
2083.903440149, 0.991295604,
2083.923872029, 1.000035586,
2083.944303708, 1.012368368,
2083.964735586, 1.005591123,
2083.985167365, 0.997108184,
2084.005599043, 0.996819349,
2084.026030921, 0.997947859,
2084.046462699, 1.011823758,
2084.066894376, 1.007870019,
2084.087326254, 0.991012347,
2084.107758030, 0.998778926,
2084.128189707, 1.007519969,
2084.148621584, 1.004172891,
2084.169053360, 1.011320917,
2084.189485136, 0.995018132,
2084.209916912, 0.996179946,
2084.291644012, 1.003409176,
2084.312075787, 0.995976060,
2084.332507561, 1.001791156,
2084.352939335, 1.004731993,
2084.373371109, 1.005370595,
2084.393802882, 0.998732201,
2084.414234656, 0.996839561,
2084.434666529, 1.001499469,
2084.455098202, 1.004491029,
2084.475529974, 1.000483538,
2084.495961847, 0.996411573,
2084.516393519, 1.001413945,
2084.536825291, 1.004177109,
2084.557257162, 1.005576905,
2084.577688833, 1.003068859,
2084.598120605, 0.993616502,
2084.618552475, 0.993488489,
2084.638984146, 1.009906809,
2084.659415917, 1.014653916,
2084.679847787, 0.994469068,
2084.700279456, 1.001072063,
2084.782006634, 0.989462727,
2084.802438402, 0.993427588,
2084.822870171, 1.013091842,
2084.843301939, 1.005048114,
2084.863733707, 1.003974712,
2084.884165475, 1.001298264,
2084.904597342, 0.991769446,
2084.925029009, 1.008348748,
2084.945460776, 1.009670164,
2085.006756076, 1.001425446,
2085.027187942, 1.001934616,
2085.047619608, 1.006347633,
2085.068051373, 1.000959026,
2085.088483239, 1.004103249,
2085.108914904, 1.004213917,
2085.149778433, 1.010145600,
2085.170210198, 1.002120541,
2085.190642062, 0.994003691,
2085.211073726, 1.002931435,
2085.231505489, 1.011568204,
2085.251937353, 0.998998558,
2085.272369116, 1.000811281,
2085.292800779, 0.999789465,
2085.313232642, 0.998825841,
2085.333664404, 1.011780734,
2085.354096066, 1.014376747,
2085.374527928, 0.989038078,
2085.394959690, 0.992276758,
2085.415391352, 1.016030499,
2085.517550256, 1.010751817,
2085.537982116, 1.004969898,
2085.558413776, 0.995985193,
2085.578845536, 0.993951984,
2085.599277395, 0.998468751,
2085.619709054, 1.009258603,
2085.640140813, 1.004273141,
2085.660572672, 0.996400159,
2085.681004330, 1.000219634,
2085.701436089, 1.004787741,
2085.762731362, 0.994902317,
2085.783163219, 0.996764488,
2085.803594977, 1.012718008,
2085.824026734, 1.007022160,
2085.844458490, 0.994511114,
2085.864890147, 0.998104465,
2085.885322003, 1.003374256,
2085.905753759, 1.000255691,
2085.926185415, 1.004801060,
2085.946617270, 1.007559672,
2085.967049025, 0.993499123,
2085.987480680, 0.998270547,
2086.007912535, 1.010430262,
2086.028344290, 1.008708175,
2086.048775944, 1.007193348,
2086.069207798, 0.994989499,
2086.089639552, 0.997458687,
2086.110071306, 1.011550397,
2086.130503059, 1.004013585,
2086.150934812, 1.001983958,
2086.171366565, 1.001693553,
2086.191798318, 0.999359673,
2086.253093675, 0.994825512,
2086.273525327, 0.998374210,
2086.293957178, 1.002523181,
2086.314388930, 1.010051997,
2086.355252432, 0.997658106,
2086.375684183, 0.991343926,
2086.396115833, 1.011052309,
2086.416547683, 1.008725745,
2086.436979433, 1.000253907,
2086.457411083, 0.998121414,
2086.477842933, 0.997487043,
2086.498274682, 1.002217553,
2086.518706331, 1.011858933,
2086.539138180, 1.000873722,
2086.559569829, 0.990007909,
2086.580001677, 1.000631903,
2086.600433426, 1.010924969,
2086.620865174, 1.002064605,
2086.641296921, 1.002164456,
2086.661728669, 0.994329765,
2086.743455657, 1.004640854,
2086.763887403, 0.995181910,
2086.784319150, 0.998036389,
2086.804750896, 1.013439508,
2086.825182741, 0.999689367,
2086.845614387, 0.996777906,
2086.866046132, 1.007153181,
2086.886477977, 1.001548196,
2086.906909622, 1.006198326,
2086.927341467, 1.010201530,
2086.947773211, 0.995646066,
2086.968204856, 0.995184632,
2087.009068444, 1.008645983,
2087.029500087, 1.004987064,
2087.049931931, 0.999403437,
2087.070363674, 0.996329747,
2087.090795417, 1.004578225,
2087.111227159, 1.014511234,
2087.131658902, 1.003389373,
2087.152090644, 0.993712031,
2087.233817611, 0.999756252,
2087.254249352, 0.996881382,
2087.274681193, 1.010000196,
2087.295112834, 1.011596826,
2087.315544574, 1.004861422,
2087.335976415, 0.993129497,
2087.356408055, 0.999206725,
2087.376839795, 1.009673615,
2087.397271635, 1.009564875,
2087.417703274, 0.992465573,
2087.438135013, 0.993859262,
2087.458566852, 1.012488757,
2087.478998491, 1.003790939,
2087.499430229, 1.002538181,
2087.519862068, 1.004568525,
2087.540293706, 0.989883876,
2087.560725444, 1.003612939,
2087.581157282, 1.011129324,
2087.601588919, 1.001626710,
2087.622020757, 1.002998458,
2087.642452494, 1.000292180,
2087.662884231, 0.999208898,
2087.724179440, 0.996274132,
2087.744611276, 0.998022326,
2087.765042912, 0.993773235,
2087.785474647, 1.003915672,
2087.805906483, 1.011875056,
2087.826338118, 0.999857461,
2087.846769853, 0.991224443,
2087.867201688, 1.000200600,
2087.887633322, 1.011189147,
2087.908065057, 1.001894936,
2087.928496891, 1.001482068,
2087.948928524, 0.997903177,
2087.969360258, 1.002465515,
2087.989791992, 1.011508774,
2088.010223725, 1.000031585,
2088.030655558, 0.996345234,
2088.051087191, 1.000438188,
2088.071518924, 1.004268603,
2088.091950756, 1.010500968,
2088.112382488, 0.997128141,
2088.214541146, 1.000031471,
2088.234972877, 0.994970617,
2088.255404508, 1.007848143,
2088.275836339, 1.012297038,
2088.296268069, 1.001657452,
2088.316699699, 0.996512481,
2088.337131529, 0.999649164,
2088.357563259, 1.001143352,
2088.377995089, 1.005245652,
2088.398426718, 1.008609246,
2088.418858447, 0.995432206,
2088.439290276, 0.993220118,
2088.459721905, 1.010276370,
2088.500585461, 0.998048049,
2088.521017090, 1.000488657,
2088.541448817, 1.004627920,
2088.561880645, 1.004703013,
2088.582312373, 1.005998102,
2088.602744000, 1.006822487,
2088.623175827, 0.994703917,
2088.643607554, 1.001893511,
2088.684471007, 1.008940467,
2088.704902733, 1.001043955,
2088.725334459, 0.996292312,
2088.745766185, 1.006072348,
2088.766197811, 1.005825657,
2088.786629636, 1.005423404,
2088.807061362, 1.004328977,
2088.827492987, 0.996855390,
2088.847924811, 1.005437701,
2088.868356536, 1.014859136,
2088.888788160, 0.998891385,
2088.909219985, 1.000591106,
2088.929651709, 1.003106389,
2088.990946880, 1.004079685,
2089.011378603, 0.990999483,
2089.031810326, 1.003201159,
2089.052242049, 1.011163158,
2089.072673872, 1.005149446,
2089.093105594, 1.002735106,
2089.113537216, 1.003910897,
2089.195264203, 0.994475038,
2089.215695925, 0.995573940,
2089.236127546, 1.004757855,
2089.256559367, 1.006866996,
2089.276991087, 1.002698209,
2089.297422708, 0.993793352,
2089.317854528, 1.000744675,
2089.338286248, 1.006034163,
2089.358717868, 1.002033167,
2089.399581307, 1.002321578,
2089.420013126, 0.991733959,
2089.440444845, 1.000382442,
2089.460876464, 1.008197724,
2089.481308283, 1.004875766,
2089.501740002, 1.001120457,
2089.522171720, 0.995987803,
2089.542603438, 0.997080942,
2089.563035156, 1.010800576,
2089.583466874, 1.007043998,
2089.603898591, 0.991378853,
2089.624330309, 1.002373715,
2089.706057176, 0.990452474,
2089.726488992, 1.007556821,
2089.746920608, 1.007405584,
2089.767352424, 1.000563024,
2089.787784140, 1.005971800,
2089.808215756, 0.990781853,
2089.828647571, 1.005730019,
2089.849079286, 1.016768694,
2089.869510901, 1.003097514,
2089.889942716, 0.993135182,
2089.910374431, 1.001187751,
2089.930806145, 1.014313068,
2089.951237860, 1.008206160,
2089.971669574, 1.002413139,
2089.992101288, 1.002580702,
2090.012533001, 0.989567470,
2090.032964715, 1.010150563,
2090.053396428, 1.015125073,
2090.073828141, 0.998990771,
2090.094259854, 1.002529420,
2090.114691667, 1.002677872,
2090.135123280, 0.996251030,
2090.155554992, 1.011557501,
2090.175986804, 1.010753907,
2090.196418416, 0.999475643,
2090.216850128, 1.000061456,
2090.237281940, 0.999397605,
2090.257713551, 1.008816153,
2090.278145262, 1.004882699,
2090.298577073, 0.996121706,
2090.319008684, 1.004293303,
2090.421167336, 1.000604460,
2090.441598945, 1.015486520,
2090.462030755, 1.003330911,
2090.482462464, 0.989282832,
2090.502894174, 1.002866011,
2090.523325883, 1.008503843,
2090.543757591, 1.006223726,
2090.564189300, 1.004700987,
2090.584621008, 0.989830777,
2090.605052717, 0.998326751,
2090.625484425, 1.009033271,
2090.645916233, 1.011238126,
2090.666347841, 0.994333428,
2090.686779548, 0.991962372,
2090.707211355, 1.001285613,
2090.727642963, 1.005024336,
2090.748074670, 1.011318673,
2090.768506476, 0.995385314,
2090.788938083, 0.991727640,
2090.809369889, 1.008275801,
2090.829801596, 0.998761628,
2090.850233202, 1.003421643,
2090.870665008, 1.001431754,
2090.891096614, 0.992899558,
2090.911528319, 1.008583795,
2090.931960124, 1.008481293,
2090.952391729, 0.998402593,
2090.972823434, 1.002542202,
2090.993255239, 0.996951220,
2091.013686944, 1.005903995,
2091.034118549, 1.011211704,
2091.074982057, 1.001250359,
2091.095413761, 0.998439046,
2091.156708971, 1.012617425,
2091.177140575, 1.004177970,
2091.197572278, 0.999942719,
2091.218004081, 1.008540242,
2091.238435683, 1.011750852,
2091.258867386, 1.002497204,
2091.279299188, 0.999134185,
2091.299730790, 1.000449397,
2091.320162492, 1.005046761,
2091.340594294, 1.008038918,
2091.361025896, 0.996093824,
2091.381457597, 0.996845757,
2091.401889398, 1.004443470,
2091.422320999, 1.010252621,
2091.442752800, 1.009375656,
2091.463184501, 0.993859887,
2091.483616202, 0.992017790,
2091.504047902, 1.017425008,
2091.524479602, 1.012253847,
2091.544911302, 0.992888059,
2091.565343002, 1.006170875,
2091.585774702, 1.002564151,
2091.647069800, 0.996004049,
2091.667501399, 0.997430163,
2091.687933197, 1.010081595,
2091.708364896, 1.006417691,
2091.728796495, 1.007003963,
2091.749228293, 0.996591266,
2091.769659991, 0.997482226,
2091.790091789, 1.003398052,
2091.810523387, 0.999908941,
2091.892250176, 1.003982998,
2091.912681973, 1.009886911,
2091.933113570, 1.004457383,
2091.953545266, 1.000801525,
2091.973977063, 0.998788563,
2091.994408759, 1.003936653,
2092.014840355, 1.007743029,
2092.035272151, 1.011654349,
2092.055703847, 0.994612635,
2092.076135442, 0.993948010,
2092.096567238, 1.017534250,
2092.116998933, 1.003968968,
2092.137430728, 1.000194081,
2092.157862323, 1.001767126,
2092.178294018, 0.996308818,
2092.198725812, 1.012521272,
2092.219157407, 1.019391338,
2092.239589101, 0.997414195,
2092.260020795, 0.989934739,
2092.280452489, 1.006079543,
2092.300884082, 1.017992289,
2092.321315876, 1.004718654,
2092.341747569, 0.993514719,
2092.362179263, 0.999920138,
2092.382610956, 1.008778748,
2092.403042649, 1.004636883,
2092.423474441, 1.005439911,
2092.443906034, 1.001649452,
2092.464337726, 0.993357100,
2092.484769519, 1.003927376,
2092.505201211, 1.008289853,
2092.546064595, 1.002571880,
2092.566496286, 0.999098973,
2092.627791360, 1.008302863,
2092.648222951, 1.002537503,
2092.668654742, 1.002227906,
2092.689086432, 1.000034293,
2092.709518023, 1.003307187,
2092.729949813, 0.999506103,
2092.750381503, 1.002290909,
2092.770813293, 1.001464111,
2092.791244883, 1.014502810,
2092.811676572, 1.015603815,
2092.832108362, 0.989771066,
2092.852539951, 1.000609885,
2092.872971640, 1.005329156,
2092.893403429, 1.000854453,
2092.913835018, 1.014536247,
2092.934266707, 0.995710387,
2092.954698495, 0.994703705,
2092.975130183, 1.009457359,
2092.995561772, 1.002448185,
2093.015993560, 1.008742492,
2093.036425148, 0.999691560,
2093.056856835, 0.989502155,
2093.077288623, 1.012089550,
2093.097720210, 1.008918364,
2093.118151997, 0.999275754,
2093.138583684, 1.000927178,
2093.159015271, 1.003590334,
2093.199878745, 1.007507983,
2093.220310331, 1.002506349,
2093.240742117, 0.999657547,
2093.261173803, 1.004583544,
2093.281605389, 1.013219979,
2093.302037175, 1.006703889,
2093.322468861, 1.001272074,
2093.342900546, 0.998596683,
2093.363332232, 1.007507482,
2093.383763917, 1.012341268,
2093.404195702, 1.005733865,
2093.424627287, 0.998105916,
2093.445058971, 1.001682388,
2093.465490756, 1.004978771,
2093.506354025, 1.007527115,
2093.526785809, 0.996048052,
2093.547217493, 0.999814865,
2093.608512543, 0.984701263,
2093.628944127, 0.984449429,
2093.649375910, 0.981986358,
2093.669807593, 1.006939553,
2093.690239176, 1.010407414,
2093.710670958, 0.998216172,
2093.731102641, 1.006980184,
2093.751534324, 0.994475746,
2093.771966006, 1.001330604,
2093.792397588, 1.017558983,
2093.812829370, 0.997554691,
2093.833261052, 0.998305622,
2093.853692733, 1.001463737,
2093.874124415, 1.010761279,
2093.894556096, 1.008587232,
2093.914987777, 0.995676102,
2093.935419458, 0.998222647,
2093.955851139, 1.007012109,
2093.976282820, 1.006748222,
2093.996714501, 1.006455321,
2094.017146181, 0.992183769,
2094.037577961, 1.001568045,
2094.058009641, 1.007304580,
2094.078441222, 1.008497791,
2094.098873001, 1.002732915,
2094.119304681, 0.988395376,
2094.139736261, 1.002409071,
2094.160168040, 1.017802520,
2094.180599719, 1.004403267,
2094.201031299, 0.996739230,
2094.221463077, 0.998219743,
2094.241894756, 1.000130044,
2094.262326335, 1.005836063,
2094.282758113, 0.999862474,
2094.303189792, 0.995607364,
2094.323621570, 1.000314324,
2094.344053148, 0.997118812,
2094.364484826, 1.008337341,
2094.384916504, 1.006225540,
2094.405348182, 0.996447541,
2094.425779859, 0.997892890,
2094.446211536, 1.001131680,
2094.466643214, 1.002759902,
2094.487074891, 1.009385558,
2094.507506568, 1.002547199,
2094.589233274, 1.002324539,
2094.609664950, 0.994002429,
2094.630096726, 0.995380497,
2094.650528302, 1.005783382,
2094.670960078, 1.011164913,
2094.691391754, 1.004371948,
2094.711823329, 0.993807325,
2094.732255104, 0.999303624,
2094.752686780, 1.016196868,
2094.773118355, 1.006579855,
2094.793550130, 0.995328865,
2094.834413379, 1.005654155,
2094.875276828, 1.002445908,
2094.895708502, 1.001313983,
2094.916140176, 1.000651935,
2094.957003624, 1.014242803,
2094.977435198, 1.001539017,
2094.997866871, 0.991549225,
2095.018298645, 1.011224127,
2095.038730318, 1.010170901,
2095.059161891, 1.008188813,
2095.079593664, 1.010983890,
2095.100025337, 0.997995445,
2095.120456910, 0.999612018,
2095.161320255, 1.010278363,
2095.181751927, 1.001085850,
2095.202183699, 0.998860437,
2095.243047043, 1.006671767,
2095.263478715, 1.016835010,
2095.324773729, 1.002445523,
2095.345205300, 1.008039797,
2095.365637071, 1.009595639,
2095.386068742, 1.001797666,
2095.406500413, 0.998100533,
2095.426932084, 1.000058997,
2095.447363754, 1.009932241,
2095.467795425, 1.007289039,
2095.488227095, 1.000464506,
2095.569953775, 0.999217312,
2095.590385544, 0.994972972,
2095.610817214, 1.004342609,
2095.631248783, 1.007415639,
2095.651680552, 1.007652048,
2095.672112221, 1.004014838,
2095.692543790, 0.989097944,
2095.712975559, 1.000312815,
2095.733407228, 1.021917410,
2095.753838796, 1.001599588,
2095.774270565, 0.997858958,
2095.794702233, 1.000565131,
2095.815133801, 0.998217286,
2095.835565569, 1.012892559,
2095.855997237, 1.008455936,
2095.876428905, 0.995651663,
2095.896860572, 0.996195831,
2095.917292240, 1.005937400,
2095.937723907, 1.007372745,
2095.958155574, 1.002523334,
2095.978587241, 1.001491777,
2095.999018908, 0.996736033,
2096.019450575, 1.000092329,
2096.039882242, 1.008768426,
2096.060314009, 1.006993433,
2096.080745575, 1.002200574,
2096.101177241, 0.993818076,
2096.121609008, 1.002926855,
2096.142040574, 1.010009289,
2096.162472340, 1.001393515,
2096.182904005, 0.999972209,
2096.203335571, 1.006010237,
2096.223767337, 0.999632818,
2096.244199002, 1.006229112,
2096.264630568, 1.005670690,
2096.285062333, 0.991995807,
2096.305493998, 1.000635434,
2096.325925563, 1.005817904,
2096.346357328, 1.005606308,
2096.366788992, 1.001674190,
2096.407652321, 0.999770585,
2096.428083986, 1.011797232,
2096.448515750, 1.004177087,
2096.468947314, 0.999406169,
2096.489378978, 1.002520969,
2096.550673969, 1.007766956,
2096.571105732, 0.988741817,
2096.591537296, 1.002200702,
2096.611968959, 1.021152703,
2096.632400722, 1.005796246,
2096.652832285, 1.000914533,
2096.673263948, 1.002537452,
2096.693695711, 1.006780539,
2096.714127273, 1.013487391,
2096.734559036, 1.011013441,
2096.754990698, 0.999408486,
2096.775422260, 0.997722826,
2096.795854023, 1.007039513,
2096.816285684, 1.002566285,
2096.836717246, 1.006767805,
2096.857149008, 1.007862396,
2096.877580670, 0.995839589,
2096.898012331, 1.003153066,
2096.918443993, 1.010778717,
2096.938875654, 1.006382642,
2096.959307315, 0.999483796,
2096.979738976, 0.998469047,
2097.000170637, 1.000891467,
2097.020602398, 1.009116196,
2097.041034059, 1.004629679,
2097.061465619, 1.000988099,
2097.102329040, 0.999770792,
2097.122760600, 1.010283315,
2097.143192360, 1.008584229,
2097.163624020, 0.992887890,
2097.184055580, 1.000056319,
2097.204487340, 1.009352331,
2097.224919000, 1.004616526,
2097.245350559, 0.999240926,
2097.265782319, 0.997169509,
2097.286213878, 1.001269348,
2097.306645537, 1.011221324,
2097.327077296, 1.007100518,
2097.347508855, 0.994793459,
2097.388372273, 1.000217349,
2097.408803931, 1.006141934,
2097.429235590, 1.018105383,
2097.449667248, 1.005766326,
2097.470098906, 1.006156667,
2097.551825638, 0.997503558,
2097.572257196, 1.002129879,
2097.592688854, 1.001609745,
2097.613120611, 1.011429074,
2097.633552169, 1.006059906,
2097.653983926, 0.998197249,
2097.674415583, 1.000047636,
2097.694847140, 0.999689449,
2097.715278897, 1.009793072,
2097.735710554, 1.003963903,
2097.756142111, 0.991427176,
2097.776573867, 1.007156999,
2097.797005524, 1.002306464,
2097.817437080, 1.003700278,
2097.837868836, 1.009038907,
2097.858300492, 0.998397938,
2097.878732148, 0.998464869,
2097.899163804, 1.010960649,
2097.919595460, 1.008262385,
2097.940027116, 1.000726861,
2097.960458772, 0.994457369,
2097.980890427, 1.002904188,
2098.021753738, 1.007807626,
2098.042185393, 0.996585091,
2098.062617048, 0.998808262,
2098.083048703, 1.009389172,
2098.103480358, 1.009650721,
2098.123912113, 1.005963387,
2098.164775322, 0.993554228,
2098.185207076, 1.009509406,
2098.205638631, 1.015099717,
2098.266933593, 1.003053657,
2098.287365347, 1.008428721,
2098.307797001, 1.010193653,
2098.328228555, 1.000268648,
2098.348660308, 0.999574340,
2098.369091962, 1.009876187,
2098.389523615, 1.009805649,
2098.409955268, 1.002621865,
2098.430386922, 1.002314129,
2098.450818575, 1.006983253,
2098.471250228, 1.002552734,
2098.491681881, 1.009944551,
2098.512113633, 1.008131865,
2098.532545186, 1.000373893,
2098.552976839, 0.999717737,
2098.573408591, 1.007862967,
2098.593840243, 1.011773492,
2098.614271796, 0.998837489,
2098.634703548, 1.002107661,
2098.655135100, 1.008519188,
2098.675566752, 1.000447327,
2098.695998504, 1.006627444,
2098.716430056, 1.014753258,
2098.736861707, 0.994545501,
2098.757293459, 0.994691357,
2098.777725010, 1.009648306,
2098.798156762, 1.010872266,
2098.818588413, 1.000039663,
2098.839019964, 0.995518344,
2098.859451715, 1.001099501,
2098.879883366, 1.006710340,
2098.900314917, 1.012612737,
2098.920746668, 0.999179708,
2098.941178319, 0.991622915,
2098.961609969, 1.005195405,
2098.982041620, 1.009115054,
2099.002473270, 1.007253589,
2099.022904920, 0.999871934,
2099.043336670, 0.993658664,
2099.063768221, 1.012109102,
2099.084199971, 1.010967286,
2099.104631620, 1.000221295,
2099.125063170, 0.999992192,
2099.145494920, 0.999886690,
2099.165926570, 1.009170794,
2099.186358119, 1.006462975,
2099.206789869, 0.999089176,
2099.227221518, 1.001499395,
2099.247653067, 1.000134407,
2099.268084816, 1.004843538,
2099.288516465, 1.011373845,
2099.308948014, 1.001067847,
2099.329379763, 0.991565663,
2099.349811412, 0.999791912,
2099.370243061, 1.010711891,
2099.390674709, 1.004862956,
2099.411106358, 1.006135357,
2099.431538006, 1.004661399,
2099.492832951, 1.014747512,
2099.513264599, 0.995209392,
2099.533696247, 0.999311393,
2099.554127895, 1.007274313,
2099.574559542, 1.005753350,
2099.594991290, 1.010668317,
2099.615422938, 1.003248265,
2099.635854485, 0.991144374,
2099.656286233, 1.011199374,
2099.676717880, 1.014482170,
2099.697149427, 0.998412910,
2099.717581174, 1.000670396,
2099.738012821, 1.001667153,
2099.758444368, 1.007749092,
2099.778876115, 1.013180596,
2099.799307762, 0.998046533,
2099.819739309, 0.994679134,
2099.840171055, 1.001671139,
2099.860602702, 1.011035157,
2099.881034448, 1.011864982,
2099.901465995, 0.999835234,
2099.983192579, 1.002857799,
2100.003624325, 1.003213519,
2100.024055871, 1.003857199,
2100.044487516, 1.003704773,
2100.064919162, 1.007906737,
2100.085350808, 1.006189909,
2100.105782453, 0.998530799,
2100.126214199, 1.003733085,
2100.146645744, 1.008481470,
2100.167077489, 1.006578652,
2100.187509134, 1.005668848,
2100.207940679, 0.993200165,
2100.228372424, 0.999466754,
2100.248804069, 1.017067155,
2100.269235614, 1.003921769,
2100.289667359, 1.002602239,
2100.310099003, 1.005353998,
2100.330530548, 0.991616197,
2100.350962292, 1.009110874,
2100.371393937, 1.022434938,
2100.391825481, 0.995082742,
2100.412257225, 0.992062122,
2100.432688869, 1.001457659,
2100.453120613, 1.005201621,
2100.473552157, 1.005753531,
2100.493983801, 0.998545349,
2100.514415545, 0.993423767,
2100.534847089, 1.002809161,
2100.555278732, 1.009595930,
2100.575710476, 1.009278510,
2100.596142120, 1.002300611,
2100.616573663, 0.995195209,
2100.637005406, 1.005933539,
2100.657437050, 1.013012430,
2100.677868593, 1.000870586,
2100.698300336, 1.000881416,
2100.718731979, 1.003563304,
2100.739163722, 1.006104323,
2100.759595265, 1.010823266,
2100.780026907, 1.002121167,
2100.800458550, 0.995711707,
2100.820890193, 1.001818905,
2100.841321735, 1.017503121,
2100.861753478, 1.005223879,
2100.882185120, 0.993198848,
2100.902616662, 1.002937879,
2100.923048405, 1.002330845,
2100.943480047, 1.012811245,
2100.963911689, 1.010517409,
2100.984343331, 0.997311820,
2101.004774973, 1.001701364,
2101.025206715, 1.007826322,
2101.045638257, 1.008338287,
2101.066069898, 1.009324931,
2101.086501640, 0.999899292,
2101.106933282, 0.999575572,
2101.127364823, 1.002594820,
2101.147796564, 1.004859638,
2101.188659747, 1.003790891,
2101.209091488, 0.989541987,
2101.229523129, 1.014067230,
2101.249954870, 1.012726854,
2101.270386411, 1.003988524,
2101.290818052, 1.002827257,
2101.311249793, 0.996929854,
2101.331681334, 1.005090525,
2101.352112974, 1.008358302,
2101.372544715, 1.005422678,
2101.454271177, 1.007153830,
2101.474702817, 0.999536056,
2101.495134457, 1.001764209,
2101.515566097, 1.003413818,
2101.535997837, 1.014577878,
2101.556429377, 1.004917415,
2101.576861017, 0.995638043,
2101.597292757, 1.003375283,
2101.617724297, 1.010750589,
2101.638155937, 1.011663925,
2101.658587676, 1.005613547,
2101.679019316, 0.994163879,
2101.699450855, 1.008948979,
2101.719882595, 1.011085961,
2101.740314234, 1.003094182,
2101.760745773, 1.005191512,
2101.781177513, 1.000088430,
2101.801609152, 0.997627676,
2101.822040891, 1.014014975,
2101.842472430, 1.004587311,
2101.862904069, 1.001258900,
2101.883335808, 1.008713034,
2101.903767347, 1.003131830,
2101.924198985, 1.004605924,
2101.944630724, 1.015096943,
2101.965062263, 1.007805786,
2101.985493901, 0.995225378,
2102.005925640, 1.001182723,
2102.026357178, 1.012298369,
2102.046788917, 1.007826766,
2102.067220555, 1.002241285,
2102.087652193, 1.000355236,
2102.108083831, 1.002480507,
2102.128515469, 1.012439738,
2102.148947108, 1.012728335,
2102.169378745, 0.999322276,
2102.189810383, 0.997109529,
2102.210241921, 1.007355163,
2102.230673659, 1.013147995,
2102.251105297, 0.999602980,
2102.271536835, 0.993617042,
2102.291968572, 1.004314144,
2102.312400210, 1.005885069,
2102.332831947, 1.005684940,
2102.353263485, 1.007085975,
2102.373695122, 0.989403219,
2102.394126859, 1.002588830,
2102.414558397, 1.022906172,
2102.434990034, 0.998577807,
2102.455421771, 0.992519830,
2102.475853308, 1.008000751,
2102.496284945, 1.001706395,
2102.516716682, 1.010704207,
2102.537148219, 1.006676739,
2102.557579856, 0.997699553,
2102.578011592, 0.998244989,
2102.598443229, 1.006717354,
2102.618874866, 1.014235220,
2102.639306502, 1.007955496,
2102.659738139, 0.996022731,
2102.680169775, 1.001141277,
2102.700601412, 1.006306311,
2102.721033048, 1.012501542,
2102.741464784, 1.009632286,
2102.761896321, 0.998086102,
2102.782327957, 0.997291184,
2102.802759593, 1.006281404,
2102.843622965, 1.010214325,
2102.864054601, 0.998352510,
2102.884486137, 0.999955777,
2102.904917873, 1.006246400,
2102.925349409, 1.007132282,
2102.945781045, 1.010312118,
2102.966212780, 0.997060250,
2102.986644316, 0.999127830,
2103.007075952, 1.013016894,
2103.027507687, 1.007816537,
2103.047939222, 1.004562988,
2103.068370858, 1.000484100,
2103.088802593, 1.001779058,
2103.109234229, 1.013055604,
2103.129665864, 1.006231314,
2103.150097499, 0.996421406,
2103.170529134, 1.004038757,
2103.190960769, 1.009509688,
2103.211392404, 1.009788485,
2103.231824039, 1.001196014,
2103.252255674, 0.989919902,
2103.272687309, 1.000920116,
2103.293118944, 1.013369241,
2103.313550679, 1.006991267,
2103.333982214, 0.996608488,
2103.354413848, 0.998052176,
2103.415708852, 1.011136930,
2103.436140487, 1.002659877,
2103.456572021, 0.991639672,
2103.477003756, 1.006778297,
2104.130816132, 0.994998226,
2104.151247865, 0.996356557,
2104.171679398, 0.998690860,
2104.192111031, 1.008426924,
2104.212542664, 0.998502744,
2104.232974296, 0.989971197,
2104.253405929, 0.999562502,
2104.273837562, 1.001957174,
2104.294269194, 1.003037931,
2104.314700827, 0.995406791,
2104.335132560, 0.993582798,
2104.396427457, 1.003228483,
2104.416858989, 1.003136116,
2104.437290722, 0.993446798,
2104.457722354, 0.993974144,
2104.478153886, 1.006694925,
2104.498585619, 1.000788683,
2104.519017251, 0.995462365,
2104.539448783, 0.993680916,
2104.559880515, 0.990472884,
2104.580312147, 1.007878096,
2104.641607043, 0.994964351,
2104.662038775, 1.001694056,
2104.682470307, 1.004938451,
2104.702901939, 1.002332349,
2104.723333671, 0.993461232,
2104.743765203, 0.993193643,
2104.764196835, 1.000612607,
2104.784628566, 1.003932903,
2104.805060198, 0.996540090,
2104.825491730, 0.988709967,
2104.886786725, 1.005382180,
2104.907218356, 0.989687431,
2104.927649987, 0.993300255,
2104.948081619, 1.003884539,
2104.968513250, 0.998010716,
2104.988944782, 1.004707988,
2105.009376513, 0.998701814,
2105.029808145, 0.983410967,
2105.050239676, 0.999869577,
2105.070671407, 1.008742394,
2105.131966301, 0.991946972,
2105.152397932, 1.001956412,
2105.172829663, 1.000417251,
2105.193261194, 0.995671710,
2105.213692825, 1.000574684,
2105.234124556, 0.994302169,
2105.254556087, 0.993231790,
2105.274987718, 1.004156703,
2105.295419449, 0.998029279,
2105.315851080, 0.992073445,
2105.377145973, 1.000187835,
2105.397577603, 1.003282600,
2105.418009234, 0.994796771,
2105.438440865, 0.994506607,
2105.458872596, 0.998872433,
2105.479304126, 1.000045876,
2105.499735757, 0.992028795,
2105.520167488, 0.983684688,
2105.540599018, 1.000530275,
2105.581462380, 1.004232465,
2105.601893910, 0.992879531,
2105.622325641, 0.986742554,
2105.642757271, 1.005219893,
2105.663188801, 1.008362864,
2105.683620532, 0.995271179,
2105.704052062, 0.995511467,
2105.724483693, 0.996856622,
2105.744915423, 0.994302853,
2105.765346953, 1.007438701,
2105.785778584, 0.998220956,
2105.806210314, 0.990707606,
2105.867505205, 1.005743749,
2105.887936835, 0.993102645,
2105.908368465, 0.988040291,
2105.928800095, 1.007132139,
2105.949231725, 1.002870603,
2105.969663456, 0.999155366,
2105.990094986, 0.999734409,
2106.010526616, 0.994520284,
2106.030958346, 1.002518534,
2106.051389876, 1.002297199,
2106.112684766, 0.996172660,
2106.133116496, 0.994270223,
2106.153548126, 1.005134692,
2106.173979655, 1.007876368,
2106.194411385, 0.990326039,
2106.214843015, 0.990661497,
2106.255706275, 1.002455095,
2106.276137905, 1.003783646,
2106.296569535, 0.996790759,
2106.357864424, 1.011499822,
2106.378296054, 0.999014960,
2106.398727683, 0.991535070,
2106.439590943, 1.003210374,
2106.460022572, 1.006595810,
2106.480454202, 0.994303586,
2106.500885831, 0.986872357,
2106.521317461, 1.003018822,
2106.541749191, 1.003379572,
2106.603044079, 0.989312281,
2106.623475609, 1.003906263,
2106.643907338, 1.006219490,
2106.664338968, 0.994890985,
2106.684770497, 0.992947518,
2106.705202227, 0.995310105,
2106.725633856, 1.005508517,
2106.746065386, 1.000896459,
2106.766497115, 0.987691348,
2106.786928745, 0.995197607,
2106.848223633, 1.001948358,
2106.868655362, 1.001274501,
2106.889086892, 0.992346589,
2106.909518521, 0.992568628,
2106.929950250, 1.006020050,
2106.950381780, 1.006582178,
2106.970813409, 0.990706348,
2106.991245138, 0.996760890,
2107.011676768, 0.993127571,
2107.032108397, 0.993608885,
2107.093403285, 0.984640026,
2107.113834914, 1.006219026,
2107.134266443, 1.001335156,
2107.154698172, 0.998192196,
2107.175129802, 0.997139704,
2107.195561331, 0.990513879,
2107.215993060, 0.997919317,
2107.236424689, 1.005625254,
2107.256856418, 0.997904416,
2107.277287948, 0.987591006,
2107.359014464, 0.998483597,
2107.399877723, 0.995649123,
2107.420309352, 0.994255974,
2107.440741081, 1.000260954,
2107.461172710, 1.001692911,
2107.481604339, 0.987412670,
2107.502035968, 1.003548924,
2107.542899227, 0.995944010,
2107.563330856, 0.994072300,
2107.583762485, 0.999301478,
2107.604194214, 1.000978037,
2107.624625743, 1.000072779,
2107.645057372, 1.002471222,
2107.665489101, 0.993317159,
2107.685920630, 0.989632661,
2107.706352359, 1.002946958,
2107.726783888, 1.005859878,
2107.747215517, 0.998467698,
2107.767647247, 0.994720000,
2107.828942134, 1.006526093,
2107.849373663, 0.995167857,
2107.869805292, 0.996336686,
2107.890237021, 0.991406834,
2107.910668550, 1.002442320,
2107.931100179, 1.007201854,
2107.951531908, 0.994246112,
2107.971963437, 0.994627001,
2107.992395166, 0.990754644,
2108.012826795, 1.001029454,
2108.074121683, 0.987425887,
2108.094553312, 0.996217187,
2108.135416570, 1.000040918,
2108.155848199, 0.991336276,
2108.176279928, 0.997840176,
2108.196711457, 1.000721044,
2108.217143186, 1.002541020,
2108.237574815, 1.001870509,
2108.258006344, 0.988921061,
2108.298869703, 1.008600193,
2108.319301232, 1.000269360,
2108.339732961, 0.993081440,
2108.360164590, 0.992180029,
2108.380596119, 0.991797281,
2108.401027848, 1.004188999,
2108.421459477, 1.000111162,
2108.441891107, 0.994092433,
2108.462322736, 0.991494296,
2108.482754265, 0.998687189,
2108.564480882, 0.990458248,
2108.584912511, 0.999669632,
2108.605344140, 0.998565482,
2108.625775769, 1.008313290,
2108.666639128, 0.984911915,
2108.687070757, 1.002171050,
2108.727934015, 0.995679067,
2108.748365645, 1.001185823,
2108.789228903, 0.993256917,
2108.809660532, 1.001934984,
2108.830092062, 1.002585076,
2108.850523791, 0.996062835,
2108.870955420, 0.989089958,
2108.891387150, 1.004628823,
2108.911818679, 1.008620979,
2108.932250308, 0.995566452,
2108.952682038, 0.990768644,
2108.993545196, 1.004091053,
2109.034408455, 0.999459802,
2109.054840085, 0.992806294,
2109.075271814, 0.996137053,
2109.095703343, 1.015052179,
2109.116135073, 0.998761183,
2109.136566602, 0.984609301,
2109.156998232, 0.999844591,
2109.177429961, 1.002670018,
2109.197861491, 0.980639353,
2109.218293120, 0.938416928,
2109.300019739, 1.000119529,
2109.320451368, 0.995685615,
2109.340883098, 0.997518742,
2109.361314627, 0.992710550,
2109.381746257, 1.000957492,
2109.402177987, 1.003966942,
2109.422609516, 1.000627232,
2109.443041146, 0.991790333,
2109.463472876, 0.995103875,
2109.483904406, 0.999073788,
2109.524767765, 0.998832681,
2109.545199295, 0.991023302,
2109.565631025, 0.995623067,
2109.586062654, 1.002740011,
2109.606494184, 1.005065283,
2109.626925914, 0.999026868,
2109.647357544, 0.989739703,
2109.667789174, 0.995920336,
2109.688220804, 1.006906146,
2109.708652434, 1.005493372,
2109.729084064, 0.993264649,
2109.769947324, 0.999681731,
2109.790378954, 1.001916407,
2109.810810684, 1.005206076,
2109.831242214, 0.986855260,
2109.851673944, 0.997602189,
2109.872105474, 1.012715335,
2109.892537104, 0.994940257,
2109.912968834, 1.001322369,
2109.933400364, 0.997264998,
2109.953831995, 0.993168366,
2110.015126985, 0.989954897,
2110.035558616, 0.996360606,
2110.055990146, 1.007289397,
2110.076421876, 1.005469979,
2110.096853506, 1.001505356,
2110.117285037, 0.995929539,
2110.137716767, 0.993086230,
2110.158148398, 1.003979980,
2110.178580028, 1.006725582,
2110.199011659, 1.001239761,
2110.280738181, 1.008557918,
2110.301169911, 1.004306693,
2110.321601542, 0.992626906,
2110.342033073, 0.998767930,
2110.362464803, 0.994135186,
2110.403328065, 1.005781489,
2110.423759695, 0.989926858,
2110.444191326, 0.994506735,
2110.505486119, 1.002697727,
2110.525917850, 0.988912008,
2110.546349481, 0.997005868,
2110.566781012, 1.011405450,
2110.587212743, 0.999986055,
2110.607644374, 0.994322978,
2110.628076105, 1.000490199,
2110.648507636, 0.998881225,
2110.668939267, 1.004275801,
2110.689370998, 1.010363093,
2110.709802529, 0.993443160,
2110.811960785, 0.995651100,
2110.832392317, 1.000034809,
2110.852824048, 0.999174033,
2110.873255680, 1.002049439,
2110.893687311, 0.999343345,
2110.914118943, 0.992248345,
2110.934550574, 1.001261357,
2110.995845469, 1.001006405,
2111.016277100, 0.994389525,
2111.036708832, 0.997259112,
2111.057140364, 1.003450978,
2111.077572096, 0.999189887,
2111.098003727, 0.997938354,
2111.118435259, 0.993773847,
2111.138866991, 0.997192155,
2111.159298523, 1.007179255,
2111.261456783, 1.004516439,
2111.281888315, 1.004918818,
2111.302320047, 0.987523617,
2111.322751680, 0.988835740,
2111.343183212, 1.001167609,
2111.363614944, 1.006513233,
2111.384046576, 0.999969438,
2111.404478209, 0.986155374,
2111.424909841, 0.996294612,
2111.445341474, 1.005072506,
2111.506636371, 0.991120237,
2111.547499736, 1.004517830,
2111.567931269, 1.006510953,
2111.588363002, 0.990606257,
2111.608794634, 0.990116996,
2111.629226167, 1.003288697,
2111.649657900, 1.003283883,
2111.670089533, 1.002849322,
2111.690521266, 0.994909987,
2111.751816165, 1.006163879,
2111.772247698, 0.998036155,
2111.792679331, 0.999302028,
2111.813110964, 0.996089258,
2111.833542597, 1.001883561,
2111.853974231, 1.008209880,
2111.874405864, 1.004586972,
2111.894837497, 0.996091817,
2111.915269231, 1.002386968,
2111.935700764, 1.002368870,
2112.037859032, 1.004313793,
2112.058290666, 1.003873299,
2112.078722299, 1.000996254,
2112.099153933, 0.991601429,
2112.119585567, 0.992322954,
2112.140017201, 1.009020789,
2112.160448835, 1.008898560,
2112.180880469, 0.994613760,
2112.242175371, 1.003495166,
2112.262607105, 1.000930383,
2112.283038640, 0.997442449,
2112.303470374, 0.992611812,
2112.323902008, 0.997665206,
2112.344333542, 1.007843578,
2112.364765277, 1.000858724,
2112.385196911, 0.992889103,
2112.405628446, 0.994310348,
2112.426060180, 1.000905483,
2112.487355084, 0.990663780,
2112.507786719, 1.001158170,
2112.528218354, 1.002588596,
2112.548649989, 1.003882035,
2112.569081624, 0.995887636,
2112.589513259, 0.993322674,
2112.609944894, 0.999546554,
2112.630376529, 1.006128664,
2112.650808164, 0.998720615,
2112.671239799, 0.999026498,
2112.712103170, 0.997982131,
2112.732534705, 1.008231400,
2112.752966440, 0.998150606,
2112.793829611, 1.004240053,
2112.814261347, 1.001845177,
2112.834692983, 1.002471683,
2112.855124518, 1.007866430,
2112.875556254, 0.995243617,
2112.895987890, 0.994748892,
2112.916419626, 1.002388408,
2112.977714533, 0.996971898,
2112.998146070, 0.997486480,
2113.018577706, 0.999271713,
2113.039009442, 1.007269447,
2113.059440978, 0.996800506,
2113.079872614, 0.989294878,
2113.100304351, 0.998125713,
2113.120735887, 0.998994908,
2113.161599260, 1.001142107,
2113.243325707, 1.002116042,
2113.263757444, 1.001460939,
2113.284189080, 0.993747626,
2113.304620717, 0.999149437,
2113.325052354, 1.011246854,
2113.345483991, 1.002343597,
2113.365915728, 0.994745211,
2113.386347266, 0.998868640,
2113.427210640, 1.004486744,
2113.447642178, 0.996213770,
2113.468073815, 0.999617694,
2113.488505552, 1.005630187,
2113.508937090, 1.004289304,
2113.529368827, 1.000961660,
2113.549800465, 0.995755870,
2113.570232003, 0.995504491,
2113.590663741, 1.001377455,
2113.611095379, 1.012887378,
2113.631526916, 1.002785270,
2113.651958654, 0.995497653,
2113.692821831, 1.001324827,
2113.713253569, 1.005097734,
2113.733685207, 1.018302664,
2113.754116945, 0.996897521,
2113.774548484, 0.981597462,
2113.794980122, 1.007153227,
2113.815411761, 1.014991215,
2113.835843499, 0.998660329,
2113.856275038, 1.000610307,
2113.876706777, 0.995415906,
2113.897138315, 0.996961634,
2113.938001693, 1.009356590,
2113.958433232, 0.990198557,
2113.978864971, 0.993190096,
2113.999296610, 1.001512300,
2114.019728149, 1.006243827,
2114.040159889, 0.999111634,
2114.060591528, 0.989949493,
2114.081023067, 1.003744007,
2114.101454807, 1.003333993,
2114.121886446, 1.001681101,
2114.142318186, 0.997015590,
2114.183181365, 1.001896110,
2114.203613105, 1.007141613,
2114.224044645, 0.995383227,
2114.244476285, 0.995079093,
2114.264908025, 0.996555536,
2114.285339565, 0.997852665,
2114.305771305, 1.003749627,
2114.326202945, 1.006563251,
2114.346634585, 0.993454209,
2114.367066226, 0.995864415,
2114.428361147, 0.997781984,
2114.448792788, 1.002489279,
2114.469224429, 0.989999397,
2114.489656069, 1.000681309,
2114.510087710, 1.009774735,
2114.530519451, 0.994523705,
2114.550950992, 0.993874148,
2114.571382633, 0.996962053,
2114.591814374, 1.000129973,
2114.612245916, 1.009087142,
2114.632677557, 1.001410536,
2114.693972481, 1.006398941,
2114.714404223, 1.008156215,
2114.734835765, 0.995100890,
2114.755267506, 0.986943455,
2114.775699148, 1.003298426,
2114.796130690, 1.009245597,
2114.816562432, 0.995440968,
2114.836994074, 0.997751160,
2114.857425616, 0.996932560,
2114.877857359, 0.998889422,
2114.939152286, 0.992750399,
2114.959583928, 1.001369114,
2115.000447214, 1.001293884,
2115.020878856, 0.996940083,
2115.041310599, 0.999377536,
2115.061742242, 0.998893627,
2115.082173785, 1.001825934,
2115.102605528, 1.007557846,
2115.184332101, 1.005764130,
2115.204763745, 1.005610871,
2115.225195388, 0.994161842,
2115.245627032, 0.996052694,
2115.266058676, 1.009718033,
2115.286490320, 1.000738197,
2115.306922064, 1.004756614,
2115.327353608, 1.002135331,
2115.347785252, 0.988365838,
2115.368216996, 1.006770385,
2115.409080184, 1.002595037,
2115.429511929, 0.997953800,
2115.449943473, 0.987655451,
2115.470375118, 1.001672342,
2115.490806862, 1.009932975,
2115.511238407, 1.004985419,
2115.531670152, 0.998741437,
2115.552101797, 0.991834433,
2115.572533442, 1.000680968,
2115.592965087, 1.008715444,
2115.613396732, 1.004777397,
2115.654260023, 0.997088992,
2115.674691668, 1.007965136,
2115.695123314, 0.999433100,
2115.715555059, 0.995323735,
2115.735986605, 1.000559876,
2115.756418351, 0.998166307,
2115.776849997, 1.005079662,
2115.797281543, 1.002485245,
2115.817713289, 0.986016520,
2115.838144935, 0.998195823,
2115.858576481, 1.010243582,
2115.919871520, 0.995210770,
2115.940303167, 0.992147192,
2115.960734713, 1.015854802,
2115.981166460, 1.002547042,
2116.001598107, 0.988299550,
2116.022029654, 0.996598377,
2116.042461401, 0.996744698,
2116.062893048, 1.003360597,
2116.083324695, 1.004969452,
2116.103756342, 0.997041164,
2116.144619737, 1.002007932,
2116.165051285, 0.998504069,
2116.185482933, 1.007952788,
2116.205914680, 1.002179235,
2116.226346328, 0.994660652,
2116.246777876, 0.999873639,
2116.267209624, 1.001006986,
2116.287641272, 1.005455889,
2116.308072920, 0.997491864,
2116.328504569, 0.991770005,
2116.348936217, 0.998451079,
2116.389799514, 1.003508627,
2116.410231163, 0.993181463,
2116.430662912, 0.993876840,
2116.451094461, 1.002996466,
2116.471526110, 1.004760186,
2116.491957859, 1.001801209,
2116.512389408, 0.990340941,
2116.532821157, 0.995128514,
2116.553252806, 1.016913882,
2116.573684356, 1.002450840,
2116.594116105, 0.992823289,
2116.634979305, 0.997293202,
2116.655411055, 1.009215843,
2116.675842605, 1.009922370,
2116.716706005, 0.998876434,
2116.737137555, 1.007330750,
2116.757569305, 1.002554763,
2116.778000956, 1.004901002,
2116.798432606, 0.997769982,
2116.818864257, 0.995261631,
2116.900590860, 0.999242249,
2116.941454263, 0.998579223,
2116.961885814, 1.006670340,
2116.982317566, 1.005446699,
2117.002749217, 0.993574152,
2117.023180769, 0.992769653,
2117.043612521, 1.007604876,
2117.064044172, 1.004242495,
2117.145770881, 1.006651094,
2117.166202433, 1.004457912,
2117.186634086, 0.994985094,
2117.207065738, 0.997807779,
2117.227497391, 0.993259143,
2117.247929044, 1.009964197,
2117.268360696, 1.009014192,
2117.288792349, 0.988094625,
2117.390950616, 0.992803135,
2117.411382270, 0.992918767,
2117.431814023, 1.005977231,
2117.452245677, 1.002638508,
2117.472677331, 1.002694011,
2117.493108985, 0.999183629,
2117.513540639, 0.993151192,
2117.533972293, 1.001144106,
2117.554403948, 1.005544796,
2117.574835602, 1.001085988,
2117.595267357, 0.992243473,
2117.615698912, 0.998972255,
2117.636130566, 1.006972181,
2117.656562321, 0.998961269,
2117.676993876, 0.992069920,
2117.697425631, 1.003142329,
2117.717857287, 0.996268434,
2117.738288842, 1.003097053,
2117.758720597, 1.003249000,
2117.779152253, 0.999293904,
2117.799583809, 0.993378931,
2117.820015564, 0.989247128,
2117.881310532, 0.993921514,
2117.901742189, 1.000704383,
2117.922173845, 0.997272419,
2117.942605501, 0.999585257,
2117.963037158, 1.007521813,
2117.983468815, 0.994811277,
2118.003900471, 0.993621414,
2118.024332128, 1.002895725,
2118.044763785, 1.000725677,
2118.065195442, 1.001770804,
2118.106058857, 0.993164758,
2118.126490415, 1.006612034,
2118.146922172, 1.003764328,
2118.167353830, 0.993245746,
2118.187785388, 0.994451638,
2118.208217146, 0.997315365,
2118.228648804, 1.008752119,
2118.249080362, 1.006886468,
2118.269512120, 0.991227775,
2118.289943778, 0.989726951,
2118.351238754, 0.997448735,
2118.371670513, 0.988618749,
2118.392102072, 0.999464323,
2118.412533731, 1.001498054,
2118.432965490, 1.008895796,
2118.453397050, 0.998279447,
2118.473828809, 0.994549486,
2118.494260469, 1.003096389,
2118.514692028, 0.998629453,
2118.535123788, 1.001374630,
2118.596418768, 0.996191754,
2118.678145410, 0.995126416,
2118.698577071, 0.997503839,
2118.719008732, 1.013699011,
2118.739440393, 1.005516288,
2118.759872054, 0.997048718,
2118.780303715, 1.002614316,
2118.800735376, 0.998647960,
2118.841598700, 1.008810846,
2118.862030461, 0.993144865,
2118.882462123, 0.990561473,
2118.902893685, 1.003632662,
2118.923325447, 1.010819451,
2118.943757109, 1.009218566,
2118.964188672, 0.991514693,
2118.984620434, 0.994348351,
2119.005052097, 1.001885665,
2119.025483660, 1.010670275,
2119.107210412, 0.999876171,
2119.127642075, 1.004792991,
2119.148073838, 1.002233220,
2119.168505402, 0.991339585,
2119.188937066, 0.996545278,
2119.209368830, 1.004761582,
2119.229800394, 0.998679369,
2119.250232158, 1.000560848,
2119.270663822, 0.991315158,
2119.291095486, 0.998429615,
2119.352390380, 0.999371563,
2119.372822145, 1.000365154,
2119.393253810, 0.994338730,
2119.413685575, 1.012188261,
2119.434117140, 1.000839606,
2119.454548806, 0.981339493,
2119.474980571, 1.000174361,
2119.495412137, 1.010021289,
2119.515843803, 0.998787001,
2119.536275568, 0.996311241,
2119.577138801, 0.993158739,
2119.597570567, 0.999389786,
2119.618002133, 1.009982483,
2119.638433900, 1.001701807,
2119.658865567, 0.991919839,
2119.679297133, 0.994116716,
2119.699728900, 1.003450530,
2119.720160567, 1.008614760,
2119.740592235, 1.000639877,
2119.761023902, 0.989037746,
2119.822318905, 1.004336530,
2119.842750573, 0.995728856,
2119.863182341, 0.992571880,
2119.883614009, 1.003159205,
2119.904045577, 1.011472315,
2119.924477246, 0.995174148,
2119.965340583, 1.000954151,
2119.985772352, 0.993405601,
2120.006203921, 1.004925824,
2120.067498928, 1.000822376,
2120.087930698, 1.006726860,
2120.108362367, 0.998990571,
2120.128793937, 0.998473947,
2120.149225707, 0.996241606,
2120.169657377, 1.001696733,
2120.190089147, 1.000338306,
2120.210520718, 0.997085081,
2120.230952388, 0.999096615,
2120.251384159, 0.996477987,
2120.271815729, 0.997446330,
2120.312679171, 0.997059329,
2120.333110742, 0.995349290,
2120.353542414, 1.002269815,
2120.373974185, 1.000165233,
2120.394405757, 0.996238481,
2120.414837528, 1.005938045,
2120.435269200, 1.002035393,
2120.455700872, 0.992262734,
2120.476132544, 0.997212365,
2120.496564217, 1.013455307,
2120.516995889, 1.002582943,
2120.557859234, 0.995439469,
2120.578291007, 1.002292475,
2120.598722580, 1.016878524,
2120.619154253, 1.005336012,
2120.639586026, 0.985732075,
2120.660017600, 0.998648411,
2120.680449273, 1.005944820,
2120.700881047, 1.007115029,
2120.721312621, 1.005259068,
2120.741744295, 0.990369732,
2120.803039418, 1.004380473,
2120.823471092, 0.995935553,
2120.843902667, 0.990598020,
2120.864334442, 1.003561332,
2120.884766117, 1.011222654,
2120.905197692, 0.994641534,
2120.925629467, 0.998214255,
2120.946061143, 1.001363477,
2120.966492918, 0.998639018,
2120.986924494, 1.006022655,
2121.007356170, 0.999347479,
2121.068651198, 1.013088792,
2121.089082975, 1.001287534,
2121.109514651, 0.994491734,
2121.129946228, 1.000730030,
2121.150378005, 0.999897898,
2121.170809682, 1.000016491,
2121.191241359, 1.010640175,
2121.232104714, 0.983317004,
2121.252536392, 0.997925989,
2121.272968069, 1.005631635,
2121.293399747, 1.005103354,
2121.313831426, 0.999841193,
2121.354694882, 0.991186882,
2121.375126461, 1.008341854,
2121.395558139, 1.005621852,
2121.415989918, 0.999277620,
2121.436421497, 0.993701282,
2121.456853176, 1.001621531,
2121.477284956, 1.005907812,
2121.497716535, 0.999340049,
2121.538579995, 1.002855874,
2121.559011574, 1.001485237,
2121.579443354, 1.003003836,
2121.599875035, 1.004028896,
2121.620306715, 0.991308962,
2121.640738396, 1.002290976,
2121.661170076, 1.008972316,
2121.681601757, 1.000237435,
2121.722465119, 0.996686116,
2121.783760164, 0.998841032,
2121.804191945, 0.990426218,
2121.824623627, 1.002330819,
2121.865486992, 1.005381718,
2121.885918674, 1.004620530,
2121.906350257, 0.998479154,
2121.926782039, 0.989131633,
2121.947213722, 1.001698796,
2121.967645405, 1.008438410,
2122.049372139, 0.996074741,
2122.069803723, 1.011950836,
2122.090235507, 1.002655241,
2122.110667191, 0.994264525,
2122.131098975, 0.994523792,
2122.151530559, 1.002327437,
2122.171962244, 1.007106383,
2122.192394029, 1.004753251,
2122.212825614, 0.991026015,
2122.274120769, 1.002998423,
2122.294552355, 1.003424404,
2122.314984141, 0.990503207,
2122.335415827, 0.995294385,
2122.355847513, 1.010874961,
2122.376279199, 0.999616172,
2122.396710885, 0.995972704,
2122.417142572, 1.002457319,
2122.437574259, 0.999142062,
2122.458005945, 1.002141276,
2122.478437732, 1.004793295,
2122.519301107, 0.991085386,
2122.560164382, 1.004364848,
2122.580596170, 0.993072676,
2122.601027858, 0.997391650,
2122.621459446, 0.999542779,
2122.641891235, 1.004786068,
2122.662322823, 1.006003886,
2122.682754612, 0.997639345,
2122.703186301, 1.000686977,
2122.784912958, 1.003273452,
2122.805344747, 0.989374554,
2122.825776437, 1.007275297,
2122.846208127, 1.005006399,
2122.866639817, 0.998110049,
2122.887071508, 1.001327380,
2122.907503298, 0.990166256,
2122.927934989, 1.001409217,
2123.030093445, 0.997719989,
2123.050525137, 1.013436461,
2123.070956928, 1.007724973,
2123.111820213, 0.993935352,
2123.132252005, 1.003343426,
2123.152683598, 1.003492346,
2123.173115290, 1.002079365,
2123.193547083, 0.998814980,
2123.213978676, 0.991449922,
2123.275273757, 0.993436943,
2123.295705550, 0.992340390,
2123.316137144, 1.003562023,
2123.336568838, 1.004741365,
2123.357000633, 1.000646567,
2123.377432227, 0.990016820,
2123.397863922, 0.994702869,
2123.418295716, 1.008767056,
2123.438727311, 1.000471367,
2123.459159107, 0.997248319,
2123.500022497, 0.990590394,
2123.520454193, 1.005516025,
2123.540885889, 1.007588078,
2123.561317585, 0.998728968,
2123.581749281, 0.996045980,
2123.602180977, 0.995763062,
2123.622612774, 1.000935961,
2123.643044471, 1.008938007,
2123.663476068, 1.000827695,
2123.683907865, 0.993471595,
2123.704339562, 0.996907324,
2123.745202957, 1.005451255,
2123.765634655, 1.002544986,
2123.786066253, 1.000890329,
2123.806498051, 0.997089939,
2123.826929749, 1.002318978,
2123.847361548, 1.009282091,
2123.867793146, 0.999908668,
2123.888224845, 0.992507137,
2123.908656544, 1.004554185,
2123.929088243, 1.009190244,
2123.949519943, 1.002777353,
2123.990383342, 1.003091249,
2124.010815142, 1.004822894,
2124.031246742, 1.003830835,
2124.051678443, 1.009166011,
2124.072110243, 0.995470770,
2124.092541844, 0.986684266,
2124.112973545, 1.011229788,
2124.133405346, 1.012390434,
2124.153837047, 0.993740177,
2124.174268648, 0.994658592,
2124.194700450, 1.004701667,
2124.235563853, 1.008882292,
2124.255995556, 0.997647586,
2124.276427258, 0.991802315,
2124.296859060, 0.998792090,
2124.317290663, 1.012758973,
2124.337722366, 1.003782144,
2124.358154169, 0.995320035,
2124.378585772, 0.997030882,
2124.399017576, 1.000109031,
2124.419449279, 1.009400471,
2124.439880883, 1.000768725,
2124.480744391, 1.001654357,
2124.501175995, 1.001037556,
2124.521607800, 1.003639950,
2124.542039505, 1.002613175,
2124.562471210, 0.996994551,
2124.582902915, 0.996756860,
2124.603334620, 1.001615416,
2124.623766325, 1.006767154,
2124.644198031, 1.005676377,
2124.664629737, 0.995325089,
2124.685061443, 0.990946498,
2124.746356562, 0.997109456,
2124.766788269, 0.995592848,
2124.787220076, 0.994431409,
2124.807651783, 1.005824403,
2124.828083390, 1.013642632,
2124.848515198, 0.997536517,
2124.868946906, 0.991193198,
2124.889378513, 0.995821352,
2124.909810322, 1.009291507,
2124.930242030, 1.007784314,
2124.991537156, 1.003116751,
2125.011968965, 1.008212012,
2125.032400574, 0.997782643,
2125.052832284, 0.993897401,
2125.073264093, 0.993464676,
2125.093695703, 1.003685987,
2125.114127413, 1.001896478,
2125.134559224, 1.003753468,
2125.154990834, 0.996665935,
2125.195854355, 1.005823268,
2125.216285966, 1.000474248,
2125.236717778, 0.994637253,
2125.257149489, 0.995198280,
2125.298012912, 1.009235711,
2125.318444624, 0.998631777,
2125.338876336, 0.998389912,
2125.359308049, 1.002967638,
2125.379739761, 0.995651151,
2125.400171474, 1.003987988,
2125.420603187, 1.005236064,
2125.461466614, 0.996621134,
2125.481898327, 0.994785563,
2125.502330141, 1.007288799,
2125.522761855, 1.007735661,
2125.543193469, 0.996151777,
2125.563625283, 0.995010277,
2125.584056998, 1.003071819,
2125.604488613, 1.006694562,
2125.624920427, 1.002177137,
2125.645352143, 0.998975154,
2125.665783758, 0.990873154,
2125.706647289, 1.015244204,
2125.727079105, 0.999624797,
2125.747510721, 0.988929209,
2125.767942438, 1.004010216,
2125.788374254, 1.008103050,
2125.808805871, 0.997418298,
2125.829237588, 1.000602262,
2125.849669405, 1.001628223,
2125.870101022, 0.994843788,
2125.890532840, 1.010072692,
2125.910964558, 1.002032112,
2125.951827994, 0.999313274,
2125.972259612, 0.998951973,
2125.992691431, 1.008352596,
2126.013123149, 1.000118357,
2126.033554868, 0.995177047,
2126.053986487, 1.002341815,
2126.074418307, 0.997633657,
2126.094850026, 0.999389417,
2126.115281746, 1.005701933,
2126.135713466, 0.993441461,
2126.156145186, 0.997208761,
2126.197008627, 0.997239633,
2126.217440348, 1.005202619,
2126.237872169, 0.999222546,
2126.258303790, 0.990514363,
2126.278735612, 1.005042084,
2126.299167333, 1.006837088,
2126.319598955, 0.994244483,
2126.340030777, 0.988179885,
2126.360462499, 1.002053998,
2126.380894122, 1.010794895,
2126.442189290, 0.988922827,
2126.462621114, 0.992994270,
2126.503484661, 1.007450883,
2126.523916285, 0.992300077,
2126.544348009, 0.991461330,
2126.564779833, 0.997913257,
2126.585211558, 1.014432024,
2126.605643182, 1.003004685,
2126.626074908, 0.997734233,
2126.687370184, 1.002559108,
2126.707801809, 1.005677904,
2126.728233635, 0.992764315,
2126.748665362, 0.994574251,
2126.769096988, 1.004313490,
2126.789528815, 0.999859482,
2126.809960542, 0.997624989,
2126.830392369, 0.999449440,
2126.850823996, 0.999041132,
2126.871255723, 1.005479709,
2126.891687551, 0.998870039,
2126.952982736, 1.003100947,
2126.973414364, 0.999795100,
2126.993846093, 1.001648397,
2127.014277922, 0.994219181,
2127.034709551, 0.991713390,
2127.055141381, 1.003782834,
2127.075573110, 1.008932771,
2127.096004740, 0.998693401,
2127.116436570, 0.995757216,
2127.136868300, 0.996559644,
2127.198163492, 0.998129742,
2127.218595324, 0.989723515,
2127.239026955, 0.997829906,
2127.259458687, 0.998271302,
2127.279890418, 1.008887595,
2127.300322150, 1.007677324,
2127.320753883, 0.985509807,
2127.341185715, 0.997167417,
2127.361617348, 1.008259180,
2127.382049081, 1.001033375,
2127.422912547, 0.995142237,
2127.443344381, 0.996048842,
2127.463776114, 1.010451587,
2127.484207748, 1.002007360,
2127.504639583, 0.994707985,
2127.525071317, 0.992694590,
2127.545502952, 1.002810919,
2127.565934787, 1.008872279,
2127.586366522, 0.998536977,
2127.606798357, 0.993654444,
2127.688525201, 0.996434056,
2127.708956937, 0.992582093,
2127.729388774, 1.001383756,
2127.770252248, 1.001327132,
2127.790683985, 0.996298206,
2127.811115722, 1.001227082,
2127.831547460, 0.999434241,
2127.851979198, 0.996767843,
2127.892842675, 0.998934663,
2127.913274413, 0.990549626,
2127.933706152, 0.998422503,
2127.954137891, 1.006316055,
2127.974569631, 1.001161643,
2127.995001470, 1.000301712,
2128.015433110, 0.991822458,
2128.035864850, 0.995069452,
2128.056296690, 1.010321367,
2128.076728331, 1.005393000,
2128.097160072, 0.989652037,
2128.117591912, 0.994984541,
2128.158455395, 1.011471379,
2128.178887136, 1.005602742,
2128.219750620, 0.993218641,
2128.240182363, 1.003609996,
2128.260614005, 1.007546237,
2128.281045848, 0.999790280,
2128.301477591, 0.988077020,
2128.321909234, 0.994722214,
2128.342341077, 1.004474402,
2128.362772821, 1.012507541,
2128.424068054, 0.995852611,
2128.444499898, 0.999433943,
2128.464931643, 0.998649573,
2128.485363288, 0.991477443,
2128.505795133, 0.996844163,
2128.526226879, 1.006414787,
2128.546658624, 0.999758603,
2128.567090370, 0.994628392,
2128.587522116, 0.995278042,
2128.628385610, 1.002088325,
2128.648817357, 1.006233403,
2128.669249104, 0.990636954,
2128.710112699, 0.997799418,
2128.730544346, 0.997409334,
2128.750976094, 1.009301405,
2128.771407943, 1.001242422,
2128.791839591, 0.986020096,
2128.812271340, 1.004539051,
2128.832703189, 1.028450516,
2128.914430087, 0.996032059,
2128.934861938, 1.004428015,
2128.955293688, 1.003590419,
2128.975725439, 1.004392027,
2128.996157189, 0.989060719,
2129.016588941, 0.995265266,
2129.037020692, 1.008985787,
2129.057452444, 0.996944887,
2129.077884195, 0.994875769,
2129.098316047, 1.001647110,
2129.159611305, 1.000935675,
2129.180043058, 0.989668013,
2129.200474711, 0.995458219,
2129.220906565, 1.005981733,
2129.241338319, 1.000193117,
2129.261770073, 0.989549154,
2129.282201827, 0.997222081,
2129.302633581, 0.998819702,
2129.323065336, 0.997627693,
2129.343497091, 1.005829085,
2129.384360602, 0.988086351,
2129.404792357, 1.004295209,
2129.425224013, 0.998106776,
2129.445655869, 0.997641894,
2129.466087626, 0.999622128,
2129.486519482, 0.987680482,
2129.506951139, 0.998909587,
2129.527382896, 1.004285564,
2129.547814754, 1.000380531,
2129.568246411, 0.995172530,
2129.588678169, 0.995021521,
2129.649973544, 1.000199416,
2129.670405303, 0.993912890,
2129.690837062, 0.994120807,
2129.711268821, 0.995833216,
2129.731700581, 1.001092376,
2129.772564101, 0.989739767,
2129.792995861, 0.990538767,
2129.813427622, 1.006158953,
2129.833859482, 1.003542222,
2129.874723005, 0.993122982,
2129.895154766, 0.993194720,
2129.915586428, 1.006526603,
2129.936018290, 1.009942197,
2129.956450052, 0.991489801,
2129.976881715, 0.986259426,
2129.997313577, 1.000977588,
2130.017745241, 1.004393754,
2130.038177104, 0.998467286,
2130.058608867, 0.996102707,
2130.079040531, 0.990339259,
2130.119904159, 1.004657071,
2130.140335824, 0.996288980,
2130.160767689, 0.991854993,
2130.181199454, 0.994667563,
2130.201631319, 0.998121956,
2130.222062984, 1.004847624,
2130.242494750, 0.992100791,
2130.262926616, 0.997279928,
2130.283358282, 1.000743983,
2130.303790049, 0.989965563,
2130.365085350, 0.987782488,
2130.385517217, 0.998658620,
2130.405948985, 1.004784764,
2130.426380753, 1.003586980,
2130.446812521, 0.994504260,
2130.467244290, 0.994744333,
2130.487676159, 1.001153852,
2130.508107828, 0.996391351,
2130.528539597, 1.004741024,
2130.548971467, 1.004392181,
2130.630698447, 1.005392947,
2130.651130318, 0.991469940,
2130.671561989, 0.989164948,
2130.691993761, 1.004506181,
2130.712425632, 1.008704420,
2130.732857304, 0.995478818,
2130.753289176, 0.995461611,
2130.773720948, 0.994941421,
2130.794152621, 1.000685588,
2130.814584494, 1.005025113,
2130.875879814, 1.004421645,
2130.896311588, 0.999301334,
2130.916743362, 1.003779788,
2130.937175136, 0.998349693,
2130.957606911, 0.989773617,
2130.978038786, 0.999989411,
2130.998470561, 1.005784798,
2131.018902237, 0.996696598,
2131.039334112, 0.994527054,
2131.059765888, 0.993197732,
2131.121061218, 1.000168161,
2131.141492995, 0.998600573,
2131.182356550, 1.001664576,
2131.202788427, 1.006241581,
2131.223220105, 1.001358327,
2131.243651884, 0.994832876,
2131.264083662, 0.994710647,
2131.284515441, 0.999426699,
2131.304947320, 1.004587174,
2131.366242659, 0.990748623,
2131.386674339, 0.998558901,
2131.407106120, 1.008505121,
2131.427538000, 0.997574579,
2131.447969681, 0.990557262,
2131.468401463, 1.000223820,
2131.488833344, 1.001535632,
2131.509265026, 1.010963859,
2131.529696908, 0.988458289,
2131.550128690, 0.990494497,
2131.590992255, 1.003122854,
2131.611424039, 1.000984655,
2131.631855822, 0.994054367,
2131.652287705, 0.984252245,
2131.672719389, 1.002121790,
2131.693151273, 1.007361588,
2131.713583058, 0.999622657,
2131.734014743, 0.992544375,
2131.754446627, 0.992367698,
2131.774878413, 0.999496279,
2131.795310098, 1.007756326,
2131.856605656, 0.999318609,
2131.877037343, 1.003831842,
2131.897469129, 1.000290330,
2131.917900917, 0.996233893,
2131.938332704, 1.000567369,
2131.958764491, 1.000388309,
2131.979196279, 1.003568168,
2131.999628068, 1.002517912,
2132.020059856, 0.993186285,
2132.040491645, 1.000149455,
2132.060923434, 1.003325278,
2132.081355323, 1.000405612,
2132.101787012, 1.003403276,
2132.142650692, 0.995112369,
2132.163082383, 1.001447320,
2132.183514173, 1.003435159,
2132.203946064, 1.003086273,
2132.224377855, 0.994425192,
2132.244809647, 0.987292646,
2132.265241438, 1.010674374,
2132.326536815, 0.996633201,
2132.346968608, 0.991525657,
2132.367400501, 1.001605656,
2132.387832194, 1.014231240,
2132.408264088, 0.999082232,
2132.428695882, 0.990257724,
2132.449127576, 0.997353013,
2132.469559470, 1.009208963,
2132.489991265, 1.001585783,
2132.571718347, 1.008834196,
2132.592150243, 1.007762195,
2132.612582039, 0.987518219,
2132.633013836, 0.996730354,
2132.653445633, 1.004287209,
2132.673877330, 0.999366134,
2132.694309227, 0.999240944,
2132.714741025, 0.994327053,
2132.735172823, 0.998138859,
2132.755604622, 1.003189153,
2132.776036420, 0.994847244,
2132.837331818, 0.997537427,
2132.857763717, 1.010585234,
2132.878195517, 0.997114046,
2132.898627218, 0.991607887,
2132.919059118, 1.002551458,
2132.939490919, 0.992283057,
2132.959922720, 0.997693439,
2132.980354522, 1.008301928,
2133.000786323, 0.997918076,
2133.021218225, 0.988592504,
2133.082513633, 1.003444370,
2133.102945336, 0.994985713,
2133.123377239, 0.985478228,
2133.143809043, 0.996723768,
2133.164240747, 1.010366328,
2133.184672651, 0.997702557,
2133.205104455, 0.990841036,
2133.225536160, 0.994055421,
2133.245968065, 1.001881972,
2133.307263482, 0.987557586,
2133.327695189, 0.994322898,
2133.348127095, 1.008732524,
2133.368558902, 1.004033030,
2133.388990609, 0.992573162,
2133.409422516, 0.996365137,
2133.429854324, 0.995155657,
2133.450286132, 1.008156331,
2133.470717940, 1.003589891,
2133.491149749, 0.995497758,
2133.511581657, 1.001171673,
2133.552445176, 0.995499479,
2133.572877085, 1.000285144,
2133.593308895, 0.991732947,
2133.613740606, 1.000170607,
2133.634172516, 1.000874845,
2133.654604327, 0.998548236,
2133.675036238, 1.008289296,
2133.695467949, 0.999938361,
2133.715899761, 0.993225115,
2133.736331673, 1.005877753,
2133.756763385, 1.002107660,
2133.777195198, 0.996434244,
2133.797627111, 0.994899868,
2133.818058824, 0.998666095,
2133.858922551, 1.004037764,
2133.879354265, 0.998114098,
2133.899786179, 0.990963315,
2133.920217994, 0.997596049,
2133.940649708, 1.010582574,
2133.961081624, 1.005949987,
2133.981513339, 1.001864816,
2134.063240704, 1.005203306,
2134.083672521, 0.996689862,
2134.104104338, 0.994170128,
2134.124536155, 0.998195931,
2134.144967973, 1.007996903,
2134.165399791, 1.006513792,
2134.185831610, 0.991613015,
2134.206263428, 0.996560487,
2134.226695247, 1.000771516,
2134.247127167, 1.004873271,
2134.267558886, 0.999542943,
2134.287990806, 0.990732407,
2134.308422626, 1.000125085,
2134.328854347, 1.005248714,
2134.349286267, 0.995912040,
2134.369718088, 0.998295563,
2134.390149810, 0.999565255,
2134.410581731, 0.997473677,
2134.431013553, 1.002805080,
2134.451445476, 1.000108185,
2134.471877198, 0.994525552,
2134.492309021, 1.002647814,
2134.553604491, 0.995353593,
2134.574036315, 0.993945047,
2134.594468139, 0.996406884,
2134.614900064, 0.999550376,
2134.635331889, 1.006578714,
2134.655763614, 0.999840220,
2134.676195540, 0.994205257,
2134.696627265, 0.992424127,
2134.778354572, 0.989652103,
2134.798786499, 0.992000576,
2134.819218327, 0.996013206,
2134.839650155, 1.006050505,
2134.860081983, 1.008316824,
2134.880513811, 0.989596292,
2134.900945740, 0.992694766,
2134.921377469, 1.009092441,
2134.941809299, 1.003379961,
2134.962241228, 0.996665858,
2134.982672959, 0.994271521,
2135.043968450, 1.006416128,
2135.064400382, 0.992486532,
2135.084832213, 0.992676507,
2135.105263945, 1.006765004,
2135.125695877, 1.011458495,
2135.146127710, 0.994868632,
2135.166559642, 0.989414425,
2135.186991376, 1.000968881,
2135.207423209, 1.002775012,
2135.227855143, 1.001115027,
2135.268718711, 0.996084044,
2135.289150645, 0.996097114,
2135.309582381, 1.006476461,
2135.330014216, 1.007205282,
2135.350446051, 0.990220191,
2135.370877887, 0.996738137,
2135.391309823, 1.003983712,
2135.411741660, 0.996444726,
2135.432173396, 1.002085019,
2135.452605334, 1.007203535,
2135.473037171, 0.989453073,
2135.534332685, 1.004229408,
2135.554764624, 1.002441537,
2135.575196362, 0.994444787,
2135.595628202, 0.992996372,
2135.616060141, 1.008475455,
2135.636491881, 1.006168659,
2135.656923721, 0.994732637,
2135.677355662, 0.993145964,
2135.697787403, 0.998574377,
2135.718219344, 1.009557268,
2135.779514869, 0.996253553,
2135.799946711, 1.003937237,
2135.820378454, 1.003041732,
2135.840810397, 1.001730256,
2135.861242240, 0.992607777,
2135.881674084, 0.995513273,
2135.902105928, 1.008542271,
2135.922537772, 1.003694490,
2135.983833306, 0.999341941,
2136.004265152, 0.992946774,
2136.045128844, 1.001961259,
2136.065560790, 0.981586167,
2136.085992537, 1.002065210,
2136.106424484, 1.004789196,
2136.126856331, 0.993157543,
2136.147288079, 0.994314931,
2136.167720027, 0.998680149,
2136.188151875, 0.998211839,
2136.208583624, 1.003819246,
2136.249447422, 0.990879016,
2136.290311122, 0.997262191,
2136.310742972, 0.999639447,
2136.331174922, 1.000218831,
2136.351606673, 0.993619552,
2136.372038525, 0.990363333,
2136.392470476, 0.994492915,
2136.433334080, 1.021383236,
2136.515061592, 1.001032367,
2136.535493445, 0.997846406,
2136.555925299, 0.997216211,
2136.576357154, 0.994496957,
2136.596789009, 1.001609745,
2136.617220863, 1.011858306,
2136.637652719, 0.994170193,
2136.658084575, 0.988738168,
2136.678516431, 1.008021184,
2136.698948287, 1.008352606,
2136.760243858, 0.997195293,
2136.780675815, 1.000266786,
2136.801107573, 1.009666265,
2136.821539531, 0.996446358,
2136.841971390, 0.991248970,
2136.862403149, 0.999266206,
2136.882835108, 1.003088298,
2136.903266968, 1.009289921,
2136.923698727, 0.995747134,
2136.944130688, 0.988245334,
2137.005426270, 1.000553925,
2137.025858132, 0.999198615,
2137.046290093, 0.994839558,
2137.066721856, 0.995411813,
2137.087153718, 1.003824139,
2137.107585681, 1.002884468,
2137.128017444, 0.998539301,
2137.148449307, 0.996100586,
2137.189313135, 1.003853117,
2137.250608729, 0.995904445,
2137.271040595, 0.999145917,
2137.291472460, 1.004858166,
2137.311904327, 1.003229265,
2137.332336193, 0.996819116,
2137.352768060, 0.991915732,
2137.373199927, 1.004148272,
2137.393631794, 1.009119807,
2137.414063662, 1.000664237,
2137.434495630, 0.992828128,
2137.495791236, 1.014887753,
2137.516223005, 0.990799389,
2137.536654975, 0.991369511,
2137.557086845, 1.005057030,
2137.577518615, 1.003144981,
2137.597950586, 1.000397491,
2137.618382457, 0.998413023,
2137.638814228, 0.991324110,
2137.659246200, 0.999330476,
2137.679678072, 1.007471050,
2137.720541817, 0.993683268,
2137.740973690, 0.996124072,
2137.761405664, 0.998150119,
2137.781837437, 1.004194174,
2137.802269311, 0.996950676,
2137.822701286, 0.998276379,
2137.843133060, 0.997951496,
2137.863564935, 0.992318758,
2137.883996911, 1.002064574,
2137.904428786, 0.999524594,
2137.924860662, 0.994463080,
2137.965724315, 1.000841995,
2137.986156293, 1.008415949,
2138.006588170, 0.997935213,
2138.027019948, 0.989816566,
2138.047451926, 0.992600730,
2138.067883804, 1.005826579,
2138.088315783, 1.003640576,
2138.108747562, 0.988118789,
2138.129179441, 0.992598847,
2138.149611421, 0.998142913,
2138.170043201, 0.998882920,
2138.251770824, 1.000420953,
2138.272202706, 1.007896224,
2138.313066471, 0.997164080,
2138.333498353, 0.993413509,
2138.374362120, 1.004739087,
2138.394794004, 0.995943545,
2138.415225888, 0.993542885,
2138.435657772, 0.999532791,
2138.456089657, 1.002786832,
2138.476521642, 1.006405157,
2138.496953428, 0.996559694,
2138.517385314, 0.991956767,
2138.537817300, 1.002251315,
2138.578680973, 0.996756959,
2138.599112961, 1.001433182,
2138.619544748, 1.000156823,
2138.639976736, 0.995671555,
2138.660408624, 1.002733493,
2138.721704291, 0.990768284,
2138.742136081, 1.002858378,
2138.762568071, 1.000863530,
2138.782999961, 1.000096431,
