BJD - 2454833, Corrected Flux
2146.452707276, 1.012897921,
2146.473139584, 1.012568813,
2146.514003898, 1.013806513,
2146.534436204, 1.014949484,
2146.554868310, 1.013592023,
2146.575300515, 1.014018632,
2146.595732819, 1.017293753,
2146.616164924, 1.017382026,
2146.636597127, 1.013881761,
2146.677461533, 1.013275008,
2146.697893835, 1.011707655,
2146.718325937, 1.013801346,
2146.738758137, 1.012480610,
2146.759190438, 1.011163101,
2146.779622638, 1.011630495,
2146.800054737, 1.013448870,
2146.820487036, 1.014000411,
2146.840919235, 1.011159421,
2146.881783630, 1.014090843,
2146.902215827, 1.014251021,
2146.922647923, 1.010442691,
2146.943080219, 1.009933298,
2146.963512414, 1.010970312,
2146.983944509, 1.009511718,
2147.004376803, 1.010276329,
2147.024808997, 1.011365605,
2147.045241090, 1.009280026,
2147.065673383, 1.009368582,
2147.086105575, 1.011198350,
2147.106537766, 1.010611087,
2147.126969958, 1.010073020,
2147.147402148, 1.009353748,
2147.167834438, 1.007944587,
2147.188266528, 1.010450777,
2147.208698717, 1.012532550,
2147.229131005, 1.011351329,
2147.249563193, 1.009866845,
2147.269995280, 1.010112123,
2147.290427568, 1.009032506,
2147.310859754, 1.010177470,
2147.331291840, 1.010585451,
2147.351724125, 1.009311939,
2147.372156210, 1.010534954,
2147.392588395, 1.009766794,
2147.413020678, 1.009046455,
2147.433452762, 1.006027667,
2147.494749309, 1.012229402,
2147.515181490, 1.010733339,
2147.535613771, 1.008686138,
2147.556045851, 1.008726198,
2147.576478030, 1.011687837,
2147.617342489, 1.009805890,
2147.637774566, 1.011206173,
2147.658206844, 1.009681697,
2147.678639021, 1.007833669,
2147.699071198, 1.006322793,
2147.719503374, 1.011900364,
2147.739935550, 1.010419508,
2147.760367825, 1.007172750,
2147.780799899, 1.009033193,
2147.801232073, 1.008351574,
2147.821664347, 1.009258949,
2147.842096420, 1.011639881,
2147.862528592, 1.015925574,
2147.882960864, 1.010416294,
2147.903392935, 1.008236004,
2147.923825107, 1.008272884,
2147.944257377, 1.008233270,
2147.985121616, 1.007614374,
2148.005553885, 1.007701826,
2148.025985954, 1.010203720,
2148.066850389, 1.009811652,
2148.087282556, 1.005648123,
2148.107714622, 1.007494982,
2148.128146888, 1.005909112,
2148.148578953, 1.007725015,
2148.169011118, 1.009373621,
2148.189443382, 1.008063946,
2148.209875446, 1.007858312,
2148.230307609, 1.010979670,
2148.250739872, 1.008407021,
2148.271171934, 1.007595749,
2148.291604196, 1.007255396,
2148.312036357, 1.008505754,
2148.332468418, 1.009257606,
2148.373332838, 1.007320032,
2148.393764897, 1.008151501,
2148.414197156, 1.009996806,
2148.475493628, 1.010879538,
2148.495925785, 1.010485392,
2148.516357941, 1.008169979,
2148.536790097, 1.008833492,
2148.557222252, 1.010166241,
2148.577654407, 1.007912661,
2148.598086661, 1.008764366,
2148.618518714, 1.007012984,
2148.638950867, 1.007994462,
2148.659383120, 1.008228023,
2148.679815172, 1.005684150,
2148.700247324, 1.010077117,
2148.720679575, 1.009123438,
2148.741111625, 1.007005188,
2148.761543775, 1.004782229,
2148.781976025, 1.009601885,
2148.802408074, 1.009218409,
2148.822840222, 1.009325868,
2148.843272470, 1.006100960,
2148.863704518, 1.011105200,
2148.884136765, 1.009011454,
2148.904568811, 1.008906542,
2148.925000957, 1.007161587,
2148.945433202, 1.006491163,
2148.965865248, 1.008507605,
2148.986297392, 1.006857081,
2149.027161779, 1.007142036,
2149.047593822, 1.008663271,
2149.068026065, 1.009347269,
2149.088458207, 1.009171129,
2149.108890248, 1.007119465,
2149.129322489, 1.008346165,
2149.149754630, 1.008610186,
2149.170186669, 1.007300065,
2149.190618909, 1.009188762,
2149.211051048, 1.009116162,
2149.231483086, 1.009635749,
2149.251915324, 1.007465063,
2149.272347462, 1.010971231,
2149.292779598, 1.009265293,
2149.313211735, 1.009295685,
2149.333643870, 1.005907456,
2149.354076006, 1.012115763,
2149.374508141, 1.007627544,
2149.394940275, 1.011298034,
2149.415372409, 1.007576104,
2149.456236675, 1.011326764,
2149.476668908, 1.009376082,
2149.497101039, 1.013715522,
2149.517533071, 1.005185556,
2149.537965302, 1.009677447,
2149.558397432, 1.007649025,
2149.578829462, 1.039463392,
2149.599261691, 1.007341665,
2149.619693720, 1.008614678,
2149.640125849, 1.008719119,
2149.660558076, 1.005907800,
2149.680990104, 1.013565174,
2149.701422231, 1.005479555,
2149.721854457, 1.008544755,
2149.742286483, 1.007238013,
2149.762718608, 1.006988152,
2149.783150833, 1.010587949,
2149.803582857, 1.009629516,
2149.824014982, 1.005419478,
2149.844447205, 1.003032208,
2149.864879327, 1.008744806,
2149.885311350, 1.007831105,
2149.905743572, 1.006934375,
2149.946607714, 1.006637045,
2149.967039935, 1.005492462,
2149.987472054, 1.007070814,
2150.007904074, 1.008410622,
2150.028336293, 1.008184687,
2150.048768411, 1.006907732,
2150.069200629, 1.008456846,
2150.089632647, 1.007132536,
2150.110064763, 1.006634945,
2150.130496980, 1.008504081,
2150.150928996, 1.009014468,
2150.171361111, 1.006538895,
2150.191793326, 1.011319997,
2150.212225340, 1.009415701,
2150.232657454, 1.005960045,
2150.253089668, 1.007405053,
2150.273521781, 1.006948970,
2150.293953793, 1.007495169,
2150.314386005, 1.005435315,
2150.334818116, 1.006050536,
2150.355250128, 1.008358612,
2150.375682338, 1.009317641,
2150.396114348, 1.008356202,
2150.416546457, 1.009655725,
2150.436978666, 1.008006735,
2150.457410675, 1.006170964,
2150.477842783, 1.010951238,
2150.498274990, 1.006220827,
2150.539139104, 1.008751040,
2150.559571310, 1.006350496,
2150.580003315, 1.009359565,
2150.600435421, 1.008397385,
2150.620867625, 1.007958153,
2150.682163936, 1.007326563,
2150.702596038, 1.003896461,
2150.723028140, 1.003933072,
2150.743460242, 1.004893912,
2150.763892343, 1.004525387,
2150.784324544, 1.006635894,
2150.804756544, 1.006694707,
2150.845620842, 1.004296987,
2150.866052841, 1.006069380,
2150.886484939, 1.008760382,
2150.906917137, 1.007001971,
2150.927349134, 1.003587997,
2150.947781231, 1.007799405,
2150.968213427, 1.007444672,
2150.988645423, 1.007256292,
2151.009077518, 1.004894861,
2151.029509613, 1.005762725,
2151.049941707, 1.008826816,
2151.070373801, 1.005900053,
2151.090805994, 1.002973331,
2151.111237987, 1.005027568,
2151.152102271, 1.003156541,
2151.172534262, 1.005593824,
2151.192966353, 1.002009250,
2151.213398543, 1.002040928,
2151.233830533, 1.003995203,
2151.254262723, 1.004333132,
2151.274694811, 1.005051612,
2151.295126800, 1.003907572,
2151.315558988, 1.000073288,
2151.335991075, 1.001160170,
2151.356423062, 1.004049583,
2151.376855249, 1.006433282,
2151.397287335, 1.004851977,
2151.417719320, 1.002926405,
2151.438151505, 1.003510610,
2151.479015574, 1.002351982,
2151.499447757, 1.006466413,
2151.519879840, 1.003033236,
2151.540311923, 1.003105389,
2151.560744005, 1.008200693,
2151.581176086, 1.003851273,
2151.601608168, 1.007677171,
2151.622040348, 1.005451600,
2151.642472328, 1.004432804,
2151.662904408, 1.006741866,
2151.683336587, 1.006733527,
2151.703768566, 1.003167872,
2151.724200644, 1.005840791,
2151.744632822, 1.005281992,
2151.785496876, 1.003076115,
2151.805929052, 1.006574139,
2151.846793103, 1.005448847,
2151.867225178, 1.003349574,
2151.908089426, 1.002811626,
2151.928521400, 1.003557544,
2151.948953473, 1.001760802,
2151.969385645, 1.000253380,
2151.989817717, 1.004546269,
2152.010249688, 1.006214292,
2152.030681860, 1.005533944,
2152.051113930, 1.003859581,
2152.071545900, 1.004184951,
2152.091978070, 1.003004598,
2152.112410138, 1.006945598,
2152.132842107, 1.006612570,
2152.153274275, 1.006685378,
2152.173706343, 1.005278245,
2152.194138310, 1.008118335,
2152.214570476, 1.009394076,
2152.235002543, 1.008471062,
2152.255434509, 1.003592183,
2152.275866674, 1.008365084,
2152.296298739, 1.008878420,
2152.316730703, 1.010542118,
2152.337162867, 1.005297151,
2152.357594930, 1.004896855,
2152.398459055, 1.008554742,
2152.418891117, 1.007890177,
2152.439323179, 1.006855844,
2152.459755340, 1.006704358,
2152.480187300, 1.005099440,
2152.521051519, 1.005640956,
2152.541483478, 1.005190257,
2152.561915637, 1.008777276,
2152.582347695, 1.006456185,
2152.602779653, 1.003843660,
2152.623211810, 1.006515796,
2152.643643766, 1.004872807,
2152.664075822, 1.005541030,
2152.684507978, 1.008100824,
2152.704939933, 1.030729244,
2152.725371988, 1.006739919,
2152.745804143, 1.006364935,
2152.766236096, 1.008100584,
2152.786668150, 1.005666990,
2152.807100302, 1.004301968,
2152.827532355, 1.006783350,
2152.847964307, 1.005659090,
2152.868396458, 1.005614338,
2152.888828509, 1.008088199,
2152.929692610, 1.006600359,
2152.950124659, 1.008149385,
2152.970556608, 1.004669691,
2152.990988757, 1.006635497,
2153.031852753, 1.006598339,
2153.052284900, 1.006159077,
2153.072716947, 1.008351958,
2153.093149093, 1.007567458,
2153.113581038, 1.003433007,
2153.134013084, 1.009836894,
2153.154445229, 1.002033340,
2153.174877173, 1.007991472,
2153.195309217, 1.006461271,
2153.215741360, 1.005416548,
2153.236173303, 1.007500339,
2153.256605346, 1.007662330,
2153.277037388, 1.011828297,
2153.297469529, 1.007579981,
2153.317901470, 1.006262857,
2153.338333511, 1.007406463,
2153.379197590, 1.006693214,
2153.399629730, 1.003513075,
2153.420061669, 1.007873825,
2153.440493707, 1.005340390,
2153.460925845, 1.010950869,
2153.481357782, 1.006815446,
2153.501789819, 1.012338874,
2153.522221955, 1.004354188,
2153.563085927, 1.005371993,
2153.583518061, 1.005738218,
2153.603949996, 1.005184537,
2153.624382030, 1.007236628,
2153.644814163, 1.007439202,
2153.665246196, 1.005377712,
2153.685678229, 1.009930209,
2153.706110261, 1.005631043,
2153.726542293, 1.007760844,
2153.746974324, 1.007860574,
2153.767406355, 1.006238376,
2153.787838385, 1.005155784,
2153.808270515, 1.005547173,
2153.828702445, 1.004253975,
2153.889998530, 1.004210856,
2153.910430558, 1.005258681,
2153.930862685, 1.005687908,
2153.951294611, 1.008831442,
2153.971726637, 1.009260936,
2153.992158763, 1.008024542,
2154.012590688, 1.006195670,
2154.033022713, 1.006382273,
2154.053454737, 1.006901801,
2154.073886761, 1.007479628,
2154.094318784, 1.006231424,
2154.114750807, 1.006120300,
2154.135182829, 1.018516721,
2154.155614852, 1.004819284,
2154.176046873, 1.004308774,
2154.196478894, 1.010202047,
2154.216910915, 1.009088222,
2154.237343035, 1.006219986,
2154.257774955, 1.009025418,
2154.278207074, 1.005765603,
2154.298639092, 1.007688667,
2154.319071011, 1.007692327,
2154.339503129, 1.007705815,
2154.359935146, 1.008353040,
2154.380367063, 1.006921289,
2154.400799179, 1.005900991,
2154.421231195, 1.009165717,
2154.441663111, 1.010182430,
2154.462095226, 1.008638168,
2154.482527240, 1.004058074,
2154.502959254, 1.005961172,
2154.523391268, 1.007521406,
2154.543823281, 1.008784217,
2154.564255294, 1.005317290,
2154.584687306, 1.006639852,
2154.605119318, 1.003755077,
2154.625551330, 1.007189828,
2154.645983440, 1.006598916,
2154.666415351, 1.007844076,
2154.686847361, 1.002383450,
2154.707279471, 1.003571123,
2154.727711380, 1.003138889,
2154.748143388, 1.003563801,
2154.768575397, 1.003207540,
2154.809439512, 1.006458465,
2154.829871418, 1.005675002,
2154.850303425, 1.005644831,
2154.870735531, 1.006513443,
2154.891167436, 1.005348187,
2154.911599441, 1.008470018,
2154.932031545, 1.005597770,
2154.952463450, 1.006279131,
2154.972895453, 1.003675987,
2154.993327557, 1.005760606,
2155.013759459, 1.002652989,
2155.034191461, 1.017101473,
2155.054623563, 1.004515426,
2155.075055564, 1.001655645,
2155.095487465, 1.002013951,
2155.115919566, 1.002706983,
2155.136351566, 1.001120798,
2155.156783465, 0.996432101,
2155.177215564, 0.999023538,
2155.197647563, 0.997846039,
2155.218079462, 0.999516672,
2155.238511559, 1.002599143,
2155.258943556, 0.999077829,
2155.279375453, 0.996972134,
2155.299807549, 1.004985491,
2155.320239546, 1.000016060,
2155.340671541, 1.000838601,
2155.361103536, 1.002176527,
2155.381535530, 0.998729432,
2155.401967625, 0.997232912,
2155.422399518, 0.998637582,
2155.442831512, 0.993017459,
2155.463263604, 0.992954432,
2155.483695497, 0.993843751,
2155.504127488, 0.993463755,
2155.524559480, 0.990106251,
2155.544991471, 0.993903899,
2155.565423461, 0.987768718,
2155.585855551, 0.991753354,
2155.606287441, 0.989806566,
2155.626719430, 0.988469162,
2155.647151519, 0.987671811,
2155.667583407, 0.987448100,
2155.688015395, 0.988543308,
2155.708447482, 0.989253833,
2155.728879369, 0.988493456,
2155.749311355, 0.986458063,
2155.769743441, 0.987617050,
2155.790175327, 0.988015011,
2155.851471281, 0.984840950,
2155.871903265, 0.983682936,
2155.892335348, 0.987245069,
2155.912767331, 0.984426174,
2155.933199214, 0.982418630,
2155.974063277, 0.982208935,
2155.994495258, 0.985910267,
2156.014927239, 0.981918134,
2156.035359219, 0.983513154,
2156.055791299, 0.985733852,
2156.076223179, 0.984507036,
2156.096655157, 0.985360895,
2156.117087236, 0.985394825,
2156.137519114, 0.985337917,
2156.157951091, 0.987960460,
2156.178383169, 0.985034444,
2156.198815045, 0.988168050,
2156.219247021, 0.986500939,
2156.239679097, 0.984071682,
2156.260110973, 0.983189033,
2156.300974922, 0.983239434,
2156.321406896, 0.983929579,
2156.403134787, 0.985612798,
2156.423566859, 0.984153393,
2156.443998730, 0.984514741,
2156.464430702, 0.991600334,
2156.484862772, 0.986086786,
2156.505294642, 0.987955944,
2156.525726612, 0.984470666,
2156.546158681, 0.987827454,
2156.566590550, 0.984501545,
2156.587022618, 0.985872948,
2156.607454585, 0.984857410,
2156.627886453, 0.985631454,
2156.648318520, 0.986992805,
2156.689182353, 0.984685589,
2156.709614418, 0.986682740,
2156.730046383, 0.986675113,
2156.750478348, 0.983478970,
2156.770910312, 0.985344246,
2156.791342276, 0.984675650,
2156.811774240, 0.987972468,
2156.832206203, 0.987299864,
2156.852638165, 0.986317399,
2156.873070128, 0.983313259,
2156.893502189, 0.985187676,
2156.913934050, 0.983401220,
2156.934366011, 0.982787331,
2156.954798071, 0.985250752,
2156.975229931, 0.983055741,
2156.995661891, 0.991428896,
2157.016093850, 0.983900091,
2157.036525809, 0.988365454,
2157.056957767, 0.987677502,
2157.077389725, 0.986163328,
2157.097821682, 0.985453050,
2157.118253639, 0.988629204,
2157.138685596, 0.982629789,
2157.159117551, 0.988464091,
2157.179549607, 0.985644439,
2157.220413417, 0.986891614,
2157.240845471, 0.988830656,
2157.261277425, 0.990881599,
2157.302141331, 0.985740114,
2157.322573284, 0.987903791,
2157.343005136, 0.984004875,
2157.363437188, 0.986181610,
2157.383869139, 0.987455529,
2157.404300990, 0.985380865,
2157.424733040, 0.987692656,
2157.445164990, 0.987178244,
2157.465596840, 0.986522417,
2157.486028889, 0.985867910,
2157.506460838, 0.984599282,
2157.526892686, 0.988032413,
2157.547324733, 0.988628074,
2157.567756681, 0.984066235,
2157.608620574, 0.986754447,
2157.629052520, 1.026895221,
2157.649484466, 0.987900654,
2157.669916411, 0.986519986,
2157.690348356, 0.986884432,
2157.710780301, 0.988013300,
2157.731212244, 0.989120669,
2157.751644188, 0.987885598,
2157.812940016, 0.985412613,
2157.833372057, 0.984164410,
2157.853803899, 0.987016839,
2157.874235840, 0.983601632,
2157.894667880, 0.986286658,
2157.915099720, 0.988609769,
2157.935531660, 0.986033629,
2157.955963699, 0.985715106,
2157.976395538, 0.987317449,
2157.996827476, 0.986400157,
2158.017259514, 0.986723008,
2158.037691352, 0.988845963,
2158.058123289, 0.998314934,
2158.078555326, 0.985260448,
2158.098987262, 0.985421954,
2158.119419098, 0.987350441,
2158.139851133, 0.988046755,
2158.160283068, 0.985324288,
2158.180714902, 0.987629871,
2158.201146936, 0.986716882,
2158.221578870, 0.988654461,
2158.242010703, 0.986638310,
2158.262442736, 0.986767602,
2158.282874668, 0.986147208,
2158.303306500, 0.983897619,
2158.323738532, 0.986665397,
2158.344170463, 0.986817760,
2158.364602494, 0.994667553,
2158.385034324, 0.984843283,
2158.405466254, 0.988121443,
2158.425898284, 0.987589096,
2158.446330112, 0.984797505,
2158.466762041, 0.988240516,
2158.487194069, 0.982597112,
2158.507625897, 0.987612150,
2158.548489751, 0.987846534,
2158.568921678, 0.982880570,
2158.589353604, 0.990308411,
2158.609785629, 0.988784292,
2158.630217455, 0.995971516,
2158.650649379, 0.983626608,
2158.671081404, 0.988039690,
2158.691513228, 0.989802916,
2158.711945152, 0.982488515,
2158.732377174, 0.986417624,
2158.773240920, 0.982900655,
2158.793672941, 0.997100569,
2158.814104763, 0.988366209,
2158.834536684, 0.985346840,
2158.854968704, 0.989959359,
2158.875400525, 0.987743274,
2158.895832544, 0.987859535,
2158.916264463, 0.987743179,
2158.936696382, 0.986854997,
2158.957128301, 0.985361672,
2158.977560219, 0.985870158,
2158.997992137, 0.987425098,
2159.018424054, 0.987895887,
2159.038855971, 0.987130479,
2159.059287887, 0.987171096,
2159.079719903, 0.988189744,
2159.100151719, 0.987568757,
2159.120583634, 0.988654759,
2159.141015649, 0.986932049,
2159.161447463, 0.986018239,
2159.181879377, 0.988212847,
2159.202311391, 0.987760995,
2159.222743204, 0.986561791,
2159.243175116, 0.986499896,
2159.263607029, 0.989624295,
2159.284038941, 0.987166304,
2159.304470852, 0.986851900,
2159.324902763, 0.988802296,
2159.345334674, 0.984513184,
2159.365766584, 0.989582947,
2159.386198493, 0.985985648,
2159.406630403, 0.988070293,
2159.427062312, 0.986907246,
2159.447494321, 0.984288696,
2159.467926128, 0.986792889,
2159.508790043, 0.986359644,
2159.529221850, 0.986488565,
2159.549653857, 0.986957642,
2159.570085763, 0.988881169,
2159.590517569, 0.988725244,
2159.610949574, 0.987384505,
2159.631381479, 0.986540013,
2159.672245287, 0.985118285,
2159.692677191, 0.988928748,
2159.713108994, 0.988508210,
2159.774404801, 0.988889641,
2159.794836703, 0.988845636,
2159.815268603, 0.987502443,
2159.835700504, 0.989930384,
2159.856132405, 0.990269336,
2159.876564304, 0.989938907,
2159.896996204, 0.986732466,
2159.917428203, 0.990126680,
2159.937860002, 0.986358121,
2159.958291900, 0.989781802,
2159.978723798, 0.989912944,
2159.999155695, 0.988738324,
2160.019587492, 0.987363878,
2160.040019489, 0.986500812,
2160.060451386, 0.992165752,
2160.080883381, 0.987165585,
2160.101315176, 0.987410760,
2160.121747072, 0.989471519,
2160.142179066, 0.988586367,
2160.162610861, 0.989088815,
2160.183042755, 0.990824024,
2160.203474748, 0.987192674,
2160.223906541, 0.988302570,
2160.244338433, 0.990565560,
2160.264770426, 0.989621796,
2160.285202317, 0.987700739,
2160.305634109, 0.987381164,
2160.326066100, 0.987006337,
2160.346497990, 0.986903674,
2160.366929780, 0.989092548,
2160.387361770, 0.988273617,
2160.407793660, 0.988991677,
2160.428225448, 0.987110639,
2160.448657437, 0.989771012,
2160.469089325, 0.986063992,
2160.489521113, 0.989080686,
2160.509953100, 0.986836257,
2160.530384987, 0.988704607,
2160.550816773, 0.986080518,
2160.571248760, 0.989793742,
2160.591680646, 0.992546662,
2160.612112531, 0.986656689,
2160.632544416, 0.992044048,
2160.652976300, 0.988155398,
2160.673408284, 0.989547112,
2160.693840068, 0.989867945,
2160.734703934, 0.989081971,
2160.755135717, 0.990218329,
2160.795999480, 0.993208725,
2160.816431362, 0.983997728,
2160.836863243, 0.988630228,
2160.857295223, 0.989184294,
2160.877727004, 0.993970002,
2160.898158883, 0.991154913,
2160.918590863, 0.984871239,
2160.939022642, 0.989128311,
2160.959454520, 0.988297910,
2160.979886498, 0.988727662,
2161.000318276, 0.989434049,
2161.020750153, 0.988214121,
2161.041182130, 0.984725723,
2161.061613907, 0.989619287,
2161.082045783, 0.988196069,
2161.102477759, 0.988232174,
2161.143341409, 0.992334655,
2161.163773383, 0.989549949,
2161.184205258, 0.991260862,
2161.204637031, 0.988761318,
2161.225069005, 0.988117711,
2161.245500877, 0.987130812,
2161.265932650, 0.986523020,
2161.286364622, 0.987711129,
2161.306796494, 0.985769412,
2161.327228466, 0.988913139,
2161.347660237, 0.989171330,
2161.368092107, 0.993010142,
2161.388524077, 0.992443533,
2161.408955847, 0.989151490,
2161.429387717, 0.987232631,
2161.490683323, 0.990677985,
2161.511115190, 0.986840918,
2161.531547058, 0.994492870,
2161.551978925, 0.989862564,
2161.572410792, 0.991041493,
2161.592842658, 0.987328977,
2161.613274524, 0.988891844,
2161.633706389, 0.989756652,
2161.654138255, 0.989678082,
2161.674570119, 0.994549909,
2161.735865711, 0.989473939,
2161.756297674, 0.987511861,
2161.776729437, 0.989982289,
2161.797161299, 0.989382404,
2161.817593261, 0.989057877,
2161.838025023, 0.988186210,
2161.858456984, 0.990577227,
2161.878888845, 0.986823756,
2161.899320605, 0.991207453,
2161.919752565, 0.990413221,
2161.940184425, 0.988800231,
2161.960616284, 0.991088192,
2161.981048143, 0.988389299,
2162.001480002, 0.996100315,
2162.021911860, 0.993271985,
2162.042343718, 0.991025714,
2162.062775575, 0.990972814,
2162.083207432, 0.986234272,
2162.103639288, 0.991506351,
2162.124071145, 0.989809751,
2162.144503000, 0.989849644,
2162.164934956, 0.991055727,
2162.205798565, 0.989651667,
2162.226230420, 0.989723938,
2162.246662273, 0.990400762,
2162.267094027, 0.987579244,
2162.287525980, 0.994140977,
2162.307957833, 0.990938891,
2162.328389585, 0.990463492,
2162.348821537, 0.990366620,
2162.369253389, 0.990615599,
2162.389685240, 0.987457147,
2162.410117091, 0.991459475,
2162.430548941, 0.991093602,
2162.450980891, 0.986628137,
2162.471412640, 0.988833556,
2162.491844490, 0.991135587,
2162.512276439, 0.987030416,
2162.532708287, 0.997032597,
2162.553140035, 0.991102268,
2162.573571983, 0.994296287,
2162.594003830, 0.990452160,
2162.614435577, 0.989279117,
2162.634867524, 0.993307909,
2162.655299370, 0.990582241,
2162.716594906, 0.990107682,
2162.737026651, 0.991297010,
2162.757458595, 0.991571879,
2162.777890439, 1.000731289,
2162.798322283, 0.990148777,
2162.818754126, 0.991863783,
2162.839185969, 0.988147813,
2162.859617811, 0.990451401,
2162.880049653, 0.992495325,
2162.900481495, 0.994691402,
2162.920913336, 0.991289395,
2162.941345177, 0.991298014,
2162.961777017, 0.989144833,
2162.982208858, 0.992271344,
2163.002640697, 0.989951792,
2163.023072537, 0.988326324,
2163.043504476, 0.987524383,
2163.063936214, 0.994004082,
2163.084368053, 0.995691424,
2163.104799990, 0.987936777,
2163.125231728, 0.987893964,
2163.186527238, 0.990941372,
2163.206959074, 0.990253952,
2163.227391010, 0.991704396,
2163.247822745, 0.989676127,
2163.268254580, 0.991801374,
2163.288686514, 0.997668175,
2163.309118248, 0.990549770,
2163.329550082, 0.991771971,
2163.349982015, 0.987317810,
2163.370413849, 0.990788217,
2163.390845581, 0.990408849,
2163.411277513, 0.989269365,
2163.431709345, 0.988884368,
2163.452141077, 0.989820240,
2163.472573008, 0.989853999,
2163.493004839, 0.992011227,
2163.513436569, 0.993042762,
2163.533868499, 0.990728104,
2163.554300329, 0.990822039,
2163.574732258, 0.990581324,
2163.595163987, 0.996708144,
2163.615595815, 0.992224294,
2163.636027643, 0.987547974,
2163.697323126, 0.991747736,
2163.717754952, 0.987854755,
2163.738186779, 0.990319221,
2163.758618605, 0.988119107,
2163.779050430, 0.989510735,
2163.799482255, 0.991892074,
2163.819914080, 0.990459954,
2163.840345905, 0.990758914,
2163.860777729, 0.988206107,
2163.881209652, 0.989615568,
2163.922073199, 0.992533181,
2163.942505121, 0.992421950,
2163.962936844, 0.990875007,
2163.983368666, 0.992755942,
2164.003800587, 0.994570711,
2164.024232308, 0.992875738,
2164.044664129, 0.994789468,
2164.065096049, 0.992960966,
2164.085527769, 0.991735227,
2164.105959589, 0.994968526,
2164.126391508, 0.991065881,
2164.146823227, 0.993766342,
2164.167255146, 0.992762995,
2164.187686964, 0.989914851,
2164.208118782, 0.991268016,
2164.228550599, 0.990933534,
2164.248982417, 0.991834580,
2164.269414233, 0.988699007,
2164.289846150, 0.991203011,
2164.310277866, 0.991594975,
2164.330709682, 0.995760102,
2164.351141597, 0.994234821,
2164.371573312, 0.996204857,
2164.412436941, 0.993156292,
2164.432868754, 0.991120391,
2164.453300568, 0.992298068,
2164.473732381, 0.992566886,
2164.494164194, 0.992599693,
2164.514595906, 0.995161679,
2164.535027818, 0.992919248,
2164.555459630, 0.993544123,
2164.575891441, 0.993166685,
2164.596323252, 0.993687354,
2164.616755063, 0.991399281,
2164.637186873, 0.991549902,
2164.657618683, 0.993018777,
2164.678050492, 0.995598256,
2164.698482402, 0.995279225,
2164.718914210, 0.990434082,
2164.739345919, 0.991389625,
2164.759777827, 0.994972875,
2164.780209635, 0.995250780,
2164.800641342, 0.991101759,
2164.821073249, 0.992215780,
2164.841505056, 0.993842588,
2164.861936762, 0.989639212,
2164.902800473, 0.994965396,
2164.923232179, 0.995599394,
2164.943664084, 0.994440077,
2164.964095888, 0.993301394,
2164.984527592, 0.992556941,
2165.004959496, 0.991733364,
2165.025391299, 0.995130119,
2165.045823102, 0.991859674,
2165.066254905, 0.993532842,
2165.086686707, 0.996961791,
2165.107118510, 0.993040432,
2165.127550311, 0.994370577,
2165.147982113, 0.995564460,
2165.168413913, 0.991974979,
2165.188845814, 0.991778260,
2165.209277514, 0.993654727,
2165.229709414, 0.995727492,
2165.250141114, 0.994673086,
2165.270572913, 0.997103237,
2165.291004812, 0.994710306,
2165.311436510, 0.995529935,
2165.331868308, 0.996960220,
2165.352300206, 0.991938583,
2165.393163700, 0.994161167,
2165.413595597, 0.998094367,
2165.434027293, 0.994096062,
2165.454459090, 0.992488433,
2165.474890985, 0.994452585,
2165.495322680, 0.995435613,
2165.515754475, 0.993245116,
2165.536186370, 0.995356579,
2165.556618164, 0.994980694,
2165.577049858, 0.997440263,
2165.597481752, 0.995958691,
2165.638345238, 0.995287484,
2165.658777130, 0.997140362,
2165.679208922, 0.995785403,
2165.699640614, 0.995533165,
2165.720072506, 0.995431308,
2165.740504297, 0.995461335,
2165.760936187, 0.993152994,
2165.781367878, 0.996133375,
2165.822231557, 0.996881585,
2165.842663247, 0.999298963,
2165.863095036, 0.998301960,
2165.883526825, 0.994400731,
2165.903958613, 0.995767478,
2165.924390401, 0.996899691,
2165.944822188, 0.994995136,
2165.965253976, 0.995242811,
2165.985685763, 0.996434172,
2166.006117549, 0.997593806,
2166.026549335, 0.995094188,
2166.046981121, 0.998142995,
2166.067413007, 0.997139440,
2166.087844692, 0.999783521,
2166.108276477, 0.993642445,
2166.128708361, 0.996264884,
2166.149140046, 0.998360880,
2166.169571830, 0.996315138,
2166.190003713, 0.996207774,
2166.210435396, 0.998458393,
2166.230867179, 1.001340754,
2166.251299061, 0.999999318,
2166.271730743, 0.999251516,
2166.292162625, 0.993621920,
2166.312594407, 0.997510762,
2166.333026088, 0.997965177,
2166.373889749, 1.000254711,
2166.394321529, 0.995394996,
2166.414753308, 0.996304003,
2166.435185088, 0.998897524,
2166.455616867, 0.997188856,
2166.496480424, 0.996642427,
2166.516912202, 0.997820024,
2166.537344080, 0.997108229,
2166.557775757, 0.995886408,
2166.578207534, 0.994703679,
2166.598639411, 0.996624213,
2166.619071087, 0.994826885,
2166.639502863, 0.997889558,
2166.659934638, 0.992255126,
2166.680366414, 0.997054958,
2166.700798189, 0.997327679,
2166.721229963, 0.995322949,
2166.741661738, 0.998318445,
2166.762093511, 0.998314308,
2166.782525285, 0.998595084,
2166.802957058, 0.996821603,
2166.864252376, 0.995096103,
2166.884684248, 0.997468441,
2166.905116020, 0.998932699,
2166.925547691, 0.995983637,
2166.945979562, 0.995746949,
2166.966411332, 0.997936699,
2166.986843003, 0.999517704,
2167.007274873, 1.000874139,
2167.027706642, 0.995691338,
2167.048138311, 0.995139876,
2167.068570180, 0.994449059,
2167.109433617, 0.999089841,
2167.129865485, 0.998094155,
2167.150297252, 0.999418750,
2167.170728920, 1.000105377,
2167.191160787, 1.001289657,
2167.211592553, 0.998118947,
2167.232024319, 0.997580394,
2167.252456085, 0.996892045,
2167.272887851, 0.997937461,
2167.293319616, 1.001336646,
2167.313751381, 0.999087862,
2167.395478437, 0.998602527,
2167.415910301, 0.999343133,
2167.436341963, 0.995037792,
2167.456773726, 0.998813142,
2167.477205588, 0.997385528,
2167.497637250, 1.000566904,
2167.518069012, 0.998620537,
2167.538500873, 0.999734324,
2167.558932534, 1.000111265,
2167.599796155, 0.998142835,
2167.620227815, 0.999706790,
2167.640659575, 0.998816566,
2167.661091434, 0.997140053,
2167.681523093, 1.001045537,
2167.701954851, 0.999372802,
2167.722386710, 0.997619424,
2167.742818468, 0.998352649,
2167.763250125, 0.997813989,
2167.783681983, 1.000443116,
2167.804113740, 0.998323673,
2167.844977253, 0.997029857,
2167.865409009, 1.000359252,
2167.885840864, 0.998654998,
2167.906272520, 1.002025038,
2167.926704275, 0.999908995,
2167.947136130, 1.002148375,
2167.967567784, 1.002880344,
2167.987999538, 1.101937704,
2168.008431392, 0.999184578,
2168.028863045, 1.000056640,
2168.049294799, 1.004698912,
2168.090158304, 1.002565147,
2168.110590056, 1.001105560,
2168.131021808, 1.001401524,
2168.151453559, 1.001521929,
2168.171885310, 1.004642309,
2168.192317061, 1.001185697,
2168.212748812, 1.004320111,
2168.233180562, 1.004777439,
2168.253612412, 1.003561243,
2168.274044061, 1.000659001,
2168.294475811, 1.000777189,
2168.335339508, 1.000994225,
2168.355771256, 1.003788176,
2168.376203104, 1.001029899,
2168.417066699, 1.002300652,
2168.437498346, 1.003592440,
2168.457930093, 0.999724963,
2168.478361939, 1.004450534,
2168.498793585, 1.002177014,
2168.519225331, 1.006479354,
2168.539657177, 0.999572455,
2168.580520566, 1.007970642,
2168.600952411, 1.001692278,
2168.621384155, 1.003793573,
2168.641815799, 1.001810667,
2168.662247642, 1.001968486,
2168.703111029, 1.006092454,
2168.723542871, 1.001561024,
2168.743974613, 1.003472076,
2168.764406255, 1.002366693,
2168.784838097, 1.001966132,
2168.825701479, 1.001257360,
2168.846133320, 1.001999913,
2168.866564960, 1.002758957,
2168.886996700, 1.003829796,
2168.907428540, 1.002878347,
2168.927860179, 1.005395546,
2168.948292018, 1.004737091,
2168.968723757, 1.000500496,
2168.989155395, 1.006051276,
2169.009587234, 1.001952388,
2169.030018972, 1.004164647,
2169.070882446, 1.001838885,
2169.091314183, 1.001334453,
2169.111745920, 1.002491126,
2169.132177656, 1.003936016,
2169.152609392, 1.004006113,
2169.173041128, 1.006310123,
2169.193472963, 1.001954677,
2169.213904598, 1.003702483,
2169.234336333, 1.001455986,
2169.254768167, 1.004225312,
2169.275199801, 1.006972373,
2169.316063368, 1.004278387,
2169.336495002, 1.002955174,
2169.356926735, 1.002879555,
2169.377358567, 1.004496351,
2169.397790199, 1.002801866,
2169.438653763, 1.002376886,
2169.459085494, 1.004305599,
2169.479517225, 1.004553119,
2169.499948856, 1.005251780,
2169.520380687, 1.004808898,
2169.561244146, 1.007090383,
2169.581675776, 1.004404587,
2169.602107605, 1.005442301,
2169.622539334, 1.008323128,
2169.642970963, 1.010715830,
2169.663402791, 1.008466436,
2169.683834519, 1.005994743,
2169.704266146, 1.007731754,
2169.724697974, 1.003876204,
2169.745129701, 1.007324903,
2169.765561328, 1.004586386,
2169.806424880, 1.004036757,
2169.826856506, 1.006384291,
2169.847288331, 1.006930334,
2169.867720057, 1.004429550,
2169.888151882, 1.006096120,
2169.908583506, 1.006457815,
2169.929015230, 1.007082647,
2169.949447055, 1.006643952,
2169.969878678, 1.005897560,
2169.990310402, 1.006239868,
2170.010742225, 1.006736042,
2170.051605570, 1.007993662,
2170.072037392, 1.008560314,
2170.092469114, 1.004734765,
2170.112900736, 1.005286566,
2170.133332557, 1.007806105,
2170.153764278, 1.008366830,
2170.174195898, 1.007918948,
2170.194627719, 1.007894648,
2170.215059439, 1.006269288,
2170.235491059, 1.008539172,
2170.255922878, 1.012884938,
2170.296786216, 1.008886805,
2170.317218035, 1.007651685,
2170.337649653, 1.007624538,
2170.358081371, 1.011096590,
2170.378513189, 1.006196501,
2170.398944906, 1.008231479,
2170.419376623, 1.008197069,
2170.439808340, 1.008776106,
2170.460240057, 1.008867274,
2170.480671773, 1.004021706,
2170.521535205, 1.005892612,
2170.541967020, 1.006665974,
2170.562398635, 1.008201761,
2170.582830350, 1.011917509,
2170.603262164, 1.007793063,
2170.623693778, 1.005809713,
2170.644125492, 1.012111427,
2170.664557306, 1.008639781,
2170.684988919, 1.008581680,
2170.705420632, 1.012967219,
2170.725852445, 1.010541286,
2170.787147581, 1.008719831,
2170.807579192, 1.010254217,
2170.828010904, 1.006631612,
2170.848442715, 1.007732970,
2170.889306135, 1.010532142,
2170.909737846, 1.009846447,
2170.930169555, 1.013898621,
2170.950601265, 1.012987015,
2170.971032974, 1.008463475,
2170.991464583, 1.010996410,
2171.052759708, 1.011429949,
2171.073191516, 1.007602892,
2171.093623223, 1.011294218,
2171.114054830, 1.011959150,
2171.134486637, 1.014969006,
2171.154918343, 1.010858811,
2171.175349950, 1.010725462,
2171.195781756, 1.004765862,
2171.216213461, 1.008234125,
2171.277508577, 1.013528159,
2171.297940281, 1.010957224,
2171.318371986, 1.009176658,
2171.338803690, 1.012304299,
2171.359235493, 1.010886115,
2171.379667197, 1.015207810,
2171.400098800, 1.008536617,
2171.420530603, 1.007366720,
2171.440962305, 1.012717798,
2171.461393908, 1.010074538,
2171.481825710, 1.009074461,
2171.522689013, 1.011283085,
2171.543120814, 1.013392121,
2171.563552515, 1.012998653,
2171.583984115, 1.012455440,
2171.604415916, 1.010852569,
2171.624847615, 1.014431097,
2171.645279215, 1.011116158,
2171.665711015, 1.013639092,
2171.686142714, 1.008990249,
2171.706574313, 1.012036037,
2171.727006111, 1.009342685,
2171.747437809, 1.011322020,
2171.767869407, 1.014456341,
2171.788301205, 1.021337782,
2171.808732903, 1.011356641,
2171.829164600, 1.013346279,
2171.849596297, 1.006554915,
2171.870027993, 1.015318288,
2171.890459690, 1.012454678,
2171.910891386, 1.013470939,
2171.931323082, 1.012412879,
2171.951754877, 1.011325027,
2171.972186472, 1.013399101,
2172.013049962, 1.011698837,
2172.033481556, 1.012612146,
2172.053913250, 1.013418465,
2172.074345044, 1.012979747,
2172.094776638, 1.013227481,
2172.115208331, 1.015476449,
2172.135640124, 1.015989056,
2172.176503409, 1.012778069,
2172.196935201, 1.013674537,
2172.217366893, 1.015958521,
2172.258230276, 1.016891122,
2172.278661967, 1.014307285,
2172.299093658, 1.011947926,
2172.319525348, 1.017653295,
2172.339957039, 1.011997744,
2172.360388728, 1.012521391,
2172.380820418, 1.015489154,
2172.401252107, 1.014227154,
2172.421683797, 1.016177004,
2172.442115485, 1.010513680,
2172.462547174, 1.013073216,
2172.482978862, 1.011971754,
2172.503410550, 1.013540076,
2172.523842138, 1.016032560,
2172.544273925, 1.011584877,
2172.564705613, 1.013064946,
2172.585137300, 1.012744722,
2172.605568986, 1.013940581,
2172.626000673, 1.017264364,
2172.646432359, 1.014460494,
2172.666864045, 1.013568538,
2172.687295730, 1.018644943,
2172.707727516, 1.014261612,
2172.748590785, 1.015611752,
2172.769022570, 1.011678212,
2172.789454254, 1.015036444,
2172.809885838, 1.010335028,
2172.830317622, 1.018158297,
2172.850749305, 1.014276985,
2172.871180888, 1.014863783,
2172.891612671, 1.011598236,
2172.932475936, 1.014069933,
2172.952907718, 1.014441573,
2172.973339400, 1.011211889,
2172.993770982, 1.013762888,
2173.014202763, 1.013846890,
2173.034634444, 1.012038502,
2173.055066125, 1.014720189,
2173.075497805, 1.014176532,
2173.095929485, 1.009009395,
2173.116361165, 1.017003836,
2173.136792845, 1.016651397,
2173.157224524, 1.019607167,
2173.177656204, 1.018924954,
2173.238951339, 1.013875255,
2173.259382917, 1.015961921,
2173.279814595, 1.012544305,
2173.300246373, 1.014343027,
2173.320677950, 1.014460583,
2173.341109627, 1.013612961,
2173.361541404, 1.013998304,
2173.381972980, 1.013409080,
2173.402404657, 1.015633268,
2173.422836433, 1.016145273,
2173.443268009, 1.017859171,
2173.484131459, 1.014593052,
2173.504563034, 1.016001332,
2173.524994709, 1.018154889,
2173.565858057, 1.017430313,
2173.586289831, 1.018178384,
2173.606721505, 1.012945268,
2173.627153178, 1.015025103,
2173.647584851, 1.017389252,
2173.668016524, 1.016523732,
2173.688448197, 1.020031926,
2173.729311541, 1.018528025,
2173.749743213, 1.016806456,
2173.770174984, 1.016954641,
2173.790606556, 1.015014704,
2173.811038227, 1.017755018,
2173.851901568, 1.018295898,
2173.872333238, 1.016230972,
2173.892764908, 1.018545495,
2173.913196578, 1.021258061,
2173.933628148, 1.018296482,
2173.954059917, 1.015536597,
2173.974491586, 1.018004117,
2173.994923355, 1.016833598,
2174.015354923, 1.017497628,
2174.035786591, 1.020856289,
2174.056218359, 1.018613893,
2174.076650027, 1.025544847,
2174.097081594, 1.014285646,
2174.117513361, 1.016880108,
2174.137945029, 1.018088763,
2174.158376595, 1.013676724,
2174.178808362, 1.019571574,
2174.219671594, 1.023167101,
2174.240103360, 1.020603451,
2174.260535025, 1.019537737,
2174.280966590, 1.018108459,
2174.301398355, 1.015166950,
2174.321830020, 1.013896898,
2174.342261584, 1.019516092,
2174.362693348, 1.020146297,
2174.383125012, 1.018374220,
2174.403556576, 1.021200306,
2174.423988339, 1.011065033,
2174.464851765, 1.018138205,
2174.485283328, 1.019868247,
2174.505714990, 1.020214974,
2174.526146652, 1.017811013,
2174.546578414, 1.020417154,
2174.567009976, 1.023171388,
2174.587441637, 1.017456703,
2174.607873299, 1.017722404,
2174.628304959, 1.020734291,
2174.648736720, 1.021412594,
2174.669168281, 1.025885867,
2174.689599941, 1.018354220,
2174.710031701, 1.021375938,
2174.730463260, 1.018266881,
2174.750894920, 1.019877574,
2174.771326679, 1.019780060,
2174.791758238, 1.022563525,
2174.812189897, 1.021938444,
2174.832621655, 1.022654095,
2174.853053213, 1.016413880,
2174.873484971, 1.020732191,
2174.893916629, 1.015556286,
2174.955211601, 1.017936979,
2174.975643257, 1.021104858,
2174.996074914, 1.019658297,
2175.016506570, 1.023278348,
2175.036938226, 1.023098615,
2175.057369982, 1.018706016,
2175.077801537, 1.018333830,
2175.098233193, 1.022520988,
2175.118664948, 1.019053136,
2175.139096503, 1.021722411,
2175.159528157, 1.018071662,
2175.200391466, 1.019262892,
2175.220823119, 1.023011554,
2175.241254873, 1.020902887,
2175.261686426, 1.020644107,
2175.282118179, 1.022838860,
2175.302549832, 1.021813846,
2175.322981385, 1.025690380,
2175.343413137, 1.022756239,
2175.363844689, 1.024854762,
2175.384276341, 1.021354233,
2175.404708093, 1.022402049,
2175.466003046, 1.021889357,
2175.486434697, 1.023963227,
2175.506866248, 1.022804129,
2175.527297998, 1.020856795,
2175.547729648, 1.020906962,
2175.568161198, 1.024137541,
2175.588592947, 1.023767249,
2175.609024596, 1.021052197,
2175.629456146, 1.023511042,
2175.649887894, 1.021874921,
2175.670319543, 1.021599940,
2175.690751291, 1.022488294,
2175.711182839, 1.022674714,
2175.731614487, 1.024170028,
2175.752046235, 1.025496760,
2175.772477782, 1.020521374,
2175.792909429, 1.022967835,
2175.813341176, 1.027066006,
2175.833772723, 1.023565316,
2175.854204370, 1.022977723,
2175.874636116, 1.023342113,
2175.895067762, 1.024844545,
2175.915499308, 1.022982881,
2175.935931053, 1.023902716,
2175.956362698, 1.022032555,
2175.976794243, 1.032221646,
2175.997225988, 1.026059478,
2176.017657533, 1.027437056,
2176.038089177, 1.025337040,
2176.058520922, 1.021949298,
2176.078952565, 1.021293326,
2176.119815853, 1.022339725,
2176.140247396, 1.021700492,
2176.181110782, 1.021573275,
2176.201542324, 1.025564576,
2176.221974066, 1.024906805,
2176.242405708, 1.022773017,
2176.262837250, 1.024509589,
2176.283268992, 1.022482942,
2176.303700633, 1.032210067,
2176.324132274, 1.022998076,
2176.344563915, 1.023702712,
2176.364995556, 1.026332914,
2176.385427196, 1.025476424,
2176.426290477, 1.022722804,
2176.446722117, 1.024901041,
2176.467153856, 1.024532256,
2176.487585395, 1.025341418,
2176.508017135, 1.030900253,
2176.528448774, 1.024963405,
2176.548880312, 1.026304156,
2176.569312051, 1.027869702,
2176.589743689, 1.027037119,
2176.610175227, 1.025307152,
2176.630606965, 1.022209287,
2176.691901877, 1.022450740,
2176.712333514, 1.023918224,
2176.732765050, 1.034180157,
2176.753196787, 1.024025046,
2176.773628323, 1.024547368,
2176.794059959, 1.027165671,
2176.814491695, 1.026170893,
2176.834923330, 1.028337253,
2176.855354866, 1.024621703,
2176.875786601, 1.022580235,
2176.916649870, 1.028419181,
2176.937081505, 1.027578742,
2176.957513139, 1.024728404,
2176.977944873, 1.025565782,
2176.998376407, 1.024429433,
2177.018808040, 1.030029469,
2177.039239773, 1.026496254,
2177.059671307, 1.027142851,
2177.080102940, 1.022833098,
2177.100534672, 1.027315744,
2177.120966205, 1.024996205,
2177.161829569, 1.026631415,
2177.182261101, 1.027775115,
2177.223124464, 1.024788057,
2177.243555995, 1.025551075,
2177.263987626, 1.026262947,
2177.284419356, 1.026889616,
2177.304850987, 1.027642783,
2177.325282617, 1.028079244,
2177.366145877, 1.027956686,
2177.407009136, 1.024743632,
2177.427440766, 1.026748768,
2177.447872495, 1.024084729,
2177.468304023, 1.023134276,
2177.488735652, 1.028594670,
2177.509167280, 1.028852436,
2177.529598909, 1.025712426,
2177.550030436, 1.027733411,
2177.570462164, 1.077144266,
2177.590893792, 1.025702601,
2177.611325319, 1.026520098,
2177.652188673, 1.027700153,
2177.672620300, 1.028504498,
2177.693051926, 1.027273071,
2177.713483552, 1.028334667,
2177.733915278, 1.025010721,
2177.754346804, 1.030285750,
2177.774778430, 1.028040108,
2177.795210155, 1.024688902,
2177.815641780, 1.029098417,
2177.836073305, 1.029271263,
2177.856505030, 1.025246915,
2177.897368179, 1.026737922,
2177.917799903, 1.030558608,
2177.938231527, 1.029372014,
2177.958663051, 1.027970867,
2177.979094774, 1.030546938,
2177.999526398, 1.030223892,
2178.019957921, 1.026343363,
2178.040389644, 1.031936531,
2178.060821266, 1.030749457,
2178.081252789, 1.029694193,
2178.101684511, 1.030897524,
2178.122116133, 1.027609132,
2178.142547755, 1.027197486,
2178.162979377, 1.030288795,
2178.183410998, 1.028142217,
2178.203842619, 1.029523203,
2178.224274240, 1.024839326,
2178.244705861, 1.029730398,
2178.265137482, 1.029140974,
2178.285569102, 1.026718264,
2178.306000723, 1.035457239,
2178.326432343, 1.028044918,
2178.346863962, 1.028912898,
2178.367295582, 1.029030693,
2178.387727301, 1.029430950,
2178.408158821, 1.027248168,
2178.428590440, 1.031677256,
2178.449022158, 1.030488419,
2178.469453677, 1.029696102,
2178.489885295, 1.029437616,
2178.510317014, 1.029235680,
2178.530748531, 1.029681772,
2178.551180249, 1.032720427,
2178.571611867, 1.033661312,
2178.592043384, 1.027114008,
2178.632906718, 1.030423754,
2178.653338335, 1.032520531,
2178.694201568, 1.029705468,
2178.714633185, 1.028952749,
2178.735064801, 1.030903577,
2178.755496416, 1.032914052,
2178.775928032, 1.029560680,
2178.796359747, 1.032817970,
2178.816791262, 1.031876167,
2178.837222878, 1.028149741,
2178.857654592, 1.033362212,
2178.878086107, 1.031298819,
2178.898517821, 1.030338888,
2178.918949335, 1.031079809,
2178.939380950, 1.030080973,
2178.959812663, 1.031676537,
2178.980244177, 1.031838971,
2179.000675791, 1.032103439,
2179.021107504, 1.031563041,
2179.041539017, 1.028859884,
2179.061970630, 1.030562833,
2179.082402342, 1.031692896,
2179.123265467, 1.032699088,
2179.143697179, 1.031864150,
2179.164128691, 1.032421477,
2179.184560303, 1.032402773,
2179.204992014, 1.031372444,
2179.225423625, 1.031970742,
2179.245855137, 1.033249983,
2179.266286848, 1.032246195,
2179.286718458, 1.033190740,
2179.307150169, 1.031346766,
2179.327581679, 1.034391126,
2179.368444999, 1.033908189,
2179.388876509, 1.035098876,
2179.409308119, 1.032051638,
2179.429739828, 1.029940188,
2179.450171337, 1.031703065,
2179.470602946, 1.033161423,
2179.491034655, 1.031300608,
2179.511466164, 1.036279161,
2179.531897772, 1.033281946,
2179.552329481, 1.032239124,
2179.572760988, 1.036163106,
2179.593192596, 1.033648694,
2179.613624304, 1.030137993,
2179.634055812, 1.031968283,
2179.654487519, 1.032332507,
2179.674919126, 1.035789209,
2179.695350633, 1.034432577,
2179.715782340, 1.030296470,
2179.736213946, 1.032155741,
2179.756645453, 1.035389004,
2179.777077159, 1.034684189,
2179.797508765, 1.035943154,
2179.817940271, 1.033232209,
2179.838371976, 1.033708350,
2179.858803582, 1.032778494,
2179.879235087, 1.033950521,
2179.899666792, 1.033330473,
2179.920098397, 1.033588011,
2179.940529902, 1.035059294,
2179.960961606, 1.033189302,
2179.981393211, 1.036374073,
2180.001824915, 1.033472792,
2180.022256419, 1.039126902,
2180.042688023, 1.032891202,
2180.063119726, 1.035001089,
2180.103982833, 1.034301782,
2180.124414536, 1.034392967,
2180.144846139, 1.036073119,
2180.185709344, 1.031100130,
2180.206140947, 1.035960607,
2180.226572449, 1.036399673,
2180.247004151, 1.035483954,
2180.267435753, 1.035271221,
2180.287867254, 1.038044756,
2180.308298956, 1.038706712,
2180.349162058, 1.039169212,
2180.369593759, 1.033828816,
2180.390025260, 1.045550177,
2180.410456961, 1.035474088,
2180.430888561, 1.032877233,
2180.451320061, 1.035850928,
2180.471751761, 1.034365570,
2180.492183361, 1.036171176,
2180.512614961, 1.032509116,
2180.533046560, 1.033770417,
2180.553478160, 1.033657635,
2180.573909759, 1.036491315,
2180.594341358, 1.034923763,
2180.614772956, 1.034907123,
2180.635204555, 1.035668772,
2180.655636254, 1.036066089,
2180.676067752, 1.034800872,
2180.696499350, 1.034795998,
2180.716931048, 1.034737466,
2180.737362546, 1.034790042,
2180.757794243, 1.034661792,
2180.778225841, 1.034924933,
2180.798657338, 1.036648874,
2180.819089035, 1.038592440,
2180.839520632, 1.034879305,
2180.859952129, 1.036005877,
2180.880383825, 1.033569000,
2180.900815422, 1.036438686,
2180.921246918, 1.036221348,
2180.941678614, 1.037904355,
2180.962110210, 1.034928318,
2180.982541805, 1.035318073,
2181.002973401, 1.036852861,
2181.023404996, 1.034582434,
2181.043836591, 1.036029602,
2181.064268186, 1.037106539,
2181.084699781, 1.037110308,
2181.105131376, 1.035977735,
2181.125562970, 1.035394183,
2181.145994565, 1.035955041,
2181.166426159, 1.037232145,
2181.186857753, 1.035833972,
2181.207289347, 1.038939869,
2181.227721040, 1.037533839,
2181.248152534, 1.037900905,
2181.268584127, 1.033316428,
2181.289015820, 1.038297689,
2181.329878906, 1.039943092,
2181.350310599, 1.037933148,
2181.370742091, 1.042339005,
2181.391173684, 1.038663258,
2181.411605376, 1.038971861,
2181.432036868, 1.034198180,
2181.452468460, 1.035186507,
2181.472900151, 1.036185857,
2181.493331743, 1.036612203,
2181.513763334, 1.039747738,
2181.554626516, 1.040725468,
2181.575058107, 1.040531912,
2181.595489698, 1.035850428,
2181.615921288, 1.039301924,
2181.636352879, 1.038434764,
2181.656784469, 1.034929779,
2181.677216059, 1.037810274,
2181.718079239, 1.039395994,
2181.738510828, 1.040618105,
2181.758942418, 1.033234224,
2181.779374007, 1.036569183,
2181.820237185, 1.037507809,
2181.840668773, 1.037996155,
2181.861100462, 1.038258562,
2181.881531950, 1.039464283,
2181.901963539, 1.039072358,
2181.922395227, 1.042620751,
2181.942826715, 1.039745173,
2181.963258303, 1.038190939,
2181.983689990, 1.035385880,
2182.004121478, 1.040054310,
2182.024553065, 1.036754338,
2182.044984752, 1.040926450,
2182.065416339, 1.042002658,
2182.085847826, 1.038627746,
2182.106279513, 1.042343094,
2182.126711099, 1.041413086,
2182.147142586, 1.039737902,
2182.167574272, 1.039669818,
2182.188005858, 1.041306056,
2182.208437544, 1.041565880,
2182.228869030, 1.038831354,
2182.249300615, 1.042876985,
2182.269732301, 1.038597702,
2182.290163786, 1.041705445,
2182.310595371, 1.037821668,
2182.331027056, 1.038707909,
2182.351458541, 1.043348141,
2182.371890126, 1.036962065,
2182.392321810, 1.038550830,
2182.412753294, 1.041781508,
2182.433184879, 1.039715049,
2182.453616463, 1.037754675,
2182.474048047, 1.042393175,
2182.494479631, 1.043496574,
2182.514911314, 1.037806481,
2182.535342798, 1.040420094,
2182.555774481, 1.057939769,
2182.596637547, 1.039953441,
2182.617069230, 1.041293921,
2182.637500813, 1.045646954,
2182.657932295, 1.041135680,
2182.678363978, 1.041972175,
2182.698795560, 1.044573619,
2182.719227042, 1.044008489,
2182.739658724, 1.041490645,
2182.760090306, 1.040261403,
2182.800953469, 1.055409914,
2182.821385050, 1.043091400,
2182.841816532, 1.039747822,
2182.862248213, 1.039975063,
2182.882679794, 1.043070074,
2182.903111474, 1.041991465,
2182.923542955, 1.043022418,
2182.943974536, 1.041550663,
2182.964406216, 1.042425312,
2182.984837696, 1.040278323,
2183.005269276, 1.040493504,
2183.025700956, 1.040918888,
2183.046132536, 1.042412861,
2183.066564015, 1.044504776,
2183.086995695, 1.042466013,
2183.107427274, 1.042405137,
2183.127858753, 1.044752813,
2183.148290432, 1.042867308,
2183.168721911, 1.045566194,
2183.189153490, 1.040809087,
2183.209585169, 1.040869652,
2183.230016647, 1.040296109,
2183.250448325, 1.041239922,
2183.291311382, 1.042793605,
2183.311743060, 1.043409572,
2183.332174637, 1.041991544,
2183.373037793, 1.046774478,
2183.393469370, 1.042227962,
2183.413900947, 1.046423983,
2183.434332524, 1.043322398,
2183.454764101, 1.043091165,
2183.475195678, 1.042458619,
2183.495627255, 1.046047751,
2183.536490407, 1.041004895,
2183.556922084, 1.047640053,
2183.577353560, 1.042631814,
2183.597785236, 1.047153463,
2183.618216811, 1.045719531,
2183.638648287, 1.049641584,
2183.659079963, 1.044354921,
2183.679511538, 1.047435871,
2183.699943013, 1.051410872,
2183.720374688, 1.041003625,
2183.740806264, 1.048332346,
2183.781669413, 1.044149565,
2183.802100988, 1.043973273,
2183.822532462, 1.046018268,
2183.842964136, 1.045289592,
2183.863395711, 1.044812648,
2183.883827285, 1.046823396,
2183.924690432, 1.044550179,
2183.945122006, 1.044602425,
2183.965553580, 1.043394021,
2183.985985153, 1.043954974,
2184.006416726, 1.043057850,
2184.026848299, 1.045648664,
2184.047279872, 1.045521590,
2184.067711545, 1.045742687,
2184.088143018, 1.045640528,
2184.108574591, 1.044114385,
2184.129006263, 1.043839180,
2184.149437735, 1.045743237,
2184.169869307, 1.044100155,
2184.190300980, 1.045758297,
2184.210732452, 1.047537786,
2184.231164023, 1.047181775,
2184.272027167, 1.049472213,
2184.292458838, 1.045241163,
2184.312890409, 1.048213162,
2184.353753551, 1.044885243,
2184.394616693, 1.046544327,
2184.415048264, 1.041234943,
2184.435479834, 1.048721794,
2184.455911405, 1.044486791,
2184.476342975, 1.043786330,
2184.496774545, 1.045439209,
2184.517206115, 1.046097067,
2184.537637785, 1.045236510,
2184.558069255, 1.049766426,
2184.578500824, 1.043123651,
2184.598932494, 1.047277270,
2184.619363963, 1.044500233,
2184.639795633, 1.047341890,
2184.660227102, 1.043707475,
2184.680658671, 1.049487587,
2184.701090340, 1.048568759,
2184.721521809, 1.046485448,
2184.741953377, 1.047148109,
2184.762385046, 1.046645452,
2184.782816514, 1.047443162,
2184.803248082, 1.046911685,
2184.844111219, 1.048655417,
2184.864542787, 1.048696870,
2184.884974454, 1.047517335,
2184.905406022, 1.047311022,
2184.925837490, 1.045063150,
2184.946269157, 1.048010537,
2184.966700724, 1.045083996,
2185.007563859, 1.051244992,
2185.027995426, 1.050481949,
2185.048427092, 1.048471540,
2185.068858559, 1.048053110,
2185.089290126, 1.048216267,
2185.109721792, 1.047977272,
2185.130153259, 1.050775911,
2185.150584825, 1.048314887,
2185.171016491, 1.046983629,
2185.191447957, 1.046779018,
2185.211879523, 1.047759934,
2185.252742654, 1.050217434,
2185.273174220, 1.048988969,
2185.293605885, 1.048158592,
2185.314037350, 1.049114426,
2185.334469016, 1.047201172,
2185.354900481, 1.051085427,
2185.375332146, 1.049973789,
2185.395763711, 1.047586478,
2185.416195275, 1.047431198,
2185.436626740, 1.049255857,
2185.457058405, 1.047379187,
2185.497921433, 1.043690179,
2185.518353097, 1.046711906,
2185.538784661, 1.043625621,
2185.559216125, 1.047974965,
2185.579647789, 1.043954466,
2185.600079353, 1.047009145,
2185.620511016, 1.051555307,
2185.640942480, 1.049197026,
2185.661374043, 1.050315164,
2185.681805707, 1.051611426,
2185.702237170, 1.051242867,
2185.743100396, 1.051568767,
2185.763531859, 1.049058498,
2185.783963421, 1.051177302,
2185.804395084, 1.052538736,
2185.824826546, 1.052107565,
2185.845258109, 1.051381454,
2185.865689771, 1.051050896,
2185.886121333, 1.048406558,
2185.906552795, 1.047900018,
2185.926984457, 1.052286044,
2185.947416019, 1.049879457,
2185.967847581, 1.050828566,
2185.988279142, 1.049208733,
2186.008710704, 1.049830386,
2186.029142265, 1.051204228,
2186.049573827, 1.052883887,
2186.070005288, 1.051058545,
2186.090436949, 1.051257530,
2186.110868510, 1.051538107,
2186.151731632, 1.051754185,
2186.172163192, 1.053334263,
2186.192594653, 1.051939144,
2186.213026313, 1.049023104,
2186.233457874, 1.050247123,
2186.253889434, 1.052002586,
2186.274320994, 1.050601571,
2186.294752554, 1.054102242,
2186.315184214, 1.050368221,
2186.335615674, 1.047835357,
2186.356047234, 1.054527458,
2186.376478893, 1.051967829,
2186.396910353, 1.054117371,
2186.417341913, 1.052318519,
2186.437773572, 1.051078794,
2186.458205131, 1.052019398,
2186.478636590, 1.052771402,
2186.499068249, 1.051799037,
2186.519499808, 1.051251569,
2186.539931267, 1.053293885,
2186.560362926, 1.049517596,
2186.580794484, 1.050441892,
2186.601226143, 1.053272688,
2186.621657601, 1.050290099,
2186.642089160, 1.051949636,
2186.662520818, 1.053741912,
2186.682952276, 1.051954740,
2186.723815392, 1.052032085,
2186.744246950, 1.051518003,
2186.764678508, 1.052691860,
2186.785110065, 1.051948421,
2186.805541623, 1.051553507,
2186.825973180, 1.048938294,
2186.846404738, 1.051791231,
2186.866836295, 1.051942020,
2186.887267852, 1.051227614,
2186.907699409, 1.048305965,
2186.928130966, 1.049274578,
2186.948562623, 1.049226952,
2186.968994180, 1.052445284,
2186.989425637, 1.054891604,
2187.009857293, 1.050788371,
2187.030288850, 1.050868470,
2187.050720306, 1.050431139,
2187.071151963, 1.050514876,
2187.091583519, 1.052970309,
2187.112014975, 1.051862757,
2187.132446631, 1.049049528,
2187.152878187, 1.051465801,
2187.173309643, 1.049171047,
2187.234604310, 1.051892932,
2187.255035965, 1.053116681,
2187.275467521, 1.050588305,
2187.295899176, 1.050502821,
2187.316330631, 1.049626878,
2187.336762187, 1.050623650,
2187.357193842, 1.050165362,
2187.377625297, 1.051899271,
2187.398056851, 1.054269814,
2187.418488506, 1.049039275,
2187.438919961, 1.053087759,
2187.459351516, 1.053617959,
2187.479783170, 1.050177535,
2187.500214624, 1.050678450,
2187.520646179, 1.049993474,
2187.541077833, 1.050803378,
2187.561509287, 1.052901971,
2187.581940941, 1.053611333,
2187.602372495, 1.050881181,
2187.622803949, 1.051226444,
2187.643235603, 1.051520669,
2187.663667157, 1.049682143,
2187.684098610, 1.054935836,
2187.704530264, 1.055120795,
2187.724961818, 1.051843087,
2187.745393271, 1.053488239,
2187.765824924, 1.051415506,
2187.786256478, 1.054072725,
2187.806688031, 1.052015295,
2187.827119584, 1.051936204,
2187.847551137, 1.052406361,
2187.867982790, 1.052297207,
2187.888414242, 1.051733968,
2187.908845795, 1.051168126,
2187.929277448, 1.054885970,
2187.949709000, 1.052068050,
2187.970140453, 1.052970933,
2187.990572105, 1.054054493,
2188.011003658, 1.052848998,
2188.031435110, 1.053769793,
2188.051866762, 1.053762542,
2188.092729766, 1.053745522,
2188.113161418, 1.050276242,
2188.133592970, 1.052478249,
2188.154024422, 1.054019334,
2188.174456073, 1.053980924,
2188.194887525, 1.054200049,
2188.215319177, 1.052662349,
2188.235750728, 1.053619231,
2188.256182179, 1.051891784,
2188.276613831, 1.056770097,
2188.297045382, 1.051408805,
2188.317476933, 1.053496416,
2188.337908484, 1.053301527,
2188.358340035, 1.057169114,
2188.399203137, 1.054977137,
2188.419634688, 1.056822684,
2188.440066238, 1.053025914,
2188.460497889, 1.055253729,
2188.480929339, 1.053065612,
2188.501360990, 1.051753093,
2188.521792540, 1.054042913,
2188.542223991, 1.050886378,
2188.562655641, 1.059313491,
2188.583087191, 1.053216785,
2188.603518641, 1.056456229,
2188.623950291, 1.055482616,
2188.644381841, 1.053079156,
2188.664813291, 1.055651231,
2188.685244941, 1.053576815,
2188.705676491, 1.054524292,
2188.726107940, 1.052864400,
2188.746539590, 1.057902394,
2188.766971139, 1.050589734,
2188.787402789, 1.055603723,
2188.807834238, 1.054610535,
2188.828265788, 1.052860526,
2188.848697337, 1.054475618,
2188.869128886, 1.054551854,
2188.909991984, 1.052704498,
2188.930423533, 1.057365977,
2188.950855082, 1.053550468,
2188.971286731, 1.053710488,
2188.991718179, 1.054891956,
2189.012149728, 1.052009190,
2189.032581377, 1.051804325,
2189.053012825, 1.053964448,
2189.093876022, 1.053042137,
2189.114307471, 1.055795414,
2189.134739119, 1.052134149,
2189.196033763, 1.053007444,
2189.216465311, 1.052550064,
2189.236896759, 1.057056675,
2189.257328407, 1.058336515,
2189.277759955, 1.060007852,
2189.298191503, 1.055932046,
2189.318623050, 1.055763664,
2189.339054598, 1.054047831,
2189.359486146, 1.056331613,
2189.379917693, 1.051880828,
2189.400349241, 1.054214236,
2189.420780888, 1.054163730,
2189.441212435, 1.054241686,
2189.461643883, 1.055470402,
2189.482075530, 1.057113785,
2189.502507077, 1.055641566,
2189.522938524, 1.058841333,
2189.543370171, 1.056010639,
2189.563801718, 1.056120176,
2189.584233165, 1.057917915,
2189.604664812, 1.059268552,
2189.625096258, 1.059656508,
2189.645527805, 1.056256049,
2189.665959452, 1.058111068,
2189.686390898, 1.055801626,
2189.706822545, 1.057083648,
2189.727254091, 1.055125995,
2189.747685538, 1.057437713,
2189.768117184, 1.059462104,
2189.788548731, 1.057661832,
2189.808980277, 1.058710049,
2189.829411823, 1.058220450,
2189.849843369, 1.059898904,
2189.870274915, 1.059277273,
2189.890706461, 1.057985248,
2189.911138007, 1.057030915,
2189.931569553, 1.060447149,
2189.952001199, 1.061640046,
2189.972432645, 1.057968379,
2189.992864290, 1.059400646,
2190.013295836, 1.060855970,
2190.033727282, 1.057182564,
2190.074590473, 1.059362413,
2190.095021918, 1.060067540,
2190.115453564, 1.061782797,
2190.135885109, 1.060366592,
2190.156316554, 1.059611464,
2190.176748200, 1.060480381,
2190.197179745, 1.060099098,
2190.217611190, 1.069732640,
2190.238042835, 1.058532565,
2190.258474280, 1.059710846,
2190.278905925, 1.063503794,
2190.299337470, 1.061156402,
2190.319768915, 1.060379111,
2190.340200560, 1.060935776,
2190.360632105, 1.062660582,
2190.381063649, 1.059537295,
2190.401495194, 1.060802756,
2190.421926739, 1.062702795,
2190.442358283, 1.060116296,
2190.462789828, 1.062087631,
2190.483221372, 1.060621677,
2190.503652917, 1.060988585,
2190.524084561, 1.060945714,
2190.544516006, 1.060869471,
2190.564947650, 1.061111993,
2190.585379194, 1.063057688,
2190.605810638, 1.063200514,
2190.646673827, 1.060439523,
2190.667105271, 1.061734649,
2190.687536915, 1.058812403,
2190.707968459, 1.058435655,
2190.728399903, 1.060112905,
2190.748831547, 1.062957791,
2190.769263090, 1.063173150,
2190.789694634, 1.061310994,
2190.810126178, 1.057870680,
2190.830557722, 1.059499984,
2190.850989365, 1.061659118,
2190.871420809, 1.063507959,
2190.891852353, 1.062706063,
2190.912283996, 1.063375920,
2190.932715440, 1.059575778,
2190.953146983, 1.063807768,
2190.973578626, 1.060647884,
2190.994010070, 1.063204316,
2191.014441613, 1.062445692,
2191.034873256, 1.062800176,
2191.055304700, 1.065162977,
2191.075736243, 1.060786971,
2191.096167886, 1.062547507,
2191.137030972, 1.061593493,
2191.157462515, 1.061188566,
2191.177893958, 1.059636562,
2191.198325601, 1.060701065,
2191.218757144, 1.063182283,
2191.239188587, 1.063963786,
2191.259620230, 1.064092424,
2191.280051773, 1.060673876,
2191.300483216, 1.062228774,
2191.320914858, 1.065027089,
2191.341346401, 1.062041239,
2191.361777944, 1.062635858,
2191.382209486, 1.062183841,
2191.402641029, 1.062108083,
2191.423072671, 1.064540511,
2191.443504214, 1.065108007,
2191.484367299, 1.064231694,
2191.504798841, 1.064550503,
2191.525230284, 1.065971500,
2191.545661926, 1.061522548,
2191.566093468, 1.066044218,
2191.586524910, 1.064122047,
2191.627387995, 1.067919378,
2191.647819537, 1.061108998,
2191.668251179, 1.061780464,
2191.709114263, 1.067214102,
2191.729545805, 1.063868545,
2191.749977247, 1.064725360,
2191.770408889, 1.064714191,
2191.790840431, 1.066012915,
2191.811271873, 1.065394577,
2191.831703515, 1.065987911,
2191.852135057, 1.064779082,
2191.872566599, 1.062493752,
2191.892998140, 1.064335733,
2191.913429682, 1.065458100,
2191.933861324, 1.067473962,
2191.954292766, 1.065121390,
2191.974724307, 1.065198982,
2191.995155949, 1.065514536,
2192.015587491, 1.065675204,
2192.036018932, 1.063725487,
2192.056450574, 1.067174021,
2192.117745198, 1.064020047,
2192.138176740, 1.066530779,
2192.158608181, 1.067707165,
2192.179039822, 1.069598431,
2192.199471364, 1.064251263,
2192.240334446, 1.064777168,
2192.260765988, 1.064782268,
2192.281197629, 1.068597671,
2192.301629070, 1.064317106,
2192.322060611, 1.063767786,
2192.342492253, 1.066647986,
2192.362923694, 1.064318428,
2192.383355235, 1.061761376,
2192.403786776, 1.066552640,
2192.424218317, 1.064965836,
2192.444649858, 1.067158837,
2192.465081399, 1.065398450,
2192.485512940, 1.065263658,
2192.526376122, 1.067220678,
2192.546807563, 1.066138119,
2192.567239204, 1.067286775,
2192.608102186, 1.070831369,
2192.628533827, 1.065037927,
2192.648965368, 1.065665192,
2192.669396809, 1.067487172,
2192.689828449, 1.065074916,
2192.710259990, 1.065089913,
2192.730691631, 1.066905164,
2192.751123072, 1.064838374,
2192.771554612, 1.067353193,
2192.791986253, 1.067697447,
2192.812417694, 1.067054375,
2192.853280875, 1.069614849,
2192.873712316, 1.067272507,
2192.894143857, 1.072395291,
2192.914575497, 1.068065898,
2192.955438478, 1.068368297,
2192.975870119, 1.066432607,
2192.996301560, 1.068295254,
2193.016733200, 1.067558654,
2193.037164741, 1.064854722,
2193.057596281, 1.065925540,
2193.098459362, 1.068286622,
2193.118890802, 1.066115523,
2193.139322443, 1.074222811,
2193.159753983, 1.071493021,
2193.180185424, 1.068528169,
2193.200617064, 1.069492649,
2193.221048605, 1.069520004,
2193.241480245, 1.069064369,
2193.261911685, 1.074511447,
2193.282343226, 1.070152843,
2193.302774866, 1.071744253,
2193.343637847, 1.070703527,
2193.364069487, 1.068751140,
2193.384500927, 1.070189277,
2193.404932468, 1.069930414,
2193.425364108, 1.071225150,
2193.445795548, 1.071578865,
2193.466227089, 1.069834144,
2193.486658729, 1.071671707,
2193.507090269, 1.072270931,
2193.527521809, 1.067899033,
2193.547953350, 1.077110446,
2193.588816430, 1.069606786,
2193.609247970, 1.071282835,
2193.629679510, 1.073359487,
2193.650111151, 1.070634270,
2193.670542591, 1.071089812,
2193.690974131, 1.071913866,
2193.711405771, 1.071554203,
2193.731837211, 1.071496177,
2193.752268752, 1.071404558,
2193.772700292, 1.071985033,
2193.793131832, 1.070641651,
2193.833994912, 1.069704815,
2193.854426452, 1.070083792,
2193.874858092, 1.071389608,
2193.895289533, 1.068288542,
2193.915721073, 1.070663861,
2193.936152713, 1.073350636,
2193.956584153, 1.074111240,
2193.977015693, 1.069572343,
2193.997447333, 1.071864517,
2194.017878773, 1.071630087,
2194.038310413, 1.072207027,
2194.079173494, 1.068969394,
2194.099605034, 1.072372378,
2194.120036574, 1.073284732,
2194.140468114, 1.072096550,
2194.181331194, 1.072457519,
2194.201762734, 1.070620239,
2194.222194374, 1.072598493,
2194.242625815, 1.070448979,
2194.263057355, 1.073249918,
2194.283488995, 1.071083202,
2194.303920435, 1.071384537,
2194.324352075, 1.072670619,
2194.344783615, 1.073690524,
2194.365215055, 1.072340099,
2194.385646695, 1.073427177,
2194.406078135, 1.075139416,
2194.426509676, 1.072712106,
2194.446941316, 1.073549919,
2194.467372756, 1.071501454,
2194.487804296, 1.072364840,
2194.508235936, 1.072590536,
2194.528667476, 1.070016115,
2194.569530557, 1.071032868,
2194.589962097, 1.072459346,
2194.610393637, 1.073128112,
2194.630825177, 1.074256991,
2194.651256717, 1.072987024,
2194.671688358, 1.079726231,
2194.692119798, 1.075312872,
2194.712551338, 1.072469423,
2194.732982978, 1.075278071,
2194.753414418, 1.073917383,
2194.773846059, 1.074432096,
2194.814709039, 1.071529544,
2194.835140679, 1.072114254,
2194.855572220, 1.073168706,
2194.876003660, 1.074871974,
2194.896435300, 1.072573016,
2194.916866840, 1.072539048,
2194.937298281, 1.071850091,
2194.957729921, 1.071554665,
2194.978161461, 1.073245183,
2194.998593002, 1.072998450,
2195.019024542, 1.073011350,
2195.080319163, 1.076799269,
2195.100750704, 1.074448289,
2195.121182244, 1.072474455,
2195.141613784, 1.075819498,
2195.162045325, 1.073372307,
2195.182476865, 1.073692467,
2195.202908406, 1.072550032,
2195.223339946, 1.074464807,
2195.243771587, 1.075022819,
2195.264203027, 1.072894906,
2195.284634668, 1.074372551,
2195.305066208, 1.073071420,
2195.325497649, 1.074905467,
2195.345929289, 1.073168765,
2195.366360830, 1.076036607,
2195.386792271, 1.072721254,
2195.407223911, 1.074324920,
2195.427655452, 1.075395639,
2195.448086892, 1.074082837,
2195.468518533, 1.075775333,
2195.488950074, 1.076099116,
2195.509381714, 1.074264866,
2195.550244696, 1.074079243,
2195.570676337, 1.071975386,
2195.591107777, 1.074088810,
2195.611539318, 1.074492910,
2195.631970959, 1.073224134,
2195.652402400, 1.073423889,
2195.672833941, 1.076285904,
2195.693265582, 1.073645599,
2195.713697122, 1.074276222,
2195.734128663, 1.074719430,
2195.754560204, 1.073367661,
2195.795423286, 1.074676284,
2195.815854827, 1.073582021,
2195.836286268, 1.073620015,
2195.856717909, 1.074355110,
2195.877149450, 1.073596574,
2195.897580891, 1.073010825,
2195.918012532, 1.071008370,
2195.938444074, 1.076604046,
2195.958875715, 1.073857214,
2195.979307156, 1.074599798,
2195.999738697, 1.075049319,
2196.040601780, 1.072745723,
2196.061033321, 1.075082380,
2196.101896403, 1.074453365,
2196.122327945, 1.083964975,
2196.142759586, 1.071879465,
2196.163191028, 1.074124223,
2196.183622569, 1.075298695,
2196.204054210, 1.074249273,
2196.224485752, 1.076249541,
2196.285780377, 1.074262577,
2196.306211918, 1.075093831,
2196.326643460, 1.075645586,
2196.347075001, 1.073457763,
2196.367506643, 1.073746674,
2196.387938085, 1.078315887,
2196.408369627, 1.075812244,
2196.428801168, 1.076843157,
2196.449232710, 1.074951130,
2196.469664352, 1.074730733,
2196.490095794, 1.076635790,
2196.530958978, 1.075311796,
2196.551390420, 1.075002809,
2196.571821962, 1.073898644,
2196.592253604, 1.072965786,
2196.612685046, 1.075771722,
2196.633116588, 1.076402813,
2196.653548230, 1.076018131,
2196.673979672, 1.074688206,
2196.694411314, 1.078253404,
2196.714842856, 1.074895502,
2196.735274399, 1.076595565,
2196.796569026, 1.074398603,
2196.817000568, 1.075629922,
2196.837432110, 1.077381527,
2196.857863653, 1.074829288,
2196.878295295, 1.076506582,
2196.898726738, 1.074855141,
2196.919158380, 1.076937226,
2196.939589923, 1.075632108,
2196.960021366, 1.076028364,
2196.980453008, 1.075309654,
2197.021315994, 1.077936778,
2197.041747637, 1.077359882,
2197.062179179, 1.076691766,
2197.082610622, 1.084262843,
2197.103042265, 1.076213133,
2197.123473808, 1.074439895,
2197.143905451, 1.074268793,
2197.164336894, 1.078260269,
2197.184768337, 1.079487087,
2197.205199980, 1.076192090,
2197.225631523, 1.077953673,
2197.266494610, 1.077258673,
2197.286926153, 1.076309492,
2197.307357696, 1.075245055,
2197.327789240, 1.076398142,
2197.348220783, 1.076722987,
2197.368652427, 1.077829282,
2197.389083970, 1.079269468,
2197.409515414, 1.083139110,
2197.429947057, 1.078584769,
2197.450378601, 1.077931098,
2197.470810044, 1.077260689,
2197.593399507, 1.078753006,
2197.613830951, 1.079325853,
2197.634262495, 1.078263028,
2197.654694139, 1.076676598,
2197.675125584, 1.077334334,
2197.695557128, 1.077091680,
2197.715988772, 1.076773353,
2197.756851760, 1.078128242,
2197.777283405, 1.079317409,
2197.797714849, 1.078918125,
2197.818146494, 1.079426096,
2197.838577938, 1.077406366,
2197.859009583, 1.079346274,
2197.879441127, 1.078599134,
2197.899872572, 1.077183513,
2197.920304116, 1.077632901,
2197.940735761, 1.079677654,
2197.961167306, 1.078044994,
2198.002030396, 1.076680641,
2198.022461941, 1.080502764,
2198.042893486, 1.075920318,
2198.063325031, 1.077728195,
2198.083756576, 1.078251771,
2198.104188221, 1.078615755,
2198.124619666, 1.078271261,
2198.145051211, 1.080549586,
2198.165482857, 1.079082960,
2198.185914302, 1.077489760,
2198.206345847, 1.079203568,
2198.247208938, 1.078301656,
2198.267640584, 1.078407595,
2198.288072129, 1.079675586,
2198.308503575, 1.074738705,
2198.328935221, 1.078799380,
2198.349366767, 1.077638803,
2198.369798312, 1.077409389,
2198.390229858, 1.080405527,
2198.410661404, 1.078115527,
2198.431092950, 1.078082061,
2198.451524496, 1.079451641,
2198.512819135, 1.075029855,
2198.533250681, 1.080919359,
2198.553682227, 1.084962675,
2198.574113774, 1.078463296,
2198.594545320, 1.076326565,
2198.614976967, 1.080318230,
2198.635408413, 1.078982027,
2198.655839960, 1.080415637,
2198.676271607, 1.078406640,
2198.696703054, 1.081651003,
2198.737566247, 1.077660513,
2198.757997694, 1.078932063,
2198.778429341, 1.077288700,
2198.798860888, 1.079302860,
2198.819292335, 1.079439169,
2198.839723983, 1.079214245,
2198.860155530, 1.078185240,
2198.880586977, 1.080057879,
2198.901018625, 1.079108923,
2198.921450172, 1.079559004,
2198.941881820, 1.079341618,
2199.003176462, 1.078292639,
2199.023608010, 1.081558559,
2199.044039458, 1.079827414,
2199.064471106, 1.078667362,
2199.084902654, 1.083284321,
2199.105334202, 1.082576026,
2199.125765750, 1.080721209,
2199.146197298, 1.082277518,
2199.166628846, 1.079730302,
2199.187060395, 1.083793067,
2199.227923491, 1.080239973,
2199.248355040, 1.081134476,
2199.268786488, 1.081135700,
2199.289218137, 1.077776796,
2199.309649686, 1.078254431,
2199.330081334, 1.080341264,
2199.350512783, 1.082567120,
2199.370944332, 1.079429660,
2199.391375981, 1.081431703,
2199.411807430, 1.077906854,
2199.432238979, 1.079646495,
2199.452670628, 1.082029027,
2199.473102078, 1.080324789,
2199.493533627, 1.078559833,
2199.513965276, 1.080649374,
2199.534396726, 1.081147746,
2199.554828375, 1.078766823,
2199.575259925, 1.081793353,
2199.595691475, 1.078921325,
2199.616123024, 1.080742709,
2199.636554574, 1.079097761,
2199.656986124, 1.083510153,
2199.677417674, 1.083862671,
2199.718280774, 1.081739678,
2199.738712424, 1.080786773,
2199.759143875, 1.083969639,
2199.779575525, 1.080790862,
2199.800007075, 1.080426807,
2199.820438526, 1.082006961,
2199.840870176, 1.080904746,
2199.861301627, 1.081649386,
2199.881733178, 1.079247209,
2199.902164829, 1.080704204,
2199.922596279, 1.078466304,
2199.963459481, 1.080630785,
2199.983890932, 1.087857631,
2200.004322584, 1.077813706,
2200.024754135, 1.081427555,
2200.045185586, 1.082942707,
2200.065617238, 1.087840769,
2200.086048789, 1.079513738,
2200.106480341, 1.079667557,
2200.126911892, 1.081782248,
2200.147343444, 1.082145442,
2200.167775096, 1.079832842,
2200.208638100, 1.083292431,
2200.229069752, 1.082549039,
2200.269932756, 1.078646125,
2200.290364408, 1.081920327,
2200.310795960, 1.079840551,
2200.331227413, 1.081187890,
2200.351659065, 1.081149418,
2200.372090618, 1.078102381,
2200.392522271, 1.080915125,
2200.412953723, 1.081664969,
2200.453816929, 1.082552376,
2200.474248382, 1.081186964,
2200.494679935, 1.081413674,
2200.515111489, 1.081485340,
2200.535543042, 1.080115134,
2200.555974595, 1.083194545,
2200.576406149, 1.080673011,
2200.596837702, 1.083529394,
2200.617269356, 1.078571854,
2200.637700809, 1.078953541,
2200.658132363, 1.080345918,
2200.698995471, 1.082159891,
2200.719427025, 1.086313890,
2200.760290133, 1.081597011,
2200.780721688, 1.083787467,
2200.801153342, 1.080802104,
2200.821584897, 1.083554802,
2200.842016451, 1.078163213,
2200.862448006, 1.081058378,
2200.882879561, 1.082048720,
2200.903311215, 1.079476575,
2200.944174225, 1.083000803,
2200.964605880, 1.084706184,
2200.985037336, 1.082587026,
2201.005468991, 1.083134091,
2201.025900546, 1.087115053,
2201.046332002, 1.078802089,
2201.066763657, 1.081781590,
2201.087195213, 1.083204831,
2201.107626669, 1.080599544,
2201.128058325, 1.080853231,
2201.148489880, 1.080755667,
2201.189352993, 1.081473134,
2201.209784549, 1.080354862,
2201.230216105, 1.080844186,
2201.250647661, 1.081473267,
2201.271079218, 1.080526645,
2201.291510775, 1.081740229,
2201.311942331, 1.085846200,
2201.332373888, 1.083538860,
2201.352805445, 1.081525403,
2201.373237002, 1.083721643,
2201.393668559, 1.082598703,
2201.434531673, 1.084947551,
2201.454963331, 1.083225341,
2201.475394888, 1.081774497,
2201.495826346, 1.083499010,
2201.516258003, 1.082191200,
2201.536689561, 1.083149579,
2201.557121019, 1.086135700,
2201.577552677, 1.082927452,
2201.597984235, 1.087582308,
2201.618415693, 1.082325331,
2201.638847351, 1.082059461,
2201.659278909, 1.083291992,
2201.679710568, 1.084936851,
2201.700142026, 1.082487726,
2201.720573585, 1.083996580,
2201.741005244, 1.084044297,
2201.761436703, 1.085928724,
2201.781868261, 1.084950876,
2201.802299920, 1.084190138,
2201.822731380, 1.085989138,
2201.843163039, 1.084704530,
2201.863594598, 1.083254093,
2201.884026058, 1.085070015,
2201.924889177, 1.083612466,
2201.945320737, 1.082811031,
2201.965752396, 1.082686291,
2201.986183956, 1.084009055,
2202.006615416, 1.085698375,
2202.027047077, 1.085139621,
2202.047478637, 1.083178919,
2202.067910197, 1.084692924,
2202.088341758, 1.085340124,
2202.108773318, 1.083036609,
2202.129204979, 1.083193593,
2202.170068001, 1.082985264,
2202.190499662, 1.084453795,
2202.210931123, 1.085524545,
2202.231362684, 1.085068542,
2202.251794345, 1.084018603,
2202.272225807, 1.086041354,
2202.292657468, 1.085442701,
2202.313089030, 1.083928495,
2202.333520492, 1.086386086,
2202.353952153, 1.086412743,
2202.415246840, 1.083559642,
2202.456110064, 1.082933804,
2202.476541527, 1.082547417,
2202.496973090, 1.086784252,
2202.517404652, 1.085960378,
2202.537836215, 1.083625406,
2202.558267778, 1.083824730,
2202.578699341, 1.085408947,
2202.599130904, 1.085937587,
2202.619562468, 1.085636762,
2202.660425595, 1.085718163,
2202.680857258, 1.084318665,
2202.701288822, 1.085956191,
2202.721720286, 1.084789359,
2202.742151950, 1.085451098,
2202.762583514, 1.086729067,
2202.783014978, 1.086120735,
2202.803446642, 1.087102490,
2202.823878207, 1.085539133,
2202.844309671, 1.087560363,
2202.864741336, 1.085143250,
2202.926036031, 1.085960997,
2202.946467596, 1.085426952,
2202.966899261, 1.084648833,
2202.987330726, 1.085376190,
2203.007762292, 1.085771428,
2203.028193957, 1.087690199,
2203.048625423, 1.084741962,
2203.069057089, 1.086047162,
2203.089488655, 1.086375149,
2203.109920221, 1.086480083,
2203.150783353, 1.086423355,
2203.171214920, 1.085547514,
2203.191646486, 1.084008080,
2203.212078053, 1.086923352,
2203.252941187, 1.085504770,
2203.273372754, 1.087264718,
2203.293804421, 1.087073285,
2203.314235888, 1.087413984,
2203.334667456, 1.087136194,
2203.355099123, 1.087841833,
2203.395962158, 1.087722839,
2203.416393826, 1.087695202,
2203.436825294, 1.087557113,
2203.457256862, 1.087605715,
2203.477688531, 1.085809595,
2203.498119999, 1.085293548,
2203.518551667, 1.087001012,
2203.538983236, 1.089079344,
2203.559414705, 1.089351154,
2203.579846374, 1.086362969,
2203.600277943, 1.088897186,
2203.641141081, 1.085669769,
2203.661572650, 1.091664022,
2203.682004320, 1.087561482,
2203.702435789, 1.089440878,
2203.722867359, 1.086312077,
2203.743299029, 1.089438455,
2203.763730599, 1.087781262,
2203.784162069, 1.086282576,
2203.804593739, 1.088783975,
2203.825025310, 1.087327226,
2203.845456780, 1.087556701,
2203.886320022, 1.087591612,
2203.906751593, 1.088183303,
2203.927183164, 1.088990565,
2203.947614635, 1.086104084,
2203.968046306, 1.088499218,
2203.988477877, 1.087859273,
2204.008909349, 1.087337954,
2204.029341021, 1.088667633,
2204.049772592, 1.088516818,
2204.070204064, 1.085390860,
2204.090635736, 1.088788587,
2204.131498981, 1.086647046,
2204.151930453, 1.088241024,
2204.172362026, 1.086518452,
2204.192793699, 1.087244835,
2204.213225172, 1.086253945,
2204.233656745, 1.090054349,
2204.254088418, 1.088072151,
2204.274519991, 1.087299469,
2204.294951564, 1.086767437,
2204.315383138, 1.086135254,
2204.335814712, 1.086824118,
2204.376677859, 1.088173132,
2204.397109433, 1.088905244,
2204.417541008, 1.093244586,
2204.437972582, 1.086636117,
2204.458404156, 1.087177866,
2204.478835831, 1.086738469,
2204.499267306, 1.089062870,
2204.519698981, 1.088457732,
2204.540130456, 1.088464026,
2204.560562031, 1.089089045,
2204.580993706, 1.087704068,
2204.621856757, 1.088268557,
2204.642288433, 1.091358518,
2204.662719909, 1.091392686,
2204.683151585, 1.088608982,
2204.703583161, 1.088930516,
2204.724014637, 1.089908673,
2204.744446313, 1.090025167,
2204.764877890, 1.088947661,
2204.785309367, 1.087613552,
2204.805741043, 1.090271196,
2204.826172620, 1.089367156,
2204.867035775, 1.090727006,
2204.887467352, 1.089872437,
2204.907899030, 1.092167232,
2204.928330607, 1.091016557,
2204.948762085, 1.089360436,
2204.969193763, 1.089225804,
2204.989625341, 1.089652466,
2205.010056820, 1.086141651,
2205.030488498, 1.086689410,
2205.050920077, 1.086858412,
2205.071351555, 1.086508155,
2205.112214813, 1.089704296,
2205.132646492, 1.092777889,
2205.153077971, 1.090144069,
2205.173509551, 1.091848377,
2205.193941130, 1.086840960,
2205.214372710, 1.090592076,
2205.234804290, 1.093498265,
2205.255235870, 1.090048016,
2205.275667450, 1.090102087,
2205.296099130, 1.090113873,
2205.316530611, 1.089574961,
2205.357393872, 1.086286576,
2205.377825353, 1.088987615,
2205.398256934, 1.090200177,
2205.418688615, 1.089414168,
2205.439120096, 1.087656959,
2205.459551678, 1.089724442,
2205.479983360, 1.091582532,
2205.500414941, 1.092098236,
2205.520846523, 1.089993455,
2205.541278105, 1.088703534,
2205.561709688, 1.089878529,
2205.602572853, 1.089528385,
2205.623004435, 1.089434614,
2205.643436118, 1.088839743,
2205.663867601, 1.089537172,
2205.684299184, 1.085213138,
2205.704730867, 1.090363947,
2205.725162351, 1.089395065,
2205.745594034, 1.089627066,
2205.766025618, 1.089918541,
2205.786457102, 1.086707734,
2205.806888786, 1.092120392,
2205.847751855, 1.088827275,
2205.868183539, 1.090317040,
2205.888615124, 1.090569607,
2205.909046709, 1.086094836,
2205.929478294, 1.089458068,
2205.949909779, 1.089275232,
2205.970341464, 1.090353418,
2205.990773050, 1.090459633,
2206.011204635, 1.089397811,
2206.031636221, 1.091061501,
2206.052067807, 1.092752968,
2206.113362566, 1.090430402,
2206.133794252, 1.092571353,
2206.154225839, 1.092110710,
2206.174657326, 1.088027272,
2206.195089013, 1.089970349,
2206.215520600, 1.092419211,
2206.235952087, 1.089915941,
2206.256383775, 1.090578167,
2206.276815363, 1.091171315,
2206.297247050, 1.091208208,
2206.338110127, 1.092236127,
2206.358541815, 1.092260171,
2206.378973303, 1.092854092,
2206.399404892, 1.090268167,
2206.419836581, 1.092073528,
2206.440268070, 1.091948371,
2206.460699659, 1.092086552,
2206.481131348, 1.089475506,
2206.501562838, 1.091336452,
2206.521994527, 1.091886442,
2206.542426117, 1.091767966,
2206.583289297, 1.088609138,
2206.603720787, 1.091205446,
2206.624152378, 1.091539490,
2206.644584068, 1.092377604,
2206.665015559, 1.093179665,
2206.685447150, 1.089514939,
2206.705878841, 1.091795396,
2206.726310432, 1.090561525,
2206.746742024, 1.090439542,
2206.767173615, 1.091084552,
2206.787605207, 1.090909547,
2206.828468391, 1.089540024,
2206.848899984, 1.092952447,
2206.869331676, 1.091410398,
2206.889763169, 1.092188245,
2206.910194861, 1.092242619,
2206.930626454, 1.093780685,
2206.951057947, 1.091660474,
2206.991921234, 1.093090949,
2207.012352728, 1.092470890,
2207.032784421, 1.090362259,
2207.073647510, 1.091050760,
2207.094079204, 1.090713480,
2207.114510798, 1.093476614,
2207.134942493, 1.090068350,
2207.155373988, 1.093822641,
2207.175805583, 1.092146199,
2207.196237278, 1.091139696,
2207.216668773, 1.093544082,
2207.237100369, 1.088790004,
2207.257531964, 1.090408877,
2207.277963660, 1.091133384,
2207.318826852, 1.089758143,
2207.339258349, 1.091263973,
2207.359690045, 1.093551965,
2207.380121642, 1.090429283,
2207.400553139, 1.090598333,
2207.420984836, 1.090771117,
2207.441416433, 1.093441016,
2207.461847931, 1.093629489,
2207.482279628, 1.089684607,
2207.502711226, 1.092265834,
2207.523142924, 1.092759765,
2207.564006020, 1.094910808,
2207.584437719, 1.092726476,
2207.604869218, 1.090932111,
2207.625300816, 1.092454047,
2207.666164015, 1.091766907,
2207.686595614, 1.091692284,
2207.707027313, 1.093116608,
2207.727458813, 1.090122253,
2207.747890513, 1.093294949,
2207.768322113, 1.093273030,
2207.809185314, 1.095892523,
2207.829616914, 1.092377951,
2207.850048515, 1.092145238,
2207.870480116, 1.093457194,
2207.890911717, 1.090977016,
2207.911343319, 1.093824718,
2207.931774920, 1.090352584,
2207.952206522, 1.090817541,
2207.972638124, 1.090495259,
2207.993069726, 1.091421436,
2208.013501328, 1.093134589,
2208.054364533, 1.093875717,
2208.074796136, 1.094018202,
2208.095227839, 1.093955172,
2208.115659342, 1.095406114,
2208.136091046, 1.093052346,
2208.156522649, 1.091331990,
2208.176954153, 1.093140008,
2208.197385857, 1.092326662,
2208.217817461, 1.092996778,
2208.238248965, 1.090829107,
2208.258680670, 1.092405964,
2208.299543779, 1.095784778,
2208.319975484, 1.095015658,
2208.340407089, 1.091092075,
2208.360838795, 1.090709391,
2208.381270300, 1.092308297,
2208.401701906, 1.091643957,
2208.442565118, 1.091410338,
2208.462996725, 1.091689832,
2208.483428431, 1.094769242,
2208.503860038, 1.092264214,
2208.544723252, 1.095510570,
2208.565154859, 1.095706731,
2208.585586467, 1.092866176,
2208.606018074, 1.096066602,
2208.626449582, 1.093832464,
2208.646881290, 1.089787830,
2208.667312899, 1.093394522,
2208.687744407, 1.092096817,
2208.708176116, 1.091806053,
2208.728607724, 1.092408136,
2208.749039433, 1.095582247,
2208.789902552, 1.091590340,
2208.810334262, 1.092512038,
2208.830765771, 1.093576250,
2208.851197381, 1.090931038,
2208.871629092, 1.093752112,
2208.892060602, 1.093981373,
2208.912492312, 1.096299041,
2208.932923923, 1.095993734,
2208.953355434, 1.092504460,
2208.973787145, 1.092163664,
2208.994218757, 1.091901535,
2209.035081980, 1.093255699,
2209.055513592, 1.092390096,
2209.075945204, 1.094778986,
2209.096376816, 1.093503453,
2209.116808429, 1.093565792,
2209.137240142, 1.093526435,
2209.157671754, 1.090897725,
2209.178103268, 1.092645926,
2209.198534981, 1.094240172,
2209.218966594, 1.090550383,
2209.239398108, 1.092367861,
2209.280261336, 1.091989601,
2209.300693050, 1.093781327,
2209.321124665, 1.095729591,
2209.341556180, 1.094727733,
2209.361987895, 1.095629580,
2209.382419510, 1.092029816,
2209.402851025, 1.092926904,
2209.423282740, 1.094805325,
2209.443714356, 1.092448451,
2209.464145872, 1.094806939,
2209.484577588, 1.093445809,
2209.525440921, 1.091108134,
2209.545872438, 1.092584663,
2209.566304055, 1.091135248,
2209.586735772, 1.093152771,
2209.607167289, 1.091665780,
2209.627598907, 1.092390615,
2209.648030624, 1.094076156,
2209.668462242, 1.094452772,
2209.688893860, 1.092022858,
2209.709325479, 1.091311245,
2209.729757097, 1.095071973,
2209.770620335, 1.095613477,
2209.791051954, 1.090644765,
2209.811483674, 1.093150556,
2209.831915193, 1.091152210,
2209.852346813, 1.092611262,
2209.872778433, 1.096092492,
2209.893210053, 1.090619583,
2209.913641774, 1.095739811,
2209.934073294, 1.093926079,
2209.954504915, 1.092806900,
2209.974936636, 1.092682955,
2210.015799779, 1.095402632,
2210.036231500, 1.089653488,
2210.077094744, 1.094761184,
2210.097526367, 1.092204911,
2210.117957889, 1.092300899,
2210.138389612, 1.093002594,
2210.158821235, 1.091907580,
2210.179252858, 1.092445583,
2210.199684481, 1.095301924,
2210.260979353, 1.094957560,
2210.281410977, 1.097287872,
2210.301842701, 1.088103728,
2210.322274226, 1.092862405,
2210.342705851, 1.091399265,
2210.363137576, 1.092764187,
2210.383569201, 1.093767658,
2210.404000726, 1.092629547,
2210.424432452, 1.093407438,
2210.444864078, 1.096274938,
2210.465295804, 1.090344810,
2210.485727330, 1.093930731,
2210.506158957, 1.093424229,
2210.526590584, 1.092516625,
2210.547022211, 1.092992512,
2210.567453838, 1.094679201,
2210.587885565, 1.101502408,
2210.608317093, 1.093237488,
2210.628748721, 1.093297199,
2210.649180349, 1.092667872,
2210.669611977, 1.091713837,
2210.690043706, 1.093548706,
2210.751338592, 1.092059177,
2210.771770122, 1.091285531,
2210.792201751, 1.094272669,
2210.812633481, 1.092123582,
2210.833065111, 1.090755906,
2210.853496741, 1.092039261,
2210.873928372, 1.091546170,
2210.894360002, 1.094601164,
2210.914791633, 1.093067755,
2210.935223264, 1.090573695,
2210.955654896, 1.092149180,
2210.996518159, 1.092466430,
2211.016949791, 1.091088202,
2211.037381523, 1.093069456,
2211.057813056, 1.090919772,
2211.078244788, 1.091935160,
2211.098676421, 1.093935980,
2211.119107954, 1.089245403,
2211.139539688, 1.090953221,
2211.159971321, 1.090643885,
2211.180402855, 1.092742553,
2211.200834589, 1.090858386,
2211.241697858, 1.091385693,
2211.262129492, 1.091697665,
2211.282561027, 1.093154365,
2211.302992763, 1.094293124,
2211.323424398, 1.090229023,
2211.343855934, 1.093360885,
2211.364287669, 1.093603243,
2211.384719305, 1.094543836,
2211.405150942, 1.092037700,
2211.425582578, 1.092561260,
2211.446014215, 1.094596636,
2211.507309126, 1.090332477,
2211.527740863, 1.090879404,
2211.548172501, 1.092867043,
2211.568604039, 1.092484945,
2211.589035778, 1.091131568,
2211.609467416, 1.093237927,
2211.629899055, 1.091592981,
2211.650330694, 1.091357515,
2211.670762333, 1.092289243,
2211.691194073, 1.092391513,
2211.732057252, 1.092075569,
2211.752488992, 1.095823485,
2211.772920533, 1.094466004,
2211.793352173, 1.089490192,
2211.813783914, 1.094619638,
2211.834215455, 1.091673747,
2211.854647197, 1.095096440,
2211.875078838, 1.091704428,
2211.895510380, 1.090113244,
2211.915942122, 1.091764708,
2211.936373664, 1.091500595,
2211.977237049, 1.093457676,
2211.997668592, 1.092595899,
2212.018100335, 1.092934184,
2212.038531979, 1.094168651,
2212.058963623, 1.090423448,
2212.079395267, 1.092754726,
2212.099826911, 1.090761733,
2212.120258555, 1.091518695,
2212.140690200, 1.093047543,
2212.161121844, 1.094048410,
2212.181553489, 1.091096359,
2212.201985235, 1.104320771,
2212.222416780, 1.096034938,
2212.242848526, 1.089353841,
2212.263280172, 1.093453944,
2212.283711718, 1.091540239,
2212.304143465, 1.091943393,
2212.324575112, 1.096418310,
2212.345006658, 1.092683558,
2212.365438406, 1.093699915,
2212.385870053, 1.091799369,
2212.406301801, 1.092614855,
2212.426733349, 1.092165182,
2212.467596745, 1.087606644,
2212.488028294, 1.095539334,
2212.508459943, 1.093127696,
2212.528891692, 1.093615187,
2212.549323241, 1.092920279,
2212.569754891, 1.094835182,
2212.590186541, 1.092006117,
2212.610618191, 1.092787803,
2212.631049941, 1.091495477,
2212.651481492, 1.091748876,
2212.671913142, 1.090559373,
2212.712776545, 1.095073204,
2212.733208096, 1.093766692,
2212.753639848, 1.101871941,
2212.774071500, 1.094189503,
2212.794503052, 1.095134240,
2212.814934805, 1.093305810,
2212.835366458, 1.091245519,
2212.855798211, 1.093124891,
2212.876229764, 1.093121215,
2212.896661418, 1.093771543,
2212.917093171, 1.092257021,
2212.957956379, 1.093081545,
2212.978388134, 1.092108489,
2212.998819689, 1.094280229,
2213.019251444, 1.092358556,
2213.039683099, 1.093349352,
2213.060114654, 1.090819747,
2213.080546410, 1.093073163,
2213.100978066, 1.092303883,
2213.121409622, 1.091646185,
2213.141841379, 1.093605495,
2213.162273036, 1.092971004,
2213.203136350, 1.091937381,
2213.223568007, 1.095607397,
2213.243999665, 1.091704916,
2213.264431323, 1.091729581,
