BJD - 2454833, Corrected Flux
2061.305694500, 0.998886559,
2061.326126764, 0.998659623,
2061.346558928, 0.998796577,
2061.366990991, 0.998659577,
2061.387423254, 0.998665588,
2061.407855416, 0.998553880,
2061.489584161, 0.997063496,
2061.510016221, 0.997024541,
2061.530448380, 0.997123751,
2061.550880640, 0.997064799,
2061.571312798, 0.996964374,
2061.591744857, 0.996785352,
2061.612177115, 0.996976503,
2061.632609272, 0.996769137,
2061.653041329, 0.997002828,
2061.673473586, 0.996514340,
2061.693905742, 0.996815930,
2061.714337898, 0.996417727,
2061.734770053, 0.996344208,
2061.755202208, 0.996373602,
2061.775634363, 0.996012284,
2061.796066517, 0.996014939,
2061.816498670, 0.996071551,
2061.836930823, 0.995682299,
2061.877795028, 0.995588218,
2061.898227280, 0.995485326,
2061.918659432, 0.995708467,
2061.939091582, 0.995590207,
2061.959523733, 0.995110773,
2061.979955883, 0.995346575,
2062.000388133, 0.995050813,
2062.020820182, 0.995077556,
2062.041252331, 0.994900663,
2062.061684579, 0.995015406,
2062.082116627, 0.995256686,
2062.122981021, 0.994782044,
2062.143413168, 0.994619766,
2062.163845214, 0.994823387,
2062.225141650, 0.994613563,
2062.245573894, 0.994182820,
2062.266006039, 0.994385696,
2062.286438082, 0.994409748,
2062.306870325, 0.994379580,
2062.327302468, 0.994272549,
2062.347734710, 0.994398758,
2062.368166752, 0.994261935,
2062.388598893, 0.994229150,
2062.409031134, 0.993776268,
2062.429463175, 0.993877809,
2062.449895315, 0.993389499,
2062.470327454, 0.993959313,
2062.490759594, 0.993921188,
2062.511191732, 0.993933655,
2062.531623871, 0.993795787,
2062.552056009, 0.993937340,
2062.572488146, 0.994029039,
2062.592920283, 0.993585604,
2062.613352420, 0.993777885,
2062.633784556, 0.993512663,
2062.654216792, 0.993497216,
2062.674648828, 0.994168038,
2062.695081062, 0.993406081,
2062.715513197, 0.993686541,
2062.735945231, 0.993703624,
2062.756377464, 0.993636525,
2062.776809598, 0.993386084,
2062.797241630, 0.993445474,
2062.817673863, 0.993454202,
2062.838105995, 0.993510116,
2062.858538026, 0.993791782,
2062.899402388, 0.993972995,
2062.919834418, 0.993391695,
2062.940266648, 0.993201478,
2062.960698777, 0.992734788,
2062.981130906, 0.993777809,
2063.001563034, 0.993856918,
2063.021995163, 0.993664795,
2063.042427291, 0.992844618,
2063.062859418, 0.993300067,
2063.083291544, 0.993386149,
2063.103723771, 0.993695548,
2063.124155897, 0.993405063,
2063.144587922, 0.993179174,
2063.165020147, 0.993027010,
2063.185452272, 0.993018444,
2063.205884296, 0.993232784,
2063.226316520, 0.993303254,
2063.246748543, 0.993255368,
2063.267180666, 0.993323469,
2063.287612889, 0.993146633,
2063.308044911, 0.992674752,
2063.328477032, 0.992690011,
2063.348909254, 0.993092294,
2063.369341275, 0.992667380,
2063.389773395, 0.992849893,
2063.410205615, 0.992349970,
2063.430637634, 0.992228180,
2063.451069754, 0.992417594,
2063.471501972, 0.992050627,
2063.491934091, 0.992239501,
2063.512366208, 0.992576590,
2063.532798326, 0.993283812,
2063.553230443, 0.992644006,
2063.573662560, 0.992128412,
2063.614526791, 0.992005460,
2063.634959006, 0.992234597,
2063.696255350, 0.993000766,
2063.716687364, 0.992772983,
2063.737119477, 0.992743188,
2063.757551689, 0.992858066,
2063.777983702, 0.992807480,
2063.798415814, 0.992483577,
2063.818848025, 0.993007973,
2063.839280036, 0.992497769,
2063.859712147, 0.992569480,
2063.880144357, 0.992754150,
2063.900576367, 0.992632051,
2063.921008576, 0.992479368,
2063.941440685, 0.992467529,
2063.961872694, 0.992692445,
2063.982304902, 0.992755015,
2064.002737010, 0.992286112,
2064.023169017, 0.992757891,
2064.043601224, 0.992840233,
2064.064033330, 0.992278650,
2064.084465336, 0.992332210,
2064.104897542, 0.992341797,
2064.125329647, 0.992471980,
2064.554403760, 0.992874856,
2064.574835956, 0.992257754,
2064.595268051, 0.992076160,
2064.615700047, 0.991729940,
2064.636132241, 0.991536298,
2064.656564336, 0.991794264,
2064.738292609, 0.991547376,
2064.758724801, 0.992543045,
2064.779156793, 0.992555051,
2064.799588984, 0.991102556,
2064.820021076, 0.992229519,
2064.840453166, 0.991711481,
2064.860885256, 0.991507395,
2064.922181524, 0.992501787,
2064.942613613, 0.992725749,
2064.963045701, 0.992079155,
2064.983477889, 0.992146213,
2065.003909876, 0.991812508,
2065.024341963, 0.992327802,
2065.044774149, 0.991794330,
2065.065206135, 0.992125232,
2065.085638221, 0.991880220,
2065.106070406, 0.992073243,
2065.126502391, 0.991626797,
2065.146934476, 0.991565375,
2065.167366659, 0.991644807,
2065.187798643, 0.991928261,
2065.208230826, 0.991576224,
2065.228662909, 0.992089985,
2065.249094891, 0.992018246,
2065.269527073, 0.992329495,
2065.289959155, 0.991422570,
2065.310391236, 0.991619758,
2065.330823317, 0.991536589,
2065.351255397, 0.992010030,
2065.371687477, 0.991647349,
2065.392119557, 0.991998200,
2065.412551636, 0.991933427,
2065.432983714, 0.992340739,
2065.453415793, 0.992196176,
2065.473847870, 0.992169025,
2065.494279848, 0.992779122,
2065.514712025, 0.992544046,
2065.535144101, 0.992408413,
2065.555576078, 0.992245107,
2065.576008254, 0.992012079,
2065.657736552, 0.992123363,
2065.678168726, 0.992374532,
2065.698600700, 0.992374551,
2065.719032773, 0.992829935,
2065.739464945, 0.992267256,
2065.759896917, 0.992225021,
2065.780328989, 0.992535681,
2065.800761160, 0.992551346,
2065.821193231, 0.992875659,
2065.841625202, 0.992716217,
2065.862057372, 0.992051769,
2065.882489442, 0.992036397,
2065.902921411, 0.992341710,
2065.923353580, 0.992675305,
2065.943785648, 0.992571110,
2065.964217616, 0.992611627,
2065.984649784, 0.992495524,
2066.005081851, 0.992573875,
2066.025513818, 0.992776829,
2066.045945984, 0.992938374,
2066.066378051, 0.992104883,
2066.086810216, 0.991982297,
2066.148106311, 0.992752458,
2066.168538375, 0.992952993,
2066.188970438, 0.992407337,
2066.209402502, 0.993131895,
2066.229834565, 0.992349846,
2066.250266627, 0.992448903,
2066.270698689, 0.993131054,
2066.291130751, 0.992961346,
2066.311562812, 0.992972633,
2066.331994973, 0.992387962,
2066.393291152, 0.992750235,
2066.434155171, 0.993533131,
2066.454587329, 0.992761243,
2066.475019287, 0.992805943,
2066.495451345, 0.993578571,
2066.515883502, 0.992817785,
2066.536315458, 0.993119521,
2066.556747615, 0.992670112,
2066.577179671, 0.992306249,
2066.597611627, 0.992738164,
2066.618043782, 0.992617817,
2066.638475836, 0.992323900,
2066.658907891, 0.992638414,
2066.679339945, 0.992517917,
2066.720204052, 0.992207083,
2066.740636105, 0.991918610,
2066.761068157, 0.992668876,
2066.781500209, 0.992195943,
2066.801932361, 0.992563711,
2066.822364312, 0.992395047,
2066.863228413, 0.992671704,
2066.883660463, 0.992043158,
2066.904092512, 0.992125524,
2066.924524662, 0.992027238,
2066.944956611, 0.992360306,
2066.965388559, 0.992632363,
2066.985820707, 0.992676597,
2067.006252754, 0.992677867,
2067.026684902, 0.992364469,
2067.047116849, 0.992053527,
2067.067548895, 0.992074571,
2067.087981041, 0.992113202,
2067.108412987, 0.991869519,
2067.128845032, 0.992892652,
2067.149277177, 0.992483186,
2067.169709221, 0.991959596,
2067.190141165, 0.992133757,
2067.210573309, 0.992628477,
2067.231005352, 0.993241632,
2067.251437295, 0.992838183,
2067.271869437, 0.991971238,
2067.292301480, 0.991998578,
2067.312733421, 0.992242586,
2067.353597604, 0.992601588,
2067.374029544, 0.992167612,
2067.394461684, 0.992190759,
2067.414893724, 0.992748502,
2067.435325663, 0.992127955,
2067.455757802, 0.992161929,
2067.476189840, 0.992140877,
2067.496621979, 0.991976610,
2067.517053916, 0.992196278,
2067.537485954, 0.992374629,
2067.557918091, 0.992390753,
2067.578350027, 0.992576197,
2067.598782063, 0.992456850,
2067.619214099, 0.992135769,
2067.639646235, 0.992316860,
2067.660078170, 0.991969432,
2067.680510204, 0.991392980,
2067.700942238, 0.992586660,
2067.721374272, 0.992382642,
2067.741806406, 0.992787541,
2067.762238339, 0.993289174,
2067.782670371, 0.992970596,
2067.803102503, 0.992305698,
2067.864398598, 0.992231745,
2067.884830528, 0.992741451,
2067.905262659, 0.992910793,
2067.925694689, 0.992396354,
2067.946126618, 0.992845968,
2067.966558747, 0.992289707,
2067.986990776, 0.992718299,
2068.007422804, 0.992308635,
2068.027854832, 0.992936943,
2068.048286860, 0.992611724,
2068.130014966, 0.992528849,
2068.150447092, 0.992427354,
2068.170879017, 0.992367770,
2068.191311042, 0.992517766,
2068.211743166, 0.992916187,
2068.232175091, 0.993192833,
2068.252607114, 0.992472804,
2068.273039238, 0.992351274,
2068.293471160, 0.992294205,
2068.313903183, 0.991957845,
2068.334335305, 0.991711067,
2068.354767227, 0.991551944,
2068.375199348, 0.991839615,
2068.395631269, 0.992351922,
2068.416063290, 0.992287909,
2068.436495410, 0.992635733,
2068.456927330, 0.992937238,
2068.477359349, 0.992720332,
2068.497791469, 0.992846373,
2068.518223387, 0.992466099,
2068.538655405, 0.992737214,
2068.559087523, 0.993203361,
2068.579519541, 0.992901842,
2068.599951458, 0.993444649,
2068.620383575, 0.993108894,
2068.640815591, 0.991940667,
2068.661247507, 0.992538316,
2068.681679623, 0.991514960,
2068.702111638, 0.991378273,
2068.722543553, 0.990594673,
2068.742975667, 0.991743506,
2068.763407681, 0.992659569,
2068.783839795, 0.992446688,
2068.845135834, 0.992579639,
2068.865567746, 0.992645286,
2068.885999757, 0.991838333,
2068.906431869, 0.992604404,
2068.926863780, 0.992635782,
2068.947295790, 0.992394088,
2068.967727901, 0.992202517,
2068.988159910, 0.992349454,
2069.008591820, 0.992151874,
2069.029023929, 0.992115483,
2069.049455938, 0.992346972,
2069.069887846, 0.992730607,
2069.090319954, 0.992175791,
2069.110751862, 0.992322474,
2069.151615976, 0.993192734,
2069.172047982, 0.991715989,
2069.192479888, 0.992585245,
2069.212911994, 0.992884871,
2069.233343899, 0.992378263,
2069.253776004, 0.992742823,
2069.274208009, 0.993072200,
2069.315072016, 0.992185364,
2069.335504020, 0.992550935,
2069.355935923, 0.992598279,
2069.376368026, 0.992473309,
2069.396800028, 0.993028542,
2069.437664031, 0.992901438,
2069.458096032, 0.992488603,
2069.478528033, 0.992299435,
2069.498960034, 0.992927808,
2069.519392034, 0.992879664,
2069.601120030, 0.992367689,
2069.621552128, 0.992287829,
2069.641984026, 0.992713604,
2069.662416123, 0.993008592,
2069.682848120, 0.992724646,
2069.703280017, 0.992675810,
2069.723712113, 0.992640767,
2069.744144109, 0.992371004,
2069.764576004, 0.992243859,
2069.805440094, 0.992180537,
2069.825871988, 0.992325606,
2069.846304082, 0.991608406,
2069.866735976, 0.992960298,
2069.887168069, 0.992903338,
2069.907600062, 0.993169461,
2069.928032055, 0.992456930,
2069.948463947, 0.993221014,
2069.968896038, 0.994330452,
2069.989328030, 0.994781188,
2070.009759921, 0.995699723,
2070.091487981, 0.993061517,
2070.111919970, 0.992944280,
2070.132352059, 0.993076511,
2070.173215935, 0.992310912,
2070.193648023, 0.992091176,
2070.214079910, 0.992981277,
2070.234511897, 0.992727145,
2070.254943984, 0.993278655,
2070.275375870, 0.992995787,
2070.295807856, 0.992358733,
2070.336671826, 0.993585587,
2070.357103811, 0.993525939,
2070.377535895, 0.993647576,
2070.397967879, 0.993440829,
2070.418399763, 0.993062589,
2070.438831846, 0.993020304,
2070.459263829, 0.992737066,
2070.479695711, 0.992542801,
2070.500127793, 0.991968268,
2070.540991856, 0.993200267,
2070.581855618, 0.993295504,
2070.622719678, 0.993248471,
2070.643151557, 0.992419252,
2070.663583637, 0.993579391,
2070.684015615, 0.992959595,
2070.724879572, 0.993761698,
2070.765743527, 0.993707808,
2070.786175504, 0.992178985,
2070.827039457, 0.991381158,
2070.867903408, 0.993063806,
2070.888335383, 0.993067554,
2070.908767458, 0.992925018,
2070.929199332, 0.993293310,
2070.949631406, 0.992426094,
2070.970063380, 0.993469427,
2071.031359298, 0.993385869,
2071.051791171, 0.993023424,
2071.072223243, 0.991853409,
2071.092655214, 0.992029920,
2071.113087085, 0.992359680,
2071.153951127, 0.992238622,
2071.174382996, 0.992985036,
2071.194815066, 0.993173374,
2071.215247035, 0.991535314,
2071.296974909, 0.993166428,
2071.337838843, 0.993148102,
2071.358270810, 0.992428934,
2071.378702777, 0.992409461,
2071.399134743, 0.992436510,
2071.439998674, 0.993054213,
2071.460430638, 0.992849716,
2071.521726531, 0.992955047,
2071.542158594, 0.993024762,
2071.562590458, 0.993348845,
2071.583022420, 0.993031512,
2071.644318307, 0.993478057,
2071.664750368, 0.992856429,
2071.705614190, 0.992987311,
2071.726046250, 0.993112431,
2071.746478210, 0.992839791,
2071.766910169, 0.993056571,
2071.787342129, 0.993277602,
2071.828206046, 0.992501916,
2071.848638004, 0.993104567,
2071.869069962, 0.992687558,
2071.909933876, 0.992046246,
2071.950797889, 0.992557114,
2071.971229745, 0.992850103,
2072.052957565, 0.993000084,
2072.093821473, 0.993165472,
2072.114253427, 0.993294234,
2072.134685380, 0.992921124,
2072.155117333, 0.993427882,
2072.175549285, 0.993380094,
2072.195981237, 0.993464078,
2072.216413189, 0.993078495,
2072.236845240, 0.992831507,
2072.277709042, 0.992435818,
2072.298141092, 0.992411867,
2072.318573042, 0.993232305,
2072.339004892, 0.993475112,
2072.359436941, 0.993183075,
2072.379868890, 0.993337049,
2072.400300738, 0.992749386,
2072.420732787, 0.993456943,
2072.441164734, 0.993209488,
2072.461596582, 0.992400348,
2072.502460576, 0.993077719,
2072.522892422, 0.993199862,
2072.543324468, 0.994984044,
2072.563756414, 0.993101894,
2072.584188359, 0.992547735,
2072.604620304, 0.992403298,
2072.625052249, 0.993507561,
2072.645484293, 0.993307866,
2072.665916137, 0.993255299,
2072.686348080, 0.993332438,
2072.747643909, 0.993402953,
2072.768075951, 0.992775032,
2072.788507893, 0.993326452,
2072.808939735, 0.994276207,
2072.829371776, 0.993738706,
2072.849803617, 0.992659571,
2072.870235557, 0.993116038,
2072.911099437, 0.993253475,
2072.931531376, 0.993214901,
2072.951963415, 0.993034058,
2072.972395254, 0.993067963,
2072.992827192, 0.993108923,
2073.013259230, 0.992844508,
2073.033691068, 0.993184287,
2073.054123105, 0.993840801,
2073.074555042, 0.993156205,
2073.094986979, 0.991729062,
2073.115418915, 0.993589216,
2073.135850851, 0.993356886,
2073.156282787, 0.992548594,
2073.258442459, 0.993621718,
2073.278874393, 0.993394081,
2073.299306426, 0.993700359,
2073.319738259, 0.993215412,
2073.340170191, 0.993427218,
2073.360602223, 0.993648000,
2073.381034055, 0.993462485,
2073.401465987, 0.993729148,
2073.421897918, 0.993568947,
2073.442329848, 0.993679219,
2073.462761879, 0.993826114,
2073.483193709, 0.993459723,
2073.503625638, 0.994457956,
2073.524057668, 0.993459444,
2073.564921425, 0.992928431,
2073.585353454, 0.993172305,
2073.605785382, 0.993564641,
2073.626217209, 0.993359688,
2073.646649237, 0.993162985,
2073.667081164, 0.993489447,
2073.748808768, 0.993246240,
2073.769240793, 0.993266328,
2073.789672718, 0.994011810,
2073.810104543, 0.992526864,
2073.830536567, 0.992883302,
2073.850968491, 0.993510970,
2073.871400514, 0.993736433,
2073.891832338, 0.993300405,
2073.912264261, 0.993148471,
2073.932696283, 0.993562652,
2074.014423870, 0.993713599,
2074.034855791, 0.994133242,
2074.055287811, 0.993546587,
2074.096151551, 0.994174246,
2074.116583570, 0.993952376,
2074.137015390, 0.993926765,
2074.157447309, 0.994385800,
2074.177879327, 0.994698448,
2074.239175080, 0.994353355,
2074.259606897, 0.994019555,
2074.280038814, 0.993797260,
2074.300470831, 0.994414199,
2074.320902647, 0.994308412,
2074.361766578, 0.994002694,
2074.382198393, 0.994880488,
2074.402630408, 0.994224262,
2074.423062322, 0.993818633,
2074.443494236, 0.994151630,
2074.463926150, 0.994238382,
2074.484358063, 0.993756950,
2074.504789976, 0.994855418,
2074.525221889, 0.994798415,
2074.545653802, 0.993627365,
2074.566085714, 0.993925013,
2074.586517725, 0.994116224,
2074.606949537, 0.993851341,
2074.627381448, 0.994089897,
2074.647813458, 0.993900205,
2074.668245269, 0.994259949,
2074.709109189, 0.993931476,
2074.729540998, 0.994401816,
2074.749973007, 0.994389100,
2074.770404916, 0.994732728,
2074.790836724, 0.994343934,
2074.811268732, 0.993473144,
2074.831700640, 0.993608780,
2074.852132448, 0.993951659,
2074.872564455, 0.994253207,
2074.892996261, 0.994367559,
2074.913428168, 0.994147558,
2074.954291979, 0.994797033,
2074.974723885, 0.994210505,
2074.995155890, 0.993874724,
2075.015587795, 0.993928602,
2075.036019599, 0.993589393,
2075.056451603, 0.993136956,
2075.076883507, 0.993379435,
2075.097315310, 0.993521221,
2075.117747314, 0.993672613,
2075.138179216, 0.993694700,
2075.158611219, 0.993935038,
2075.179043021, 0.992950081,
2075.219906924, 0.993266333,
2075.240338725, 0.992869928,
2075.260770626, 0.993521318,
2075.281202627, 0.993409393,
2075.301634427, 0.993197800,
2075.322066326, 0.993141365,
2075.342498326, 0.993538813,
2075.362930125, 0.993475869,
2075.383362024, 0.993001039,
2075.403794022, 0.993750621,
2075.465089716, 0.993673102,
2075.485521613, 0.993650862,
2075.505953410, 0.993427349,
2075.526385406, 0.993248904,
2075.546817303, 0.993820765,
2075.567249199, 0.993341487,
2075.587681094, 0.993351372,
2075.608112989, 0.993922745,
2075.628544884, 0.993783504,
2075.648976779, 0.993108791,
2075.710272461, 0.993834075,
2075.730704254, 0.994093152,
2075.751136247, 0.993841413,
2075.771568140, 0.993963244,
2075.791999932, 0.993484183,
2075.812431924, 0.993722113,
2075.832863815, 0.993874730,
2075.853295707, 0.993645785,
2075.873727598, 0.994053822,
2075.894159489, 0.993418278,
2075.955455159, 0.993814125,
2075.975887148, 0.994164988,
2075.996319037, 0.994128875,
2076.016750826, 0.994474255,
2076.037182814, 0.992482762,
2076.057614703, 0.993686089,
2076.078046490, 0.993787966,
2076.098478478, 0.993385029,
2076.118910365, 0.993549971,
2076.139342152, 0.993404211,
2076.159774138, 0.994027551,
2076.180206024, 0.994326289,
2076.200637810, 0.994035400,
2076.221069796, 0.994244393,
2076.241501681, 0.993693075,
2076.261933566, 0.993681527,
2076.282365451, 0.994435700,
2076.302797335, 0.993521434,
2076.323229219, 0.994022025,
2076.343661102, 0.993955755,
2076.364092986, 0.994009852,
2076.384524869, 0.993545146,
2076.425388634, 0.994132028,
2076.445820516, 0.994058154,
2076.466252397, 0.994348553,
2076.486684279, 0.994264961,
2076.507116260, 0.994325534,
2076.527548041, 0.994187495,
2076.547979921, 0.994833091,
2076.568411901, 0.994988110,
2076.588843681, 0.994580362,
2076.609275561, 0.994737904,
2076.629707540, 0.992686637,
2076.670571197, 0.994515896,
2076.691003176, 0.994668504,
2076.711434954, 0.994480590,
2076.731866831, 0.994561151,
2076.752298808, 0.995790831,
2076.772730585, 0.994413119,
2076.813594438, 0.995264211,
2076.834026314, 0.995111491,
2076.854458190, 0.993973346,
2076.874890066, 0.994137177,
2076.915753915, 0.994440632,
2076.936185690, 0.994626453,
2076.956617564, 0.994550045,
2076.977049538, 0.994245974,
2076.997481311, 0.993759844,
2077.017913184, 0.993995960,
2077.038345057, 0.994395458,
2077.058776930, 0.994607776,
2077.079208802, 0.994434083,
2077.099640674, 0.994741757,
2077.140504317, 0.994415320,
2077.160936288, 0.995228444,
2077.181368159, 0.994632269,
2077.201800129, 0.994407941,
2077.222231899, 0.995048686,
2077.242663769, 0.995176538,
2077.263095739, 0.995492089,
2077.283527508, 0.994113180,
2077.303959377, 0.995005048,
2077.324391345, 0.994427608,
2077.344823213, 0.995393582,
2077.426550583, 0.994885041,
2077.446982550, 0.994530579,
2077.467414416, 0.994572557,
2077.487846182, 0.994788880,
2077.508278148, 0.995114731,
2077.528710013, 0.995052882,
2077.549141779, 0.993961699,
2077.569573743, 0.994866024,
2077.590005608, 0.994141448,
2077.610437572, 0.994458894,
2077.671733163, 0.994638427,
2077.692164926, 0.994139545,
2077.712596789, 0.994384985,
2077.733028751, 0.994626664,
2077.773892375, 0.994551446,
2077.794324236, 0.995201408,
2077.814756197, 0.995051449,
2077.835187958, 0.994733822,
2077.855619918, 0.994612739,
2077.937347258, 0.994775907,
2077.957779216, 0.994743258,
2077.978211075, 0.995130822,
2077.998642834, 0.995304445,
2078.019074792, 0.994995923,
2078.039506649, 0.995239867,
2078.059938407, 0.995205633,
2078.080370364, 0.995527360,
2078.100802221, 0.994943101,
2078.162097790, 0.994719824,
2078.182529645, 0.995004834,
2078.202961501, 0.995390534,
2078.223393356, 0.995108507,
2078.243825211, 0.994637644,
2078.264257065, 0.994191196,
2078.284688919, 0.992778030,
2078.427711990, 0.994482828,
2078.448143842, 0.991984034,
2078.591166696, 0.994062141,
2078.754621582, 0.994633199,
2078.795485276, 0.995407455,
2078.836349068, 0.993353857,
2078.918076349, 0.995148320,
2078.938508194, 0.995205317,
2078.958940138, 0.994232129,
2078.999803726, 0.993511176,
2079.040667412, 0.994245961,
2079.061099255, 0.994872897,
2079.163258565, 0.995016604,
2079.183690406, 0.994632212,
2079.204122247, 0.993880007,
2079.244985927, 0.994342471,
2079.265417767, 0.994148756,
2079.306281446, 0.993821184,
2079.326713285, 0.995202156,
2079.347145024, 0.994895726,
2079.367576962, 0.994664836,
2079.388008800, 0.993983374,
2079.408440538, 0.995300620,
2079.449304313, 0.995027623,
2079.469736050, 0.995429808,
2079.510599823, 0.994819896,
2079.531031659, 0.995106017,
2079.551463495, 0.995802165,
2079.571895330, 0.994145123,
2079.592327266, 0.994514927,
2079.612759001, 0.994806621,
2079.633190835, 0.994805861,
2079.653622770, 0.994873131,
2079.674054604, 0.995233457,
2079.694486338, 0.995791846,
2079.735350104, 0.994222691,
2079.776213770, 0.994362325,
2079.796645602, 0.995688182,
2079.817077334, 0.995558021,
2079.898804759, 0.994834342,
2079.919236590, 0.994074708,
2079.939668320, 0.994192252,
2079.960100250, 0.994507068,
2079.980532080, 0.995940764,
2080.000963909, 0.995713356,
2080.021395739, 0.995782155,
2080.041827568, 0.995542051,
2080.062259396, 0.995305820,
2080.123554880, 0.996568582,
2080.143986708, 0.995804604,
2080.164418535, 0.995504335,
2080.184850462, 1.001624278,
2080.205282189, 0.995132950,
2080.225714015, 0.995369358,
2080.266577666, 0.996203616,
2080.287009492, 0.996085368,
2080.307441417, 0.996205636,
2080.389168615, 0.995840672,
2080.409600539, 0.995872987,
2080.430032362, 0.995606866,
2080.450464086, 0.995350889,
2080.470896009, 0.995586185,
2080.491327831, 0.995830622,
2080.511759654, 0.995915839,
2080.532191476, 0.996170617,
2080.552623298, 0.995904588,
2080.573055119, 0.995932320,
2080.593486940, 0.995669697,
2080.613918761, 0.995331326,
2080.634350582, 0.995199307,
2080.654782502, 0.995824478,
2080.675214223, 0.995441671,
2080.695646042, 0.995868152,
2080.716077862, 0.995192115,
2080.736509681, 0.995135528,
2080.756941400, 0.995282171,
2080.777373319, 0.995604855,
2080.797805137, 0.995733197,
2080.859100591, 0.995282346,
2080.879532508, 0.996224068,
2080.899964225, 0.995609921,
2080.920396042, 0.995762764,
2080.940827959, 0.995765136,
2080.961259675, 0.995699714,
2080.981691491, 0.995584150,
2081.002123407, 0.995751821,
2081.022555222, 0.996131970,
2081.042986937, 0.995640249,
2081.063418852, 0.995665807,
2081.083850666, 0.995811756,
2081.104282381, 0.996124606,
2081.124714295, 0.995805605,
2081.145146109, 0.995959842,
2081.165577822, 0.995763343,
2081.186009735, 0.995770058,
2081.206441548, 0.995863998,
2081.226873461, 0.995440933,
2081.247305173, 0.995491745,
2081.267736985, 0.995168516,
2081.288168897, 0.996287586,
2081.349464331, 0.995982622,
2081.369896042, 0.995624080,
2081.390327852, 0.996189178,
2081.410759662, 0.994943366,
2081.431191472, 0.995760061,
2081.451623282, 0.995662986,
2081.472055091, 0.995391412,
2081.492486900, 0.994954755,
2081.512918709, 0.995489456,
2081.533350518, 0.995445137,
2081.553782326, 0.995605611,
2081.574214134, 0.995192332,
2081.594646041, 0.995233350,
2081.615077749, 0.995779578,
2081.635509656, 0.996066786,
2081.655941463, 0.995200770,
2081.676373170, 0.995431524,
2081.696805076, 0.996505807,
2081.737668588, 0.995809584,
2081.758100494, 0.996415338,
2081.839827713, 0.995805947,
2081.860259517, 0.995702660,
2081.880691321, 0.995612344,
2081.901123125, 0.996009870,
2081.921554928, 0.995931744,
2081.941986732, 0.996294995,
2081.962418534, 0.995580059,
2081.982850337, 0.995959372,
2082.003282139, 0.995652656,
2082.023713941, 0.995925895,
2082.044145843, 0.996273372,
2082.064577645, 0.995759719,
2082.085009346, 0.995911085,
2082.105441247, 0.995730525,
2082.125872948, 0.995650498,
2082.146304748, 0.995441002,
2082.166736648, 0.996973728,
2082.187168348, 0.996685950,
2082.207600148, 0.996320188,
2082.228032047, 0.996534338,
2082.248463747, 0.995833420,
2082.268895545, 0.995274915,
2082.330190940, 0.996424136,
2082.350622838, 0.996423799,
2082.371054536, 0.996118704,
2082.391486333, 0.996259089,
2082.411918230, 0.997049049,
2082.432350027, 0.996640426,
2082.452781823, 0.996546694,
2082.473213620, 0.996237934,
2082.493645416, 0.995851563,
2082.514077311, 0.995938677,
2082.534509007, 0.995813690,
2082.554940802, 0.996360572,
2082.575372697, 0.996744414,
2082.595804392, 0.996986126,
2082.616236186, 0.995429919,
2082.636668080, 0.996055106,
2082.657099774, 0.996523267,
2082.677531568, 0.996409571,
2082.697963461, 0.996907430,
2082.718395154, 0.996568166,
2082.738826947, 0.995626341,
2082.759258840, 0.996358731,
2082.820554216, 0.997078536,
2082.840985907, 0.995994618,
2082.861417799, 0.996341215,
2082.881849589, 0.996579515,
2082.902281280, 0.996926703,
2082.922713171, 0.995858805,
2082.943144961, 0.996571202,
2082.963576651, 0.996675236,
2082.984008541, 0.996403609,
2083.004440330, 0.997060325,
2083.024872019, 0.996617871,
2083.045303908, 0.996737197,
2083.065735697, 0.996540401,
2083.086167385, 0.996352523,
2083.106599274, 0.996448312,
2083.127031061, 0.996468240,
2083.147462749, 0.996373344,
2083.167894636, 0.996517579,
2083.188326424, 0.996479656,
2083.208758311, 0.996432396,
2083.229189997, 0.995681908,
2083.249621784, 0.997063953,
2083.310917141, 0.996554633,
2083.331349026, 0.996686888,
2083.351780812, 0.996311090,
2083.372212496, 0.996455608,
2083.392644381, 0.996443561,
2083.413076165, 0.996660529,
2083.433507850, 0.997046490,
2083.453939733, 0.996397438,
2083.474371517, 0.996338444,
2083.494803200, 0.996647032,
2083.515235083, 0.996263532,
2083.535666866, 0.996739077,
2083.556098749, 0.996084702,
2083.576530431, 0.996821610,
2083.596962213, 0.996656377,
2083.617393995, 0.996198089,
2083.637825776, 0.996516282,
2083.658257458, 0.995737236,
2083.678689339, 0.996860543,
2083.699121120, 0.995675266,
2083.719552800, 0.996573688,
2083.739984680, 0.997116744,
2083.801280020, 0.996469810,
2083.821711799, 0.996500244,
2083.842143578, 0.996269345,
2083.862575357, 0.996479873,
2083.883007136, 0.996477537,
2083.903438914, 0.996872359,
2083.923870792, 0.997397869,
2083.944302470, 0.996769176,
2083.964734347, 0.996942192,
2083.985166125, 0.996078706,
2084.005597802, 0.995643340,
2084.026029679, 0.995639048,
2084.046461455, 0.996268840,
2084.066893131, 0.996821478,
2084.087325007, 0.996795617,
2084.107756783, 0.996492209,
2084.128188459, 0.996530219,
2084.148620334, 0.995983055,
2084.169052109, 0.996572579,
2084.189483884, 0.996493529,
2084.209915659, 0.997080947,
2084.230347433, 0.998069038,
2084.291642754, 0.996761226,
2084.312074528, 0.996839266,
2084.332506301, 0.997044021,
2084.352938074, 0.996715042,
2084.373369846, 0.996704353,
2084.393801619, 0.996556557,
2084.414233391, 0.996933416,
2084.434665263, 0.996980322,
2084.455096934, 0.997515371,
2084.475528706, 0.996640528,
2084.495960577, 0.995927041,
2084.516392248, 0.995914508,
2084.536824018, 0.996662685,
2084.557255889, 0.996733473,
2084.577687559, 0.997054340,
2084.598119329, 0.996883233,
2084.618551199, 0.996820352,
2084.659414637, 0.997603563,
2084.679846506, 0.997089261,
2084.700278175, 0.997125466,
2084.782005347, 0.997635278,
2084.802437115, 0.996703470,
2084.822868882, 0.996967836,
2084.843300649, 0.997127696,
2084.863732416, 0.997729783,
2084.884164182, 0.997459581,
2084.904596049, 0.996880772,
2084.925027715, 0.997044950,
2084.945459481, 0.996781661,
2084.965891346, 0.997493565,
2085.006754777, 0.997945379,
2085.027186642, 0.997755292,
2085.047618306, 0.997772744,
2085.068050070, 0.997868657,
2085.088481935, 0.997149521,
2085.108913598, 0.997380780,
2085.129345462, 0.997055645,
2085.149777126, 0.997494469,
2085.170208889, 0.997512349,
2085.190640752, 0.997474391,
2085.211072414, 0.997510073,
2085.231504177, 0.997353021,
2085.251936039, 0.997381196,
2085.272367801, 0.998346857,
2085.292799463, 0.997873214,
2085.313231325, 0.997127028,
2085.333663086, 0.997966035,
2085.354094747, 0.997832013,
2085.374526608, 0.997796615,
2085.394958369, 0.997839839,
2085.415390029, 0.998366549,
2085.435821889, 0.997803571,
2085.517548927, 0.998457664,
2085.537980786, 0.998530364,
2085.558412445, 0.998341499,
2085.578844203, 0.998341837,
2085.599276062, 0.998687416,
2085.619707720, 0.997962728,
2085.640139477, 0.998460263,
2085.660571335, 0.998122839,
2085.681002992, 0.998047745,
2085.701434750, 0.997506286,
2085.762730019, 0.998526618,
2085.783161876, 0.997922144,
2085.803593632, 0.998231433,
2085.824025387, 0.998351315,
2085.844457143, 0.998530522,
2085.864888798, 0.998322511,
2085.885320653, 0.998135149,
2085.905752408, 0.997835116,
2085.926184062, 0.997242159,
2085.946615917, 0.997731108,
2085.967047671, 0.996746851,
2085.987479325, 0.997329457,
2086.007911178, 0.998003675,
2086.028342932, 0.998108335,
2086.048774585, 0.998394681,
2086.069206438, 0.997277362,
2086.089638190, 0.997024141,
2086.110069943, 0.997562163,
2086.130501695, 0.998339048,
2086.150933447, 0.998103474,
2086.171365199, 0.997696420,
2086.191796951, 0.997550239,
2086.273523955, 0.997443474,
2086.293955805, 0.997826896,
2086.314387555, 0.998127457,
2086.334819205, 0.997724105,
2086.355251055, 0.997494128,
2086.375682805, 0.997920750,
2086.396114454, 0.997773432,
2086.416546303, 0.998159651,
2086.436978052, 0.998464211,
2086.457409701, 0.996900398,
2086.477841549, 0.996863364,
2086.498273297, 0.997940058,
2086.518704945, 0.997778331,
2086.539136793, 0.997626165,
2086.559568441, 0.997780960,
2086.580000288, 0.997595114,
2086.600432035, 0.997805777,
2086.620863782, 0.998013847,
2086.641295528, 0.998161817,
2086.661727275, 0.998559215,
2086.682159021, 0.996914851,
2086.743454258, 0.997900289,
2086.763886003, 0.998580018,
2086.784317749, 0.997923098,
2086.804749493, 0.997597315,
2086.825181338, 0.997404841,
2086.845612982, 0.998026225,
2086.866044727, 0.997656134,
2086.886476570, 0.997428689,
2086.906908214, 0.997641115,
2086.927340058, 0.997775143,
2086.947771801, 0.997776307,
2086.968203444, 0.998584196,
2086.988635287, 0.997703480,
2087.009067030, 0.997867222,
2087.029498672, 0.997920470,
2087.049930514, 0.997746335,
2087.070362256, 0.997982393,
2087.090793998, 0.998346516,
2087.111225740, 0.998543668,
2087.131657481, 0.998188070,
2087.152089222, 0.998441196,
2087.172520963, 0.997541692,
2087.233816184, 0.998671930,
2087.254247924, 0.998195714,
2087.274679764, 0.997996712,
2087.295111404, 0.997763891,
2087.315543143, 0.998485147,
2087.335974982, 0.998261596,
2087.356406621, 0.997992059,
2087.376838360, 0.998122409,
2087.397270198, 0.997750567,
2087.417701837, 0.998263043,
2087.458565413, 0.998144710,
2087.478997050, 0.997996456,
2087.499428788, 0.998196088,
2087.519860625, 0.998560814,
2087.540292262, 0.998584723,
2087.560723999, 0.998215258,
2087.581155835, 0.998228905,
2087.601587472, 0.998587072,
2087.622019308, 0.998424227,
2087.642451044, 0.998842250,
2087.662882779, 0.998506444,
2087.744609820, 0.998605834,
2087.765041455, 0.998872635,
2087.785473189, 0.999417888,
2087.805905024, 0.999002925,
2087.826336657, 0.998407922,
2087.846768391, 0.999021630,
2087.867200225, 0.998810692,
2087.887631858, 0.999569193,
2087.908063592, 0.999579727,
2087.928495424, 0.999045883,
2087.948927057, 0.998565702,
2087.969358790, 0.998002509,
2087.989790522, 0.998224362,
2088.010222254, 0.999282186,
2088.030654086, 0.999733027,
2088.051085718, 1.000027039,
2088.071517449, 0.999573692,
2088.091949281, 0.999534021,
2088.112381012, 0.998462235,
2088.132812643, 0.999231925,
2088.214539664, 0.998661299,
2088.234971394, 0.998896666,
2088.255403024, 0.999168443,
2088.275834853, 0.999125326,
2088.296266582, 0.999042201,
2088.316698211, 0.999116264,
2088.337130040, 0.998912450,
2088.357561769, 0.999686461,
2088.377993597, 0.999278590,
2088.398425225, 0.999702360,
2088.418856953, 0.999743320,
2088.439288781, 0.998883924,
2088.459720409, 0.998153946,
2088.480152136, 0.998920957,
2088.500583963, 0.998786495,
2088.521015590, 0.999257709,
2088.541447317, 0.999124676,
2088.561879143, 0.998881926,
2088.582310870, 0.999455050,
2088.602742496, 0.999738147,
2088.623174322, 0.999306742,
2088.643606047, 0.999460982,
2088.684469498, 0.998921343,
2088.704901223, 0.999084215,
2088.725332948, 0.998740787,
2088.745764673, 0.998175547,
2088.766196297, 0.999131433,
2088.786628122, 0.998855499,
2088.807059846, 0.999491033,
2088.827491470, 0.999294821,
2088.847923294, 0.999183046,
2088.868355017, 0.999530895,
2088.888786640, 0.999746306,
2088.909218463, 0.998809340,
2088.929650186, 0.999059627,
2088.950081909, 0.999450660,
2088.970513632, 0.999545738,
2088.990945354, 0.998663674,
2089.011377076, 0.999269195,
2089.031808798, 0.998857538,
2089.052240520, 0.999470399,
2089.072672341, 0.999323587,
2089.093104062, 0.999303665,
2089.113535683, 0.999832317,
2089.195262666, 0.999370736,
2089.215694386, 0.999243162,
2089.236126006, 0.998894876,
2089.256557826, 0.999023526,
2089.276989545, 0.998823747,
2089.297421165, 0.999064519,
2089.317852983, 0.998640226,
2089.338284702, 0.999156440,
2089.358716321, 0.999590680,
2089.379148140, 0.999052246,
2089.399579758, 0.999248737,
2089.420011576, 0.999055393,
2089.440443294, 0.999422097,
2089.460874912, 0.998951707,
2089.481306730, 0.999109783,
2089.501738447, 0.998452813,
2089.522170164, 0.999259485,
2089.542601881, 0.999566481,
2089.563033598, 0.998953458,
2089.583465314, 1.000064165,
2089.603897031, 0.999509598,
2089.624328747, 0.999755132,
2089.706055610, 0.999741524,
2089.726487425, 0.999329282,
2089.746919040, 0.999477420,
2089.767350855, 0.999114735,
2089.787782570, 0.999177924,
2089.808214184, 0.998706056,
2089.828645998, 0.999222501,
2089.849077712, 0.998994668,
2089.869509326, 0.998992031,
2089.889941140, 0.999532422,
2089.910372853, 0.999776993,
2089.930804567, 0.999269400,
2089.951236280, 0.999902112,
2089.971667993, 0.999631529,
2089.992099706, 0.999260177,
2090.032963130, 0.999586208,
2090.053394843, 0.999684091,
2090.073826555, 0.999603013,
2090.094258267, 0.999893149,
2090.114690078, 0.999438751,
2090.135121690, 0.999876225,
2090.155553401, 0.999900738,
2090.175985212, 0.999347985,
2090.196416823, 0.999608616,
2090.216848533, 1.000086846,
2090.257711954, 0.999489933,
2090.278143664, 0.999361877,
2090.298575474, 0.999124935,
2090.319007084, 0.999819207,
2090.339438794, 0.999898473,
2090.359870603, 0.999799982,
2090.421165730, 0.999915776,
2090.441597339, 0.999671757,
2090.462029147, 0.999174259,
2090.482460855, 0.999472928,
2090.502892563, 0.999411352,
2090.523324271, 0.999520610,
2090.543755979, 0.999840414,
2090.564187686, 1.000100706,
2090.584619394, 0.999457338,
2090.605051101, 0.999333451,
2090.625482808, 0.999872130,
2090.645914615, 1.000299400,
2090.666346221, 0.999899708,
2090.686777928, 0.999404511,
2090.707209734, 0.999822965,
2090.727641340, 0.999442166,
2090.748073046, 0.998979922,
2090.768504851, 0.999861766,
2090.788936457, 1.000013421,
2090.809368262, 0.999922285,
2090.829799967, 0.999238899,
2090.850231572, 1.000000307,
2090.870663377, 0.999542243,
2090.891094982, 0.999708089,
2090.911526686, 0.999935306,
2090.931958490, 0.999829430,
2090.952390094, 0.999774258,
2090.972821798, 1.000292239,
2090.993253602, 0.999636642,
2091.013685305, 1.000283304,
2091.034116909, 0.999917554,
2091.054548712, 0.999811710,
2091.074980415, 0.999748320,
2091.156707325, 0.999580492,
2091.177138927, 1.000029004,
2091.197570629, 0.999768567,
2091.218002431, 0.999774903,
2091.238434032, 1.000109458,
2091.258865734, 0.999546288,
2091.279297535, 1.000133675,
2091.299729136, 0.999706062,
2091.320160836, 0.999895834,
2091.340592637, 0.999812061,
2091.361024238, 0.999569733,
2091.401887738, 1.000023578,
2091.422319338, 0.999164180,
2091.442751138, 0.999683658,
2091.463182837, 0.999962445,
2091.483614537, 0.999690638,
2091.504046236, 0.999642833,
2091.524477935, 1.000204398,
2091.544909634, 0.999842098,
2091.565341333, 0.999700135,
2091.585773031, 1.000175834,
2091.647068126, 1.000443805,
2091.667499724, 1.000866063,
2091.687931522, 1.001127557,
2091.708363219, 1.000736950,
2091.728794817, 0.999912760,
2091.749226614, 0.999343059,
2091.769658311, 1.000369239,
2091.790090108, 0.998134981,
2091.810521704, 1.000580571,
2091.892248489, 1.000465784,
2091.912680285, 1.000631085,
2091.933111881, 1.000401352,
2091.953543576, 1.000779569,
2091.973975371, 1.000624069,
2091.994407066, 1.000267289,
2092.014838661, 0.999914993,
2092.035270456, 0.999809477,
2092.055702151, 1.000776502,
2092.076133745, 1.000608352,
2092.096565539, 1.000592888,
2092.116997234, 1.001434585,
2092.137429028, 1.000900696,
2092.157860621, 1.000787113,
2092.178292315, 1.001507675,
2092.198724108, 1.000881198,
2092.219155702, 1.000941849,
2092.239587395, 1.001080198,
2092.260019088, 1.000685259,
2092.280450781, 1.000587559,
2092.300882373, 1.001036029,
2092.321314165, 1.000868407,
2092.341745858, 1.000530098,
2092.362177550, 1.000380221,
2092.382609242, 1.000523171,
2092.403040934, 1.000446575,
2092.423472725, 1.001358287,
2092.443904317, 1.000814767,
2092.464336008, 1.000229099,
2092.484767799, 0.999665173,
2092.505199490, 1.000408565,
2092.525631081, 1.000530664,
2092.546062872, 1.001428668,
2092.566494562, 1.000262961,
2092.627789633, 1.000448261,
2092.648221222, 1.000556279,
2092.668653012, 1.000616979,
2092.689084701, 1.000600056,
2092.709516291, 1.000770521,
2092.729948080, 1.000910636,
2092.750379769, 1.000624670,
2092.770811558, 1.000530655,
2092.791243147, 1.000669068,
2092.811674835, 1.000569897,
2092.832106623, 1.000520716,
2092.852538211, 1.000629861,
2092.872969899, 1.000192641,
2092.893401687, 1.000192837,
2092.913833275, 0.999921007,
2092.934264963, 1.000575793,
2092.954696750, 1.000855067,
2092.975128437, 1.000671544,
2092.995560024, 1.000927503,
2093.015991811, 1.000774021,
2093.036423398, 1.000964136,
2093.056855084, 1.000553250,
2093.077286871, 1.000477141,
2093.097718457, 1.000530931,
2093.118150243, 1.000550674,
2093.138581929, 1.000239498,
2093.159013515, 1.000976150,
2093.179445301, 1.000144723,
2093.199876986, 1.000139388,
2093.220308571, 1.000464411,
2093.240740357, 1.000628257,
2093.261172042, 1.000287654,
2093.281603627, 1.000710298,
2093.302035411, 1.000792561,
2093.322467096, 1.000794707,
2093.342898780, 1.000656804,
2093.363330464, 1.000162229,
2093.383762148, 1.001460652,
2093.404193932, 1.001027538,
2093.424625516, 1.000666178,
2093.445057200, 1.000646974,
2093.465488983, 1.000663837,
2093.485920666, 1.000433579,
2093.506352250, 1.000966482,
2093.526784032, 1.000859182,
2093.547215715, 1.000953027,
2093.608510763, 1.000708901,
2093.628942345, 1.001238769,
2093.649374127, 1.000740887,
2093.669805809, 1.001293511,
2093.690237391, 1.001226099,
2093.710669172, 1.001207153,
2093.731100854, 1.001449813,
2093.751532535, 1.000968180,
2093.771964216, 1.001033899,
2093.792395797, 1.001096274,
2093.812827578, 1.000942906,
2093.833259259, 1.000928002,
2093.853690940, 1.001309029,
2093.874122620, 1.000665564,
2093.894554300, 1.001386978,
2093.914985980, 1.001235580,
2093.935417660, 1.001770188,
2093.955849340, 1.001225462,
2093.976281020, 1.001419436,
2093.996712699, 1.001269538,
2094.017144379, 1.001481813,
2094.037576158, 1.002054389,
2094.058007837, 1.001347004,
2094.078439415, 1.001518887,
2094.098871194, 1.001871267,
2094.119302873, 1.001164575,
2094.139734452, 1.001609522,
2094.160166230, 1.001727704,
2094.180597908, 1.001158599,
2094.241892941, 1.001956107,
2094.262324519, 1.001750255,
2094.303187974, 1.001166296,
2094.323619751, 1.001848167,
2094.344051328, 1.001514908,
2094.364483005, 1.001566754,
2094.384914682, 1.001701845,
2094.405346358, 1.002209911,
2094.425778034, 1.001830992,
2094.446209711, 1.001560539,
2094.466641387, 1.001239513,
2094.487073063, 1.001248086,
2094.507504739, 1.000944624,
2094.527936414, 1.001426908,
2094.589231441, 1.001597369,
2094.609663116, 1.001896621,
2094.630094891, 1.002229699,
2094.650526465, 1.001723926,
2094.670958240, 1.001480736,
2094.691389915, 1.001394574,
2094.711821489, 1.001680749,
2094.732253263, 1.001593867,
2094.752684937, 1.001679770,
2094.773116511, 1.001486478,
2094.793548285, 1.002068248,
2094.813979959, 1.001489077,
2094.834411533, 1.001378044,
2094.854843306, 1.001811198,
2094.875274979, 1.001904126,
2094.895706652, 1.002008846,
2094.916138325, 1.001907599,
2094.936569998, 1.001903653,
2094.957001771, 1.001126733,
2094.977433344, 1.001578528,
2094.997865016, 1.001941098,
2095.018296788, 1.001798195,
2095.038728461, 1.001229302,
2095.059160032, 1.002096023,
2095.079591804, 1.002721512,
2095.100023476, 1.001886277,
2095.120455048, 1.001858030,
2095.140886819, 1.002576076,
2095.161318390, 1.001819987,
2095.181750062, 1.002012911,
2095.202181833, 1.002472697,
2095.222613404, 1.001576103,
2095.243045174, 1.002118951,
2095.263476845, 1.002009743,
2095.324771856, 1.002038773,
2095.345203426, 1.002140255,
2095.365635197, 1.002557818,
2095.386066866, 1.002997917,
2095.406498536, 1.001881163,
2095.426930206, 1.002253157,
2095.447361875, 1.001663755,
2095.467793544, 1.001880752,
2095.488225213, 1.002194154,
2095.508656883, 1.001982295,
2095.569951889, 1.002296149,
2095.590383657, 1.002243067,
2095.610815326, 1.002467887,
2095.631246894, 1.002244541,
2095.651678662, 1.001959521,
2095.672110330, 1.002250865,
2095.692541898, 1.002590877,
2095.712973666, 1.002355666,
2095.733405333, 1.002834139,
2095.753836901, 1.002206703,
2095.774268668, 1.002491199,
2095.794700335, 1.003239245,
2095.815131902, 1.002991991,
2095.835563669, 1.003287740,
2095.855995336, 1.002523040,
2095.876427003, 1.002480281,
2095.896858669, 1.002909033,
2095.917290336, 1.002814347,
2095.937722002, 1.002979925,
2095.958153668, 1.002778346,
2095.978585334, 1.002673510,
2095.999017000, 1.002602655,
2096.019448666, 1.003117572,
2096.039880331, 1.003114949,
2096.060312097, 1.002706454,
2096.080743662, 1.001898579,
2096.101175328, 1.002241457,
2096.121607093, 1.002745384,
2096.142038658, 1.002686321,
2096.162470422, 1.002852079,
2096.182902087, 1.002735352,
2096.203333652, 1.002846685,
2096.223765416, 1.002692024,
2096.244197081, 1.002256119,
2096.264628645, 1.001913401,
2096.285060409, 1.002226889,
2096.305492073, 1.002623455,
2096.325923637, 1.002894122,
2096.346355401, 1.002577758,
2096.366787064, 1.002285101,
2096.387218728, 1.002654912,
2096.407650391, 1.002809294,
2096.428082054, 1.002932200,
2096.448513818, 1.002001162,
2096.468945381, 1.002295869,
2096.550672031, 1.002502855,
2096.571103794, 1.002904401,
2096.591535356, 1.002337476,
2096.611967018, 1.002428979,
2096.632398780, 1.002514211,
2096.652830342, 1.002613791,
2096.673262004, 1.002501889,
2096.693693766, 1.002556127,
2096.714125327, 1.002645823,
2096.734557088, 1.002690158,
2096.754988750, 1.002588840,
2096.775420311, 1.002558375,
2096.795852072, 1.003008380,
2096.816283733, 1.002670050,
2096.836715294, 1.002969322,
2096.877578715, 1.002994193,
2096.898010375, 1.003323143,
2096.918442036, 1.002747943,
2096.938873696, 1.002563495,
2096.959305356, 1.002624288,
2096.979737016, 1.003057620,
2097.000168676, 1.003219160,
2097.020600436, 1.002721210,
2097.041032095, 1.002839329,
2097.102327073, 1.002731466,
2097.122758633, 1.002982238,
2097.143190392, 1.003086601,
2097.163622051, 1.002917612,
2097.184053609, 1.002867851,
2097.204485368, 1.002369157,
2097.224917027, 1.002746355,
2097.245348585, 1.003561192,
2097.265780343, 1.002883846,
2097.286211902, 1.003423092,
2097.306643560, 1.003120398,
2097.327075318, 1.002689540,
2097.347506876, 1.002657550,
2097.367938633, 1.002590280,
2097.388370291, 1.003334676,
2097.408801949, 1.003458178,
2097.429233606, 1.003558828,
2097.449665263, 1.003163181,
2097.551823648, 1.003074597,
2097.572255205, 1.003537250,
2097.592686862, 1.003505458,
2097.613118618, 1.003500795,
2097.633550174, 1.003007453,
2097.653981930, 1.003429096,
2097.674413587, 1.003487764,
2097.694845143, 1.003793978,
2097.715276898, 1.003640729,
2097.735708554, 1.003440176,
2097.756140110, 1.003508565,
2097.797003521, 1.002506531,
2097.817435076, 1.003530808,
2097.837866831, 1.004257965,
2097.858298486, 1.003975386,
2097.878730141, 1.004190938,
2097.899161796, 1.003755935,
2097.919593451, 1.004266025,
2097.940025106, 1.004565625,
2097.960456760, 1.004707691,
2097.980888415, 1.003849018,
2098.021751723, 1.003297930,
2098.042183377, 1.003020923,
2098.062615031, 1.003233008,
2098.083046685, 1.004077286,
2098.103478339, 1.003622816,
2098.123910093, 1.003759836,
2098.144341647, 1.004158019,
2098.164773300, 1.003018431,
2098.185205053, 1.003492371,
2098.266931566, 1.003893482,
2098.287363319, 1.004381036,
2098.307794972, 1.003937549,
2098.328226524, 1.003974584,
2098.369089929, 1.003509482,
2098.389521582, 1.003737211,
2098.409953234, 1.003942262,
2098.430384886, 1.004075932,
2098.450816538, 1.004607794,
2098.471248190, 1.003318659,
2098.491679842, 1.003592454,
2098.512111593, 1.003993030,
2098.532543145, 1.004020266,
2098.552974797, 1.004160585,
2098.573406548, 1.003575929,
2098.593838199, 1.004080873,
2098.614269751, 1.003897762,
2098.634701502, 1.003602685,
2098.655133053, 1.003900399,
2098.675564704, 1.003781812,
2098.695996455, 1.003972566,
2098.716428005, 1.004077701,
2098.736859656, 1.004268354,
2098.757291406, 1.003759687,
2098.777722957, 1.004235981,
2098.798154707, 1.003918435,
2098.818586357, 1.004271086,
2098.839017907, 1.004412151,
2098.859449657, 1.003826213,
2098.879881307, 1.004241496,
2098.900312857, 1.004295392,
2098.920744607, 1.004056791,
2098.941176257, 1.004089968,
2098.961607906, 1.003789420,
2098.982039556, 1.003828387,
2099.002471205, 1.004350106,
2099.022902854, 1.003781837,
2099.043334603, 1.003770553,
2099.063766152, 1.004214895,
2099.084197901, 1.004181067,
2099.104629550, 1.003796542,
2099.125061099, 1.003524123,
2099.145492848, 1.004126989,
2099.165924496, 1.003986628,
2099.186356045, 1.004403995,
2099.206787793, 1.004185300,
2099.227219441, 1.004276537,
2099.247650990, 1.004388548,
2099.268082738, 1.004093558,
2099.288514386, 1.004627798,
2099.308945934, 1.004636546,
2099.329377681, 1.004372500,
2099.349809329, 1.004556640,
2099.370240977, 1.004785274,
2099.390672624, 1.004134293,
2099.411104272, 1.004407251,
2099.431535919, 1.004720892,
2099.492830861, 1.005174867,
2099.513262508, 1.004737662,
2099.533694155, 1.004586760,
2099.554125802, 1.004450064,
2099.574557448, 1.003998095,
2099.594989195, 1.005508273,
2099.615420841, 1.005113716,
2099.635852388, 1.004664088,
2099.656284134, 1.004675959,
2099.676715780, 1.004516421,
2099.697147327, 1.004757218,
2099.717579073, 1.005490974,
2099.738010719, 1.005269201,
2099.758442265, 1.004422269,
2099.778874010, 1.004725190,
2099.799305656, 1.003447428,
2099.819737202, 1.004074522,
2099.840168947, 1.004848713,
2099.860600593, 1.004842567,
2099.881032338, 1.005139898,
2099.901463884, 1.004792941,
2099.921895529, 1.004384410,
2099.983190464, 1.005132880,
2100.003622209, 1.005240110,
2100.024053754, 1.004589786,
2100.044485398, 1.005544502,
2100.064917043, 1.005077793,
2100.085348687, 1.005206953,
2100.105780332, 1.004834305,
2100.126212076, 1.004892799,
2100.146643620, 1.004771046,
2100.167075365, 1.010289383,
2100.187507009, 1.005805182,
2100.207938553, 1.005325524,
2100.228370297, 1.004918767,
2100.248801941, 1.005050101,
2100.269233484, 1.004781300,
2100.289665228, 1.005197874,
2100.310096872, 1.005224735,
2100.330528415, 1.005103192,
2100.350960159, 1.004888941,
2100.371391802, 1.005175006,
2100.391823345, 1.005107961,
2100.412255088, 1.005045558,
2100.432686731, 1.004723237,
2100.453118475, 1.005413133,
2100.473550017, 1.004981441,
2100.493981660, 1.005516645,
2100.514413403, 1.004672644,
2100.534844946, 1.005055626,
2100.575708331, 1.005284366,
2100.596139973, 1.005355338,
2100.616571516, 1.005358134,
2100.637003258, 1.005402572,
2100.657434900, 1.005071153,
2100.677866442, 1.005399008,
2100.698298185, 1.005637759,
2100.718729827, 1.005301148,
2100.739161568, 1.005318773,
2100.759593110, 1.005320769,
2100.780024752, 1.005242523,
2100.800456394, 1.005016156,
2100.820888035, 1.005212038,
2100.841319577, 1.005318593,
2100.861751318, 1.005364004,
2100.882182960, 1.005073056,
2100.902614501, 1.005661090,
2100.923046242, 1.005776308,
2100.943477883, 1.005521851,
2100.963909524, 1.005377440,
2100.984341165, 1.005234679,
2101.004772806, 1.005744874,
2101.025204547, 1.005375738,
2101.045636088, 1.005875047,
2101.066067729, 1.005626201,
2101.086499469, 1.005516661,
2101.106931110, 1.005861937,
2101.127362650, 1.005812447,
2101.147794391, 1.005210340,
2101.168226031, 1.005535544,
2101.188657571, 1.005336290,
2101.209089311, 1.005489353,
2101.229520951, 1.006009137,
2101.249952691, 1.005380670,
2101.270384231, 1.005741237,
2101.290815871, 1.005710139,
2101.311247611, 1.005290244,
2101.331679151, 1.005577885,
2101.352110791, 1.006068510,
2101.372542530, 1.005914010,
2101.392974070, 1.006281449,
2101.454268988, 1.006153751,
2101.474700627, 1.005803187,
2101.495132266, 1.005350075,
2101.515563905, 1.006222788,
2101.535995644, 1.005383501,
2101.556427183, 1.006085485,
2101.576858822, 1.006563653,
2101.597290561, 1.006039493,
2101.617722100, 1.006459063,
2101.638153738, 1.006354681,
2101.658585477, 1.006579256,
2101.679017116, 1.006641208,
2101.699448654, 1.007130273,
2101.719880392, 1.006173684,
2101.740312031, 1.005518832,
2101.760743569, 1.005978133,
2101.781175307, 1.005366063,
2101.801606945, 1.006653257,
2101.822038684, 1.006721421,
2101.842470221, 1.006488361,
2101.862901859, 1.006947759,
2101.883333597, 1.006539234,
2101.903765135, 1.006276045,
2101.924196773, 1.006724734,
2101.944628511, 1.007397675,
2101.965060048, 1.006639562,
2101.985491686, 1.006272309,
2102.005923423, 1.006918658,
2102.026354961, 1.006819048,
2102.046786698, 1.006963464,
2102.067218335, 1.007359494,
2102.087649973, 1.006887396,
2102.108081610, 1.007378973,
2102.128513247, 1.006808886,
2102.148944884, 1.007877351,
2102.169376521, 1.007280798,
2102.189808158, 1.006238159,
2102.210239695, 1.006567793,
2102.230671431, 1.007313693,
2102.251103068, 1.007053008,
2102.271534605, 1.006996199,
2102.291966341, 1.006320658,
2102.312397978, 1.007303250,
2102.332829715, 1.006887620,
2102.353261251, 1.006603626,
2102.373692887, 1.006692025,
2102.414556160, 1.006863538,
2102.434987796, 1.007185422,
2102.455419532, 1.006938121,
2102.475851068, 1.006752446,
2102.496282704, 1.006698931,
2102.516714440, 1.007125700,
2102.537145976, 1.006985338,
2102.557577612, 1.007347124,
2102.578009348, 1.006798498,
2102.598440983, 1.007506607,
2102.618872619, 1.006638604,
2102.639304255, 1.006946798,
2102.659735890, 1.007034709,
2102.680167526, 1.007086122,
2102.700599161, 1.007378784,
2102.721030796, 1.006498497,
2102.741462532, 1.006741167,
2102.761894067, 1.006661348,
2102.782325702, 1.006823204,
2102.802757337, 1.006676215,
2102.823188972, 1.006881252,
2102.843620707, 1.006860043,
2102.884483877, 1.007295701,
2102.904915612, 1.006690593,
2102.925347147, 1.006740571,
2102.945778782, 1.006786039,
2102.966210516, 1.006400024,
2102.986642051, 1.006481649,
2103.007073686, 1.006445469,
2103.027505420, 1.006342216,
2103.047936955, 1.006815449,
2103.068368589, 1.007114966,
2103.088800323, 1.006164891,
2103.109231958, 1.006908264,
2103.129663592, 1.006958023,
2103.150095226, 1.006652766,
2103.170526860, 1.006711833,
2103.190958495, 1.006741256,
2103.211390129, 1.006767842,
2103.231821763, 1.006818039,
2103.252253397, 1.006847525,
2103.272685030, 1.007138052,
2103.293116664, 1.007003562,
2103.313548398, 1.007058150,
2103.333979932, 1.006989473,
2103.354411566, 1.006968693,
2103.415706566, 1.007517980,
2103.436138200, 1.007138484,
2103.456569733, 1.006721243,
2103.477001467, 1.007593162,
2104.110382180, 1.012030982,
2104.130813812, 1.012161691,
2104.151245544, 1.012371025,
2104.171677076, 1.011886898,
2104.192108707, 1.012429012,
2104.212540339, 1.011878404,
2104.232971971, 1.011784938,
2104.253403603, 1.011936075,
2104.273835235, 1.012610577,
2104.294266866, 1.012267368,
2104.314698498, 1.012058700,
2104.396425124, 1.012475829,
2104.416856655, 1.012774468,
2104.437288387, 1.012114034,
2104.457720018, 1.012127720,
2104.478151549, 1.012406317,
2104.498583281, 1.011885467,
2104.519014912, 1.012185896,
2104.539446443, 1.011891309,
2104.559878174, 1.012057802,
2104.580309805, 1.012157587,
2104.621173067, 1.011916936,
2104.641604698, 1.012259882,
2104.662036429, 1.012120093,
2104.682467960, 1.011846369,
2104.702899591, 1.012093290,
2104.723331322, 1.012421589,
2104.743762853, 1.012242983,
2104.764194484, 1.012725646,
2104.784626214, 1.012333027,
2104.805057845, 1.012720813,
2104.825489376, 1.012726062,
2104.866352737, 1.012422107,
2104.886784368, 1.012927593,
2104.907215998, 1.012583790,
2104.927647629, 1.012374227,
2104.948079259, 1.012063352,
2104.968510890, 1.011457439,
2104.988942420, 1.012137528,
2105.009374151, 1.012669514,
2105.029805781, 1.012877226,
2105.050237311, 1.011423867,
2105.070669042, 1.012205472,
2105.111532202, 1.012307842,
2105.131963932, 1.012711837,
2105.152395562, 1.012062914,
2105.172827293, 1.011828017,
2105.193258823, 1.012138562,
2105.213690453, 1.011741514,
2105.254553713, 1.012454436,
2105.274985343, 1.012728184,
2105.295417073, 1.013150814,
2105.315848703, 1.012195999,
2105.377143593, 1.012388610,
2105.397575222, 1.012809304,
2105.418006852, 1.012592388,
2105.438438482, 1.012798533,
2105.458870212, 1.012859634,
2105.479301741, 1.012788683,
2105.499733371, 1.013713871,
2105.520165101, 1.012905950,
2105.540596630, 1.012654400,
2105.561028260, 1.012977339,
2105.581459990, 1.012570905,
2105.601891519, 1.013044511,
2105.622323249, 1.012599062,
2105.642754878, 1.012624657,
2105.663186408, 1.012444915,
2105.683618137, 1.012837458,
2105.704049667, 1.013105689,
2105.724481296, 1.013103370,
2105.744913026, 1.012809558,
2105.765344555, 1.013259478,
2105.785776184, 1.013527047,
2105.806207914, 1.013224348,
2105.847071172, 1.013626469,
2105.867502801, 1.013457291,
2105.887934431, 1.013303601,
2105.908366060, 1.013156789,
2105.928797689, 1.013276890,
2105.949229318, 1.013120227,
2105.969661047, 1.013372192,
2105.990092576, 1.013584365,
2106.010524206, 1.013320812,
2106.030955935, 1.013517787,
2106.051387464, 1.013536258,
2106.092250822, 1.012899743,
2106.112682351, 1.013172239,
2106.133114080, 1.013397571,
2106.173977238, 1.013471416,
2106.194408967, 1.012815013,
2106.214840596, 1.013651230,
2106.235272124, 1.013732662,
2106.255703853, 1.013859233,
2106.276135482, 1.013561958,
2106.296567111, 1.014414108,
2106.337430369, 1.013967547,
2106.357861997, 1.013600725,
2106.378293626, 1.013578494,
2106.398725255, 1.013726678,
2106.419156884, 1.013897770,
2106.439588512, 1.013513538,
2106.460020141, 1.013994148,
2106.480451770, 1.014154287,
2106.500883398, 1.014733528,
2106.521315027, 1.014293879,
2106.541746756, 1.013730110,
2106.582610013, 1.014255086,
2106.603041642, 1.013908008,
2106.623473170, 1.013817560,
2106.643904899, 1.013439971,
2106.664336527, 1.014065754,
2106.684768056, 1.014218304,
2106.705199784, 1.013770675,
2106.725631413, 1.014580668,
2106.746062941, 1.013854902,
2106.766494670, 1.014469363,
2106.786926298, 1.012854591,
2106.827789555, 1.013924290,
2106.848221184, 1.014021910,
2106.868652912, 1.013401317,
2106.889084440, 1.013042022,
2106.909516069, 1.012806021,
2106.929947797, 1.013406989,
2106.950379326, 1.013393618,
2106.970810954, 1.013821260,
2106.991242682, 1.013567558,
2107.011674311, 1.013279152,
2107.032105939, 1.013024967,
2107.072969096, 1.013604384,
2107.093400824, 1.013455318,
2107.113832452, 1.013313317,
2107.134263981, 1.013727922,
2107.154695709, 1.014014218,
2107.175127337, 1.013417214,
2107.195558865, 1.012957129,
2107.215990594, 1.013557026,
2107.236422222, 1.013418043,
2107.256853950, 1.013659897,
2107.338580363, 1.013411763,
2107.359011991, 1.013284396,
2107.379443720, 1.013603126,
2107.399875248, 1.013468294,
2107.420306876, 1.013832593,
2107.440738604, 1.014373360,
2107.461170232, 1.013474674,
2107.481601861, 1.013679274,
2107.502033489, 1.014101554,
2107.522465117, 1.013578153,
2107.542896745, 1.013365782,
2107.563328373, 1.013750773,
2107.583760001, 1.013260893,
2107.604191730, 1.013735365,
2107.624623258, 1.013690910,
2107.645054886, 1.013823814,
2107.665486614, 1.013722823,
2107.685918142, 1.013684773,
2107.706349870, 1.013956501,
2107.726781399, 1.013143035,
2107.767644755, 1.013891320,
2107.808507911, 1.013997745,
2107.828939639, 1.014059820,
2107.849371167, 1.013867869,
2107.869802796, 1.014094066,
2107.890234524, 1.014104928,
2107.910666052, 1.013862530,
2107.931097680, 1.013346678,
2107.951529408, 1.014161230,
2107.971960936, 1.014051306,
2107.992392664, 1.013651099,
2108.012824293, 1.013894041,
2108.053687549, 1.013868752,
2108.074119177, 1.014066286,
2108.094550805, 1.013940559,
2108.114982433, 1.014224150,
2108.135414061, 1.013842347,
2108.176277418, 1.013664729,
2108.196708946, 1.014407185,
2108.217140674, 1.013271957,
2108.237572302, 1.013790316,
2108.258003830, 1.014000367,
2108.319298715, 1.013520698,
2108.339730443, 1.013655455,
2108.360162071, 1.013371575,
2108.380593599, 1.013371766,
2108.401025328, 1.013836627,
2108.421456956, 1.013708953,
2108.441888584, 1.013659790,
2108.462320212, 1.013280427,
2108.482751741, 1.013600501,
2108.503183469, 1.013343457,
2108.544046725, 1.013503971,
2108.564478354, 1.013625194,
2108.584909982, 1.013148914,
2108.605341610, 1.013698957,
2108.625773238, 1.013220552,
2108.646204867, 1.013812040,
2108.666636595, 1.013688276,
2108.707499752, 1.012991644,
2108.727931480, 1.013272352,
2108.748363108, 1.013854041,
2108.789226365, 1.013516203,
2108.809657993, 1.013309796,
2108.830089522, 1.013270699,
2108.850521250, 1.013134329,
2108.870952878, 1.013793423,
2108.891384607, 1.013952504,
2108.911816135, 1.013648201,
2108.932247764, 1.013622197,
2108.952679492, 1.013852345,
2108.973111021, 1.013635921,
2108.993542649, 1.013918575,
2109.034405906, 1.014035826,
2109.054837534, 1.013729815,
2109.075269263, 1.014369927,
2109.095700791, 1.013892919,
2109.116132520, 1.013847212,
2109.136564049, 1.013859317,
2109.156995677, 1.013735595,
2109.177427406, 1.014255625,
2109.197858934, 1.014001929,
2109.218290563, 1.013845910,
2109.238722292, 1.015014570,
2109.300017177, 1.014171388,
2109.320448806, 1.013995949,
2109.340880535, 1.014314691,
2109.361312064, 1.013941794,
2109.381743692, 1.014300462,
2109.422606950, 1.014473155,
2109.443038579, 1.014539541,
2109.463470307, 1.014149651,
2109.483901836, 1.014311551,
2109.524765194, 1.014428849,
2109.545196723, 1.014189521,
2109.565628452, 1.014139675,
2109.586060080, 1.014527258,
2109.606491609, 1.014160500,
2109.626923338, 1.014214488,
2109.647354967, 1.014353933,
2109.667786596, 1.014191619,
2109.688218225, 1.014310153,
2109.708649854, 1.014415249,
2109.729081483, 1.014506571,
2109.769944742, 1.014675951,
2109.790376371, 1.014130077,
2109.810808100, 1.014360272,
2109.831239629, 1.014218232,
2109.851671358, 1.014386431,
2109.872102887, 1.014442695,
2109.892534516, 1.014250881,
2109.912966246, 1.014335999,
2109.933397775, 1.015090886,
2109.953829404, 1.015306702,
2109.974261134, 1.014760931,
2110.015124392, 1.014554783,
2110.035556022, 1.015042082,
2110.055987551, 1.014929427,
2110.076419280, 1.014979057,
2110.096850910, 1.014903918,
2110.117282439, 1.015154903,
2110.137714169, 1.014747717,
2110.158145798, 1.015622489,
2110.178577428, 1.015336917,
2110.199009057, 1.015232449,
2110.219440687, 1.014893742,
2110.280735576, 1.014863161,
2110.301167306, 1.015027661,
2110.321598935, 1.015813950,
2110.342030465, 1.015020315,
2110.362462195, 1.015502610,
2110.382893825, 1.015287960,
2110.403325454, 1.014462228,
2110.423757084, 1.015632834,
2110.444188714, 1.015309117,
2110.464620344, 1.015211123,
2110.505483504, 1.015397076,
2110.525915234, 1.014834993,
2110.546346864, 1.015007135,
2110.566778394, 1.014636305,
2110.587210124, 1.014784981,
2110.607641754, 1.014891416,
2110.628073484, 1.015275019,
2110.648505015, 1.014979300,
2110.668936645, 1.015406235,
2110.689368375, 1.015024206,
2110.771094796, 1.015049682,
2110.791526427, 1.015390588,
2110.811958157, 1.015742896,
2110.832389688, 1.015690779,
2110.852821418, 1.015553147,
2110.873253049, 1.015521620,
2110.893684679, 1.015067705,
2110.914116310, 1.015185912,
2110.934547941, 1.015181537,
2110.954979571, 1.015363878,
2110.975411202, 1.015867082,
2110.995842833, 1.015052190,
2111.016274463, 1.014912857,
2111.036706194, 1.014896353,
2111.077569456, 1.015395276,
2111.098001087, 1.015081198,
2111.118432618, 1.015175591,
2111.138864349, 1.015346896,
2111.159295880, 1.015567817,
2111.179727511, 1.015218863,
2111.200159242, 1.015197234,
2111.261454135, 1.015194375,
2111.281885667, 1.014795979,
2111.302317398, 1.015248948,
2111.322749029, 1.015229975,
2111.343180561, 1.015078187,
2111.363612292, 1.015658530,
2111.384043923, 1.015274184,
2111.404475555, 1.015150375,
2111.424907186, 1.015426355,
2111.445338818, 1.015367420,
2111.486202081, 1.015829698,
2111.506633713, 1.015944167,
2111.527065444, 1.015700846,
2111.547497076, 1.015765817,
2111.567928608, 1.016204226,
2111.588360340, 1.016230328,
2111.608791972, 1.016008207,
2111.629223504, 1.015754658,
2111.670086868, 1.015656577,
2111.690518600, 1.015534252,
2111.731381764, 1.015573873,
2111.751813496, 1.015576434,
2111.772245028, 1.015488514,
2111.792676660, 1.015536373,
2111.813108293, 1.015360518,
2111.833539925, 1.015332651,
2111.853971557, 1.015325157,
2111.874403190, 1.015521841,
2111.894834822, 1.015749590,
2111.915266555, 1.015426229,
2111.935698087, 1.015251479,
2111.996992985, 1.015129862,
2112.017424618, 1.014937380,
2112.037856351, 1.015075710,
2112.058287984, 1.015381536,
2112.078719616, 1.015450370,
2112.099151249, 1.015635461,
2112.119582882, 1.015866348,
2112.140014515, 1.015874315,
2112.160446148, 1.015584401,
2112.180877782, 1.015387017,
2112.242172681, 1.016121169,
2112.262604414, 1.015786425,
2112.283035948, 1.016113042,
2112.303467681, 1.015702533,
2112.323899315, 1.015615454,
2112.344330848, 1.015911241,
2112.364762582, 1.015427483,
2112.385194215, 1.015862510,
2112.405625749, 1.016189728,
2112.426057483, 1.016086392,
2112.466920650, 1.015838390,
2112.487352384, 1.015863286,
2112.507784018, 1.016163911,
2112.528215652, 1.016203600,
2112.548647286, 1.015606900,
2112.569078920, 1.015496491,
2112.589510554, 1.015494174,
2112.609942188, 1.015470399,
2112.630373822, 1.015536823,
2112.650805457, 1.016040753,
2112.671237091, 1.016066709,
2112.712100460, 1.015672406,
2112.732531994, 1.015752122,
2112.752963729, 1.015650275,
2112.773395363, 1.015634039,
2112.793826898, 1.015745315,
2112.814258633, 1.015787131,
2112.834690268, 1.015607737,
2112.855121802, 1.015383514,
2112.875553537, 1.015844424,
2112.895985172, 1.015835982,
2112.916416907, 1.015609657,
2112.957280077, 1.015754414,
2112.977711812, 1.016005634,
2112.998143348, 1.016034723,
2113.018574983, 1.015790891,
2113.039006718, 1.016481725,
2113.059438253, 1.015820205,
2113.079869889, 1.016310657,
2113.100301624, 1.016577784,
2113.120733160, 1.016441439,
2113.161596531, 1.016509599,
2113.243322974, 1.015394087,
2113.263754710, 1.016660438,
2113.284186346, 1.016545038,
2113.304617982, 1.016714831,
2113.325049619, 1.016995456,
2113.345481255, 1.016706677,
2113.365912991, 1.016783784,
2113.386344527, 1.016821930,
2113.406776164, 1.016689444,
2113.427207900, 1.017043216,
2113.447639437, 1.017121100,
2113.468071073, 1.016303910,
2113.508934347, 1.016980958,
2113.529366083, 1.017113161,
2113.549797720, 1.016568356,
2113.570229257, 1.016490886,
2113.590660994, 1.016847816,
2113.611092631, 1.016866544,
2113.631524168, 1.016866297,
2113.651955905, 1.016547639,
2113.692819080, 1.017265304,
2113.713250817, 1.017331114,
2113.733682454, 1.017301702,
2113.754114192, 1.017031228,
2113.774545729, 1.016823982,
2113.794977367, 1.016930095,
2113.815409004, 1.016875637,
2113.835840742, 1.016784288,
2113.856272280, 1.016641125,
2113.876704018, 1.016594241,
2113.897135556, 1.016900281,
2113.937998932, 1.016665789,
2113.958430470, 1.016834725,
2113.978862208, 1.016974378,
2113.999293846, 1.016931989,
2114.019725385, 1.016856002,
2114.040157123, 1.016802321,
2114.060588762, 1.017637594,
2114.081020300, 1.017218547,
2114.101452039, 1.016705054,
2114.121883677, 1.017118812,
2114.142315416, 1.017115376,
2114.183178594, 1.016888021,
2114.203610333, 1.017011370,
2114.224041872, 1.016830139,
2114.244473511, 1.016917887,
2114.264905250, 1.017134761,
2114.285336789, 1.016809353,
2114.305768528, 1.017069223,
2114.326200168, 1.016390985,
2114.346631807, 1.016889085,
2114.367063447, 1.016827928,
2114.387495086, 1.016580962,
2114.428358366, 1.016660689,
2114.448790006, 1.016851355,
2114.469221645, 1.017014736,
2114.489653285, 1.016956303,
2114.510084925, 1.016545690,
2114.530516666, 1.016071814,
2114.550948206, 1.016732173,
2114.591811586, 1.016948006,
2114.612243127, 1.017002308,
2114.632674767, 1.016617468,
2114.693969689, 1.016371048,
2114.714401430, 1.016786406,
2114.734832971, 1.016419239,
2114.755264712, 1.016792097,
2114.775696353, 1.016881490,
2114.816559635, 1.016563779,
2114.836991276, 1.016308570,
2114.857422817, 1.016243729,
2114.877854559, 1.016402358,
2114.939149483, 1.016982568,
2114.959581125, 1.016345279,
2114.980012867, 1.016463261,
2115.000444409, 1.016488371,
2115.020876051, 1.016353517,
2115.041307793, 1.016269662,
2115.061739435, 1.016600400,
2115.082170977, 1.016240836,
2115.102602719, 1.016386327,
2115.123034362, 1.016364613,
2115.184329289, 1.016741754,
2115.204760932, 1.016300866,
2115.225192575, 1.016217549,
2115.245624217, 1.016369070,
2115.266055860, 1.015787759,
2115.306919246, 1.016351837,
2115.327350790, 1.016380938,
2115.347782433, 1.016251518,
2115.368214176, 1.016509229,
2115.409077363, 1.016535155,
2115.429509107, 1.016554849,
2115.449940650, 1.016314631,
2115.470372294, 1.016841057,
2115.490804038, 1.016733926,
2115.511235582, 1.016434484,
2115.531667326, 1.016296099,
2115.552098970, 1.016784550,
2115.572530614, 1.016429106,
2115.592962258, 1.016451380,
2115.613393903, 1.016266920,
2115.674688836, 1.016628577,
2115.695120481, 1.016489971,
2115.715552226, 1.016814986,
2115.735983771, 1.016854341,
2115.756415516, 1.016683950,
2115.776847161, 1.016438530,
2115.797278706, 1.016925424,
2115.817710451, 1.017043773,
2115.838142096, 1.016726753,
2115.899437033, 1.017150702,
2115.919868678, 1.017087096,
2115.940300324, 1.017528427,
2115.960731870, 1.017346696,
2115.981163616, 1.017556646,
2116.001595262, 1.017406163,
2116.022026808, 1.017216726,
2116.042458554, 1.017631350,
2116.062890201, 1.017461469,
2116.083321847, 1.017661453,
2116.144616887, 1.017766352,
2116.165048433, 1.017436758,
2116.185480080, 1.017634181,
2116.205911827, 1.016782909,
2116.226343474, 1.017288269,
2116.246775021, 1.017275605,
2116.267206769, 1.017091809,
2116.287638416, 1.017625517,
2116.308070063, 1.017424193,
2116.328501711, 1.017372679,
2116.348933358, 1.016856827,
2116.410228302, 1.017221238,
2116.430660050, 1.017037285,
2116.451091598, 1.016970567,
2116.471523246, 1.017183373,
2116.491954994, 1.016916836,
2116.512386543, 1.016879572,
2116.532818291, 1.016750662,
2116.553249940, 1.017443328,
2116.573681488, 1.017027624,
2116.594113237, 1.017428843,
2116.634976435, 1.017063436,
2116.655408184, 1.017112686,
2116.675839733, 1.017444536,
2116.696271482, 1.017627534,
2116.716703132, 1.016874656,
2116.737134681, 1.017392861,
2116.757566430, 1.017507507,
2116.777998080, 1.017349726,
2116.798429730, 1.017222002,
2116.818861380, 1.017503378,
2116.839293030, 1.018130363,
2116.900587980, 1.017488324,
2116.921019730, 1.017499542,
2116.941451381, 1.017773827,
2116.961882931, 1.018107704,
2116.982314682, 1.018118704,
2117.002746333, 1.017405840,
2117.023177884, 1.017781367,
2117.043609634, 1.017676412,
2117.064041285, 1.017061555,
2117.084473037, 1.018088416,
2117.145767991, 1.017615979,
2117.166199542, 1.017313353,
2117.186631194, 1.017601899,
2117.207062846, 1.017387371,
2117.227494498, 1.017770737,
2117.247926150, 1.017480047,
2117.268357802, 1.017500271,
2117.288789454, 1.017548579,
2117.309221206, 1.017565572,
2117.329652759, 1.017259125,
2117.390947716, 1.017920865,
2117.411379369, 1.017580541,
2117.431811122, 1.017641425,
2117.452242775, 1.017160692,
2117.472674428, 1.017157664,
2117.493106082, 1.017226888,
2117.513537735, 1.017665689,
2117.533969388, 1.017672879,
2117.554401042, 1.017300467,
2117.595264449, 1.017494916,
2117.615696003, 1.017419470,
2117.636127657, 1.017235230,
2117.656559411, 1.017409748,
2117.676990966, 1.017635871,
2117.697422720, 1.017255236,
2117.717854374, 1.017333456,
2117.738285929, 1.017519863,
2117.779149338, 1.017531812,
2117.799580893, 1.017542610,
2117.820012648, 1.017275885,
2117.881307614, 1.017936666,
2117.901739269, 1.017432270,
2117.922170925, 1.017746882,
2117.942602581, 1.017861505,
2117.963034236, 1.017492072,
2117.983465892, 1.017146628,
2118.003897548, 1.017778125,
2118.024329204, 1.017363658,
2118.044760861, 1.017412797,
2118.065192517, 1.017160253,
2118.126487487, 1.017245512,
2118.146919244, 1.017128717,
2118.167350900, 1.017042839,
2118.187782457, 1.017313323,
2118.208214215, 1.016832047,
2118.228645872, 1.016813343,
2118.249077429, 1.016845166,
2118.269509187, 1.016797602,
2118.289940844, 1.016610812,
2118.310372602, 1.017273272,
2118.351235818, 1.017337279,
2118.371667576, 1.016901822,
2118.392099134, 1.016951835,
2118.412530793, 1.017512433,
2118.432962551, 1.017133361,
2118.453394109, 1.017229981,
2118.473825868, 1.016897080,
2118.494257527, 1.016876572,
2118.514689086, 1.016732407,
2118.535120845, 1.016864080,
2118.555552504, 1.017239042,
2118.596415823, 1.017273358,
2118.678142461, 1.017587585,
2118.698574121, 1.016963462,
2118.719005782, 1.017671086,
2118.739437442, 1.017079459,
2118.759869102, 1.017569673,
2118.780300763, 1.017670748,
2118.800732423, 1.017092537,
2118.841595745, 1.018016486,
2118.862027506, 1.017664887,
2118.882459167, 1.017482669,
2118.902890728, 1.017751829,
2118.923322489, 1.017594317,
2118.943754151, 1.017532404,
2118.964185712, 1.017571402,
2118.984617474, 1.017377892,
2119.005049136, 1.017405719,
2119.025480698, 1.017308641,
2119.127639109, 1.017590886,
2119.148070872, 1.017684414,
2119.168502435, 1.017467463,
2119.188934098, 1.017093115,
2119.209365861, 1.017253663,
2119.229797424, 1.017403165,
2119.250229188, 1.017750579,
2119.270660851, 1.017190284,
2119.291092515, 1.017657616,
2119.352387406, 1.017872639,
2119.372819170, 1.018077751,
2119.393250835, 1.017782381,
2119.413682599, 1.017873810,
2119.434114163, 1.017942885,
2119.454545828, 1.018118720,
2119.474977593, 1.017339902,
2119.495409158, 1.017990955,
2119.515840823, 1.017736021,
2119.536272588, 1.018274155,
2119.577135818, 1.017894073,
2119.597567584, 1.017751343,
2119.617999150, 1.017868692,
2119.638430915, 1.017713886,
2119.658862581, 1.017669114,
2119.679294147, 1.017772656,
2119.699725914, 1.017581750,
2119.720157580, 1.017537037,
2119.740589246, 1.017772824,
2119.761020913, 1.017379148,
2119.781452580, 1.017688867,
2119.822315914, 1.017487929,
2119.842747581, 1.017755736,
2119.863179348, 1.017729396,
2119.883611015, 1.016996346,
2119.904042583, 1.017511067,
2119.924474251, 1.017860740,
2119.944905918, 1.017530474,
2119.965337586, 1.017096274,
2119.985769354, 1.017443115,
2120.006200923, 1.017488557,
2120.026632691, 1.017748948,
2120.067495928, 1.017720732,
2120.087927697, 1.017950235,
2120.108359366, 1.017985169,
2120.128790935, 1.018314472,
2120.149222704, 1.017930182,
2120.169654373, 1.018375318,
2120.190086143, 1.018109343,
2120.210517712, 1.017930684,
2120.230949382, 1.018114922,
2120.251381152, 1.018127525,
2120.271812722, 1.018607136,
2120.333107733, 1.018764485,
2120.353539403, 1.018586285,
2120.373971174, 1.018740691,
2120.394402745, 1.018027866,
2120.414834516, 1.018399417,
2120.435266187, 1.018602175,
2120.455697858, 1.018302304,
2120.476129529, 1.018401803,
2120.496561201, 1.017835192,
2120.516992873, 1.018163699,
2120.557856216, 1.018076457,
2120.578287988, 1.018273373,
2120.598719561, 1.017721530,
2120.619151233, 1.017825553,
2120.639583006, 1.017874874,
2120.660014578, 1.017717805,
2120.680446251, 1.017787899,
2120.700878024, 1.017648316,
2120.721309597, 1.017479552,
2120.741741270, 1.018228549,
2120.803036391, 1.017681416,
2120.823468065, 1.017876093,
2120.843899639, 1.018162489,
2120.864331413, 1.018051338,
2120.884763087, 1.018098947,
2120.905194661, 1.017883215,
2120.925626436, 1.018000222,
2120.946058111, 1.017810686,
2120.966489886, 1.017444210,
2120.986921461, 1.017685791,
2121.007353136, 1.018107535,
2121.068648162, 1.019160411,
2121.089079938, 1.018202788,
2121.109511614, 1.018282127,
2121.129943190, 1.018598424,
2121.150374966, 1.017706028,
2121.170806642, 1.017817413,
2121.191238319, 1.017689126,
2121.232101672, 1.017495119,
2121.252533349, 1.017538839,
2121.272965026, 1.017790248,
2121.293396703, 1.017710038,
2121.313828381, 1.017619648,
2121.334260058, 1.017623988,
2121.354691836, 1.017714225,
2121.375123414, 1.017711660,
2121.395555092, 1.017745186,
2121.415986870, 1.017892619,
2121.436418448, 1.017856382,
2121.456850126, 1.018015517,
2121.477281905, 1.017695149,
2121.497713484, 1.017965658,
2121.538576942, 1.017866720,
2121.559008521, 1.018295119,
2121.579440300, 1.017677570,
2121.599871980, 1.017972523,
2121.620303659, 1.017707640,
2121.640735339, 1.017675678,
2121.661167019, 1.017856865,
2121.681598699, 1.017907196,
2121.702030379, 1.018003395,
2121.722462060, 1.018031791,
2121.742893840, 1.017936772,
2121.783757102, 1.017806544,
2121.804188883, 1.017664431,
2121.824620564, 1.017851037,
2121.845052146, 1.017710302,
2121.865483927, 1.017812478,
2121.885915609, 1.017986816,
2121.906347191, 1.017898863,
2121.926778973, 1.018208581,
2121.947210655, 1.017827567,
2121.967642337, 1.017965334,
2121.988074020, 1.018012629,
2122.069800651, 1.017701840,
2122.090232434, 1.017999802,
2122.110664118, 1.017416925,
2122.131095901, 1.017744889,
2122.151527485, 1.017477353,
2122.171959169, 1.017459478,
2122.192390953, 1.017658638,
2122.212822537, 1.017475573,
2122.233254222, 1.017351306,
2122.274117691, 1.016534179,
2122.294549276, 1.017567528,
2122.314981061, 1.017568503,
2122.335412746, 1.017616777,
2122.355844431, 1.017559918,
2122.376276117, 1.017819387,
2122.396707802, 1.017504857,
2122.417139488, 1.017623397,
2122.437571174, 1.018149119,
2122.458002860, 1.018180299,
2122.478434647, 1.017845604,
2122.519298020, 1.017790756,
2122.539729707, 1.018060184,
2122.560161294, 1.018382008,
2122.580593081, 1.018439214,
2122.601024768, 1.018137260,
2122.621456356, 1.018162496,
2122.641888143, 1.017983572,
2122.662319731, 1.017877214,
2122.682751519, 1.018009300,
2122.703183207, 1.017908623,
2122.723614796, 1.018202623,
2122.784909862, 1.018175953,
2122.805341651, 1.018630284,
2122.825773340, 1.018224849,
2122.846205029, 1.018369118,
2122.866636718, 1.018474670,
2122.887068408, 1.018652934,
2122.907500198, 1.018284720,
2122.927931888, 1.018106551,
2122.948363478, 1.018016160,
2122.968795268, 1.017904222,
2123.030090340, 1.018409516,
2123.050522031, 1.018162439,
2123.070953823, 1.018416207,
2123.091385414, 1.019051900,
2123.111817105, 1.019177043,
2123.132248897, 1.018799921,
2123.152680489, 1.019070421,
2123.173112181, 1.018904144,
2123.193543973, 1.019468190,
2123.213975566, 1.019445822,
2123.275270644, 1.019577179,
2123.295702437, 1.019723978,
2123.316134030, 1.019668511,
2123.336565723, 1.019695051,
2123.356997517, 1.020057767,
2123.377429111, 1.019355975,
2123.397860805, 1.020095024,
2123.418292599, 1.020094580,
2123.438724193, 1.019592312,
2123.459155988, 1.019894716,
2123.500019377, 1.019473532,
2123.520451072, 1.019951744,
2123.540882767, 1.019704956,
2123.561314462, 1.019949528,
2123.581746158, 1.019365108,
2123.602177854, 1.019508194,
2123.622609650, 1.019859096,
2123.643041346, 1.019846923,
2123.663472942, 1.019184145,
2123.683904738, 1.019365999,
2123.704336435, 1.019315295,
2123.745199828, 1.019204130,
2123.765631525, 1.019079192,
2123.786063123, 1.018636946,
2123.806494920, 1.019065734,
2123.826926618, 1.019336659,
2123.847358416, 1.019038678,
2123.867790014, 1.018774524,
2123.888221712, 1.018659941,
2123.908653410, 1.018947007,
2123.929085109, 1.018273106,
2123.949516807, 1.019181319,
2124.010812005, 1.018787824,
2124.031243604, 1.018736526,
2124.051675304, 1.018588210,
2124.072107104, 1.018492810,
2124.092538704, 1.018334549,
2124.112970404, 1.018601665,
2124.133402204, 1.018922483,
2124.153833905, 1.018503593,
2124.174265505, 1.018939135,
2124.194697306, 1.018231346,
2124.235560709, 1.018602227,
2124.255992410, 1.018854863,
2124.276424112, 1.018563405,
2124.296855913, 1.018320920,
2124.317287515, 1.018837742,
2124.337719218, 1.018462472,
2124.358151020, 1.018566376,
2124.378582623, 1.018466822,
2124.399014425, 1.018511282,
2124.419446128, 1.018788027,
2124.439877731, 1.018029563,
2124.480741238, 1.018914679,
2124.501172842, 1.018846406,
2124.521604646, 1.018586070,
2124.542036350, 1.018766532,
2124.562468054, 1.018855660,
2124.582899758, 1.018363491,
2124.603331463, 1.018629126,
2124.623763168, 1.018628769,
2124.644194873, 1.018010642,
2124.664626578, 1.018438198,
2124.685058283, 1.018568703,
2124.746353401, 1.018214645,
2124.766785107, 1.018846534,
2124.787216913, 1.018556357,
2124.807648619, 1.018732293,
2124.828080226, 1.018304291,
2124.848512033, 1.018425272,
2124.868943740, 1.018862312,
2124.889375347, 1.018644965,
2124.909807155, 1.018885844,
2124.930238862, 1.018523923,
2124.991533987, 1.018271961,
2125.011965795, 1.018681713,
2125.032397404, 1.018211312,
2125.052829112, 1.018659707,
2125.073260921, 1.018561650,
2125.093692530, 1.018331651,
2125.114124240, 1.018921615,
2125.134556049, 1.018504728,
2125.154987659, 1.018700403,
2125.175419469, 1.018394934,
2125.195851179, 1.018870021,
2125.216282790, 1.018960915,
2125.236714600, 1.018865533,
2125.257146311, 1.018985312,
2125.277578022, 1.019003292,
2125.298009733, 1.019048191,
2125.318441444, 1.018785242,
2125.338873156, 1.019243081,
2125.359304868, 1.019170169,
2125.379736579, 1.018663998,
2125.400168292, 1.019054043,
2125.420600004, 1.018847230,
2125.461463429, 1.019010721,
2125.481895142, 1.019191467,
2125.502326955, 1.019015487,
2125.522758668, 1.018884206,
2125.543190282, 1.018777160,
2125.563622096, 1.018384308,
2125.584053809, 1.019014209,
2125.604485424, 1.018472823,
2125.624917238, 1.018684482,
2125.645348952, 1.018722302,
2125.665780567, 1.018456934,
2125.706644097, 1.018791385,
2125.727075912, 1.018637007,
2125.747507528, 1.018443385,
2125.767939243, 1.018696359,
2125.788371059, 1.018062372,
2125.808802675, 1.018094761,
2125.829234392, 1.018467124,
2125.849666208, 1.017966438,
2125.870097825, 1.018141879,
2125.890529642, 1.018506306,
2125.910961359, 1.017988463,
2125.951824794, 1.017899891,
2125.972256411, 1.018079291,
2125.992688229, 1.018218362,
2126.013119947, 1.017804575,
2126.033551666, 1.018274669,
2126.053983284, 1.017856389,
2126.074415103, 1.018189324,
2126.094846822, 1.018203487,
2126.115278541, 1.017981469,
2126.135710260, 1.018228301,
2126.156141980, 1.018256191,
2126.197005420, 1.018803631,
2126.217437140, 1.018321455,
2126.237868960, 1.018372239,
2126.258300581, 1.018656937,
2126.278732401, 1.018512034,
2126.299164122, 1.018744575,
2126.319595744, 1.018527312,
2126.340027565, 1.017764306,
2126.360459287, 1.018743137,
2126.380890908, 1.018570419,
2126.401322730, 1.018568090,
2126.442186075, 1.018656902,
2126.462617898, 1.018709878,
2126.483049621, 1.018726248,
2126.503481444, 1.018216813,
2126.523913067, 1.018629684,
2126.544344791, 1.019141202,
2126.564776614, 1.018891899,
2126.585208338, 1.018866944,
2126.605639962, 1.018394574,
2126.626071687, 1.018788443,
2126.646503511, 1.018057011,
2126.687366961, 1.018533667,
2126.707798586, 1.018071095,
2126.728230411, 1.018572175,
2126.748662137, 1.018203926,
2126.769093763, 1.018755055,
2126.789525589, 1.018339033,
2126.809957315, 1.018472761,
2126.830389141, 1.018568825,
2126.850820768, 1.018491423,
2126.871252495, 1.018519951,
2126.891684322, 1.018826073,
2126.952979505, 1.018683822,
2126.973411133, 1.018466999,
2126.993842861, 1.018578011,
2127.014274689, 1.018707511,
2127.034706318, 1.018936710,
2127.055138147, 1.018860045,
2127.075569875, 1.018982542,
2127.096001505, 1.018868938,
2127.116433334, 1.018131376,
2127.198160254, 1.018884236,
2127.218592085, 1.018822853,
2127.239023715, 1.018699353,
2127.259455446, 1.019104803,
2127.279887178, 1.018720164,
2127.300318909, 1.018683334,
2127.320750641, 1.018243716,
2127.341182472, 1.019099864,
2127.361614105, 1.018876849,
2127.382045837, 1.018350497,
2127.422909302, 1.018894568,
2127.443341135, 1.018805163,
2127.463772868, 1.018396281,
2127.484204501, 1.018896918,
2127.504636335, 1.019429985,
2127.525068069, 1.018642693,
2127.545499703, 1.018582818,
2127.565931537, 1.018355698,
2127.586363272, 1.019079131,
2127.606795107, 1.018724545,
2127.627226741, 1.018539396,
2127.688521948, 1.018366847,
2127.708953683, 1.018740215,
2127.729385519, 1.018395918,
2127.749817156, 1.018241916,
2127.770248992, 1.018729729,
2127.790680729, 1.018945655,
2127.811112466, 1.018598704,
2127.831544203, 1.018546276,
2127.851975940, 1.018773095,
2127.872407678, 1.019128727,
2127.913271154, 1.019388345,
2127.933702892, 1.019278555,
2127.954134631, 1.019073759,
2127.974566369, 1.019192292,
2127.994998208, 1.019263968,
2128.015429847, 1.019337109,
2128.035861587, 1.018950273,
2128.056293426, 1.019491626,
2128.076725066, 1.018936067,
2128.097156806, 1.018831680,
2128.117588647, 1.018529360,
2128.158452128, 1.018666813,
2128.178883869, 1.018774085,
2128.199315510, 1.018984460,
2128.219747352, 1.019145309,
2128.240179093, 1.019312922,
2128.260610735, 1.019225141,
2128.281042577, 1.019264227,
2128.301474320, 1.019291948,
2128.321905962, 1.018897879,
2128.342337805, 1.018851105,
2128.424064779, 1.018665176,
2128.444496623, 1.019218071,
2128.464928367, 1.018783429,
2128.485360011, 1.019314185,
2128.505791856, 1.019012326,
2128.526223601, 1.018698231,
2128.546655346, 1.018202774,
2128.567087091, 1.018793527,
2128.587518837, 1.018866521,
2128.607950583, 1.019117347,
2128.628382329, 1.018753496,
2128.648814075, 1.018534348,
2128.669245822, 1.018494864,
2128.689677569, 1.018644887,
2128.710109416, 1.018904622,
2128.730541063, 1.018654561,
2128.750972810, 1.018510653,
2128.771404658, 1.018492562,
2128.791836306, 1.017608478,
2128.812268054, 1.018145939,
2128.832699903, 1.018454081,
2128.853131551, 1.018951823,
2128.914426799, 1.018428014,
2128.934858648, 1.018428377,
2128.955290398, 1.018378432,
2128.975722148, 1.018400216,
2128.996153898, 1.017896625,
2129.016585649, 1.018713813,
2129.037017400, 1.017850069,
2129.057449151, 1.018352231,
2129.077880902, 1.018665475,
2129.098312753, 1.018784591,
2129.159608009, 1.018670542,
2129.180039762, 1.018610809,
2129.200471414, 1.018633545,
2129.220903267, 1.018347106,
2129.261766774, 1.018816653,
2129.282198528, 1.018634201,
2129.302630281, 1.018611317,
2129.323062036, 1.018621296,
2129.343493790, 1.018689887,
2129.384357299, 1.018086641,
2129.404789054, 1.017903315,
2129.445652565, 1.018019078,
2129.466084321, 1.018228345,
2129.486516177, 1.018178438,
2129.506947834, 1.017859884,
2129.527379590, 1.018121575,
2129.547811447, 1.017791842,
2129.568243104, 1.018009511,
2129.588674861, 1.018356715,
2129.649970234, 1.018615510,
2129.670401993, 1.018367364,
2129.690833751, 1.017918745,
2129.711265510, 1.017850917,
2129.731697269, 1.018775638,
2129.752129028, 1.018138021,
2129.772560788, 1.018127653,
2129.792992547, 1.018019250,
2129.813424307, 1.017984492,
2129.833856168, 1.018008731,
2129.874719689, 1.017036117,
2129.895151450, 1.018274508,
2129.915583111, 1.018399272,
2129.936014972, 1.018493767,
2129.956446734, 1.018319027,
2129.976878396, 1.018328733,
2129.997310258, 1.017848758,
2130.017741921, 1.018496021,
2130.038173783, 1.018279704,
2130.058605546, 1.018292100,
2130.119900837, 1.018647464,
2130.140332501, 1.018490066,
2130.160764365, 1.018507532,
2130.181196129, 1.018602567,
2130.201627994, 1.017985556,
2130.222059659, 1.018535738,
2130.242491424, 1.018636055,
2130.262923289, 1.018506708,
2130.283354955, 1.018769596,
2130.303786721, 1.018716142,
2130.324218587, 1.019188984,
2130.385513887, 1.018921248,
2130.405945655, 1.019183920,
2130.426377422, 1.019134179,
2130.446809190, 1.019116712,
2130.467240958, 1.018853813,
2130.487672826, 1.019425535,
2130.508104495, 1.019040575,
2130.528536263, 1.019290588,
2130.548968132, 1.019170191,
2130.569399801, 1.018951307,
2130.630695111, 1.018937188,
2130.651126981, 1.018768675,
2130.671558651, 1.018805091,
2130.691990422, 1.019270673,
2130.712422293, 1.018493399,
2130.732853965, 1.018775445,
2130.753285836, 1.018526718,
2130.773717608, 1.018597887,
2130.794149280, 1.019065955,
2130.814581152, 1.019301947,
2130.875876471, 1.018866111,
2130.896308244, 1.018830340,
2130.916740018, 1.018607067,
2130.937171792, 1.018642760,
2130.957603566, 1.018722736,
2130.998467215, 1.018778271,
2131.018898890, 1.019171016,
2131.039330765, 1.018769005,
2131.059762540, 1.018840419,
2131.121057868, 1.019067825,
2131.141489645, 1.018925937,
2131.161921421, 1.018781097,
2131.182353198, 1.018595014,
2131.202785076, 1.018742888,
2131.223216753, 1.019080540,
2131.243648531, 1.019244674,
2131.264080309, 1.018761624,
2131.284512087, 1.019165468,
2131.304943966, 1.019277931,
2131.366239303, 1.019226719,
2131.386670983, 1.019114332,
2131.407102763, 1.018831801,
2131.447966323, 1.019098603,
2131.468398104, 1.019374430,
2131.488829985, 1.019200190,
2131.509261666, 1.019101187,
2131.529693547, 1.019424852,
2131.550125329, 1.018956216,
2131.590988893, 1.019010751,
2131.611420676, 1.018922400,
2131.631852459, 1.018929975,
2131.652284342, 1.018800734,
2131.672716025, 1.019559567,
2131.693147909, 1.019236672,
2131.713579693, 1.019156671,
2131.734011377, 1.019462639,
2131.754443261, 1.018573871,
2131.774875046, 1.019204862,
2131.795306731, 1.019296831,
2131.856602287, 1.019641676,
2131.877033973, 1.019794503,
2131.897465759, 1.019641471,
2131.917897546, 1.019112950,
2131.938329333, 1.019244993,
2131.958761120, 1.019816569,
2131.979192907, 1.019338966,
2131.999624695, 1.019588096,
2132.020056483, 1.019175981,
2132.060920059, 1.019454399,
2132.081351948, 1.019387099,
2132.101783637, 1.019276220,
2132.122215426, 1.019557318,
2132.142647316, 1.019385994,
2132.163079006, 1.019227147,
2132.203942686, 1.019539187,
2132.224374477, 1.019490555,
2132.244806268, 1.019388352,
2132.265238059, 1.018874260,
2132.285669850, 1.019605037,
2132.326533434, 1.019375386,
2132.346965226, 1.019639273,
2132.367397119, 1.019373414,
2132.387828812, 1.019374022,
2132.408260705, 1.019313926,
2132.428692498, 1.019822752,
2132.449124192, 1.019034463,
2132.469556086, 1.019313812,
2132.489987880, 1.018907525,
2132.510419574, 1.018879889,
2132.530851469, 1.018991098,
2132.571714960, 1.019236127,
2132.592146855, 1.019437102,
2132.612578651, 1.019243988,
2132.633010447, 1.019170431,
2132.653442243, 1.018692856,
2132.673873940, 1.019281158,
2132.694305837, 1.019448153,
2132.714737634, 1.019390944,
2132.735169432, 1.018992615,
2132.755601230, 1.018915292,
2132.776033028, 1.019182894,
2132.837328424, 1.019054645,
2132.857760323, 1.019246616,
2132.878192123, 1.019076030,
2132.898623822, 1.018836356,
2132.919055722, 1.018394541,
2132.939487523, 1.018810130,
2132.959919323, 1.018712034,
2132.980351124, 1.018838765,
2133.000782925, 1.018966705,
2133.021214827, 1.019431566,
2133.082510233, 1.019241586,
2133.102941935, 1.019218746,
2133.123373838, 1.019276923,
2133.143805641, 1.019398935,
2133.164237345, 1.019443800,
2133.184669249, 1.018767793,
2133.205101053, 1.019357422,
2133.225532757, 1.019147914,
2133.266396466, 1.019345233,
2133.307260077, 1.019685215,
2133.327691783, 1.019224862,
2133.348123689, 1.019131505,
2133.368555495, 1.019425762,
2133.388987201, 1.019338618,
2133.409419108, 1.019325814,
2133.429850915, 1.019097894,
2133.450282723, 1.019154939,
2133.470714531, 1.019506876,
2133.491146339, 1.019130598,
2133.511578247, 1.019377558,
2133.552441764, 1.019256029,
2133.572873674, 1.019088149,
2133.593305483, 1.019231229,
2133.613737193, 1.019540402,
2133.634169103, 1.019122095,
2133.654600913, 1.019695551,
2133.675032824, 1.019199817,
2133.695464534, 1.019271469,
2133.715896346, 1.019112895,
2133.736328257, 1.019372571,
2133.777191781, 1.019280156,
2133.797623693, 1.019234341,
2133.818055406, 1.019441766,
2133.838487219, 1.019622017,
2133.858919132, 1.019691866,
2133.879350845, 1.019306228,
2133.899782759, 1.019267749,
2133.920214573, 1.019992862,
2133.940646288, 1.019505624,
2133.961078202, 1.019549815,
2133.981509917, 1.019955902,
2134.063237280, 1.020025163,
2134.083669097, 1.019495643,
2134.104100913, 1.019618331,
2134.124532730, 1.019010811,
2134.144964548, 1.019891226,
2134.165396365, 1.018717036,
2134.185828183, 1.019716351,
2134.206260001, 1.019730451,
2134.226691820, 1.019976615,
2134.267555458, 1.019710475,
2134.287987377, 1.019511071,
2134.308419197, 1.019482328,
2134.328850917, 1.019412066,
2134.349282837, 1.019241971,
2134.369714657, 1.019418241,
2134.390146378, 1.019507515,
2134.410578300, 1.019139427,
2134.431010121, 1.019181265,
2134.451442043, 1.018819015,
2134.471873765, 1.019336965,
2134.553601056, 1.019546960,
2134.574032879, 1.019543493,
2134.594464703, 1.018740832,
2134.614896627, 1.019178932,
2134.635328452, 1.018389380,
2134.655760177, 1.019399423,
2134.676192102, 1.019121678,
2134.696623827, 1.019493816,
2134.717055653, 1.019465169,
2134.737487579, 1.019390744,
2134.798783058, 1.019630396,
2134.819214885, 1.019697565,
2134.839646713, 1.019475529,
2134.860078541, 1.019259306,
2134.880510369, 1.019785109,
2134.900942297, 1.019847033,
2134.921374026, 1.019979950,
2134.941805855, 1.019837479,
2134.962237784, 1.019551487,
2134.982669513, 1.019552419,
2135.043965004, 1.019444207,
2135.064396935, 1.019340609,
2135.084828766, 1.019822516,
2135.105260497, 1.019868810,
2135.125692429, 1.019709598,
2135.146124261, 1.019945489,
2135.186987926, 1.019644612,
2135.207419759, 1.019826141,
2135.227851692, 1.019624379,
2135.268715259, 1.019969091,
2135.289147194, 1.020002884,
2135.309578928, 1.019301684,
2135.330010763, 1.019425475,
2135.350442598, 1.019792828,
2135.370874433, 1.019665713,
2135.391306369, 1.019604285,
2135.411738205, 1.019344359,
2135.432169941, 1.019454540,
2135.452601878, 1.019504493,
2135.473033715, 1.020011766,
2135.534329227, 1.019998848,
2135.554761166, 1.019484007,
2135.575192904, 1.020316494,
2135.595624743, 1.019364445,
2135.616056682, 1.019933624,
2135.636488421, 1.019769296,
2135.656920261, 1.019582928,
2135.677352201, 1.019497521,
2135.697783941, 1.019567007,
2135.718215882, 1.019573276,
2135.779511406, 1.019260976,
2135.799943248, 1.019121047,
2135.820374990, 1.019436275,
2135.840806933, 1.019591867,
2135.861238775, 1.019575177,
2135.881670619, 1.018787231,
2135.902102462, 1.018373334,
2135.922534306, 1.018961851,
2135.942966250, 1.019184833,
2135.963397994, 1.019263329,
2135.983829839, 1.019079410,
2136.004261684, 1.019773074,
2136.024693529, 1.019121417,
2136.065557321, 1.018530086,
2136.085989067, 1.019697173,
2136.106421014, 1.019224738,
2136.126852861, 1.019366283,
2136.147284608, 1.019276398,
2136.167716556, 1.019207569,
2136.188148404, 1.018967528,
2136.208580152, 1.018788541,
2136.249443949, 1.019336891,
2136.269875898, 1.019157525,
2136.290307648, 1.019009914,
2136.310739498, 1.019031468,
2136.331171448, 1.018881014,
2136.351603198, 1.019238063,
2136.372035049, 1.018577914,
2136.392467000, 1.018864642,
2136.412898751, 1.018970564,
2136.433330603, 1.019302199,
2136.453762555, 1.019510925,
2136.535489966, 1.018988405,
2136.555921820, 1.018629142,
2136.576353674, 1.019010454,
2136.617217383, 1.019122948,
2136.658081093, 1.019015008,
2136.678512948, 1.018602994,
2136.698944804, 1.018770464,
2136.760240374, 1.018483218,
2136.780672331, 1.016842372,
2136.801104088, 1.018872389,
2136.821536046, 1.018454973,
2136.841967904, 1.018670192,
2136.862399663, 1.019030933,
2136.882831622, 1.019474007,
2136.903263481, 1.019371521,
2136.923695240, 1.019350429,
2136.944127200, 1.019516011,
2137.005422781, 1.018605933,
2137.025854642, 1.018318225,
2137.046286603, 1.019002199,
2137.066718365, 1.018801399,
2137.087150227, 1.019393398,
2137.107582190, 1.019108021,
2137.128013952, 1.019540737,
2137.148445815, 1.019340195,
2137.168877779, 1.018983429,
2137.189309642, 1.018786032,
2137.250605235, 1.019464483,
2137.271037100, 1.019431810,
2137.291468966, 1.019149039,
2137.311900831, 1.019122432,
2137.332332697, 1.019090312,
2137.352764563, 1.019463878,
2137.373196430, 1.020328713,
2137.393628297, 1.019606087,
2137.414060164, 1.019775108,
2137.434492132, 1.020084359,
2137.495787737, 1.019430546,
2137.516219506, 1.019190669,
2137.536651475, 1.019521846,
2137.557083345, 1.019799680,
2137.577515115, 1.019835113,
2137.597947085, 1.018530346,
2137.618378955, 1.019658643,
2137.638810726, 1.019454529,
2137.659242698, 1.019477007,
2137.679674569, 1.019411745,
2137.720538314, 1.019982376,
2137.740970186, 1.019724649,
2137.781833932, 1.020080035,
2137.802265806, 1.020152606,
2137.822697780, 1.019266264,
2137.843129554, 1.018874225,
2137.863561429, 1.018635632,
2137.883993404, 1.018948266,
2137.904425279, 1.019835821,
2137.924857155, 1.019506315,
2137.965720807, 1.019387784,
2137.986152784, 1.019122406,
2138.006584660, 1.019011719,
2138.027016438, 1.019693897,
2138.047448415, 1.020292735,
2138.067880293, 1.019686582,
2138.088312272, 1.019380406,
2138.108744050, 1.019308070,
2138.129175929, 1.019769261,
2138.149607909, 1.019453168,
2138.170039688, 1.019495934,
2138.251767310, 1.019049777,
2138.272199192, 1.019086673,
2138.292630973, 1.019082558,
2138.313062955, 1.019292147,
2138.353926621, 1.019117801,
2138.374358603, 1.019875232,
2138.394790487, 1.018552589,
2138.415222371, 1.018848295,
2138.435654255, 1.019307196,
2138.456086139, 1.019056770,
2138.476518124, 1.018478435,
2138.496949909, 1.018866185,
2138.517381794, 1.018710171,
2138.537813780, 1.019094230,
2138.558245666, 1.018804432,
2138.578677453, 1.019043097,
2138.599109440, 1.018699599,
2138.619541227, 1.019119349,
2138.639973214, 1.018663215,
2138.660405102, 1.019089809,
2138.721700768, 1.018996905,
2138.742132557, 1.019090650,
2138.762564546, 1.018871721,
2138.782996437, 1.018258757,
