BJD - 2454833, Corrected Flux
2061.305646690, 0.999060347,
2061.326078940, 0.999057953,
2061.346511091, 0.998890640,
2061.366943141, 0.998454166,
2061.387375390, 0.999152701,
2061.407807539, 0.998776418,
2061.428239787, 0.999035850,
2061.489536231, 1.000016621,
2061.509968277, 0.999398934,
2061.530400423, 0.999516341,
2061.550832670, 0.999941961,
2061.571264815, 0.999551828,
2061.591696860, 0.999760358,
2061.612129104, 1.000101915,
2061.632561249, 0.999317929,
2061.652993293, 0.999680863,
2061.673425536, 0.999766472,
2061.693857679, 0.999571950,
2061.714289822, 0.999746017,
2061.734721964, 0.999352651,
2061.755154105, 0.999433380,
2061.775586246, 0.999565127,
2061.796018387, 0.999316167,
2061.816450527, 0.999673944,
2061.836882667, 0.999597334,
2061.857314807, 0.999631641,
2061.877746846, 0.999759449,
2061.898179084, 0.999014585,
2061.918611222, 0.999776169,
2061.939043360, 0.999696362,
2061.959475497, 0.998979334,
2061.979907634, 0.999354268,
2062.000339871, 0.999340862,
2062.020771907, 0.999519743,
2062.041204042, 0.999106143,
2062.061636278, 0.999315566,
2062.082068312, 0.999449196,
2062.102500446, 0.999081318,
2062.122932680, 0.999321226,
2062.143364814, 0.998978377,
2062.163796847, 0.999467571,
2062.225093243, 0.999206792,
2062.245525474, 0.999738342,
2062.265957605, 0.999032350,
2062.286389635, 0.998930630,
2062.306821866, 0.999537413,
2062.327253995, 0.999473085,
2062.347686224, 0.999028510,
2062.368118253, 0.998922795,
2062.388550381, 0.998794933,
2062.408982609, 0.998873140,
2062.429414637, 0.998791301,
2062.449846764, 0.998668079,
2062.470278890, 0.999192040,
2062.490711016, 0.999083108,
2062.511143142, 0.998813390,
2062.531575267, 0.998667828,
2062.552007393, 0.998706159,
2062.572439517, 0.999231236,
2062.592871641, 0.999108013,
2062.613303765, 0.998827511,
2062.633735888, 0.998967424,
2062.654168110, 0.999023087,
2062.674600133, 0.998605493,
2062.695032354, 0.998269281,
2062.715464476, 0.998630046,
2062.735896497, 0.998600712,
2062.756328718, 0.998897355,
2062.776760838, 0.998485733,
2062.797192858, 0.998797522,
2062.817625077, 0.998614472,
2062.838057196, 0.998883688,
2062.858489215, 0.998603229,
2062.878921433, 0.998521110,
2062.899353550, 0.999004348,
2062.919785567, 0.999250187,
2062.940217784, 0.998371435,
2062.960649901, 0.998013411,
2062.981082017, 0.998361149,
2063.001514132, 0.998634461,
2063.021946248, 0.998777239,
2063.042378362, 0.998301308,
2063.062810476, 0.998431380,
2063.083242590, 0.998181595,
2063.103674803, 0.998525370,
2063.124106917, 0.997918498,
2063.144538929, 0.998777301,
2063.164971141, 0.998460469,
2063.185403253, 0.997665365,
2063.205835265, 0.998064721,
2063.226267475, 0.998480533,
2063.246699486, 0.997974195,
2063.267131596, 0.998690412,
2063.287563805, 0.998389438,
2063.307995815, 0.997858079,
2063.328427924, 0.998128454,
2063.348860132, 0.998298060,
2063.369292140, 0.997677975,
2063.389724247, 0.997911778,
2063.410156454, 0.998130584,
2063.430588462, 0.997824028,
2063.451020568, 0.998382883,
2063.471452773, 0.997769778,
2063.491884879, 0.998035382,
2063.512316984, 0.997950427,
2063.532749089, 0.998590833,
2063.553181193, 0.998374970,
2063.573613297, 0.997879212,
2063.594045400, 0.997330930,
2063.614477503, 0.997881445,
2063.634909705, 0.997153383,
2063.696206010, 0.998176200,
2063.716638011, 0.998314822,
2063.737070112, 0.998402166,
2063.757502312, 0.998242477,
2063.777934311, 0.998132992,
2063.798366411, 0.998178242,
2063.818798609, 0.998776734,
2063.839230608, 0.998106973,
2063.859662706, 0.998257669,
2063.880094903, 0.998037650,
2063.900526900, 0.998062849,
2063.920959097, 0.998070698,
2063.941391193, 0.997965998,
2063.961823189, 0.998100799,
2063.982255384, 0.997852954,
2064.023119474, 0.998321175,
2064.043551668, 0.998386123,
2064.063983762, 0.998017023,
2064.084415756, 0.998533102,
2064.104847948, 0.997745197,
2064.554353889, 0.997929213,
2064.574786072, 0.997979754,
2064.595218156, 0.997852009,
2064.615650138, 0.997839974,
2064.636082320, 0.997665776,
2064.656514402, 0.997488502,
2064.738242625, 0.997984042,
2064.758674805, 0.998080178,
2064.779106785, 0.997724355,
2064.799538963, 0.997279714,
2064.819971042, 0.997947667,
2064.840403120, 0.997641018,
2064.860835198, 0.997551972,
2064.922131429, 0.998340067,
2064.942563505, 0.998399423,
2064.962995580, 0.997742293,
2064.983427756, 0.998041864,
2065.003859731, 0.997844677,
2065.024291805, 0.998768964,
2065.044723979, 0.997884920,
2065.065155953, 0.998519722,
2065.085588026, 0.997431030,
2065.106020199, 0.998532882,
2065.126452172, 0.998429563,
2065.146884243, 0.997570754,
2065.167316415, 0.998075830,
2065.187748386, 0.997836405,
2065.208180557, 0.998215584,
2065.228612627, 0.997861318,
2065.249044598, 0.998265695,
2065.269476767, 0.997975210,
2065.289908836, 0.997993800,
2065.310340905, 0.997705372,
2065.330772974, 0.997696588,
2065.351205042, 0.998402506,
2065.371637109, 0.998180380,
2065.392069176, 0.997667583,
2065.412501243, 0.998167776,
2065.432933309, 0.998176798,
2065.453365375, 0.997912727,
2065.473797441, 0.997691669,
2065.494229406, 0.997704689,
2065.514661571, 0.998031405,
2065.535093635, 0.997929382,
2065.555525599, 0.998108682,
2065.575957762, 0.997683795,
2065.596389826, 0.998008005,
2065.657686013, 0.997920216,
2065.678118174, 0.998069560,
2065.698550135, 0.997962216,
2065.718982196, 0.998290502,
2065.739414356, 0.997920105,
2065.759846316, 0.997968137,
2065.780278376, 0.998165072,
2065.800710535, 0.998320208,
2065.821142594, 0.998159565,
2065.841574552, 0.997460762,
2065.862006710, 0.997848886,
2065.882438767, 0.997731130,
2065.902870725, 0.998003837,
2065.923302881, 0.997768424,
2065.943734937, 0.998098268,
2065.964166894, 0.997775724,
2065.984599049, 0.997895993,
2066.005031104, 0.997783445,
2066.025463059, 0.997646237,
2066.045895213, 0.997861807,
2066.066327267, 0.997297426,
2066.086759421, 0.998003438,
2066.148055479, 0.997413877,
2066.188919582, 0.997521075,
2066.209351633, 0.997803437,
2066.229783684, 0.997528272,
2066.250215734, 0.997541355,
2066.270647784, 0.997944886,
2066.291079834, 0.997934238,
2066.311511883, 0.997873606,
2066.331944032, 0.997222277,
2066.393240176, 0.997583343,
2066.413672123, 0.997870664,
2066.434104170, 0.998490324,
2066.454536316, 0.998196686,
2066.474968262, 0.998119411,
2066.515832453, 0.998431448,
2066.536264397, 0.998154959,
2066.556696542, 0.997839216,
2066.577128586, 0.997231792,
2066.597560530, 0.998306672,
2066.617992672, 0.997945206,
2066.638424715, 0.998291356,
2066.658856758, 0.998162411,
2066.679288800, 0.997859485,
2066.699720841, 0.997802698,
2066.720152883, 0.998115912,
2066.740584923, 0.997702983,
2066.761016964, 0.998167018,
2066.781449004, 0.997904686,
2066.801881143, 0.997705644,
2066.822313083, 0.997247564,
2066.863177160, 0.998035389,
2066.883609198, 0.997564614,
2066.904041236, 0.997887540,
2066.924473373, 0.997963628,
2066.944905310, 0.998168096,
2066.965337247, 0.998598842,
2066.985769383, 0.997909612,
2067.006201419, 0.997588474,
2067.026633554, 0.997353046,
2067.047065489, 0.997646857,
2067.067497523, 0.998403641,
2067.087929658, 0.997508011,
2067.108361591, 0.998051042,
2067.128793625, 0.998616538,
2067.149225758, 0.997691618,
2067.169657790, 0.998161440,
2067.190089723, 0.997743920,
2067.210521854, 0.997675649,
2067.230953886, 0.998374017,
2067.251385817, 0.998003507,
2067.271817947, 0.997847723,
2067.292249978, 0.997134187,
2067.312681908, 0.997214714,
2067.353546066, 0.997450338,
2067.373977995, 0.997514209,
2067.394410123, 0.997959953,
2067.414842151, 0.997988441,
2067.435274079, 0.998090462,
2067.455706206, 0.997250196,
2067.476138233, 0.998475171,
2067.496570359, 0.997408614,
2067.517002285, 0.997651905,
2067.537434311, 0.998150736,
2067.557866436, 0.997902859,
2067.578298361, 0.998913200,
2067.598730385, 0.997733536,
2067.619162409, 0.997972281,
2067.639594533, 0.998256400,
2067.660026456, 0.997969565,
2067.680458479, 0.997426734,
2067.700890502, 0.997180332,
2067.721322524, 1.005485687,
2067.741754645, 0.997259530,
2067.762186567, 0.997699458,
2067.782618588, 0.997173899,
2067.803050708, 0.997594282,
2067.864346768, 0.997995368,
2067.884778687, 0.998416705,
2067.905210805, 0.997750982,
2067.925642824, 0.998435903,
2067.946074742, 0.997752126,
2067.966506859, 0.997984633,
2067.986938876, 0.997954193,
2068.007370893, 0.997339174,
2068.027802909, 0.998059210,
2068.048234925, 0.998054720,
2068.129962986, 0.997822021,
2068.150395100, 0.997706850,
2068.170827013, 0.997981912,
2068.191259026, 0.997737659,
2068.232123052, 0.997652237,
2068.252555064, 0.997980325,
2068.272987176, 0.998008273,
2068.293419087, 0.997496255,
2068.313851098, 0.997435112,
2068.334283209, 0.997948912,
2068.354715119, 0.997776918,
2068.375147229, 0.997712427,
2068.416011147, 0.998098325,
2068.436443256, 0.997779408,
2068.456875165, 0.998055451,
2068.477307173, 0.997455775,
2068.497739280, 0.997479162,
2068.518171187, 0.997800016,
2068.538603194, 0.997430690,
2068.559035300, 0.997806672,
2068.579467306, 0.997985586,
2068.599899212, 0.998823358,
2068.620331318, 0.998246206,
2068.640763322, 0.997367204,
2068.661195227, 0.997695693,
2068.681627331, 0.997697346,
2068.722491239, 0.997237594,
2068.742923341, 0.997728885,
2068.763355344, 0.997811094,
2068.783787446, 0.997767256,
2068.845083451, 0.997835646,
2068.865515352, 0.997733418,
2068.885947352, 0.997737633,
2068.906379452, 0.998016348,
2068.926811352, 0.997928485,
2068.947243351, 0.997667362,
2068.967675450, 0.997393568,
2068.988107449, 0.998010412,
2069.008539347, 0.997206835,
2069.028971444, 0.997513011,
2069.049403442, 0.997254012,
2069.069835339, 0.997752589,
2069.090267436, 0.997375601,
2069.110699332, 0.998137667,
2069.131131328, 0.997906763,
2069.151563423, 0.998370245,
2069.171995418, 0.997204529,
2069.192427313, 0.997756437,
2069.212859407, 0.997641535,
2069.233291301, 0.997726930,
2069.253723395, 0.998046552,
2069.274155388, 0.997469113,
2069.315019374, 0.997398021,
2069.335451366, 0.997304743,
2069.355883258, 0.997839534,
2069.376315349, 0.998371907,
2069.396747340, 0.998445663,
2069.417179331, 0.997781114,
2069.437611321, 0.997703813,
2069.458043311, 0.997701640,
2069.478475301, 0.997822245,
2069.498907290, 0.997735382,
2069.519339278, 0.997617461,
2069.580635243, 0.997106515,
2069.601067230, 0.996856654,
2069.621499317, 0.997395109,
2069.641931204, 0.997502815,
2069.662363290, 0.998087964,
2069.682795276, 0.997540055,
2069.703227161, 0.996743497,
2069.723659246, 0.997348866,
2069.744091231, 0.997474461,
2069.764523115, 0.997713012,
2069.784955199, 0.997366002,
2069.805387183, 0.998097667,
2069.825819066, 0.998488206,
2069.846251149, 0.997568908,
2069.887115114, 0.997627569,
2069.907547095, 0.997766396,
2069.927979077, 0.997718958,
2069.948410958, 0.997480036,
2069.968843039, 0.997998983,
2069.989275019, 0.998076486,
2070.009706899, 0.998665860,
2070.091434915, 0.997923220,
2070.111866893, 0.996637072,
2070.132298971, 0.997247501,
2070.152730848, 0.997294394,
2070.173162825, 0.997633180,
2070.193594902, 0.998063816,
2070.214026778, 0.998415403,
2070.234458754, 0.997287463,
2070.254890830, 0.998158333,
2070.275322705, 0.997460213,
2070.295754680, 0.998074260,
2070.316186754, 0.998164445,
2070.336618628, 0.998052856,
2070.357050602, 0.997758209,
2070.377482675, 0.998218243,
2070.397914648, 0.998628924,
2070.418346521, 0.997717772,
2070.438778593, 0.997521323,
2070.459210565, 0.999308954,
2070.479642437, 0.997533366,
2070.500074508, 0.996660916,
2070.540938549, 0.997445790,
2070.561370419, 0.997914561,
2070.581802289, 0.997973503,
2070.602234358, 0.997830312,
2070.622666327, 0.997112987,
2070.643098196, 0.996754550,
2070.683962232, 0.997670290,
2070.704394100, 0.997635732,
2070.724826167, 0.997067434,
2070.745258134, 0.997838363,
2070.765690100, 0.998321106,
2070.786122066, 0.997781186,
2070.806554032, 0.998186415,
2070.826985998, 0.997478121,
2070.847417962, 0.996844625,
2070.867849927, 0.997380142,
2070.888281891, 0.997785793,
2070.908713956, 0.997889418,
2070.949577882, 0.996910453,
2070.990441707, 0.998459239,
2071.051737593, 0.998370752,
2071.072169654, 0.997639819,
2071.113033475, 0.997516913,
2071.153897495, 0.996739472,
2071.174329354, 0.999260742,
2071.194761413, 0.998400012,
2071.215193371, 0.997773232,
2071.235625330, 0.997667692,
2071.317353159, 0.996885476,
2071.358217072, 0.998259788,
2071.378649027, 0.997486358,
2071.399080983, 0.997636698,
2071.439944892, 0.997517279,
2071.460376847, 0.997561562,
2071.480808900, 0.998056610,
2071.501240754, 0.998518207,
2071.542104760, 0.998664280,
2071.562536613, 0.997949964,
2071.582968565, 0.997837870,
2071.603400617, 0.998398951,
2071.623832468, 0.998272273,
2071.644264419, 0.997896555,
2071.664696470, 0.997733206,
2071.685128321, 0.998034496,
2071.705560270, 0.997986243,
2071.725992320, 0.997451963,
2071.746424270, 0.998241374,
2071.766856219, 0.997957799,
2071.807720116, 0.997665785,
2071.828152063, 0.997878962,
2071.848584011, 0.997276413,
2071.869015958, 0.998034897,
2071.889448005, 0.997639675,
2071.909879851, 0.997588582,
2071.930311798, 0.997519788,
2071.950743843, 0.996877536,
2071.971175689, 0.997794290,
2072.052903468, 0.997890296,
2072.114199298, 0.997887445,
2072.134631240, 0.998418406,
2072.155063183, 0.998099858,
2072.175495124, 0.998204982,
2072.195927066, 0.998287830,
2072.216359008, 0.997764100,
2072.236791048, 0.997483195,
2072.257222989, 0.997720728,
2072.298086869, 0.997319304,
2072.318518809, 0.997116060,
2072.359382687, 0.997252139,
2072.379814625, 0.998365837,
2072.400246464, 0.997708319,
2072.420678501, 0.997460546,
2072.522838085, 0.997608317,
2072.543270121, 0.996273740,
2072.584133991, 0.997850102,
2072.604565926, 0.997062144,
2072.624997860, 0.997943641,
2072.645429894, 0.997728425,
2072.665861728, 0.997115391,
2072.686293661, 0.997620245,
2072.706725694, 0.997817994,
2072.768021491, 0.997846975,
2072.788453422, 0.997540066,
2072.808885254, 0.998000688,
2072.829317284, 0.998415246,
2072.849749115, 0.997973338,
2072.870181045, 0.997746821,
2072.890613075, 0.997123304,
2072.911044905, 0.997594382,
2072.931476834, 0.997456372,
2072.951908862, 0.997839459,
2072.972340691, 0.997975835,
2072.992772620, 0.998561930,
2073.013204647, 0.997241111,
2073.033636475, 0.997861013,
2073.074500428, 0.997395178,
2073.115364281, 0.997230326,
2073.156228132, 0.997606193,
2073.176660057, 0.997347746,
2073.197091982, 0.997808010,
2073.258387754, 0.998259804,
2073.278819678, 0.997769778,
2073.299251701, 0.998050577,
2073.319683523, 0.997503145,
2073.340115446, 0.997924522,
2073.360547468, 0.997707381,
2073.380979289, 0.997573254,
2073.401411211, 0.998934489,
2073.421843132, 0.997887287,
2073.442275052, 0.997973091,
2073.462707073, 0.998119926,
2073.483138893, 0.997737442,
2073.503570812, 0.998044404,
2073.524002832, 0.997549857,
2073.544434651, 0.997113642,
2073.564866569, 0.997342136,
2073.585298588, 0.997874572,
2073.605730506, 0.997690677,
2073.626162323, 0.997428735,
2073.646594340, 0.997934183,
2073.748753822, 0.998638128,
2073.769185837, 0.997935093,
2073.789617752, 0.998645735,
2073.810049567, 0.996902444,
2073.830481581, 0.997822166,
2073.850913495, 0.997914952,
2073.871345508, 0.998187726,
2073.891777322, 0.997762809,
2073.912209235, 0.997986418,
2073.932641247, 0.997461733,
2073.993936983, 0.997995186,
2074.034800705, 0.998071008,
2074.055232716, 0.997892596,
2074.075664626, 0.998389719,
2074.096096436, 0.997602776,
2074.116528446, 0.997748162,
2074.136960255, 0.997709511,
2074.157392164, 0.997791938,
2074.177824173, 0.997827659,
2074.239119896, 0.997894044,
2074.259551704, 0.997622993,
2074.279983611, 0.997590007,
2074.300415617, 0.997937943,
2074.320847423, 0.997881334,
2074.341279429, 0.997764658,
2074.361711335, 0.998000394,
2074.382143140, 0.997551501,
2074.402575145, 0.998395714,
2074.423007050, 0.997687294,
2074.443438954, 0.997883796,
2074.463870858, 0.997239596,
2074.504734665, 0.997837412,
2074.525166568, 0.997781924,
2074.545598471, 0.997304039,
2074.566030373, 0.997345589,
2074.586462375, 0.997212093,
2074.606894177, 0.997491735,
2074.627326078, 0.997672376,
2074.647758079, 0.998073399,
2074.668189880, 0.998178449,
2074.729485580, 0.997912762,
2074.749917579, 0.998088601,
2074.770349478, 0.998580862,
2074.790781277, 0.998905510,
2074.811213275, 0.997295230,
2074.831645173, 0.997668819,
2074.852076971, 0.997741879,
2074.872508969, 0.997379896,
2074.892940766, 0.997584015,
2074.913372663, 0.997364178,
2074.954236455, 0.997581775,
2074.974668351, 0.998001282,
2074.995100346, 0.998381306,
2075.015532242, 0.997650293,
2075.035964036, 0.998132651,
2075.056396031, 0.997392356,
2075.076827925, 0.996993102,
2075.097259719, 0.997704207,
2075.117691712, 0.997478376,
2075.138123606, 0.998250605,
2075.158555598, 0.997703842,
2075.178987391, 0.998028153,
2075.199419283, 0.997675543,
2075.219851275, 0.997833376,
2075.240283067, 0.997458582,
2075.260714958, 0.998072201,
2075.281146949, 0.997314694,
2075.301578740, 0.997518246,
2075.322010630, 0.997844478,
2075.342442620, 0.997432191,
2075.383306299, 0.998073247,
2075.403738288, 0.997916869,
2075.465033953, 0.997641807,
2075.485465841, 0.997565679,
2075.505897628, 0.997905710,
2075.526329615, 0.997864703,
2075.546761502, 0.997703171,
2075.567193388, 0.997735721,
2075.587625274, 0.997643158,
2075.608057160, 0.997923578,
2075.628489046, 0.997747376,
2075.648920931, 0.997802606,
2075.710216584, 0.998236461,
2075.730648368, 0.998111782,
2075.751080352, 0.997859037,
2075.771512235, 0.997803108,
2075.791944018, 0.997570679,
2075.812376001, 0.997676884,
2075.832807883, 0.997123723,
2075.853239765, 0.997922170,
2075.873671647, 0.997943058,
2075.894103528, 0.998214631,
2075.955399170, 0.997950061,
2075.975831150, 0.998140650,
2075.996263030, 0.997824499,
2076.016694810, 0.998235610,
2076.037126789, 0.997777763,
2076.057558667, 0.997704639,
2076.077990446, 0.997791285,
2076.098422424, 0.998107950,
2076.118854302, 0.998029112,
2076.139286080, 0.998081106,
2076.159718057, 0.997740409,
2076.180149934, 0.997784908,
2076.200581710, 0.997936204,
2076.221013687, 0.997933752,
2076.241445563, 0.997387260,
2076.261877438, 0.997334630,
2076.282309314, 0.997554703,
2076.302741189, 0.997626990,
2076.323173063, 0.998007221,
2076.343604938, 0.997764434,
2076.364036812, 0.998437756,
2076.425332432, 0.997692041,
2076.445764305, 0.997789156,
2076.466196178, 0.998344753,
2076.486628050, 0.997633786,
2076.507060022, 0.997850731,
2076.527491794, 0.997180680,
2076.547923665, 0.997911807,
2076.568355636, 0.997637923,
2076.588787407, 0.998153692,
2076.609219277, 0.998204112,
2076.629651247, 0.997984433,
2076.670514886, 0.998023128,
2076.690946855, 0.998031939,
2076.711378624, 0.997850783,
2076.731810493, 0.998270355,
2076.752242461, 0.998146314,
2076.772674229, 0.997313173,
2076.793106196, 0.997757489,
2076.813538064, 0.997831690,
2076.833969931, 0.998021488,
2076.854401797, 0.997542167,
2076.874833664, 0.997793084,
2076.915697495, 0.997678005,
2076.936129261, 0.998260637,
2076.956561126, 0.998004515,
2076.976993091, 0.997656903,
2076.997424855, 0.997085098,
2077.017856720, 0.997529896,
2077.038288584, 0.997569513,
2077.058720447, 0.998251278,
2077.079152310, 0.997816376,
2077.099584173, 0.997597506,
2077.120016036, 0.997842930,
2077.140447798, 0.997551874,
2077.160879760, 0.998092528,
2077.181311622, 0.997530973,
2077.201743584, 0.997852440,
2077.222175345, 0.997825658,
2077.242607206, 0.997863991,
2077.263039166, 0.998263479,
2077.283470926, 0.998102452,
2077.303902786, 0.998029335,
2077.324334746, 0.997560748,
2077.344766605, 0.998338068,
2077.365198364, 0.997992992,
2077.426493939, 0.998188987,
2077.446925897, 0.997921188,
2077.467357755, 0.997641714,
2077.487789512, 0.997882803,
2077.508221469, 0.997776120,
2077.528653325, 0.997623354,
2077.549085082, 0.997836367,
2077.589948893, 0.997818100,
2077.610380849, 0.998324517,
2077.671676413, 0.998071781,
2077.692108167, 0.997681945,
2077.712540021, 0.998179658,
2077.732971974, 0.997462339,
2077.753403728, 0.998521079,
2077.773835581, 0.997986951,
2077.794267433, 0.997670984,
2077.814699386, 0.997331203,
2077.835131138, 0.997964945,
2077.855563090, 0.997801186,
2077.937290394, 0.997703576,
2077.957722344, 0.998191363,
2077.978154194, 0.997959149,
2077.998585944, 0.997701676,
2078.019017893, 0.997978968,
2078.039449742, 0.998524567,
2078.059881491, 0.997956249,
2078.080313439, 0.997819921,
2078.100745288, 0.997900560,
2078.162040831, 0.997880032,
2078.182472678, 0.998318453,
2078.202904524, 0.997867100,
2078.223336371, 0.998058725,
2078.243768217, 0.997833879,
2078.264200063, 0.997317470,
2078.284631908, 0.996761430,
2078.386791231, 0.996792106,
2078.427654918, 0.998249781,
2078.550245973, 0.996642288,
2078.591109556, 0.996187693,
2078.734132536, 0.997487357,
2078.795428051, 0.998183265,
2078.897587338, 0.998931778,
2078.918019074, 1.002494242,
2078.938450910, 0.997277423,
2078.958882846, 0.996452375,
2078.979314582, 0.997582970,
2078.999746417, 0.998327439,
2079.020178352, 0.998706118,
2079.040610087, 0.998683935,
2079.081473855, 0.998831586,
2079.142769356, 0.997987367,
2079.183633022, 0.996958401,
2079.244928518, 0.998002214,
2079.265360350, 0.997351277,
2079.347087573, 0.997588730,
2079.367519503, 0.998071990,
2079.387951333, 0.997603534,
2079.408383063, 0.998077472,
2079.428814992, 0.997819600,
2079.449246821, 0.997619037,
2079.469678550, 0.998027707,
2079.490110478, 0.998033033,
2079.510542306, 0.997762243,
2079.551405962, 0.998068140,
2079.571837789, 0.998334519,
2079.592269716, 0.996766147,
2079.612701443, 0.998429586,
2079.633133269, 0.998189463,
2079.673997021, 0.998279000,
2079.694428747, 0.999016867,
2079.714860672, 0.997617235,
2079.735292497, 0.998133290,
2079.755724222, 0.998605137,
2079.776156146, 0.997142455,
2079.796587970, 0.999234889,
2079.817019694, 1.001478300,
2079.878315164, 0.998092866,
2079.898747087, 0.997674705,
2079.939610632, 0.997809387,
2079.960042554, 0.998043337,
2079.980474375, 0.997892699,
2080.000906197, 0.998254888,
2080.021338018, 0.998496184,
2080.123497119, 0.998294168,
2080.143928939, 0.998222114,
2080.164360758, 0.997869145,
2080.184792676, 0.998266868,
2080.205224395, 0.997984405,
2080.225656213, 0.997163394,
2080.246088131, 0.998143345,
2080.266519849, 0.998267911,
2080.286951666, 0.997681554,
2080.307383584, 0.998484659,
2080.368679034, 0.998164318,
2080.389110750, 0.998083086,
2080.409542666, 0.998525271,
2080.429974481, 0.997964806,
2080.450406196, 0.997777318,
2080.470838111, 0.998010956,
2080.491269926, 0.997705497,
2080.511701740, 0.997883754,
2080.532133555, 0.997305051,
2080.552565369, 0.997757198,
2080.572997182, 0.998192868,
2080.593428996, 0.998424395,
2080.613860809, 0.997493553,
2080.634292621, 0.997424074,
2080.654724534, 0.997943958,
2080.675156246, 0.997857209,
2080.695588058, 0.998117618,
2080.716019870, 0.997912702,
2080.756883392, 0.998170728,
2080.777315303, 0.998545342,
2080.797747114, 0.998330518,
2080.859042544, 0.998121167,
2080.879474454, 0.998599319,
2080.899906163, 0.997887634,
2080.920337972, 0.997668748,
2080.940769880, 0.997650307,
2080.961201589, 0.997711145,
2080.981633397, 0.997415443,
2081.002065305, 0.997985130,
2081.022497113, 0.998394750,
2081.042928820, 0.998328142,
2081.063360727, 0.998083285,
2081.083792534, 0.997702696,
2081.104224240, 0.998159205,
2081.124656147, 0.998320291,
2081.145087953, 0.998116365,
2081.165519658, 0.998457698,
2081.185951564, 0.998110524,
2081.206383369, 0.998181953,
2081.226815274, 0.997501859,
2081.247246979, 0.998615509,
2081.267678783, 0.997702671,
2081.288110687, 0.998405656,
2081.349406098, 0.997832514,
2081.369837801, 0.998169987,
2081.390269604, 0.998244982,
2081.410701406, 0.998085647,
2081.431133208, 0.998183668,
2081.451565011, 0.998109732,
2081.471996812, 0.998539092,
2081.492428614, 0.998306729,
2081.512860415, 0.998306756,
2081.533292216, 0.998164890,
2081.553724017, 0.998457960,
2081.574155817, 0.997953756,
2081.594587717, 0.998392627,
2081.615019417, 0.998042128,
2081.635451316, 0.998565257,
2081.655883116, 0.998134910,
2081.676314815, 0.998375533,
2081.696746714, 0.999111781,
2081.717178512, 0.997608591,
2081.737610211, 0.998537069,
2081.758042108, 0.998906466,
2081.778473906, 0.997930670,
2081.860201095, 0.998017902,
2081.880632891, 0.997762817,
2081.901064687, 0.997915674,
2081.921496483, 0.998287211,
2081.941928279, 0.998363353,
2081.962360074, 0.998179638,
2081.982791869, 0.997828028,
2082.003223664, 0.998149214,
2082.023655459, 0.998050982,
2082.044087353, 0.998372595,
2082.064519147, 0.997844126,
2082.084950841, 0.997884782,
2082.105382735, 0.997873758,
2082.125814428, 0.997948156,
2082.146246221, 0.997970837,
2082.166678114, 0.998542611,
2082.187109806, 0.998032062,
2082.207541599, 0.998338565,
2082.227973491, 0.998752047,
2082.248405182, 0.998214610,
2082.268836974, 0.998512666,
2082.330132347, 0.998170201,
2082.350564237, 0.998304098,
2082.370995928, 0.998110321,
2082.391427718, 0.998637906,
2082.411859607, 0.998403951,
2082.432291397, 0.998451147,
2082.452723186, 0.998562331,
2082.473154975, 0.997767709,
2082.493586763, 0.998332658,
2082.514018652, 0.998360659,
2082.534450340, 0.998285612,
2082.554882128, 0.998452604,
2082.575314015, 0.998658457,
2082.595745703, 0.998021260,
2082.616177490, 0.997873857,
2082.636609377, 0.997891812,
2082.657041064, 0.997712364,
2082.677472850, 0.997858004,
2082.697904736, 0.997864434,
2082.718336422, 0.997582498,
2082.738768207, 0.997334516,
2082.759200093, 0.998290483,
2082.820495447, 0.998407437,
2082.840927132, 0.998152104,
2082.861359016, 0.998174661,
2082.881790799, 0.998670922,
2082.902222483, 0.998515173,
2082.922654366, 0.998375531,
2082.943086149, 0.997870882,
2082.963517832, 0.998123596,
2082.983949715, 0.997831209,
2083.004381497, 0.998237943,
2083.024813179, 0.997896869,
2083.045245061, 0.997742953,
2083.065676843, 0.998014386,
2083.086108524, 0.997674755,
2083.106540405, 0.997935333,
2083.126972186, 0.998172874,
2083.147403866, 0.997675964,
2083.167835747, 0.997362293,
2083.188267527, 0.998244231,
2083.208699407, 0.997682594,
2083.229131086, 0.997496989,
2083.249562865, 0.997789433,
2083.310858202, 0.998736296,
2083.331290080, 0.998368467,
2083.351721858, 0.998797598,
2083.372153536, 0.998534461,
2083.392585413, 0.998667996,
2083.413017191, 0.998321289,
2083.433448868, 0.998334919,
2083.453880745, 0.998508052,
2083.474312521, 0.998003775,
2083.494744198, 0.997816542,
2083.515176074, 0.998097045,
2083.535607850, 0.998157681,
2083.556039725, 0.998270363,
2083.576471400, 0.998103185,
2083.596903176, 0.997819254,
2083.617334950, 0.997723630,
2083.637766725, 0.997803398,
2083.658198399, 0.997673899,
2083.678630274, 0.998349668,
2083.699062047, 0.997662469,
2083.719493721, 0.998484933,
2083.739925594, 0.998499656,
2083.801220913, 0.998427607,
2083.821652686, 0.998183480,
2083.842084458, 0.997979101,
2083.882948001, 0.997746028,
2083.903379773, 0.998666036,
2083.923811644, 0.998104505,
2083.944243315, 0.998118062,
2083.964675185, 0.997955242,
2083.985106956, 0.998054282,
2084.005538626, 0.997490821,
2084.025970496, 0.997684982,
2084.046402266, 0.998107106,
2084.066833935, 0.997783088,
2084.087265805, 0.997882098,
2084.107697574, 0.998076049,
2084.128129242, 0.997934412,
2084.148561111, 0.997450898,
2084.168992879, 0.998268914,
2084.189424647, 0.998085910,
2084.209856415, 0.999005455,
2084.230288183, 0.998730360,
2084.291583484, 0.999997158,
2084.312015251, 0.998653108,
2084.332447017, 0.998188724,
2084.352878783, 0.998797721,
2084.373310549, 0.998235913,
2084.393742315, 0.998461653,
2084.414174080, 0.997965676,
2084.434605945, 0.998533246,
2084.455037610, 0.997981557,
2084.475469375, 0.998214346,
2084.495901239, 0.997683133,
2084.516332904, 0.997482273,
2084.536764668, 0.998603628,
2084.557196531, 0.997730258,
2084.577628195, 0.998243505,
2084.598059958, 0.998216060,
2084.618491821, 0.998088077,
2084.638923484, 0.997939732,
2084.679787109, 0.998208993,
2084.700218771, 0.998666107,
2084.781945917, 0.997834480,
2084.802377678, 0.998038129,
2084.822809439, 0.997909183,
2084.843241199, 0.998317541,
2084.863672959, 0.998680566,
2084.884104719, 0.998747287,
2084.904536579, 0.998050752,
2084.924968239, 0.998201690,
2084.945399998, 0.997967757,
2084.965831857, 0.997743376,
2085.047558791, 0.998487742,
2085.067990549, 0.998344313,
2085.088422407, 0.998416877,
2085.108854064, 0.998492571,
2085.129285921, 0.998336473,
2085.149717578, 0.998349159,
2085.170149335, 0.998475946,
2085.190581191, 0.997721055,
2085.211012848, 0.998124368,
2085.231444604, 0.998323251,
2085.251876460, 0.998730822,
2085.272308215, 0.998394675,
2085.292739871, 0.998200795,
2085.313171726, 0.997370339,
2085.333603481, 0.997855857,
2085.354035135, 0.997875317,
2085.374466990, 0.998419138,
2085.394898744, 0.998190002,
2085.415330398, 0.998106130,
2085.435762252, 0.998151151,
2085.456194005, 0.998131857,
2085.517489264, 0.998014491,
2085.558352769, 0.998671961,
2085.578784522, 0.998975518,
2085.599216373, 0.998874768,
2085.619648025, 0.998161194,
2085.640079777, 0.998269667,
2085.660511628, 0.998520130,
2085.680943279, 0.998232230,
2085.701375030, 0.998558562,
2085.783102131, 0.998614846,
2085.803533881, 0.998254336,
2085.823965630, 0.998550676,
2085.844397379, 0.998329016,
2085.864829028, 0.998486960,
2085.885260877, 0.998560662,
2085.905692626, 0.998200513,
2085.926124274, 0.997986213,
2085.946556122, 0.998302321,
2085.966987870, 0.998535130,
2085.987419518, 0.998106753,
2086.007851365, 0.998314112,
2086.028283112, 0.998413165,
2086.048714759, 0.998239833,
2086.069146606, 0.998376003,
2086.089578353, 0.998320419,
2086.110010099, 0.998855972,
2086.130441845, 0.998274592,
2086.150873591, 0.998444788,
2086.171305337, 0.998362484,
2086.191737082, 0.998409514,
2086.253032417, 0.998470897,
2086.273464062, 0.998149573,
2086.293895906, 0.998255359,
2086.314327650, 0.998810519,
2086.334759294, 0.998632045,
2086.355191138, 0.998582703,
2086.375622881, 0.998545389,
2086.396054525, 0.998687566,
2086.416486368, 0.998131137,
2086.436918110, 0.998592274,
2086.457349753, 0.997739143,
2086.477781595, 0.998194291,
2086.498213338, 0.998612331,
2086.518644980, 0.998240151,
2086.539076821, 0.998747065,
2086.559508463, 0.998683785,
2086.579940304, 0.998550858,
2086.600372045, 0.998247519,
2086.620803786, 0.998425512,
2086.641235527, 0.998151889,
2086.661667267, 0.998333556,
2086.682099007, 0.998016086,
2086.743394227, 0.998528825,
2086.763825966, 0.999065196,
2086.784257705, 0.998408517,
2086.804689444, 0.998408072,
2086.825121283, 0.998757857,
2086.845552921, 0.998842323,
2086.865984660, 0.998709383,
2086.886416498, 0.998034771,
2086.906848135, 0.998811231,
2086.927279973, 0.999055372,
2086.947711710, 0.998153233,
2086.968143348, 0.998349914,
2086.988575185, 0.998583051,
2087.009006922, 0.998454388,
2087.029438558, 0.998375725,
2087.049870394, 0.998450456,
2087.070302131, 0.998160662,
2087.090733867, 0.998824193,
2087.111165602, 0.998540306,
2087.131597338, 0.998614512,
2087.152029073, 0.999201046,
2087.172460808, 0.997950091,
2087.233756012, 0.998408837,
2087.254187746, 0.999040826,
2087.274619580, 0.998042436,
2087.295051214, 0.998407798,
2087.315482948, 0.998473306,
2087.335914781, 0.998854836,
2087.356346414, 0.998509257,
2087.376778147, 0.998254478,
2087.397209980, 0.998142123,
2087.417641613, 0.998252909,
2087.438073345, 0.998415487,
2087.458505177, 0.998526399,
2087.478936809, 0.998613850,
2087.499368541, 0.997999101,
2087.519800372, 0.998419496,
2087.540232004, 0.998280743,
2087.560663735, 0.998428450,
2087.581095566, 0.998509712,
2087.601527196, 0.998679955,
2087.621959027, 0.998084483,
2087.642390757, 0.999194637,
2087.724117676, 0.998375516,
2087.744549505, 0.998286623,
2087.764981134, 0.998682967,
2087.785412863, 0.998655933,
2087.805844692, 0.998170644,
2087.826276320, 0.998512564,
2087.846708049, 0.998219069,
2087.867139877, 0.998986105,
2087.887571504, 0.998366078,
2087.908003232, 0.998648976,
2087.928435059, 0.998472469,
2087.948866687, 0.998600769,
2087.969298414, 0.998032418,
2087.989730141, 0.998595483,
2088.010161867, 0.998287215,
2088.030593693, 0.999055820,
2088.051025320, 0.999052944,
2088.071457046, 0.998905128,
2088.091888871, 0.998930273,
2088.112320597, 0.998982240,
2088.132752222, 0.998789860,
2088.153184048, 0.998875003,
2088.214479222, 0.998122051,
2088.234910946, 0.998660284,
2088.255342570, 0.998305220,
2088.275774394, 0.998711211,
2088.316637742, 0.998610588,
2088.337069565, 0.998098943,
2088.357501288, 0.998332711,
2088.377933111, 0.998523481,
2088.398364734, 0.998794454,
2088.418796457, 0.998733858,
2088.480091623, 0.998595786,
2088.500523445, 0.998538662,
2088.520955066, 0.998467599,
2088.541386788, 0.998808208,
2088.561818609, 0.997922337,
2088.582250330, 0.998742459,
2088.602681951, 0.998990432,
2088.623113772, 0.998698777,
2088.643545492, 0.998509461,
2088.704840652, 0.999217107,
2088.725272371, 0.998322707,
2088.745704091, 0.998369065,
2088.766135710, 0.998718898,
2088.786567529, 0.998531457,
2088.806999248, 0.998495310,
2088.827430867, 0.998960624,
2088.847862685, 0.998643676,
2088.868294403, 0.998835581,
2088.888726021, 0.998600901,
2088.909157839, 0.998700074,
2088.929589557, 0.998627117,
2088.950021274, 0.998911219,
2088.970452992, 0.998967772,
2088.990884709, 0.998815774,
2089.011316426, 0.999052924,
2089.031748142, 0.998503612,
2089.052179859, 0.999121795,
2089.072611675, 0.999136113,
2089.113475007, 0.999177788,
2089.195201969, 0.999227449,
2089.215633684, 0.998776392,
2089.236065299, 0.997829617,
2089.256497113, 0.998664773,
2089.276928828, 0.998504856,
2089.297360442, 0.998587519,
2089.317792256, 0.998632379,
2089.338223970, 0.999096347,
2089.358655584, 0.998776964,
2089.379087397, 0.998658659,
2089.399519010, 0.999147401,
2089.419950823, 0.998372312,
2089.440382536, 0.998556196,
2089.460814149, 0.998881035,
2089.481245961, 0.998727719,
2089.501677674, 0.999182322,
2089.522109386, 0.998761743,
2089.542541098, 0.998667212,
2089.562972810, 0.999100823,
2089.583404521, 0.999310226,
2089.603836232, 0.998664746,
2089.624267944, 0.998908784,
2089.705994786, 0.997798975,
2089.726426597, 0.998195724,
2089.746858207, 0.998893494,
2089.767290017, 0.998540828,
2089.787721726, 0.998757293,
2089.808153336, 0.998470906,
2089.828585145, 0.999013692,
2089.849016854, 0.999087571,
2089.869448463, 0.998061430,
2089.889880272, 0.998630048,
2089.910311981, 0.998617978,
2089.930743689, 0.998808871,
2089.951175398, 0.998291102,
2089.971607106, 0.998786720,
2089.992038813, 0.999037935,
2090.012470521, 0.998996260,
2090.032902229, 0.999088067,
2090.053333936, 0.998668355,
2090.073765643, 0.999018861,
2090.094197350, 0.998624217,
2090.114629157, 0.999154444,
2090.135060763, 0.999178196,
2090.155492470, 0.998782454,
2090.175924276, 0.998741981,
2090.196355882, 0.998543785,
2090.216787588, 0.999412375,
2090.237219394, 0.998884631,
2090.257650999, 0.998671712,
2090.278082704, 0.998863074,
2090.298514509, 0.998743288,
2090.318946114, 0.998721372,
2090.421104737, 0.998827877,
2090.441536340, 0.999044782,
2090.461968144, 0.998845609,
2090.482399848, 0.998749960,
2090.502831551, 0.998686480,
2090.523263254, 0.998904981,
2090.543694957, 0.999168024,
2090.564126660, 0.998731005,
2090.584558363, 0.998260347,
2090.604990065, 0.998535542,
2090.625421767, 0.998833389,
2090.645853570, 0.998636287,
2090.666285172, 0.998946662,
2090.686716873, 0.998768884,
2090.707148675, 0.999136000,
2090.727580276, 0.998759003,
2090.748011978, 0.999066101,
2090.768443779, 0.998753454,
2090.788875379, 0.999080551,
2090.809307180, 0.998837167,
2090.829738881, 0.998750763,
2090.850170481, 0.998848673,
2090.870602281, 0.998941175,
2090.891033881, 0.999290660,
2090.911465581, 0.998965958,
2090.931897381, 0.998655557,
2090.952328980, 0.998876904,
2090.972760680, 0.999543327,
2090.993192479, 0.999125162,
2091.013624178, 0.999241588,
2091.034055776, 0.999217356,
2091.054487575, 0.999267186,
2091.074919273, 0.999122415,
2091.095350972, 0.999334840,
2091.156646166, 0.998999760,
2091.177077763, 0.999174332,
2091.197509460, 0.998847679,
2091.217941258, 0.999031454,
2091.238372855, 0.998989823,
2091.258804552, 0.998866633,
2091.279236349, 0.998854823,
2091.299667945, 0.999161351,
2091.340531438, 0.998841999,
2091.360963034, 0.999083170,
2091.381394730, 0.998787973,
2091.401826525, 0.999030703,
2091.422258121, 0.998614391,
2091.442689916, 0.998880080,
2091.463121612, 0.999237424,
2091.503985001, 0.998972578,
2091.524416696, 0.998946823,
2091.565280085, 0.998760391,
2091.647006861, 0.999327877,
2091.667438455, 0.999481748,
2091.687870248, 0.999698095,
2091.708301941, 0.999133818,
2091.728733534, 0.999088961,
2091.749165327, 0.998318735,
2091.769597020, 0.999520518,
2091.790028812, 0.998723470,
2091.810460405, 0.999524876,
2091.830892097, 0.999263724,
2091.892187173, 0.999062922,
2091.912618964, 0.999159245,
2091.933050556, 0.999225218,
2091.953482247, 0.999248720,
2091.973914038, 0.999020411,
2091.994345729, 0.999245853,
2092.014777319, 0.998945339,
2092.035209110, 0.998650237,
2092.055640801, 0.998992666,
2092.076072391, 0.999074309,
2092.096504181, 0.998967101,
2092.116935871, 0.999207917,
2092.137367660, 0.998815770,
2092.157799250, 0.998608640,
2092.178230940, 0.999227414,
2092.198662729, 0.999239734,
2092.219094318, 0.999280127,
2092.239526007, 0.999371161,
2092.259957696, 0.998587793,
2092.280389385, 0.998873308,
2092.300820973, 0.999687573,
2092.321252761, 0.999066858,
2092.341684449, 0.998903954,
2092.362116137, 0.999103001,
2092.382547825, 0.998682653,
2092.402979513, 0.999365934,
2092.423411300, 0.999405654,
2092.443842888, 0.999697246,
2092.464274575, 0.999347136,
2092.484706362, 0.999243177,
2092.505138049, 0.999362064,
2092.525569636, 0.999282819,
2092.546001423, 0.999583658,
2092.566433109, 0.999406634,
2092.627728168, 0.999559717,
2092.648159754, 0.999134924,
2092.668591539, 0.999000418,
2092.689023225, 0.999682237,
2092.709454810, 0.999003314,
2092.729886595, 0.999223763,
2092.750318280, 0.999266233,
2092.770750065, 0.999523013,
2092.791181650, 0.999136139,
2092.811613334, 0.999286083,
2092.832045119, 0.999269665,
2092.852476703, 0.999451834,
2092.872908387, 0.999516572,
2092.893340171, 0.999224529,
2092.913771755, 0.999131283,
2092.934203438, 0.999140695,
2092.954635222, 0.999280422,
2092.975066905, 0.999343339,
2092.995498488, 0.999323132,
2093.015930271, 0.999238916,
2093.036361854, 0.999116394,
2093.056793537, 0.999323607,
2093.077225320, 0.999136110,
2093.097656902, 0.999267001,
2093.118088684, 0.999319990,
2093.138520366, 0.999455858,
2093.158951948, 0.999238163,
2093.179383730, 0.999281983,
2093.199815412, 0.999457943,
2093.220246993, 0.999878640,
2093.240678775, 0.999856750,
2093.261110456, 0.999247667,
2093.281542037, 0.999073283,
2093.301973818, 0.999421190,
2093.322405499, 0.999440341,
2093.342837179, 0.999571611,
2093.363268860, 0.999336248,
2093.383700540, 0.999512939,
2093.404132320, 0.999435234,
2093.424563900, 0.999362781,
2093.444995580, 0.999492371,
2093.465427360, 0.998937694,
2093.485859039, 0.998797735,
2093.506290619, 0.999204457,
2093.526722398, 0.999304844,
2093.547154077, 0.998986903,
2093.608449114, 0.998833811,
2093.628880693, 0.999091334,
2093.649312471, 0.999460236,
2093.669744149, 0.999441904,
2093.690175727, 0.999240897,
2093.710607505, 0.998803556,
2093.731039183, 0.998890820,
2093.751470861, 0.999385706,
2093.771902538, 0.999401512,
2093.792334116, 0.999235063,
2093.812765893, 0.999330730,
2093.833197570, 0.998986733,
2093.853629247, 0.998888632,
2093.874060924, 0.999431501,
2093.894492600, 0.999399965,
2093.914924277, 0.999182100,
2093.935355953, 0.999481867,
2093.955787630, 0.999213633,
2093.976219306, 0.998736875,
2093.996650982, 0.999844980,
2094.017082657, 1.000065855,
2094.037514433, 0.999292659,
2094.057946109, 0.999207485,
2094.078377684, 0.999368696,
2094.098809459, 0.999551731,
2094.119241134, 0.999867922,
2094.139672709, 0.999434357,
2094.160104484, 1.000095678,
2094.180536159, 0.999557748,
2094.200967733, 0.999478212,
2094.221399508, 0.999294818,
2094.241831182, 0.999632250,
2094.262262756, 0.999237810,
2094.282694530, 0.998860114,
2094.303126204, 0.999186530,
2094.323557978, 0.999603797,
2094.343989551, 0.999755338,
2094.364421225, 0.999483802,
2094.384852898, 0.999474203,
2094.405284571, 0.999539072,
2094.425716244, 0.999203286,
2094.446147917, 0.999803183,
2094.466579590, 0.999296377,
2094.487011262, 0.999209617,
2094.507442935, 0.998647005,
2094.527874607, 0.998945040,
2094.589169623, 0.999302682,
2094.609601295, 0.999360873,
2094.630033067, 0.999773174,
2094.650464638, 0.999037940,
2094.670896410, 0.999337423,
2094.691328081, 0.999417614,
2094.711759652, 0.999177404,
2094.732191423, 0.999456282,
2094.752623094, 0.999235479,
2094.773054664, 0.999051453,
2094.793486435, 0.999313484,
2094.813918106, 0.999067982,
2094.834349676, 0.999405068,
2094.854781446, 0.998729232,
2094.875213116, 0.999079255,
2094.895644786, 0.999563576,
2094.916076456, 0.999869653,
2094.936508125, 0.999494646,
2094.956939895, 0.997928743,
2094.977371464, 0.999103852,
2094.997803133, 1.001976506,
2095.038666571, 0.998679960,
2095.059098140, 0.999300075,
2095.079529909, 0.999407529,
2095.099961578, 0.999156781,
2095.120393146, 0.999158767,
2095.140824914, 0.999320593,
2095.161256483, 0.999160603,
2095.181688151, 0.999365505,
2095.202119919, 0.999198637,
2095.222551486, 0.999040651,
2095.242983254, 0.999005458,
2095.263414922, 0.999240243,
2095.324709924, 0.999050199,
2095.345141491, 0.999494343,
2095.365573257, 0.999118589,
2095.386004924, 0.999236220,
2095.406436591, 0.998687394,
2095.426868257, 0.998954762,
2095.447299924, 0.998996212,
2095.467731590, 0.999333479,
2095.488163256, 0.998989810,
2095.508594922, 0.999016187,
2095.569889919, 0.999465221,
2095.590321685, 0.999259107,
2095.610753350, 0.999392560,
2095.631184916, 0.999726707,
2095.651616681, 0.999335313,
2095.672048346, 0.999667559,
2095.692479911, 0.999742807,
2095.712911675, 0.999652323,
2095.733343340, 0.999484689,
2095.753774904, 0.999158553,
2095.774206669, 0.999441018,
2095.794638333, 1.000101323,
2095.815069897, 0.999201611,
2095.835501661, 0.999251821,
2095.855933325, 0.999327603,
2095.876364989, 0.998840923,
2095.896796653, 0.999377913,
2095.917228316, 0.999564104,
2095.937659979, 0.999279596,
2095.958091643, 0.999111685,
2095.978523306, 0.999035883,
2095.998954969, 0.999484083,
2096.019386632, 0.999694401,
2096.039818295, 0.999280161,
2096.060250057, 0.998988434,
2096.080681620, 0.999011011,
2096.101113282, 0.999188122,
2096.121545045, 0.999391770,
2096.141976607, 0.999297983,
2096.162408369, 0.999185805,
2096.182840031, 0.999458842,
2096.203271593, 0.999568050,
2096.223703354, 0.999360062,
2096.244135016, 0.999457098,
2096.264566577, 0.999104068,
2096.284998339, 0.998925541,
2096.305430000, 0.998935250,
2096.325861561, 0.998948629,
2096.346293322, 0.999917307,
2096.366724983, 0.999006942,
2096.387156644, 0.999337961,
2096.407588304, 0.999563414,
2096.428019965, 0.999554941,
2096.448451725, 0.999196758,
2096.468883286, 0.998935697,
2096.489314946, 0.999357579,
2096.550609926, 0.999358894,
2096.571041685, 0.999483901,
2096.591473245, 0.999032616,
2096.611904905, 0.999792029,
2096.632336664, 0.999625267,
2096.652768223, 0.999588314,
2096.673199882, 0.999113315,
2096.693631641, 0.999745451,
2096.714063200, 0.999012819,
2096.734494959, 0.999258227,
2096.754926618, 0.999247172,
2096.775358176, 0.999362463,
2096.795789935, 0.999348805,
2096.816221593, 0.999317739,
2096.836653151, 0.999223033,
2096.857084910, 0.999254875,
2096.877516567, 0.999170387,
2096.918379883, 0.999307648,
2096.938811541, 0.999284397,
2096.959243198, 0.999137911,
2096.979674856, 0.999577537,
2097.000106513, 0.998953245,
2097.020538270, 0.999146045,
2097.040969928, 1.009275109,
2097.061401485, 0.999771487,
2097.102264898, 0.999070818,
2097.122696455, 0.999094881,
2097.143128212, 0.999631956,
2097.163559868, 0.999562505,
2097.183991424, 0.999453450,
2097.204423181, 0.998813054,
2097.224854837, 0.999011603,
2097.245286393, 0.999615963,
2097.265718149, 0.999216446,
2097.286149704, 0.999091879,
2097.306581360, 0.999456018,
2097.327013116, 0.998982360,
2097.347444671, 0.999206185,
2097.367876427, 0.999430084,
2097.408739737, 0.999565530,
2097.429171392, 0.999707915,
2097.449603047, 0.999773141,
2097.470034702, 0.998888133,
2097.551761420, 0.999391870,
2097.572192975, 0.999453988,
2097.592624629, 0.999538968,
2097.613056383, 0.998937812,
2097.633487937, 0.998985662,
2097.653919691, 0.999584578,
2097.674351345, 0.999312917,
2097.694782898, 0.999778418,
2097.715214652, 0.999218020,
2097.735646305, 0.999113203,
2097.756077859, 0.999705853,
2097.776509612, 0.999191981,
2097.796941265, 0.999053540,
2097.817372818, 0.999622912,
2097.837804571, 0.999394160,
2097.858236224, 0.999813680,
2097.878667877, 0.999770145,
2097.899099530, 0.999631987,
2097.919531182, 0.999635536,
2097.939962835, 0.998881706,
2097.960394487, 0.999854974,
2097.980826139, 0.999761015,
2098.021689443, 0.999602117,
2098.042121096, 0.999353056,
2098.062552747, 0.999538047,
2098.082984399, 0.999889229,
2098.103416051, 0.999414734,
2098.123847802, 0.999577165,
2098.144279354, 0.999725708,
2098.164711005, 0.999085205,
2098.185142757, 0.999740067,
2098.205574308, 0.999680454,
2098.266869261, 0.999519255,
2098.287301011, 0.999232183,
2098.307732662, 0.999683436,
2098.328164213, 0.999552652,
2098.348595963, 0.999811661,
2098.369027614, 0.999528966,
2098.389459264, 0.999864569,
2098.409890914, 0.999713964,
2098.430322564, 0.998678988,
2098.450754214, 0.999885982,
2098.471185864, 0.999479706,
2098.491617514, 0.999450893,
2098.512049264, 0.999013149,
2098.532480813, 0.999841414,
2098.552912463, 0.999507259,
2098.573344212, 0.999337792,
2098.593775862, 0.999807241,
2098.614207411, 0.999444189,
2098.634639160, 0.999856255,
2098.655070709, 1.000279619,
2098.675502358, 0.999983139,
2098.695934107, 0.999868158,
2098.736797304, 0.999832306,
2098.757229053, 0.999654977,
2098.777660601, 0.999491384,
2098.798092350, 0.999841463,
2098.818523998, 0.999942072,
2098.838955546, 1.000113082,
2098.859387295, 0.999861966,
2098.879818943, 0.999820625,
2098.900250491, 0.999538919,
2098.920682239, 0.999615974,
2098.941113886, 0.999411140,
2098.961545534, 0.999842364,
2098.981977182, 0.999706333,
2099.002408829, 0.999931594,
2099.022840477, 0.999730195,
2099.043272224, 0.999779615,
2099.063703771, 0.999949754,
2099.084135518, 0.999803779,
2099.104567165, 0.999700430,
2099.124998712, 0.999708940,
2099.145430459, 0.999844293,
2099.165862106, 0.999654150,
2099.186293653, 0.999927298,
2099.206725399, 0.999542523,
2099.227157046, 1.000025547,
2099.247588592, 1.000011916,
2099.268020339, 0.999731666,
2099.288451985, 0.999708834,
2099.308883531, 0.999912697,
2099.329315277, 0.999768362,
2099.349746923, 0.999817782,
2099.370178569, 1.000281546,
2099.390610215, 1.000036948,
2099.411041861, 1.000985769,
2099.431473506, 1.000329460,
2099.492768443, 1.000139421,
2099.513200088, 0.999945079,
2099.533631734, 0.999779989,
2099.554063379, 0.999489429,
2099.574495024, 0.999523983,
2099.594926769, 0.999844928,
2099.615358414, 0.999921274,
2099.635789959, 0.999861891,
2099.656221703, 0.999833711,
2099.676653348, 1.000376263,
2099.697084893, 1.000017493,
2099.717516637, 1.000338754,
2099.737948282, 0.999848920,
2099.758379826, 1.000008842,
2099.778811570, 0.999976522,
2099.799243214, 0.999771587,
2099.819674758, 1.000158505,
2099.840106503, 0.999560957,
2099.860538146, 1.000908695,
2099.880969890, 1.000941200,
2099.901401434, 1.000609047,
2099.921833078, 0.999844424,
2099.983128008, 0.999814136,
2100.003559752, 0.999892549,
2100.023991295, 0.999499513,
2100.044422938, 0.999371005,
2100.085286225, 0.999215331,
2100.105717867, 1.000637102,
2100.126149610, 1.000117459,
2100.146581153, 1.000034150,
2100.167012896, 0.999522554,
2100.187444539, 0.999783127,
2100.207876081, 0.999763935,
2100.228307824, 0.999556630,
2100.248739466, 0.999720486,
2100.269171009, 1.000126099,
2100.289602751, 0.999936151,
2100.310034393, 0.999540787,
2100.330465935, 0.999891813,
2100.350897677, 1.000062692,
2100.371329319, 0.999928443,
2100.391760861, 0.999912741,
2100.412192603, 0.999810718,
2100.432624245, 0.999846309,
2100.453055987, 1.000135491,
2100.473487528, 0.999841821,
2100.493919170, 0.999971368,
2100.514350911, 1.000352614,
2100.534782453, 1.000152311,
2100.555214094, 0.999940692,
2100.575645835, 1.000218508,
2100.596077476, 0.999924442,
2100.616509017, 0.999504349,
2100.636940758, 0.999893906,
2100.657372399, 0.999902589,
2100.677803940, 1.000265552,
2100.698235681, 1.000025490,
2100.718667322, 1.000004425,
2100.739099063, 1.000175050,
2100.759530603, 0.999711206,
2100.779962244, 0.999611926,
2100.800393884, 1.000099621,
2100.820825525, 0.999792829,
2100.841257065, 0.999729905,
2100.861688805, 1.000035311,
2100.882120445, 0.999955621,
2100.902551985, 0.999988791,
2100.922983725, 1.000143385,
2100.943415365, 0.999567843,
2100.963847005, 0.999933945,
2100.984278645, 1.000001788,
2101.004710285, 0.999948022,
2101.025142025, 1.000268066,
2101.045573564, 1.000429717,
2101.066005204, 1.000165818,
2101.086436943, 1.000411203,
2101.106868583, 1.000335297,
2101.127300122, 1.000521041,
2101.147731861, 1.000379669,
2101.168163501, 1.000630009,
2101.188595040, 1.000103453,
2101.209026779, 1.000568840,
2101.229458418, 1.000502949,
2101.249890157, 0.999807315,
2101.270321696, 1.000123420,
2101.290753335, 1.000553312,
2101.311185073, 1.000264094,
2101.331616612, 1.000649696,
2101.352048251, 1.000281293,
2101.372479989, 1.000584079,
2101.392911528, 1.000467179,
2101.454206443, 1.000474678,
2101.474638081, 1.000331114,
2101.495069720, 1.000073946,
2101.515501358, 0.999890793,
2101.535933096, 0.999705454,
2101.556364634, 1.000338928,
2101.576796272, 1.000335091,
2101.597228010, 1.000342895,
2101.617659547, 1.000657603,
2101.638091185, 1.000287046,
2101.658522923, 1.000804991,
2101.678954560, 1.000271066,
2101.699386098, 1.000945296,
2101.719817836, 1.001083737,
2101.740249473, 1.000361121,
2101.760681010, 1.000398741,
2101.781112748, 1.000590032,
2101.801544385, 1.000591746,
2101.821976122, 1.000865607,
2101.842407659, 1.000736264,
2101.862839297, 1.000090494,
2101.883271034, 1.000380996,
2101.903702571, 1.000946169,
2101.924134207, 1.000267367,
2101.944565944, 1.000799343,
2101.964997481, 1.000581225,
2101.985429118, 1.000209834,
2102.005860855, 1.000611673,
2102.026292391, 1.000794896,
2102.046724128, 1.000603116,
2102.067155764, 1.000868910,
2102.087587401, 1.000505240,
2102.108019037, 1.001071706,
2102.128450674, 1.000868318,
2102.148882310, 1.001006371,
2102.169313946, 1.000768522,
2102.189745582, 1.000555993,
2102.210177118, 1.000950386,
2102.230608855, 1.000724265,
2102.251040490, 1.000441594,
2102.271472026, 1.000466374,
2102.291903762, 1.000330168,
2102.312335398, 1.000729537,
2102.332767134, 1.001020833,
2102.353198670, 1.000358546,
2102.373630305, 1.000461714,
2102.394062041, 1.000674653,
2102.414493577, 1.000557741,
2102.434925212, 1.001161154,
2102.455356948, 1.000413769,
2102.475788483, 1.000056807,
2102.496220119, 1.000665483,
2102.516651854, 1.000881609,
2102.537083389, 1.000454831,
2102.557515024, 1.000352215,
2102.577946759, 1.000456485,
2102.598378395, 1.001018711,
2102.618810030, 1.000619507,
2102.639241665, 1.000806258,
2102.659673300, 1.000802245,
2102.680104935, 1.000846440,
2102.700536569, 1.000623357,
2102.720968204, 1.000619831,
2102.741399939, 1.000570656,
2102.761831474, 1.000409738,
2102.782263108, 1.000283434,
2102.802694743, 1.000152753,
2102.823126378, 1.000009419,
2102.843558112, 1.000362145,
2102.863989747, 1.000340042,
2102.884421281, 1.000736021,
2102.904853015, 1.000845792,
2102.925284550, 1.000001328,
2102.945716184, 1.000632644,
2102.966147918, 1.000396854,
2102.986579452, 1.000251456,
2103.007011087, 1.000274048,
2103.027442821, 1.000141842,
2103.047874355, 1.000582154,
2103.068305989, 1.000849569,
2103.088737723, 0.999849606,
2103.109169357, 1.000396542,
2103.129600991, 0.999974063,
2103.150032624, 0.999918921,
2103.170464258, 0.999912067,
2103.190895892, 1.000349782,
2103.211327525, 1.000020040,
2103.231759159, 1.000194952,
2103.252190793, 1.000154944,
2103.272622426, 1.000329925,
2103.293054060, 1.000435193,
2103.313485793, 1.000248142,
2103.333917327, 0.999987718,
2103.354348960, 1.000409457,
2103.415643960, 1.000256830,
2103.436075593, 1.000032094,
2103.456507126, 1.000038265,
2103.476938860, 1.000701141,
2104.110319567, 1.004156524,
2104.130751199, 1.003972637,
2104.151182931, 1.004773801,
2104.171614463, 1.004496401,
2104.192046095, 1.004270171,
2104.212477726, 1.004488693,
2104.232909358, 1.004137315,
2104.253340990, 1.004715320,
2104.273772622, 1.004201199,
2104.294204253, 1.004603632,
2104.314635885, 1.004165534,
2104.396362511, 1.004450584,
2104.416794042, 1.004314484,
2104.437225774, 1.004507901,
2104.457657405, 1.004429202,
2104.478088937, 1.004324100,
2104.498520668, 1.004248227,
2104.518952299, 1.004376517,
2104.539383831, 1.004069116,
2104.559815562, 1.004766170,
2104.580247193, 1.004358789,
2104.621110455, 1.004507661,
2104.641542086, 1.004281288,
2104.661973818, 1.004677465,
2104.682405349, 1.004517755,
2104.702836980, 1.004432293,
2104.723268711, 1.004789338,
2104.743700242, 1.003980426,
2104.764131873, 1.004793177,
2104.784563604, 1.004892211,
2104.804995234, 1.004310660,
2104.825426765, 1.004311939,
2104.886721758, 1.004449659,
2104.907153389, 1.004585787,
2104.927585019, 1.004560700,
2104.948016650, 1.004379496,
2104.968448281, 1.004513516,
2104.988879811, 1.004720894,
2105.009311542, 1.004583504,
2105.029743173, 1.004590307,
2105.050174703, 1.004284968,
2105.070606434, 1.004690017,
2105.111469595, 1.004499298,
2105.131901325, 1.004747409,
2105.152332956, 1.004529832,
2105.172764686, 1.004807120,
2105.193196217, 1.004323433,
2105.213627847, 1.004719064,
2105.234059578, 1.005029798,
2105.254491108, 1.004350535,
2105.274922738, 1.004671625,
2105.295354469, 1.004870573,
2105.315786099, 1.004988157,
2105.377080990, 1.004545135,
2105.397512620, 1.004569293,
2105.438375880, 1.004613057,
2105.458807611, 1.004592283,
2105.479239141, 1.004744154,
2105.499670771, 1.004551962,
2105.520102501, 1.004548660,
2105.540534031, 1.004338914,
2105.560965661, 1.004474238,
2105.581397391, 1.004586389,
2105.601828921, 1.004508258,
2105.622260651, 1.004648493,
2105.642692281, 1.004373086,
2105.663123811, 1.004599682,
2105.683555541, 1.004143674,
2105.703987071, 1.004708496,
2105.724418701, 1.004508212,
2105.744850431, 1.004138152,
2105.765281961, 1.004682794,
2105.785713591, 1.004427335,
2105.806145320, 1.004084908,
2105.847008580, 1.004445175,
2105.867440210, 1.004471180,
2105.887871840, 1.004817796,
2105.908303469, 1.004882637,
2105.928735099, 1.004548345,
2105.949166729, 1.004698806,
2105.969598459, 1.004756518,
2105.990029988, 1.004727370,
2106.010461618, 1.004778831,
2106.030893348, 1.004865068,
2106.051324877, 1.004985862,
2106.092188237, 1.004614117,
2106.112619766, 1.004358822,
2106.133051496, 1.004889715,
2106.153483126, 1.004523648,
2106.173914655, 1.004481455,
2106.194346385, 1.004639751,
2106.214778014, 1.004456696,
2106.235209544, 1.004941397,
2106.255641273, 1.004286398,
2106.276072903, 1.004450998,
2106.296504533, 1.004690279,
2106.357799421, 1.004657110,
2106.378231051, 1.004745103,
2106.398662680, 1.004786388,
2106.419094310, 1.004471217,
2106.439525939, 1.004642003,
2106.459957569, 1.004482677,
2106.480389198, 1.004639375,
2106.500820827, 1.004696098,
2106.521252457, 1.004505402,
2106.541684186, 1.004618761,
2106.602979074, 1.004738224,
2106.623410604, 1.004801454,
2106.643842333, 1.004682855,
2106.664273963, 1.004686612,
2106.684705492, 1.004392457,
2106.705137221, 1.004390518,
2106.725568851, 1.004323802,
2106.746000380, 1.004667352,
2106.766432109, 1.004824464,
2106.848158627, 1.004985580,
2106.868590356, 1.004460218,
2106.889021885, 1.004499500,
2106.909453515, 1.004458381,
2106.929885244, 1.004633092,
2106.950316773, 1.004935993,
2106.970748403, 1.004720757,
2106.991180132, 1.004837429,
2107.011611761, 1.004639032,
2107.032043390, 1.004755901,
2107.093338278, 1.004652252,
2107.113769908, 1.004616844,
2107.134201437, 1.004807658,
2107.154633166, 1.004509336,
2107.175064796, 1.004852730,
2107.195496325, 1.004616223,
2107.215928054, 1.004499743,
2107.236359683, 1.004603480,
2107.256791413, 1.004418233,
2107.277222942, 1.004651303,
2107.338517830, 1.004665400,
2107.358949459, 1.004678119,
2107.379381188, 1.004698666,
2107.399812718, 1.004783724,
2107.440676076, 1.004880802,
2107.461107706, 1.004731198,
2107.481539335, 1.004597275,
2107.501970964, 1.004772597,
2107.522402593, 1.004900730,
2107.542834223, 1.004151717,
2107.563265852, 1.004818356,
2107.583697481, 1.004733029,
2107.604129211, 1.004780295,
2107.624560740, 1.004391007,
2107.665424099, 1.004935762,
2107.685855628, 1.004599150,
2107.706287357, 1.004442251,
2107.726718887, 1.004417261,
2107.747150516, 1.004297734,
2107.767582245, 1.004661734,
2107.808445404, 1.004654768,
2107.828877134, 1.005010854,
2107.849308663, 1.004900646,
2107.869740292, 1.004393107,
2107.890172022, 1.004738891,
2107.910603551, 1.004543669,
2107.931035180, 1.004487614,
2107.951466910, 1.004260989,
2107.971898439, 1.004969666,
2107.992330169, 1.004743473,
2108.053625057, 1.004774717,
2108.074056687, 1.004488939,
2108.114919945, 1.004355033,
2108.135351575, 1.004520041,
2108.155783204, 1.004302308,
2108.176214934, 1.004507117,
2108.196646464, 1.005148640,
2108.217078193, 1.004948313,
2108.237509823, 1.004688993,
2108.319236241, 1.004760556,
2108.339667971, 1.004882046,
2108.360099600, 1.004454987,
2108.380531130, 1.004690467,
2108.400962859, 1.005042457,
2108.421394489, 1.004899242,
2108.441826119, 1.004825950,
2108.462257748, 1.005078903,
2108.482689278, 1.004341877,
2108.503121008, 1.004893212,
2108.543984267, 1.004433051,
2108.564415897, 1.004483997,
2108.584847527, 1.004808765,
2108.605279156, 1.004570057,
2108.625710786, 1.004864853,
2108.646142416, 1.004636993,
2108.666574146, 1.004269270,
2108.687005776, 1.004750992,
2108.707437306, 1.004835819,
2108.727869035, 1.004856132,
2108.789163925, 1.004869519,
2108.809595555, 1.004690689,
2108.830027085, 1.004893854,
2108.850458815, 1.004554414,
2108.870890445, 1.004537991,
2108.891322175, 1.004720706,
2108.911753705, 1.004941497,
2108.932185335, 1.004834410,
2108.952617065, 1.004518422,
2108.973048595, 1.004891104,
2108.993480225, 1.004732821,
2109.034343486, 1.004591454,
2109.054775116, 1.004687423,
2109.075206846, 1.004834716,
2109.095638376, 1.004641356,
2109.116070106, 1.004498362,
2109.136501637, 1.004623771,
2109.156933267, 1.004723483,
2109.177364997, 1.004436423,
2109.218228158, 1.004630034,
2109.299954779, 1.004855744,
2109.320386410, 1.004430174,
2109.340818140, 1.004857867,
2109.361249671, 1.004768625,
2109.381681301, 1.004830613,
2109.402113032, 1.004473631,
2109.422544562, 1.004677688,
2109.442976193, 1.004658830,
2109.463407923, 1.004825411,
2109.483839454, 1.004545037,
2109.524702815, 1.004498673,
2109.545134346, 1.004917136,
2109.565566077, 1.004877392,
2109.585997708, 1.004767552,
2109.606429238, 1.004702208,
2109.626860969, 1.004711124,
2109.647292600, 1.004670298,
2109.667724231, 1.004849143,
2109.688155862, 1.004595060,
2109.708587493, 1.004754252,
2109.729019124, 1.004713873,
2109.769882386, 1.004937160,
2109.790314017, 1.004870211,
2109.810745748, 1.005483838,
2109.831177279, 1.004795918,
2109.851609010, 1.004803812,
2109.872040541, 1.004646992,
2109.892472172, 1.004585389,
2109.912903903, 1.004701852,
2109.933335435, 1.004938494,
2109.953767066, 1.004919362,
2109.974198797, 1.004889647,
2110.015062060, 1.004937224,
2110.035493691, 1.004549016,
2110.055925222, 1.004648648,
2110.076356954, 1.004663061,
2110.096788585, 1.004725415,
2110.117220117, 1.004943593,
2110.137651848, 1.004767855,
2110.178515112, 1.004737251,
2110.198946743, 1.004669559,
2110.219378375, 1.004706931,
2110.280673270, 1.004627786,
2110.301105002, 1.004484026,
2110.321536634, 1.004557761,
2110.341968166, 1.004709676,
2110.362399897, 1.004804375,
2110.382831529, 1.005103002,
2110.403263161, 1.004566417,
2110.423694793, 1.004627995,
2110.444126425, 1.004582265,
2110.464558057, 1.004838394,
2110.505421222, 1.004747560,
2110.525852954, 1.004802916,
2110.546284586, 1.004820124,
2110.566716118, 1.004861204,
2110.587147851, 1.004607525,
2110.607579483, 1.004486604,
2110.628011215, 1.004793192,
2110.648442748, 1.004835213,
2110.668874380, 1.005258774,
2110.689306113, 1.004754404,
2110.771032543, 1.005120615,
2110.791464176, 1.005163936,
2110.811895908, 1.004702048,
2110.832327441, 1.005240740,
2110.873190807, 1.004814988,
2110.893622440, 1.004868194,
2110.914054072, 1.004910575,
2110.934485705, 1.004889080,
2110.954917338, 1.004870135,
2110.975348971, 1.004803397,
2110.995780605, 1.005288403,
2111.016212238, 1.004933441,
2111.036643971, 1.004832640,
2111.057075504, 1.005076016,
2111.077507237, 1.004762925,
2111.097938871, 1.004712787,
2111.118370404, 1.004507407,
2111.138802137, 1.005095955,
2111.159233671, 1.004885553,
2111.179665304, 1.004989061,
2111.261391938, 1.004639590,
2111.281823472, 1.004795378,
2111.302255206, 1.004607849,
2111.322686840, 1.004558900,
2111.343118373, 1.004985589,
2111.363550107, 1.004910012,
2111.383981741, 1.005031892,
2111.404413375, 1.004943691,
2111.424845009, 1.004781944,
2111.445276643, 1.004980715,
2111.486139911, 1.004597965,
2111.506571546, 1.005048140,
2111.527003280, 1.004890260,
2111.547434914, 1.004748107,
2111.567866448, 1.004895846,
2111.588298183, 1.004874728,
2111.608729817, 1.005270212,
2111.629161352, 1.004287112,
2111.649593086, 1.004754894,
2111.670024721, 1.005074556,
2111.690456455, 1.005103852,
2111.731319625, 1.004525238,
2111.751751360, 1.004973772,
2111.772182894, 1.004876722,
2111.792614529, 1.004694582,
2111.813046164, 1.004584878,
2111.833477799, 1.004967493,
2111.853909434, 1.004768273,
2111.874341069, 1.004843519,
2111.894772704, 1.005075465,
2111.915204439, 1.004734470,
2111.935635975, 1.004533617,
2112.017362516, 1.004621270,
2112.037794252, 1.005167789,
2112.058225887, 1.004778929,
2112.078657523, 1.005087091,
2112.099089158, 1.004725532,
2112.119520794, 1.004863372,
2112.139952430, 1.004902968,
2112.160384066, 1.004648692,
2112.180815702, 1.005058669,
2112.242110609, 1.004760786,
2112.262542346, 1.005212062,
2112.282973882, 1.004549110,
2112.303405618, 1.005016547,
2112.323837254, 1.005279290,
2112.344268790, 1.004850104,
2112.364700527, 1.004846944,
2112.385132163, 1.004732087,
2112.405563700, 1.005232953,
2112.425995436, 1.005014078,
2112.487290346, 1.004688448,
2112.507721983, 1.004749220,
2112.528153620, 1.005116101,
2112.548585257, 1.004938097,
2112.569016894, 1.005065387,
2112.589448531, 1.004835915,
2112.609880168, 1.004880895,
2112.630311805, 1.004809272,
2112.650743442, 1.004997015,
2112.671175079, 1.005334414,
2112.752901729, 1.004747876,
2112.773333366, 1.004783650,
2112.793764904, 1.004857418,
2112.814196642, 1.004994740,
2112.834628279, 1.004820439,
2112.855059817, 1.005072960,
2112.875491555, 1.004559951,
2112.895923193, 1.004724383,
2112.977649845, 1.004959975,
2112.998081384, 1.004976927,
2113.018513022, 1.004839063,
2113.038944760, 1.005124900,
2113.059376299, 1.005213419,
2113.100239676, 1.005333586,
2113.141102953, 1.005107824,
2113.161534592, 1.004920453,
2113.243261048, 1.004955315,
2113.263692787, 1.004955867,
2113.284124426, 1.004505495,
2113.345419344, 1.004886717,
2113.365851083, 1.004976527,
2113.386282623, 1.004955839,
2113.406714262, 1.005398457,
2113.427146002, 1.005246328,
2113.447577542, 1.004541554,
2113.468009181, 1.004452622,
2113.488440921, 1.004854392,
2113.508872461, 1.004620513,
2113.529304201, 1.005044378,
2113.549735841, 1.004948033,
2113.570167381, 1.004992715,
2113.590599121, 1.004629734,
2113.611030762, 1.004808354,
2113.631462302, 1.005104957,
2113.651894042, 1.005042636,
2113.692757223, 1.005035045,
2113.713188964, 1.004770361,
2113.733620605, 1.004790925,
2113.754052345, 1.004921754,
2113.774483886, 1.004898361,
2113.794915527, 1.004923862,
2113.815347168, 1.005793183,
2113.835778909, 1.004809340,
2113.856210450, 1.004991387,
2113.876642192, 1.004966493,
2113.897073733, 1.004927654,
2113.937937116, 1.004970217,
2113.978800399, 1.004686876,
2113.999232040, 1.004836206,
2114.019663582, 1.004706965,
2114.060526966, 1.004711193,
2114.080958508, 1.005255071,
2114.101390250, 1.004953168,
2114.121821892, 1.004792737,
2114.142253634, 1.004954423,
2114.183116819, 1.004560677,
2114.203548561, 1.004932164,
2114.223980103, 1.005175868,
2114.244411746, 1.004990340,
2114.264843489, 1.004942693,
2114.285275031, 1.004910358,
2114.305706774, 1.004756385,
2114.326138417, 1.004698389,
2114.346570060, 1.004691550,
2114.428296633, 1.004826617,
2114.448728276, 1.004954687,
2114.469159919, 1.004551030,
2114.489591563, 1.004867766,
2114.510023207, 1.005088057,
2114.550886494, 1.005279382,
2114.571318138, 1.005002799,
2114.591749882, 1.004961443,
2114.612181426, 1.005117530,
2114.673476358, 1.005115176,
2114.693908003, 1.004833010,
2114.714339747, 1.005105552,
2114.734771292, 1.004941504,
2114.755203036, 1.004845807,
2114.775634681, 1.004439345,
2114.796066226, 1.004548652,
2114.816497970, 1.004815331,
2114.836929615, 1.004874017,
2114.857361160, 1.004829092,
2114.939087841, 1.004797493,
2114.959519487, 1.005060263,
2115.000382778, 1.005010615,
2115.020814423, 1.004947438,
2115.041246169, 1.005073564,
2115.061677815, 1.004975368,
2115.082109361, 1.004890757,
2115.102541107, 1.005126158,
2115.184267692, 1.005150178,
2115.204699339, 1.005020805,
2115.225130985, 1.005004791,
2115.245562632, 1.004898520,
2115.265994279, 1.004590977,
2115.286425925, 1.005218489,
2115.306857672, 1.004577003,
2115.327289219, 1.004991346,
2115.347720866, 1.005103319,
2115.368152614, 1.004714706,
2115.409015808, 1.004914385,
2115.429447556, 1.005297700,
2115.449879103, 1.005157933,
2115.470310751, 1.004813023,
2115.490742499, 1.004863454,
2115.511174047, 1.004970344,
2115.531605795, 1.004512861,
2115.552037443, 1.005173228,
2115.572469091, 1.005013075,
2115.592900739, 1.005201748,
2115.613332387, 1.005060809,
2115.654195684, 1.005054169,
2115.674627333, 1.005232467,
2115.695058981, 1.005222275,
2115.715490730, 1.004639165,
2115.735922279, 1.004927765,
2115.756354028, 1.004731453,
2115.776785677, 1.005270218,
2115.797217226, 1.004990078,
2115.817648975, 1.004753134,
2115.838080625, 1.004991697,
2115.858512174, 1.004903873,
2115.899375573, 1.005148725,
2115.919807223, 1.005026579,
2115.940238873, 1.005051314,
2115.960670423, 1.005084154,
2115.981102173, 1.005122341,
2116.001533823, 1.004862616,
2116.021965373, 1.005032187,
2116.042397123, 1.005019685,
2116.062828774, 1.005054133,
2116.083260424, 1.005105761,
2116.103692075, 1.005012055,
2116.144555477, 1.005096624,
2116.164987027, 1.004885287,
2116.185418678, 1.005768506,
2116.205850430, 1.005301449,
2116.226282081, 1.005231389,
2116.246713632, 1.004984256,
2116.267145383, 1.006000150,
2116.287577035, 1.005060772,
2116.308008687, 1.005230697,
2116.348871990, 1.005041965,
2116.389735294, 1.004758633,
2116.410166946, 1.005264498,
2116.430598698, 1.005160715,
2116.451030251, 1.005118364,
2116.471461903, 1.004808627,
2116.491893656, 1.007059111,
2116.512325208, 1.004703256,
2116.532756961, 1.004759087,
2116.553188614, 1.005150955,
2116.573620167, 1.004879105,
2116.634915126, 1.005349707,
2116.655346880, 1.005076564,
2116.675778433, 1.005398353,
2116.696210187, 1.005310744,
2116.716641840, 1.004796950,
2116.737073394, 1.005427959,
2116.757505148, 1.004880505,
2116.777936802, 1.005131276,
2116.798368456, 1.005035609,
2116.818800110, 1.004977991,
2116.900526728, 1.005270681,
2116.920958483, 1.004855029,
2116.941390138, 1.005165717,
2116.961821693, 1.004764156,
2116.982253448, 1.005158413,
2117.002685103, 1.004846458,
2117.023116658, 1.005064557,
2117.043548414, 1.005084958,
2117.063980069, 1.005298034,
2117.084411825, 1.005282137,
2117.145706792, 1.004625288,
2117.166138348, 1.004904856,
2117.186570005, 1.005002113,
2117.207001661, 1.005086945,
2117.227433317, 1.005326872,
2117.247864974, 1.004840681,
2117.268296630, 1.005113135,
2117.288728287, 1.005142492,
2117.309160044, 1.004804467,
2117.329591601, 1.004575662,
2117.390886572, 1.005190310,
2117.411318230, 1.005153601,
2117.431749987, 1.005185492,
2117.452181645, 1.005434698,
2117.472613303, 1.005079846,
2117.493044961, 1.005246589,
2117.513476618, 1.005257464,
2117.533908277, 1.005180750,
2117.595203352, 1.005264952,
2117.615634910, 1.005102935,
2117.636066569, 1.005061044,
2117.656498328, 1.005523702,
2117.676929886, 1.005217508,
2117.697361645, 1.004993779,
2117.717793305, 1.004925179,
2117.738224864, 1.004999150,
2117.758656623, 1.004904297,
2117.779088283, 1.005302596,
2117.799519842, 1.004972803,
2117.881246582, 1.005353046,
2117.901678242, 1.004972277,
2117.922109902, 1.004950280,
2117.942541563, 1.005182882,
2117.962973223, 1.005596617,
2117.983404884, 1.004859831,
2118.003836545, 1.005249128,
2118.024268206, 1.005028736,
2118.044699867, 1.005133957,
2118.065131528, 1.005553905,
2118.105994951, 1.004855042,
2118.126426512, 1.004762865,
2118.146858274, 1.005156824,
2118.167289936, 1.004947860,
2118.187721497, 1.004943090,
2118.208153259, 1.005451858,
2118.228584922, 1.004650111,
2118.249016484, 1.005407377,
2118.269448246, 1.005052125,
2118.289879909, 1.005248735,
2118.310311671, 1.005049385,
2118.371606660, 1.005377706,
2118.392038223, 1.004992257,
2118.412469886, 1.005310563,
2118.432901650, 1.005273448,
2118.453333213, 1.005262916,
2118.473764977, 1.005129740,
2118.494196641, 1.005319188,
2118.514628204, 1.005177963,
2118.535059968, 1.005391844,
2118.555491633, 1.005139047,
2118.596354961, 1.004960190,
2118.678081620, 1.005343200,
2118.698513285, 1.005045735,
2118.718944950, 1.005305938,
2118.739376615, 1.005297475,
2118.759808281, 1.005266734,
2118.780239946, 1.005398290,
2118.800671612, 1.005555394,
2118.841534944, 1.005067623,
2118.861966710, 1.005294424,
2118.882398376, 1.005339947,
2118.902829942, 1.005087195,
2118.923261709, 1.005139159,
2118.943693375, 1.005241245,
2119.004988376, 1.005252699,
2119.025419943, 1.005225951,
2119.107146713, 1.005128535,
2119.127578380, 1.005099110,
2119.148010148, 1.005189522,
2119.168441716, 1.005571526,
2119.188873384, 1.005080948,
2119.209305153, 1.005174859,
2119.229736721, 1.005171220,
2119.250168490, 1.005109452,
2119.270600158, 1.005075115,
2119.291031827, 1.005174777,
2119.352326735, 1.005405961,
2119.372758504, 1.004512243,
2119.393190173, 1.005112528,
2119.413621943, 1.005350654,
2119.434053513, 1.005306365,
2119.454485183, 1.005379206,
2119.474916953, 1.005320730,
2119.495348523, 1.005581022,
2119.515780193, 1.005249194,
2119.536211964, 1.004948676,
2119.577075205, 1.005744587,
2119.597506976, 1.004820613,
2119.617938547, 1.005456361,
2119.638370318, 1.004971974,
2119.658801989, 1.004612079,
2119.679233561, 1.005097544,
2119.699665332, 1.005406740,
2119.720097004, 1.004605885,
2119.740528676, 1.005166655,
2119.760960348, 1.005428969,
2119.781392020, 1.005139368,
2119.822255365, 1.005493462,
2119.842687037, 1.005080075,
2119.863118810, 1.005207301,
2119.883550483, 1.005214023,
2119.903982056, 1.005240604,
2119.924413729, 1.005461367,
2119.944845402, 1.005292635,
2119.965277076, 1.005161248,
2119.985708849, 1.005579395,
2120.006140423, 1.005258492,
2120.067435445, 1.005321557,
2120.087867219, 1.005035070,
2120.108298893, 1.005496816,
2120.128730468, 1.004915708,
2120.149162243, 1.004857113,
2120.169593918, 1.005532492,
2120.190025693, 1.004834777,
2120.230888943, 1.005337432,
2120.251320718, 1.005083746,
2120.271752294, 1.005382915,
2120.312615745, 1.005171360,
2120.333047321, 1.004905772,
2120.353478998, 1.005339622,
2120.373910774, 1.005110234,
2120.394342350, 1.005355506,
2120.414774127, 1.005423787,
2120.435205804, 1.005566827,
2120.455637481, 1.004959923,
2120.476069158, 1.005366224,
2120.496500835, 1.005257374,
2120.516932512, 1.005197598,
2120.557795867, 1.005030593,
2120.578227645, 1.005307420,
2120.598659223, 1.005372081,
2120.619090901, 1.005207891,
2120.639522679, 1.005198782,
2120.659954258, 1.005267945,
2120.680385936, 1.005185795,
2120.700817715, 1.005069576,
2120.721249294, 1.005423409,
2120.741680973, 1.005327309,
2120.802976111, 1.005301856,
2120.823407790, 1.005482839,
2120.843839370, 1.005166003,
2120.864271150, 1.005270895,
2120.884702830, 1.005429442,
2120.905134410, 1.005362318,
2120.925566190, 1.005276523,
2120.945997871, 1.005066770,
2120.986861232, 1.005127308,
2121.068587957, 1.005139275,
2121.089019739, 1.005334098,
2121.109451420, 1.005643499,
2121.129883002, 1.004844040,
2121.150314784, 1.004951640,
2121.191178149, 1.004923374,
2121.211609832, 1.004964161,
2121.232041514, 1.004888734,
2121.252473197, 1.004611637,
2121.272904880, 1.004968653,
2121.293336563, 1.005561547,
2121.313768246, 1.005169515,
2121.334199930, 1.005057633,
2121.354631714, 1.004939955,
2121.375063297, 1.005502806,
2121.395494981, 1.004988881,
2121.415926765, 1.005278023,
2121.436358350, 1.005050716,
2121.456790034, 1.005325691,
2121.477221819, 1.005155653,
2121.497653403, 1.005356391,
2121.538516873, 1.004949764,
2121.558948458, 1.004769171,
2121.579380244, 1.005385601,
2121.599811929, 1.005039426,
2121.620243615, 1.005233402,
2121.640675301, 1.005236954,
2121.661106987, 1.005390063,
2121.701970359, 1.005183687,
2121.722402046, 1.005177120,
2121.742833833, 1.005448422,
2121.783697106, 1.005111683,
2121.804128894, 1.005190554,
2121.824560581, 1.005327970,
2121.844992168, 1.005394499,
2121.865423956, 1.005089443,
2121.885855644, 1.004058158,
2121.906287232, 1.004243007,
2121.926719020, 1.003971447,
2121.947150708, 1.004936083,
2121.967582397, 1.005245100,
2122.049309152, 1.005132334,
2122.069740741, 1.005115457,
2122.090172531, 1.005254254,
2122.131036010, 1.005056998,
2122.151467600, 1.005160257,
2122.171899290, 1.004875901,
2122.192331081, 1.004950664,
2122.212762671, 1.006335160,
2122.233194362, 1.005118634,
2122.274057844, 1.005445577,
2122.294489435, 1.005322064,
2122.314921226, 1.004785974,
2122.335352918, 1.005262451,
2122.355784609, 1.004946197,
2122.376216301, 1.005133707,
2122.396647993, 1.005238341,
2122.417079685, 1.004905569,
2122.437511377, 1.005254114,
2122.457943070, 1.005220524,
2122.478374863, 1.005350419,
2122.519238248, 1.005152683,
2122.539669942, 1.004990094,
2122.560101535, 1.005140056,
2122.600965022, 1.005032574,
2122.621396616, 1.005298895,
2122.641828410, 1.005289048,
2122.662260004, 1.005209182,
2122.703123493, 1.005204104,
2122.784850173, 1.005426472,
2122.825713664, 1.005208016,
2122.846145360, 1.005449347,
2122.866577056, 1.004800261,
2122.887008752, 1.005263510,
2122.907440548, 1.005225231,
2122.927872245, 1.005139108,
2122.948303842, 1.005457908,
2122.968735638, 1.005356713,
2123.030030730, 1.005306061,
2123.050462427, 1.005242992,
2123.070894225, 1.005105401,
2123.091325823, 1.004920348,
2123.152620918, 1.005148317,
2123.173052616, 1.004938875,
2123.193484415, 1.005168856,
2123.234347713, 1.005466602,
2123.275211112, 1.005315273,
2123.295642912, 1.005044321,
2123.316074512, 1.005175439,
2123.336506212, 1.004890868,
2123.356938012, 1.005016075,
2123.377369612, 1.005464974,
2123.397801313, 1.005445852,
2123.418233114, 1.005187998,
2123.438664715, 1.005442978,
2123.459096516, 1.005190357,
2123.520391620, 1.005285700,
2123.540823322, 1.005534608,
2123.561255024, 1.005315235,
2123.581686726, 1.005324412,
2123.602118429, 1.004840613,
2123.622550231, 1.005239856,
2123.642981934, 1.005153862,
2123.663413537, 1.005044457,
2123.683845340, 1.005158282,
2123.704277043, 1.005099751,
2123.745140451, 1.005466893,
2123.765572154, 1.004989364,
2123.786003759, 1.005272783,
2123.826867267, 1.005306717,
2123.847299072, 1.004697771,
2123.867730677, 1.005057430,
2123.888162382, 1.005598826,
2123.908594087, 1.004900260,
2123.949457498, 1.005192105,
2123.990320909, 1.004906216,
2124.010752716, 1.005313135,
2124.031184322, 1.005153401,
2124.072047835, 1.005257621,
2124.092479442, 1.005059293,
2124.112911149, 1.005314108,
2124.133342956, 1.005337585,
2124.153774664, 1.005139729,
2124.174206271, 1.005369878,
2124.194638079, 1.005146301,
2124.235501495, 1.005212072,
2124.255933204, 1.005323121,
2124.276364912, 1.005127054,
2124.296796721, 1.005340596,
2124.317228330, 1.004880875,
2124.337660039, 1.004913484,
2124.358091849, 1.005043401,
2124.378523458, 1.005327671,
2124.398955268, 1.005030251,
2124.419386978, 1.005337833,
2124.439818588, 1.005438835,
2124.480682109, 1.005100618,
2124.501113719, 1.005137816,
2124.521545530, 1.004929820,
2124.541977241, 1.005110592,
2124.562408953, 1.005296352,
2124.582840664, 1.005335466,
2124.603272376, 1.005096442,
2124.623704088, 1.005200449,
2124.644135800, 1.005132479,
2124.664567512, 1.005407459,
2124.684999224, 1.005126736,
2124.746294363, 1.004957263,
2124.766726076, 1.005128329,
2124.787157890, 1.005276537,
2124.807589603, 1.004883167,
2124.828021217, 1.005162193,
2124.848453031, 1.005132180,
2124.868884745, 1.005411244,
2124.889316360, 1.004919184,
2124.909748174, 1.004694853,
2124.930179889, 1.005033787,
2124.991475035, 1.005297256,
2125.011906850, 1.005171961,
2125.032338466, 1.005157205,
2125.052770182, 1.004792393,
2125.073201998, 1.004841356,
2125.093633615, 1.006900953,
2125.114065331, 1.004435943,
2125.134497148, 1.005083348,
2125.195792300, 1.004738230,
2125.216223918, 1.004979535,
2125.236655735, 1.004903909,
2125.257087453, 1.004874910,
2125.277519172, 1.005664105,
2125.318382609, 1.004944925,
2125.338814327, 1.005085056,
2125.359246047, 1.005132198,
2125.379677766, 1.005041547,
2125.400109485, 1.004934074,
2125.461404645, 1.004952104,
2125.481836365, 1.005085501,
2125.502268185, 1.004674001,
2125.522699906, 1.005257912,
2125.543131527, 1.005136210,
2125.563563348, 1.005500945,
2125.583995069, 1.005008509,
2125.604426691, 1.004920329,
2125.624858513, 1.004969046,
2125.645290234, 1.004904772,
2125.665721857, 1.005207698,
2125.747448847, 1.005106196,
2125.767880570, 1.004818075,
2125.788312394, 1.005208050,
2125.808744017, 1.005010539,
2125.829175741, 1.004770309,
2125.849607565, 1.005001336,
2125.870039189, 1.004940190,
2125.890471013, 1.005561369,
2125.910902738, 1.005052856,
2125.951766188, 1.005168882,
2125.972197813, 1.004945416,
2125.992629639, 1.005214407,
2126.013061364, 1.004712027,
2126.033493090, 1.005132980,
2126.053924716, 1.005165435,
2126.074356542, 1.005041382,
2126.094788269, 1.004696574,
2126.115219996, 1.004831892,
2126.135651723, 1.005047053,
2126.156083450, 1.004919038,
2126.196946905, 1.005038350,
2126.217378632, 1.004586462,
2126.237810460, 1.004784404,
2126.258242089, 1.005064777,
2126.278673917, 1.005034690,
2126.299105646, 1.005093875,
2126.319537274, 1.005108056,
2126.339969104, 1.005185989,
2126.360400833, 1.005077597,
2126.380832462, 1.005464762,
2126.401264292, 1.004826276,
2126.442127652, 1.005183176,
2126.462559482, 1.004951635,
2126.482991213, 1.004896552,
2126.503423044, 1.005120472,
2126.523854675, 1.005074140,
2126.544286406, 1.005339488,
2126.564718237, 1.004884021,
2126.605581601, 1.004959429,
2126.626013333, 1.005045961,
2126.707740263, 1.004998137,
2126.728172096, 1.004915751,
2126.748603830, 1.005131346,
2126.769035464, 1.005281312,
2126.789467297, 1.005023943,
2126.809899031, 1.005336104,
2126.830330866, 1.005420776,
2126.850762500, 1.005203106,
2126.871194235, 1.004917896,
2126.891626070, 1.004860693,
2126.952921276, 1.004924601,
2126.973352912, 1.004995291,
2126.993784648, 1.005033408,
2127.014216484, 1.004997949,
2127.034648120, 1.004907059,
2127.055079957, 1.004989601,
2127.075511694, 1.004716242,
2127.095943331, 1.005286316,
2127.116375168, 1.005012613,
2127.136806906, 1.004872804,
2127.198102120, 1.005298922,
2127.218533959, 1.005006659,
2127.238965597, 1.004391423,
2127.259397336, 1.005067229,
2127.279829075, 1.004932642,
2127.300260815, 1.004688088,
2127.320692554, 1.005163926,
2127.361556034, 1.005066896,
2127.381987774, 1.004974774,
2127.422851256, 1.004842292,
2127.443283097, 1.004643061,
2127.463714838, 1.004906865,
2127.484146479, 1.004599932,
2127.504578321, 1.004992767,
2127.525010063, 1.005151555,
2127.545441705, 1.004960680,
2127.565873547, 1.005194157,
2127.586305290, 1.004828470,
2127.688464006, 1.004988467,
2127.708895750, 1.004788500,
2127.729327594, 1.004944675,
2127.749759239, 1.004634753,
2127.770191083, 1.005028702,
2127.790622828, 1.005185456,
2127.811054573, 1.004835564,
2127.831486318, 1.004662904,
2127.892781556, 1.005370771,
2127.913213302, 1.004965285,
2127.933645048, 1.004402739,
2127.954076795, 1.005361449,
2127.974508542, 1.004795964,
2127.994940389, 1.005126191,
2128.015372037, 1.004876285,
2128.035803784, 1.004647153,
2128.056235632, 1.004745913,
2128.076667280, 1.004754634,
2128.097099028, 1.005019766,
2128.158394375, 1.004770133,
2128.178826124, 1.004669910,
2128.199257774, 1.004877929,
2128.219689623, 1.004683526,
2128.240121373, 1.004606302,
2128.260553024, 1.004812786,
2128.301416625, 1.004852217,
2128.321848276, 1.004621217,
2128.424007134, 1.004641579,
2128.444438986, 1.005070485,
2128.464870739, 1.004447882,
2128.485302391, 1.005045156,
2128.505734244, 1.004758734,
2128.526165998, 1.004784519,
2128.567029505, 1.004573843,
2128.587461259, 1.004909741,
2128.607893013, 1.004932727,
2128.628324768, 1.005017822,
2128.648756523, 1.004967097,
2128.669188278, 1.004840025,
2128.710051888, 1.004892319,
2128.730483544, 1.004823240,
2128.750915300, 1.004675401,
2128.771347156, 1.004768023,
2128.791778812, 1.004494926,
2128.812210569, 1.004481628,
2128.832642426, 1.004844363,
2128.914369356, 1.005098775,
2128.934801214, 1.005259310,
2128.955232972, 1.004755626,
2128.975664731, 1.004784734,
2128.996096490, 1.004716381,
2129.016528249, 1.004997613,
2129.036960008, 1.004433040,
2129.057391768, 1.004403032,
2129.077823528, 1.004709985,
2129.098255388, 1.007529626,
2129.159550669, 1.004764728,
2129.179982430, 1.004912186,
2129.200414092, 1.004891654,
2129.220845953, 1.004816803,
2129.241277715, 1.004983720,
2129.261709477, 1.004981015,
2129.282141239, 1.004885110,
2129.302573002, 1.004629182,
2129.323004765, 1.004717207,
2129.343436528, 1.004425544,
2129.384300054, 1.004380984,
2129.404731818, 1.004619166,
2129.425163482, 1.004657280,
2129.445595347, 1.004384235,
2129.466027111, 1.004975122,
2129.486458976, 1.004712831,
2129.506890641, 1.004626904,
2129.527322406, 1.004623229,
2129.547754272, 1.005066608,
2129.568185937, 1.004981668,
2129.588617703, 1.004684894,
2129.649913103, 1.004921046,
2129.670344870, 1.004945389,
2129.690776637, 1.004426299,
2129.711208405, 1.004853284,
2129.731640173, 1.005323082,
2129.752071941, 1.005043573,
2129.772503709, 1.005020156,
2129.792935477, 1.005175431,
2129.813367246, 1.005302479,
2129.833799115, 1.004820139,
2129.874662654, 1.004665729,
2129.895094424, 1.005052995,
2129.915526094, 1.004998734,
2129.935957964, 1.005023744,
2129.956389735, 1.005076276,
2129.976821406, 1.005052626,
2129.997253277, 1.004842505,
2130.017684948, 1.005284979,
2130.038116820, 1.005079155,
2130.058548591, 1.004898989,
2130.078980264, 1.004733446,
2130.119843908, 1.004888511,
2130.140275581, 1.004975480,
2130.160707454, 1.005217319,
2130.181139228, 1.004954430,
2130.201571101, 1.005112704,
2130.222002775, 1.004935605,
2130.242434549, 1.004803656,
2130.262866424, 1.005055620,
2130.283298099, 1.004969379,
2130.365025200, 1.004868576,
2130.385457076, 1.004850952,
2130.405888852, 1.004768595,
2130.426320629, 1.004839554,
2130.446752405, 1.005240242,
2130.467184182, 1.004863076,
2130.487616060, 1.004747439,
2130.508047737, 1.005098357,
2130.528479515, 1.004869395,
2130.548911393, 1.004960872,
2130.569343071, 1.005292357,
2130.630638408, 1.004656165,
2130.651070287, 1.004916617,
2130.671501967, 1.005460007,
2130.691933746, 1.005090418,
2130.712365627, 1.005209054,
2130.732797307, 1.004819447,
2130.753229188, 1.004610575,
2130.773660969, 1.004849405,
2130.794092650, 1.004793045,
2130.814524531, 1.004944300,
2130.875819877, 1.004809126,
2130.896251660, 1.005007687,
2130.916683443, 1.005001988,
2130.937115226, 1.004780809,
2130.957547009, 1.004839908,
2130.977978893, 1.004698485,
2130.998410676, 1.004774518,
2131.018842361, 1.004789070,
2131.039274245, 1.005164613,
2131.059706030, 1.005317950,
2131.121001385, 1.005153246,
2131.141433171, 1.004836963,
2131.161864957, 1.004936419,
2131.182296743, 1.005049855,
2131.202728630, 1.004970076,
2131.223160316, 1.005191232,
2131.243592104, 1.004644671,
2131.264023891, 1.004926379,
2131.284455678, 1.004810365,
2131.304887566, 1.004635889,
2131.366182931, 1.005332907,
2131.386614621, 1.005278453,
2131.407046410, 1.005085958,
2131.427478299, 1.005277410,
2131.447909989, 1.005019193,
2131.468341779, 1.004325138,
2131.488773669, 1.004622963,
2131.509205360, 1.004919328,
2131.529637251, 1.004980565,
2131.550069042, 1.004966495,
2131.590932625, 1.005273193,
2131.611364417, 1.005003562,
2131.631796209, 1.004887219,
2131.652228101, 1.005220106,
2131.672659794, 1.004606798,
2131.693091687, 1.004754034,
2131.713523481, 1.004682289,
2131.733955174, 1.004809305,
2131.754387068, 1.004980075,
2131.774818862, 1.004932008,
2131.795250557, 1.004820981,
2131.856546142, 1.005386473,
2131.876977837, 1.004649576,
2131.897409633, 1.004788558,
2131.917841429, 1.004941440,
2131.938273225, 1.005175000,
2131.958705022, 1.005162691,
2131.979136819, 1.004629203,
2131.999568616, 1.004480018,
2132.060864009, 1.004451276,
2132.081295907, 1.004736414,
2132.101727606, 1.004656495,
2132.122159405, 1.005055511,
2132.142591304, 1.004749223,
2132.163023003, 1.004694424,
2132.203886703, 1.005274063,
2132.224318503, 1.004543285,
2132.244750304, 1.004995176,
2132.265182104, 1.004893835,
2132.285613906, 1.005046362,
2132.346909310, 1.005047534,
2132.367341213, 1.004854714,
2132.387772915, 1.004917299,
2132.428636621, 1.005241011,
2132.449068324, 1.005202858,
2132.469500228, 1.005012258,
2132.489932032, 1.004210498,
2132.510363736, 1.004908497,
2132.571659150, 1.004961718,
2132.592091056, 1.005336958,
2132.612522861, 1.004923454,
2132.632954667, 1.004756378,
2132.653386473, 1.005031255,
2132.673818180, 1.005196651,
2132.694250086, 1.005175328,
2132.714681893, 1.004881312,
2132.735113701, 1.004935067,
2132.755545508, 1.004986971,
2132.775977316, 1.004958308,
2132.837272742, 1.005380970,
2132.857704651, 1.004528642,
2132.878136460, 1.004986854,
2132.898568169, 1.005050680,
2132.919000079, 1.005045773,
2132.939431889, 1.004916759,
2132.959863700, 1.004557294,
2132.980295511, 1.004817408,
2133.000727322, 1.005093975,
2133.021159233, 1.004987386,
2133.082454669, 1.005221305,
2133.102886381, 1.004635325,
2133.123318294, 1.005110609,
2133.143750107, 1.005017785,
2133.164181820, 1.005304326,
2133.184613734, 1.005081725,
2133.205045548, 1.004994460,
2133.225477262, 1.005388027,
2133.245909177, 1.004928188,
2133.266340992, 1.005016460,
2133.307204622, 1.004926574,
2133.327636338, 1.005229480,
2133.348068254, 1.005139880,
2133.368500070, 1.005661924,
2133.388931786, 1.005298050,
2133.409363703, 1.005006164,
2133.429795520, 1.005085034,
2133.450227338, 1.005021775,
2133.470659156, 1.004845222,
2133.491090974, 1.005126402,
2133.552386430, 1.004847845,
2133.572818349, 1.005299209,
2133.593250168, 1.004977690,
2133.613681888, 1.005556006,
2133.634113808, 1.004971424,
2133.654545628, 1.005135908,
2133.674977549, 1.005146133,
2133.715841091, 1.005085579,
2133.736273013, 1.005815561,
2133.756704735, 1.005556177,
2133.777136557, 1.004418645,
2133.797568479, 1.004931745,
2133.818000202, 1.004973292,
2133.838432025, 1.004691615,
2133.858863949, 1.005162281,
2133.879295672, 1.005454944,
2133.899727596, 1.005068930,
2133.920159420, 1.005170689,
2133.940591145, 1.005060534,
2133.961023070, 1.005381631,
2133.981454795, 1.005125388,
2134.063182199, 1.004668136,
2134.083614025, 1.005030111,
2134.104045852, 1.005136206,
2134.124477679, 1.005187095,
2134.144909507, 1.005031779,
2134.165341335, 1.004970461,
2134.185773163, 1.005001915,
2134.267500478, 1.004859674,
2134.287932408, 1.005220215,
2134.308364238, 1.005147468,
2134.328795968, 1.005050896,
2134.390091461, 1.007654627,
2134.410523392, 1.005050000,
2134.430955224, 1.005205646,
2134.451387156, 1.005005154,
2134.553546221, 1.004561593,
2134.573978055, 1.005417817,
2134.594409889, 1.005117161,
2134.614841824, 1.005371438,
2134.635273659, 1.005044867,
2134.655705394, 1.005369761,
2134.676137329, 1.004996963,
2134.696569065, 1.005326831,
2134.778296411, 1.004971252,
2134.798728348, 1.004965261,
2134.819160186, 1.005123537,
2134.839592024, 1.005346618,
2134.860023862, 1.004858544,
2134.900887639, 1.005180569,
2134.921319379, 1.005439265,
2134.941751218, 1.004858833,
2134.962183158, 1.004911402,
2134.982614898, 1.005321873,
2135.043910420, 1.004951662,
2135.064342361, 1.005382609,
2135.084774203, 1.004925364,
2135.105205945, 1.004666950,
2135.125637887, 1.004448160,
2135.146069730, 1.004885027,
2135.166501673, 1.004686881,
2135.186933416, 1.005252702,
2135.207365259, 1.004644636,
2135.227797203, 1.004731804,
2135.268660792, 1.005062837,
2135.289092736, 1.004993426,
2135.309524481, 1.004571099,
2135.329956327, 1.005293619,
2135.350388173, 1.005440193,
2135.370820019, 1.004848632,
2135.391251965, 1.005166795,
2135.432115558, 1.005480808,
2135.452547506, 1.005156340,
2135.534274898, 1.005552737,
2135.554706847, 1.004524053,
2135.575138596, 1.005441559,
2135.595570445, 1.005071290,
2135.616002395, 1.005074466,
2135.636434145, 1.005020874,
2135.656865996, 1.005167217,
2135.677297947, 1.005123682,
2135.697729698, 1.005075956,
2135.718161649, 1.005031541,
2135.779457205, 1.005290366,
2135.799889058, 1.004973226,
2135.840752764, 1.004718512,
2135.861184618, 1.005027766,
2135.881616472, 1.005071049,
2135.922480181, 1.004852083,
2135.942912135, 1.005109386,
2135.963343891, 1.005575636,
2135.983775746, 1.004938631,
2136.004207602, 1.005302978,
2136.024639458, 1.005268760,
2136.045071315, 1.004942576,
2136.065503272, 1.005207457,
2136.085935029, 1.004839594,
2136.106366986, 1.005351680,
2136.126798844, 1.004951912,
2136.147230602, 1.005076861,
2136.167662561, 1.005240447,
2136.188094419, 1.005134298,
2136.208526178, 1.004819070,
2136.249389998, 1.005065671,
2136.269821958, 1.005213445,
2136.290253718, 1.005105600,
2136.310685579, 1.005061591,
2136.351549301, 1.005021888,
2136.371981163, 1.004987279,
2136.392413125, 1.005272156,
2136.412844887, 1.004576362,
2136.515004304, 1.005360136,
2136.535436168, 1.005239699,
2136.555868033, 1.005317155,
2136.576299898, 1.004843654,
2136.596731763, 1.005243271,
2136.617163628, 1.005181696,
2136.637595494, 1.005266971,
2136.658027361, 1.004975924,
2136.678459227, 1.005509285,
2136.698891094, 1.005143550,
2136.760186697, 1.005363794,
2136.801050434, 1.005636013,
2136.821482403, 1.005028387,
2136.841914272, 1.005143746,
2136.862346041, 1.005364444,
2136.882778011, 1.004862382,
2136.903209881, 1.005509025,
2136.923641652, 1.005104538,
2136.944073623, 1.005330733,
2137.005369237, 1.005407570,
2137.025801110, 1.004885974,
2137.046233082, 1.005028656,
2137.066664855, 1.005266776,
2137.087096728, 1.005543000,
2137.107528702, 1.005338489,
2137.127960476, 1.004356966,
2137.148392350, 1.004790231,
2137.168824325, 1.005365672,
2137.189256199, 1.004905608,
2137.250551826, 1.005087478,
2137.270983702, 1.005107799,
2137.291415579, 1.004651190,
2137.311847456, 1.005536024,
2137.332279333, 1.005013059,
2137.352711211, 1.005233919,
2137.373143088, 1.005014326,
2137.393574967, 1.005072707,
2137.414006845, 1.005499561,
2137.495734463, 1.005542218,
2137.516166243, 1.005364646,
2137.536598224, 1.005353071,
2137.557030105, 1.004871133,
2137.577461886, 1.005118638,
2137.597893867, 1.005344603,
2137.618325749, 1.005636348,
2137.638757532, 1.005524339,
2137.659189514, 1.005389973,
2137.679621397, 1.005519519,
2137.720485164, 1.005754395,
2137.740917048, 1.005134852,
2137.761349032, 1.005464266,
2137.781780817, 1.005577896,
2137.802212702, 1.005522800,
2137.822644688, 1.005249626,
2137.843076473, 1.005455102,
2137.863508359, 1.005332358,
2137.883940345, 1.005603558,
2137.904372232, 1.005158949,
2137.924804119, 1.005408837,
2137.965667794, 1.005313397,
2137.986099782, 1.005594990,
2138.006531671, 1.005595746,
2138.026963460, 1.005291837,
2138.047395449, 1.005291678,
2138.067827338, 1.005457513,
2138.088259328, 1.005448058,
2138.108691118, 1.005202927,
2138.129123009, 1.005452626,
2138.149554999, 1.005103420,
2138.169986791, 1.005215672,
2138.231282466, 1.005322678,
2138.251714459, 1.005124943,
2138.272146352, 1.005257441,
2138.292578145, 1.005195615,
2138.313010139, 1.005241300,
2138.333442033, 1.005121947,
2138.353873827, 1.005482672,
2138.374305821, 1.005132034,
2138.394737716, 1.005640237,
2138.415169612, 1.005652797,
2138.456033403, 1.005441428,
2138.476465400, 1.005302185,
2138.496897196, 1.005532401,
2138.517329094, 1.005423251,
2138.537761091, 1.005464049,
2138.578624787, 1.005329082,
2138.619488584, 1.005756398,
2138.639920583, 1.005515727,
2138.660352483, 1.005722308,
2138.721648183, 1.005577473,
2138.742079984, 1.005595844,
2138.762511986, 1.005558436,
2138.782943887, 1.005560086,
