BJD - 2454833, Corrected Flux
2061.305734152, 1.000635583,
2061.326166428, 0.997262619,
2061.346598604, 1.000555142,
2061.367030680, 0.996087915,
2061.387462955, 0.998310114,
2061.407895130, 0.998022114,
2061.428327404, 0.997277469,
2061.489623925, 0.989645441,
2061.510055997, 0.990272384,
2061.530488169, 0.988900754,
2061.550920441, 0.990146163,
2061.571352612, 0.988295954,
2061.591784683, 0.989259953,
2061.612216953, 0.988286809,
2061.632649123, 0.986358725,
2061.653081192, 0.987312622,
2061.673513461, 0.989606934,
2061.693945630, 0.988677842,
2061.714377798, 0.987601744,
2061.734809966, 0.986345387,
2061.755242133, 0.987307744,
2061.775674299, 0.988364142,
2061.796106466, 0.986439780,
2061.816538632, 0.988413934,
2061.836970797, 0.985995223,
2061.857402962, 0.983611088,
2061.877835027, 0.985190508,
2061.898267291, 0.989224629,
2061.918699455, 0.986120901,
2061.939131618, 0.984747431,
2061.959563781, 0.985948904,
2061.979995943, 0.983863069,
2062.000428205, 0.985219476,
2062.020860266, 0.985132567,
2062.041292427, 0.982983079,
2062.061724688, 0.986065111,
2062.082156748, 0.984140188,
2062.102588908, 0.984125141,
2062.123021167, 0.986968091,
2062.143453326, 0.984772190,
2062.163885385, 0.983599381,
2062.225181857, 0.984965603,
2062.245614114, 0.982273071,
2062.266046270, 0.981983579,
2062.286478326, 0.983575411,
2062.306910581, 0.983733764,
2062.327342736, 0.981666034,
2062.347774990, 0.982626789,
2062.368207045, 0.982985870,
2062.388639198, 0.982054228,
2062.409071451, 0.980794962,
2062.429503504, 0.983305991,
2062.449935656, 0.976805217,
2062.470367808, 0.982554287,
2062.490799960, 0.982541327,
2062.511232111, 0.981068918,
2062.531664261, 0.982714315,
2062.552096411, 0.983411839,
2062.572528561, 0.981966604,
2062.592960710, 0.981287429,
2062.613392859, 0.981958361,
2062.633825007, 0.981732745,
2062.654257255, 0.983755560,
2062.674689303, 0.982537519,
2062.695121550, 0.983209955,
2062.715553697, 0.982904874,
2062.735985743, 0.982392495,
2062.756417989, 0.982853208,
2062.776850134, 0.982658513,
2062.797282179, 0.980860535,
2062.817714423, 0.980924805,
2062.838146567, 0.981296719,
2062.858578611, 0.981758354,
2062.879010854, 0.981407861,
2062.899442997, 0.979627884,
2062.919875039, 0.981600208,
2062.940307281, 0.982161069,
2062.960739422, 0.979611576,
2062.981171563, 0.980497155,
2063.001603704, 0.978932425,
2063.022035844, 0.980306728,
2063.042467984, 0.980997078,
2063.062900123, 0.982169815,
2063.083332262, 0.980605082,
2063.124196638, 0.979138683,
2063.144628676, 0.980085975,
2063.165060913, 0.981166246,
2063.185493049, 0.979613296,
2063.205925086, 0.980811515,
2063.226357321, 0.987010491,
2063.246789357, 0.983706244,
2063.267221492, 0.980955876,
2063.287653726, 0.979712169,
2063.308085761, 0.980293498,
2063.328517894, 0.978599790,
2063.348950127, 0.978238750,
2063.369382160, 0.979920938,
2063.389814293, 0.979886573,
2063.410246525, 0.981473702,
2063.430678556, 0.979000396,
2063.451110687, 0.979143625,
2063.471542918, 0.977559034,
2063.491975048, 0.977945751,
2063.512407178, 0.978041115,
2063.553271436, 0.980531072,
2063.573703565, 0.979340192,
2063.594135693, 0.977878021,
2063.614567820, 0.978493501,
2063.696296427, 0.979703326,
2063.716728453, 0.979232632,
2063.757592802, 0.978785121,
2063.778024827, 0.980427222,
2063.798456950, 0.978831191,
2063.818889174, 0.977525129,
2063.839321197, 0.979417392,
2063.859753319, 0.979432062,
2063.880185542, 0.977751394,
2063.900617563, 0.978843134,
2063.921049784, 0.976349192,
2063.941481905, 0.977207901,
2063.961913926, 0.977968513,
2063.982346146, 0.979376037,
2064.002778265, 0.981298268,
2064.023210284, 0.978625994,
2064.043642503, 0.978691905,
2064.064074621, 0.977950329,
2064.084506639, 0.977940423,
2064.104938857, 0.979225759,
2064.554445334, 0.978392555,
2064.574877541, 0.976509229,
2064.595309649, 0.976073938,
2064.615741656, 0.978445950,
2064.636173862, 0.978148640,
2064.656605968, 0.978637080,
2064.738334288, 0.977184152,
2064.758766492, 0.979686428,
2064.779198496, 0.979133525,
2064.799630699, 0.979259237,
2064.820062802, 0.976384117,
2064.840494904, 0.978483772,
2064.860927005, 0.978961907,
2064.922223309, 0.978717643,
2064.942655409, 0.980382446,
2064.963087509, 0.977651125,
2064.983519708, 0.979471486,
2065.003951707, 0.978890428,
2065.024383805, 0.979948122,
2065.044816004, 0.977909163,
2065.065248001, 0.979023484,
2065.085680099, 0.979778361,
2065.106112296, 0.978345413,
2065.126544292, 0.978276337,
2065.146976388, 0.977543125,
2065.167408583, 0.977191691,
2065.187840579, 0.977709235,
2065.208272773, 0.979371846,
2065.228704868, 0.978700510,
2065.249136862, 0.978831606,
2065.269569055, 0.977045462,
2065.290001149, 0.978158358,
2065.310433241, 0.978986986,
2065.330865333, 0.978495180,
2065.351297425, 0.978300357,
2065.371729517, 0.980448130,
2065.392161608, 0.981733521,
2065.412593698, 0.982247666,
2065.433025789, 0.978726777,
2065.453457879, 0.979846142,
2065.473889968, 0.978158317,
2065.494321957, 0.978441285,
2065.514754145, 0.977830785,
2065.535186233, 0.978226910,
2065.555618221, 0.982464343,
2065.576050408, 0.979721231,
2065.596482496, 0.978239284,
2065.657778754, 0.976884723,
2065.678210939, 0.979829229,
2065.719075008, 0.981319954,
2065.739507192, 0.976975139,
2065.759939176, 0.977523802,
2065.780371259, 0.978634153,
2065.800803442, 0.980793927,
2065.821235524, 0.978928174,
2065.841667506, 0.978899292,
2065.862099688, 0.980080549,
2065.882531769, 0.981278941,
2065.902963750, 0.979261299,
2065.923395930, 0.979079551,
2065.943828010, 0.978280873,
2065.964259990, 0.978745796,
2065.984692168, 0.979837380,
2066.005124247, 0.975067992,
2066.025556226, 0.978513429,
2066.045988403, 0.978160649,
2066.066420481, 0.980223220,
2066.086852658, 0.978482304,
2066.148148787, 0.979243394,
2066.168580862, 0.981435127,
2066.189012937, 0.977913622,
2066.209445011, 0.977535694,
2066.229877086, 0.979368738,
2066.250309160, 0.980123411,
2066.270741233, 0.978578345,
2066.291173306, 0.977329187,
2066.311605378, 0.978121684,
2066.332037551, 0.980436754,
2066.393333765, 0.980271786,
2066.413765735, 0.980614209,
2066.434197805, 0.979918269,
2066.454629975, 0.980938357,
2066.475061944, 0.979657258,
2066.495494013, 0.979296765,
2066.515926182, 0.979221061,
2066.536358150, 0.979966192,
2066.556790317, 0.978703803,
2066.577222385, 0.979193060,
2066.597654351, 0.979129766,
2066.618086518, 0.978582180,
2066.638518584, 0.980291498,
2066.658950650, 0.979293835,
2066.679382715, 0.979771848,
2066.699814780, 0.979161145,
2066.720246844, 0.985670526,
2066.740678908, 0.980038072,
2066.761110972, 0.982570949,
2066.781543035, 0.980016934,
2066.801975198, 0.977948564,
2066.822407160, 0.979244194,
2066.863271284, 0.977886170,
2066.883703345, 0.979167174,
2066.904135406, 0.979848157,
2066.924567566, 0.978185732,
2066.944999526, 0.977880441,
2066.965431486, 0.979618242,
2066.985863646, 0.979135039,
2067.006295704, 0.978951165,
2067.026727862, 0.981537525,
2067.047159821, 0.978229151,
2067.067591878, 0.979088409,
2067.088024035, 0.980247749,
2067.108455992, 0.979742157,
2067.128888049, 0.980078241,
2067.149320205, 0.977412371,
2067.169752260, 0.978632112,
2067.190184215, 0.980453335,
2067.210616370, 0.980648643,
2067.231048424, 0.981143265,
2067.251480378, 0.979770839,
2067.271912532, 0.979852234,
2067.292344585, 0.977820613,
2067.312776538, 0.978680418,
2067.353640742, 0.979910457,
2067.374072694, 0.978610131,
2067.394504845, 0.977498177,
2067.414936896, 0.977983255,
2067.435368847, 0.981800181,
2067.476233046, 0.979176596,
2067.496665195, 0.980170168,
2067.517097144, 0.979674554,
2067.537529193, 0.979395974,
2067.557961341, 0.977878255,
2067.578393288, 0.984835026,
2067.598825335, 0.980011010,
2067.619257383, 0.980224112,
2067.639689529, 0.981030074,
2067.660121475, 0.978753015,
2067.680553520, 0.978581217,
2067.700985565, 0.980296910,
2067.721417611, 0.978711312,
2067.741849755, 0.979453249,
2067.762281699, 0.977718041,
2067.782713743, 0.979732015,
2067.803145886, 0.978240132,
2067.864442013, 0.980550682,
2067.884873955, 0.977598089,
2067.905306096, 0.980372723,
2067.925738137, 0.979022347,
2067.946170078, 0.977034254,
2067.966602218, 0.980892169,
2067.987034258, 0.980025339,
2068.007466297, 0.981895101,
2068.027898336, 0.978453159,
2068.048330374, 0.980216489,
2068.130058524, 0.979832121,
2068.150490661, 0.979083225,
2068.170922597, 0.980160215,
2068.191354633, 0.978128365,
2068.211786768, 0.977583721,
2068.232218703, 0.978813613,
2068.252650738, 0.979531543,
2068.273082872, 0.979163400,
2068.293514806, 0.979160706,
2068.313946839, 0.980968410,
2068.334378972, 0.978532224,
2068.354810905, 0.979087838,
2068.375243037, 0.979389047,
2068.395674969, 0.980903599,
2068.416107001, 0.978121933,
2068.436539132, 0.978722820,
2068.456971062, 0.980055889,
2068.477403093, 0.980135429,
2068.497835223, 0.979880736,
2068.518267152, 0.979921388,
2068.538699181, 0.979901589,
2068.559131310, 0.979914294,
2068.579563338, 0.981379322,
2068.599995266, 0.981062168,
2068.620427394, 0.979591553,
2068.640859421, 0.980752235,
2068.661291348, 0.979714093,
2068.681723474, 0.978523832,
2068.702155500, 0.977890304,
2068.722587426, 0.979122940,
2068.743019551, 0.979160921,
2068.763451576, 0.982232697,
2068.845179771, 0.979973027,
2068.865611694, 0.979790967,
2068.886043717, 0.980223976,
2068.906475839, 0.980824671,
2068.926907761, 0.980670533,
2068.947339782, 0.980423308,
2068.967771903, 0.979157560,
2068.988203923, 0.978532948,
2069.008635844, 0.978133870,
2069.029067963, 0.979740281,
2069.049499983, 0.981026719,
2069.069931902, 0.980124544,
2069.090364021, 0.978259385,
2069.110795939, 0.979976512,
2069.131227957, 0.980947566,
2069.151660074, 0.980406021,
2069.172092091, 0.980812954,
2069.192524008, 0.979026701,
2069.212956124, 0.979225352,
2069.233388041, 0.982662607,
2069.253820156, 0.978965703,
2069.274252171, 0.979562654,
2069.315116201, 0.979371615,
2069.335548215, 0.981590530,
2069.355980128, 0.979719555,
2069.376412242, 0.978386585,
2069.396844254, 0.980849316,
2069.417276267, 0.975662417,
2069.437708279, 0.983617445,
2069.458140291, 0.979149168,
2069.478572302, 0.980153433,
2069.499004313, 0.979584951,
2069.519436324, 0.979697042,
2069.580732353, 0.981859808,
2069.601164363, 0.979491543,
2069.621596471, 0.981540264,
2069.642028379, 0.980141356,
2069.662460487, 0.982334272,
2069.682892495, 0.979523278,
2069.703324402, 0.981043608,
2069.723756509, 0.978302168,
2069.744188515, 0.981843678,
2069.764620421, 0.981589294,
2069.785052527, 0.981940634,
2069.805484532, 0.980534580,
2069.825916437, 0.979053454,
2069.846348542, 0.979115031,
2069.866780446, 0.980844107,
2069.887212550, 0.973249397,
2069.907644553, 0.979043836,
2069.928076556, 0.983043719,
2069.948508459, 0.983169574,
2069.968940561, 0.982511172,
2069.989372562, 0.982614554,
2070.009804464, 0.983412491,
2070.111964566, 0.980429942,
2070.132396665, 0.982809464,
2070.152828564, 0.980946312,
2070.173260562, 0.982725339,
2070.193692660, 0.979994232,
2070.214124558, 0.982720184,
2070.234556556, 0.978172570,
2070.254988653, 0.981688444,
2070.275420549, 0.983310311,
2070.295852546, 0.980260748,
2070.316284641, 0.978086928,
2070.336716537, 0.979553012,
2070.357148532, 0.982405816,
2070.377580626, 0.982458529,
2070.398012621, 0.983174960,
2070.418444515, 0.978809013,
2070.438876609, 0.977730340,
2070.459308602, 0.983258439,
2070.479740495, 0.979333375,
2070.500172587, 0.977106189,
2070.541036671, 0.980505767,
2070.561468562, 0.982547461,
2070.581900453, 0.983557090,
2070.602332544, 0.982084630,
2070.622764534, 0.981857767,
2070.643196424, 0.979946547,
2070.663628514, 0.986750332,
2070.684060502, 0.984221385,
2070.704492391, 0.981554584,
2070.724924480, 0.980568648,
2070.745356467, 0.981916850,
2070.765788455, 0.983030509,
2070.786220443, 0.981117578,
2070.806652429, 0.978753073,
2070.827084416, 0.976887348,
2070.847516402, 0.980294606,
2070.867948388, 0.984876234,
2070.888380373, 0.985812563,
2070.908812458, 0.990332273,
2070.949676427, 0.974195120,
2070.970108411, 0.982623972,
2070.990540294, 0.979323705,
2071.031404360, 0.979408066,
2071.051836243, 0.982124573,
2071.092700307, 0.977888910,
2071.113132188, 0.980562978,
2071.133564269, 0.984662819,
2071.153996250, 0.982417926,
2071.174428130, 0.982464037,
2071.215292189, 0.981919178,
2071.297020104, 0.975809417,
2071.317452081, 0.983771351,
2071.337884059, 0.981620774,
2071.358316035, 0.980255902,
2071.378748012, 0.982663414,
2071.399179988, 0.982820688,
2071.419612064, 0.984057365,
2071.440043939, 0.981955976,
2071.460475915, 0.980918230,
2071.480907989, 0.980801552,
2071.501339864, 0.986037065,
2071.521771838, 0.984064621,
2071.542203911, 0.983184088,
2071.562635785, 0.981296293,
2071.583067757, 0.982536405,
2071.603499830, 0.987382407,
2071.623931702, 0.985618075,
2071.644363674, 0.985754335,
2071.664795745, 0.980052920,
2071.685227616, 0.985054662,
2071.726091657, 0.982891566,
2071.746523627, 0.979448238,
2071.766955597, 0.981911085,
2071.787387566, 0.983027114,
2071.807819535, 0.987458374,
2071.828251504, 0.977983226,
2071.848683472, 0.981556094,
2071.869115440, 0.981370283,
2071.889547507, 0.980663601,
2071.909979374, 0.982661337,
2071.930411341, 0.981726875,
2071.950843407, 0.980398654,
2071.971275273, 0.977832599,
2072.053003134, 0.981211475,
2072.073435098, 0.984020943,
2072.093867061, 0.984116651,
2072.134730988, 0.983936288,
2072.155162951, 0.981949992,
2072.175594913, 0.979613810,
2072.196026875, 0.981265832,
2072.236890898, 0.980928201,
2072.257322859, 0.985954046,
2072.277754720, 0.980083342,
2072.298186780, 0.976897665,
2072.318618740, 0.982722578,
2072.339050599, 0.982638665,
2072.379914617, 0.984266041,
2072.400346476, 0.983328930,
2072.420778534, 0.981361947,
2072.441210492, 0.981236608,
2072.461642349, 0.980900102,
2072.502506363, 0.985977289,
2072.522938219, 0.984931279,
2072.543370275, 0.982279757,
2072.563802230, 0.981414927,
2072.584234186, 0.985357989,
2072.604666140, 0.985965526,
2072.625098095, 0.976389547,
2072.645530149, 0.981489720,
2072.665962003, 0.985615727,
2072.686393956, 0.981269299,
2072.706826009, 0.980306408,
2072.747689815, 0.985854027,
2072.768121867, 0.981716590,
2072.788553818, 0.983398318,
2072.808985670, 0.983342967,
2072.829417721, 0.983957660,
2072.849849571, 0.983230588,
2072.870281521, 0.981530085,
2072.890713571, 0.985781037,
2072.911145421, 0.984197670,
2072.931577370, 0.981304576,
2072.952009419, 0.982405405,
2072.972441268, 0.982412793,
2072.992873215, 0.984615175,
2073.013305263, 0.981820097,
2073.033737111, 0.983973886,
2073.054169157, 0.985005264,
2073.074601104, 0.980575636,
2073.095033051, 0.980577669,
2073.115464997, 0.980957304,
2073.135896942, 0.981699245,
2073.156328888, 0.979980499,
2073.176760833, 0.983499628,
2073.197192777, 0.984300962,
2073.258488609, 0.982725603,
2073.278920552, 0.983977310,
2073.299352595, 0.977220360,
2073.319784437, 0.981719807,
2073.340216380, 0.984527202,
2073.360648421, 0.982904370,
2073.381080263, 0.983195871,
2073.401512204, 0.985257247,
2073.421944145, 0.980099118,
2073.442376085, 0.992163889,
2073.462808125, 0.985239145,
2073.483239965, 0.985072489,
2073.503671904, 0.983716087,
2073.524103943, 0.980456018,
2073.544535782, 0.984139029,
2073.564967720, 0.984042963,
2073.585399758, 0.983371592,
2073.605831696, 0.984032379,
2073.626263533, 0.983582222,
2073.646695570, 0.985148662,
2073.667127507, 0.989862740,
2073.748855150, 0.983443062,
2073.769287184, 0.986205843,
2073.789719119, 0.982037354,
2073.810150953, 0.984422525,
2073.830582986, 0.983446396,
2073.851014920, 0.984175834,
2073.871446953, 0.982522089,
2073.891878786, 0.986216294,
2073.912310718, 0.984255204,
2073.932742750, 0.982886748,
2073.994038544, 0.983634191,
2074.014470375, 0.986528903,
2074.034902306, 0.984414129,
2074.055334336, 0.987154642,
2074.096198095, 0.980135935,
2074.116630123, 0.985686986,
2074.137061952, 0.983985995,
2074.157493880, 0.986829654,
2074.239221690, 0.985256558,
2074.259653517, 0.985008147,
2074.280085443, 0.984361252,
2074.300517469, 0.984139658,
2074.320949294, 0.983513374,
2074.341381319, 0.985279029,
2074.361813244, 0.986193062,
2074.382245069, 0.984648629,
2074.402677093, 0.985975317,
2074.423109017, 0.986480868,
2074.443540940, 0.986175961,
2074.463972863, 0.984028651,
2074.484404786, 0.986480729,
2074.504836709, 0.988012641,
2074.525268631, 0.984708262,
2074.545700553, 0.986304709,
2074.566132474, 0.983945865,
2074.586564495, 0.985140461,
2074.606996316, 0.984594898,
2074.627428237, 0.985490737,
2074.647860256, 0.986348197,
2074.668292076, 0.986972859,
2074.709156015, 0.988424634,
2074.729587834, 0.984854467,
2074.750019852, 0.987582857,
2074.770451770, 0.989569315,
2074.790883588, 0.986301429,
2074.811315605, 0.986544312,
2074.831747522, 0.986136977,
2074.852179339, 0.988203698,
2074.872611355, 0.986097470,
2074.893043171, 0.987500265,
2074.913475087, 0.987554023,
2074.954338917, 0.986736968,
2074.974770832, 0.987639371,
2074.995202846, 0.986343104,
2075.036066574, 0.986732055,
2075.056498588, 0.985673258,
2075.076930501, 0.986027394,
2075.097362313, 0.986146212,
2075.117794326, 0.987592792,
2075.138226238, 0.987894195,
2075.158658249, 0.987279635,
2075.179090061, 0.986840372,
2075.199521972, 0.986161181,
2075.219953982, 0.988712801,
2075.240385793, 0.984806083,
2075.260817703, 0.984078708,
2075.281249712, 0.986030542,
2075.301681522, 0.985463827,
2075.322113431, 0.988580770,
2075.342545439, 0.986568343,
2075.362977248, 0.987264588,
2075.383409156, 0.988390159,
2075.403841163, 0.987354316,
2075.465136885, 0.986034038,
2075.485568791, 0.989307471,
2075.506000597, 0.988198928,
2075.526432603, 0.987967065,
2075.546864508, 0.987240021,
2075.567296413, 0.988113437,
2075.587728317, 0.987695021,
2075.608160222, 0.989348702,
2075.628592126, 0.989015125,
2075.710319739, 0.987981989,
2075.751183543, 0.987306848,
2075.771615445, 0.987763779,
2075.792047246, 0.988258842,
2075.812479247, 0.986647628,
2075.832911148, 0.987489878,
2075.853343048, 0.987917704,
2075.873774949, 0.987660000,
2075.894206848, 0.987144568,
2075.955502546, 0.990138504,
2075.975934544, 0.991492527,
2075.996366442, 0.987879481,
2076.016798240, 0.989467376,
2076.037230237, 0.988034114,
2076.057662135, 0.990541061,
2076.078093931, 0.990774074,
2076.098525928, 0.989996803,
2076.118957824, 0.989917352,
2076.139389620, 0.988721925,
2076.159821615, 0.992283957,
2076.180253510, 0.992532226,
2076.200685305, 0.990066647,
2076.221117300, 0.990224915,
2076.241549194, 0.988855724,
2076.261981088, 0.989622847,
2076.282412981, 0.990058114,
2076.302844875, 0.991926881,
2076.323276767, 0.991803938,
2076.343708660, 0.991724649,
2076.364140552, 0.993142298,
2076.384572444, 0.991254154,
2076.425436227, 0.988266031,
2076.445868118, 0.990451077,
2076.466300009, 0.991924454,
2076.486731899, 0.989641815,
2076.507163889, 0.991091965,
2076.527595679, 0.988816139,
2076.548027568, 0.990580577,
2076.568459557, 0.990522459,
2076.588891346, 0.991138906,
2076.609323234, 0.988317185,
2076.670618897, 0.989875795,
2076.691050884, 0.989359198,
2076.711482671, 0.991850472,
2076.731914557, 0.989454428,
2076.752346544, 0.990703404,
2076.772778329, 0.990173666,
2076.793210315, 0.992349341,
2076.813642200, 0.991663291,
2076.834074085, 0.992294658,
2076.854505970, 0.990587654,
2076.874937854, 0.988044359,
2076.936233504, 0.991076759,
2076.956665387, 0.992643650,
2076.977097370, 0.993067517,
2076.997529152, 0.991279907,
2077.017961034, 0.995387303,
2077.038392916, 0.992655243,
2077.058824797, 0.993237796,
2077.079256678, 0.989656760,
2077.099688559, 0.992321047,
2077.120120439, 0.992594931,
2077.140552219, 0.991992062,
2077.160984199, 0.993033932,
2077.181416079, 0.993730846,
2077.201848057, 0.992413538,
2077.222279836, 0.992521947,
2077.242711715, 0.993175652,
2077.263143693, 0.993563370,
2077.283575471, 0.991889176,
2077.304007348, 0.992594402,
2077.324439326, 0.992905125,
2077.344871202, 0.993785838,
2077.365302979, 0.993457963,
2077.426598607, 0.993794365,
2077.447030582, 0.992499559,
2077.467462457, 0.991718569,
2077.487894232, 0.991432279,
2077.508326206, 0.992553329,
2077.528758081, 0.994259425,
2077.549189854, 0.989431149,
2077.569621828, 0.993991564,
2077.590053701, 0.992315438,
2077.610485674, 0.994553300,
2077.671781290, 0.994203740,
2077.692213062, 0.992983900,
2077.712644933, 0.994765519,
2077.733076904, 0.994318389,
2077.753508675, 0.994306700,
2077.773940545, 0.992559223,
2077.794372415, 0.995238259,
2077.814804385, 0.994180241,
2077.835236154, 0.993614962,
2077.855668123, 0.990751625,
2077.937395496, 0.996810241,
2077.957827464, 0.995065837,
2077.978259331, 0.993061140,
2077.998691098, 0.995211775,
2078.019123064, 0.994507839,
2078.039554931, 0.995659157,
2078.059986697, 0.993480560,
2078.080418662, 0.994332165,
2078.100850528, 0.992315193,
2078.162146122, 0.995176808,
2078.182577986, 0.994327304,
2078.203009850, 0.995857666,
2078.223441713, 0.994200167,
2078.243873577, 0.996608608,
2078.264305439, 0.991667530,
2078.325601126, 1.008992722,
2078.366464849, 0.978690615,
2078.448192292, 0.997468401,
2078.468624052, 0.994158562,
2078.509487771, 0.998612295,
2078.550351588, 0.984698130,
2078.570783346, 0.984450438,
2078.591215204, 0.995581248,
2078.652510777, 0.993584876,
2078.713806346, 0.986407857,
2078.754670157, 0.996568463,
2078.775102013, 0.994921569,
2078.795533868, 0.997291902,
2078.815965722, 0.988776488,
2078.897693238, 0.990841400,
2078.918124991, 0.997153270,
2078.938556844, 0.997078204,
2078.958988797, 0.992171196,
2078.979420549, 0.993883511,
2078.999852401, 0.996882846,
2079.020284353, 0.995606217,
2079.040716104, 0.992638768,
2079.061147955, 0.997207569,
2079.081579906, 0.992052437,
2079.163307306, 0.997363107,
2079.183739155, 0.996862737,
2079.204171004, 0.994089326,
2079.224602853, 0.999440014,
2079.265466549, 0.991538188,
2079.285898297, 0.997715249,
2079.326762091, 0.996365284,
2079.347193838, 1.003916821,
2079.367625785, 0.992196670,
2079.388057631, 0.993814181,
2079.408489377, 0.996073041,
2079.428921323, 0.998716307,
2079.449353168, 0.992075405,
2079.469784913, 0.993454288,
2079.490216858, 1.001308997,
2079.510648703, 0.995511518,
2079.531080547, 0.997135887,
2079.551512391, 0.998082614,
2079.571944234, 0.998962260,
2079.592376178, 0.995838174,
2079.633239763, 0.986188922,
2079.653671706, 0.995204386,
2079.674103548, 0.995739708,
2079.694535290, 0.998337931,
2079.714967231, 0.996322905,
2079.735399073, 0.997457012,
2079.755830814, 0.995607366,
2079.776262754, 0.993526050,
2079.796694595, 1.002126383,
2079.817126335, 1.009381420,
2079.878421853, 0.993754789,
2079.898853792, 0.998233577,
2079.939717369, 0.998012034,
2079.960149307, 0.994494529,
2079.980581145, 1.000836566,
2080.001012982, 0.998400576,
2080.021444820, 0.998882375,
2080.041876656, 0.995958991,
2080.123604001, 0.994985643,
2080.144035836, 0.995654349,
2080.164467672, 0.995538745,
2080.184899606, 0.997094212,
2080.205331341, 0.995014336,
2080.225763175, 0.999788430,
2080.246195109, 0.992489461,
2080.266626843, 0.998490018,
2080.287058676, 0.998287371,
2080.307490609, 0.995329212,
2080.368786107, 0.994792333,
2080.389217839, 0.995705053,
2080.409649770, 0.995780017,
2080.430081602, 0.995110209,
2080.450513333, 0.994504952,
2080.470945264, 0.997210911,
2080.491377094, 0.993798700,
2080.511808925, 0.997212391,
2080.532240754, 0.995686739,
2080.552672584, 0.995547394,
2080.573104413, 0.997324073,
2080.593536243, 0.997519644,
2080.613968071, 0.996573787,
2080.634399900, 0.997291356,
2080.654831828, 0.995360183,
2080.675263556, 1.000579733,
2080.695695384, 0.998015763,
2080.716127211, 0.997481952,
2080.736559038, 0.998276979,
2080.756990765, 0.998537787,
2080.777422692, 0.996162884,
2080.859149995, 0.997766121,
2080.879581920, 0.996167538,
2080.900013645, 0.996872903,
2080.920445469, 0.999463559,
2080.940877393, 0.995235496,
2080.961309117, 0.996436946,
2080.981740941, 0.996355152,
2081.002172864, 0.998791076,
2081.022604688, 0.997183666,
2081.043036410, 0.997943206,
2081.063468333, 0.998184782,
2081.083900155, 0.996605347,
2081.104331877, 0.999016228,
2081.124763799, 0.996608132,
2081.165627341, 0.995148879,
2081.186059262, 0.998858230,
2081.206491083, 0.996464378,
2081.226923003, 0.999138334,
2081.247354723, 0.997408408,
2081.349513919, 0.998347592,
2081.369945637, 0.995716106,
2081.390377456, 0.996807776,
2081.410809273, 0.997614433,
2081.431241091, 0.997700153,
2081.451672908, 0.994425671,
2081.472104725, 0.996255548,
2081.492536542, 0.994542179,
2081.512968358, 0.997504098,
2081.533400174, 0.995590353,
2081.553831990, 0.996822634,
2081.574263806, 0.997280328,
2081.594695721, 0.996796860,
2081.615127436, 0.997803456,
2081.635559351, 0.998930370,
2081.655991165, 0.999422347,
2081.676422879, 0.999757579,
2081.696854793, 1.000026230,
2081.717286607, 0.994262008,
2081.737718320, 1.002288693,
2081.758150233, 1.000200903,
2081.778582046, 0.997448796,
2081.839877483, 0.998092172,
2081.860309295, 0.998174855,
2081.880741106, 0.996915821,
2081.901172917, 0.998962775,
2081.921604728, 0.997240940,
2081.942036539, 0.996411232,
2081.962468349, 0.996247703,
2081.982900159, 0.996255468,
2082.003331969, 0.998085665,
2082.023763778, 0.997066224,
2082.044195688, 0.995360338,
2082.064627497, 0.999383126,
2082.085059205, 0.997529885,
2082.105491114, 0.997969133,
2082.125922822, 0.999988584,
2082.146354630, 0.998896679,
2082.166786538, 0.999258045,
2082.187218245, 0.999657339,
2082.207650052, 0.998807254,
2082.228081959, 1.001744194,
2082.248513665, 0.999967551,
2082.268945472, 1.000461049,
2082.330240889, 0.997648941,
2082.350672794, 0.997485861,
2082.371104499, 0.995083530,
2082.391536304, 1.001569968,
2082.411968208, 0.998141862,
2082.432400012, 0.999329364,
2082.452831816, 0.998381032,
2082.473263620, 0.997766681,
2082.493695423, 1.000334799,
2082.514127326, 0.998694332,
2082.534559029, 1.000894845,
2082.554990831, 0.999496438,
2082.575422733, 0.998215262,
2082.595854435, 1.000258587,
2082.616286237, 1.000459097,
2082.636718138, 0.998795783,
2082.657149839, 0.998902325,
2082.677581640, 0.997949915,
2082.698013541, 0.996884198,
2082.718445241, 0.997671892,
2082.738877041, 0.995380075,
2082.759308941, 0.996948565,
2082.820604339, 0.998294479,
2082.841036038, 0.998850338,
2082.861467936, 1.001003232,
2082.881899735, 1.001084452,
2082.902331433, 0.998603447,
2082.922763330, 0.998511827,
2082.943195128, 1.000390582,
2082.963626825, 0.998764091,
2082.984058722, 0.997096186,
2083.004490519, 0.998847412,
2083.024922215, 0.998176175,
2083.045354111, 0.998662229,
2083.065785907, 0.996416340,
2083.086217603, 0.998893587,
2083.106649498, 0.997229931,
2083.127081293, 1.001307169,
2083.147512988, 0.999124031,
2083.167944882, 0.999450134,
2083.188376677, 0.997852360,
2083.208808571, 0.996268895,
2083.229240264, 0.996433247,
2083.249672058, 1.002565061,
2083.310967437, 0.999208553,
2083.331399329, 0.999978964,
2083.351831122, 1.000656221,
2083.372262813, 0.998511882,
2083.392694705, 1.000168667,
2083.413126497, 0.999792986,
2083.433558188, 0.999482307,
2083.453990079, 0.999305538,
2083.474421869, 0.998968819,
2083.494853560, 0.998286349,
2083.515285450, 0.996989269,
2083.535717240, 0.996188818,
2083.556149129, 0.998946443,
2083.576580819, 0.996942525,
2083.597012608, 0.999554943,
2083.617444396, 0.998616435,
2083.637876185, 0.997346007,
2083.658307873, 0.997370635,
2083.678739761, 0.999271548,
2083.699171549, 0.999212748,
2083.719603237, 1.000344856,
2083.740035124, 1.001124490,
2083.801330485, 1.001643642,
2083.821762271, 0.999481882,
2083.842194057, 0.999617373,
2083.862625842, 1.000935385,
2083.883057628, 0.999144686,
2083.903489413, 1.002371612,
2083.923921298, 0.997677482,
2083.944352983, 1.001170210,
2083.964784867, 0.997168177,
2083.985216652, 0.998798210,
2084.005648336, 0.999919262,
2084.026080219, 0.998540530,
2084.046512003, 0.998940184,
2084.066943686, 1.000484329,
2084.087375569, 1.001945896,
2084.107807351, 0.999921143,
2084.128239034, 1.000201490,
2084.148670916, 1.000148325,
2084.169102698, 0.998786911,
2084.189534480, 0.999070142,
2084.209966261, 1.001800935,
2084.291693385, 1.001503988,
2084.312125165, 1.002003837,
2084.332556945, 1.001217657,
2084.352988724, 1.001559256,
2084.373420504, 1.000302210,
2084.393852283, 1.000160041,
2084.414284062, 1.003089475,
2084.434715940, 1.001263209,
2084.455147619, 1.000882224,
2084.475579397, 0.998437812,
2084.496011275, 1.001359393,
2084.516442953, 1.001534965,
2084.536874730, 1.002474807,
2084.557306607, 0.998769637,
2084.577738284, 1.000233076,
2084.598170061, 0.999945635,
2084.618601937, 0.999115312,
2084.639033614, 1.001185107,
2084.659465390, 0.998984660,
2084.679897265, 0.998796720,
2084.700328941, 1.001391471,
2084.720760816, 1.001948087,
2084.782056140, 1.000747722,
2084.802487914, 1.001164107,
2084.822919688, 1.003566990,
2084.843351462, 1.002126184,
2084.863783235, 1.000708701,
2084.884215009, 1.002590633,
2084.904646882, 1.000469687,
2084.925078554, 1.000090073,
2084.945510327, 0.998272816,
2084.965942199, 1.002102635,
2085.027237514, 1.002037968,
2085.047669185, 1.001544048,
2085.068100957, 1.000737475,
2085.108964498, 1.002012620,
2085.129396368, 1.000599781,
2085.149828038, 1.000871630,
2085.170259808, 1.004806256,
2085.190691677, 1.000336509,
2085.211123347, 1.002803330,
2085.231555116, 1.000530218,
2085.251986985, 1.003740575,
2085.272418753, 1.001160436,
2085.292850422, 0.999989931,
2085.313282290, 0.999163484,
2085.333714058, 0.999319092,
2085.354145725, 1.000179506,
2085.374577593, 1.001219242,
2085.395009360, 1.000441404,
2085.415441027, 1.000787261,
2085.435872893, 1.002959801,
2085.456304660, 1.002649830,
2085.517599958, 1.004053463,
2085.538031823, 1.000862718,
2085.558463488, 1.004425152,
2085.578895253, 1.001185713,
2085.599327118, 1.002181982,
2085.619758782, 1.002031065,
2085.640190547, 1.001089606,
2085.660622411, 1.000114744,
2085.681054075, 1.001755061,
2085.701485838, 1.000068884,
2085.762781127, 0.999957985,
2085.783212990, 1.002311175,
2085.803644752, 1.002262675,
2085.824076514, 1.001122943,
2085.844508276, 1.002480806,
2085.864939938, 0.999595269,
2085.885371799, 1.001691706,
2085.905803561, 1.001446993,
2085.926235221, 1.000124839,
2085.946667082, 1.000273064,
2085.967098843, 1.001036715,
2086.007962363, 1.002324776,
2086.028394123, 1.002662937,
2086.048825782, 1.004119954,
2086.069257642, 1.001881877,
2086.089689401, 1.002776763,
2086.110121159, 1.002871428,
2086.130552918, 1.003657043,
2086.150984676, 1.004530327,
2086.171416434, 1.002347620,
2086.191848192, 1.003177143,
2086.253143565, 1.003983061,
2086.273575222, 1.001026814,
2086.294007078, 1.000817108,
2086.314438835, 1.002511101,
2086.334870491, 1.002629867,
2086.355302347, 1.000969051,
2086.375734103, 1.002205815,
2086.396165759, 1.003359779,
2086.416597614, 1.003535588,
2086.437029369, 1.001428395,
2086.457461024, 1.003684143,
2086.477892879, 1.000678424,
2086.498324633, 1.004953400,
2086.518756287, 1.005320793,
2086.539188141, 0.998787911,
2086.559619795, 1.001974916,
2086.580051648, 1.004764660,
2086.600483402, 1.003392955,
2086.641346908, 1.004413546,
2086.661778660, 1.003978637,
2086.682210413, 1.001649533,
2086.743505668, 1.003699228,
2086.763937420, 1.002967244,
2086.784369171, 1.003439550,
2086.804800922, 1.004123494,
2086.825232773, 1.001542232,
2086.845664423, 1.005078421,
2086.866096174, 1.003672638,
2086.886528024, 1.003434567,
2086.906959673, 1.001298721,
2086.927391523, 1.002281852,
2086.947823272, 1.002144494,
2086.968254922, 1.002815916,
2086.988686771, 1.000541164,
2087.009118519, 1.008625457,
2087.029550168, 1.004582547,
2087.049982016, 1.003699350,
2087.070413764, 1.002628024,
2087.131709007, 1.002967114,
2087.152140754, 1.004945513,
2087.172572501, 1.003660586,
2087.233867741, 1.001340567,
2087.254299487, 1.003220385,
2087.274731332, 1.002689057,
2087.295162978, 1.001769143,
2087.315594723, 1.002240177,
2087.336026569, 1.000865682,
2087.356458213, 1.003034877,
2087.376889958, 1.001322528,
2087.397321803, 1.001435725,
2087.417753447, 1.002217905,
2087.438185191, 1.002475357,
2087.458617035, 1.003023070,
2087.479048679, 1.002039664,
2087.499480422, 1.003777554,
2087.519912265, 1.004151206,
2087.540343908, 1.005998501,
2087.560775651, 1.003268258,
2087.581207493, 1.004087531,
2087.601639135, 1.002999925,
2087.622070977, 1.000670896,
2087.642502719, 1.006400339,
2087.662934461, 0.997449423,
2087.724229685, 1.001169747,
2087.744661525, 1.004348233,
2087.765093166, 1.004486805,
2087.785524906, 1.005713785,
2087.805956746, 1.003309422,
2087.826388386, 1.002063402,
2087.846820126, 1.001539273,
2087.867251965, 1.004761542,
2087.887683605, 1.002967278,
2087.908115344, 1.003977165,
2087.928547182, 1.002143438,
2087.948978821, 1.004049941,
2087.969410559, 1.004024479,
2087.989842297, 1.004093744,
2088.010274035, 1.003746095,
2088.030705873, 1.006550994,
2088.051137511, 1.005752138,
2088.071569248, 1.003631232,
2088.092001085, 1.003973791,
2088.112432822, 1.004968613,
2088.132864458, 1.004216559,
2088.153296295, 1.005838429,
2088.214591503, 1.003248061,
2088.235023238, 1.005551714,
2088.255454874, 1.001592501,
2088.275886709, 1.005456605,
2088.296318444, 1.003103279,
2088.316750079, 1.005620440,
2088.337181913, 1.001876319,
2088.357613647, 1.002466958,
2088.378045481, 1.002561333,
2088.398477115, 1.003635215,
2088.418908849, 1.002302740,
2088.439340683, 1.004065460,
2088.459772316, 1.003708857,
2088.480204049, 1.004703545,
2088.500635882, 1.005456412,
2088.521067514, 1.004208035,
2088.541499247, 1.004778307,
2088.561931079, 1.003050760,
2088.582362811, 1.005334295,
2088.602794443, 1.006736252,
2088.623226274, 1.004436753,
2088.643658006, 1.003495007,
2088.684521468, 1.002295682,
2088.704953198, 1.002716397,
2088.725384929, 1.003124202,
2088.745816659, 1.004493133,
2088.766248289, 1.002166179,
2088.786680119, 1.003893641,
2088.807111849, 1.004972553,
2088.827543479, 1.001017369,
2088.847975308, 1.004957940,
2088.868407037, 1.006230716,
2088.888838666, 1.003688414,
2088.909270494, 1.005308539,
2088.929702223, 1.003903845,
2088.950133951, 1.000135398,
2088.970565679, 1.002121900,
2088.990997407, 1.003562233,
2089.011429134, 1.005042697,
2089.031860862, 1.001527206,
2089.052292589, 1.005791636,
2089.072724416, 1.006123537,
2089.093156143, 1.002461341,
2089.113587769, 1.001739531,
2089.134019596, 1.007921425,
2089.195314774, 1.002824490,
2089.215746499, 1.004931953,
2089.236178125, 1.003929491,
2089.256609950, 1.005311446,
2089.277041675, 1.003684437,
2089.297473300, 1.004234750,
2089.317905124, 1.002064476,
2089.338336849, 1.004690638,
2089.358768473, 1.004052065,
2089.379200297, 1.003351057,
2089.399631921, 1.003995549,
2089.420063744, 1.005262739,
2089.440495467, 1.004351356,
2089.460927091, 1.003613627,
2089.481358913, 1.002010002,
2089.501790636, 1.003099210,
2089.522222359, 1.003015180,
2089.563085803, 1.004161488,
2089.583517525, 1.002955590,
2089.603949247, 1.005543059,
2089.624380969, 1.003871869,
2089.706107853, 1.004322548,
2089.726539673, 1.003017289,
2089.746971294, 1.005224636,
2089.767403114, 1.004693852,
2089.787834834, 1.003015763,
2089.808266454, 1.002955117,
2089.828698273, 1.004745258,
2089.849129992, 1.006384129,
2089.869561612, 1.004824397,
2089.889993431, 1.003411372,
2089.910425150, 1.003794741,
2089.930856868, 1.006004860,
2089.951288587, 1.003807220,
2089.971720305, 1.005604568,
2089.992152023, 1.006212268,
2090.012583740, 1.004637663,
2090.033015458, 1.004095712,
2090.053447176, 1.004551924,
2090.073878893, 1.006463053,
2090.094310610, 1.009131834,
2090.114742427, 1.004474523,
2090.135174043, 1.002196577,
2090.155605760, 1.004111121,
2090.176037576, 1.004400512,
2090.196469192, 1.003619974,
2090.216900908, 1.004240879,
2090.237332723, 1.006564084,
2090.257764339, 1.006589988,
2090.278196054, 1.005111941,
2090.298627869, 1.002125607,
2090.319059484, 1.005230656,
2090.339491199, 1.003520007,
2090.359923013, 1.005625197,
2090.421218156, 1.003259016,
2090.441649769, 1.005698224,
2090.462081583, 1.005200867,
2090.482513296, 1.003968470,
2090.502945010, 1.005569019,
2090.523376722, 1.003427032,
2090.543808435, 1.003986625,
2090.564240148, 1.005689951,
2090.584671860, 1.003619664,
2090.625535284, 1.005092176,
2090.645967096, 1.003319449,
2090.666398708, 1.004435663,
2090.686830419, 1.003778435,
2090.707262231, 1.003512552,
2090.727693842, 1.007179288,
2090.748125553, 1.003153364,
2090.768557363, 1.003861658,
2090.788988974, 1.005550157,
2090.809420784, 1.004498130,
2090.829852494, 1.005446901,
2090.850284104, 1.004964777,
2090.870715914, 1.005135396,
2090.891147524, 1.006598708,
2090.911579233, 1.003836251,
2090.932011042, 1.004676183,
2090.952442651, 1.006960165,
2090.972874360, 1.007424001,
2090.993306169, 1.007814473,
2091.013737877, 1.007928593,
2091.034169486, 1.004982477,
2091.054601294, 1.004571928,
2091.075033002, 1.005651431,
2091.095464709, 1.007298554,
2091.156759931, 1.003889086,
2091.177191538, 1.006152429,
2091.197623245, 1.004576767,
2091.218055052, 1.006494642,
2091.238486658, 1.004394759,
2091.258918364, 1.006604079,
2091.279350170, 1.004257238,
2091.299781776, 1.004951328,
2091.320213482, 1.008592851,
2091.361076893, 1.005023207,
2091.381508598, 1.006057704,
2091.401940403, 1.005513831,
2091.422372008, 1.005278752,
2091.442803812, 1.006178604,
2091.463235517, 1.004981708,
2091.483667221, 1.003925544,
2091.504098925, 1.006322485,
2091.524530629, 1.006268013,
2091.544962333, 1.003975741,
2091.565394036, 1.006162095,
2091.585825740, 1.006864449,
2091.647120849, 1.006811980,
2091.667552451, 1.007677147,
2091.687984254, 1.007081571,
2091.708415956, 1.008410141,
2091.728847558, 1.005468813,
2091.749279360, 1.006089675,
2091.769711062, 1.006313605,
2091.790142864, 1.000938538,
2091.810574465, 1.006275863,
2091.831006166, 1.008008786,
2091.892301269, 1.006429860,
2091.933164669, 1.006580195,
2091.953596370, 1.006041330,
2091.974028170, 1.004309310,
2091.994459869, 1.005587001,
2092.014891469, 1.006406636,
2092.035323268, 1.007792278,
2092.055754968, 1.004539428,
2092.076186567, 1.005431299,
2092.096618366, 1.007329137,
2092.117050064, 1.004612633,
2092.137481863, 1.007028100,
2092.157913461, 1.006388788,
2092.178345160, 1.007309241,
2092.198776958, 1.007147451,
2092.219208556, 1.004378688,
2092.239640253, 1.008970668,
2092.260071951, 1.008613736,
2092.280503648, 1.008337834,
2092.300935245, 1.006648245,
2092.321367042, 1.007712120,
2092.341798739, 1.006015582,
2092.362230436, 1.008268564,
2092.382662132, 1.007916826,
2092.403093829, 1.006858940,
2092.423525625, 1.008823859,
2092.443957221, 1.005781265,
2092.464388917, 1.004967977,
2092.484820712, 1.009462863,
2092.505252408, 1.008254440,
2092.525684004, 1.007909604,
2092.546115799, 1.009075369,
2092.627842578, 1.008453193,
2092.648274172, 1.007925512,
2092.668705966, 1.005828715,
2092.689137660, 1.007383683,
2092.709569254, 1.047372889,
2092.730001047, 1.001785866,
2092.750432741, 1.007171350,
2092.770864534, 1.007540393,
2092.791296127, 1.006192105,
2092.811727820, 1.007353862,
2092.832159613, 1.007780186,
2092.852591205, 1.006152418,
2092.873022898, 1.007682700,
2092.893454690, 1.005192866,
2092.913886282, 1.007900463,
2092.934317974, 1.006547065,
2092.954749766, 1.005747194,
2092.975181458, 1.006734515,
2092.995613049, 1.006939930,
2093.016044840, 1.007147208,
2093.036476431, 1.007464289,
2093.056908122, 1.006950105,
2093.077339913, 1.008394883,
2093.097771504, 1.008048975,
2093.118203294, 1.006797852,
2093.138634985, 1.006647095,
2093.159066575, 1.008779091,
2093.179498364, 1.008123811,
2093.199930054, 1.006742254,
2093.220361644, 1.008320873,
2093.240793433, 1.006660900,
2093.261225123, 1.008014697,
2093.281656712, 1.005539730,
2093.302088501, 1.007857996,
2093.322520190, 1.007873526,
2093.342951878, 1.007614578,
2093.363383567, 1.009011336,
2093.383815255, 1.007721466,
2093.404247043, 1.007014184,
2093.424678631, 1.005835552,
2093.445110319, 1.008255312,
2093.465542107, 1.007136799,
2093.485973794, 1.010300164,
2093.526837169, 1.010498830,
2093.608563916, 1.006225029,
2093.628995503, 1.006766251,
2093.649427289, 1.006793228,
2093.669858975, 1.008608169,
2093.690290561, 1.008932506,
2093.710722347, 1.008066890,
2093.731154032, 1.008264962,
2093.751585718, 1.008634201,
2093.772017403, 1.007929464,
2093.792448989, 1.006900288,
2093.812880773, 1.011240779,
2093.833312458, 1.008485973,
2093.853744143, 1.007943979,
2093.874175827, 1.008883307,
2093.894607512, 1.007515834,
2093.915039196, 1.008004511,
2093.935470880, 1.009870377,
2093.955902564, 1.009844667,
2093.976334248, 1.011021165,
2093.996765931, 1.007804433,
2094.017197615, 1.008717999,
2094.037629398, 1.009200355,
2094.058061081, 1.009062277,
2094.078492664, 1.008131595,
2094.098924447, 1.011248637,
2094.119356130, 1.009525274,
2094.139787712, 1.009851667,
2094.160219494, 1.009806798,
2094.180651177, 1.012697333,
2094.201082759, 1.009108904,
2094.221514541, 1.009892082,
2094.241946222, 1.008012302,
2094.262377804, 1.008999273,
2094.282809585, 1.011142654,
2094.303241267, 1.010273345,
2094.323673048, 1.008789573,
2094.344104629, 1.010404412,
2094.364536310, 1.008733590,
2094.384967990, 1.006167481,
2094.405399671, 1.012006585,
2094.425831351, 1.009845801,
2094.446263032, 1.009924669,
2094.466694712, 1.004270523,
2094.487126391, 1.011649099,
2094.507558071, 1.011049486,
2094.568853210, 1.009274282,
2094.589284789, 1.010430272,
2094.609716468, 1.010617406,
2094.630148247, 1.010169500,
2094.650579826, 1.008054235,
2094.671011604, 1.010829647,
2094.691443283, 1.009882316,
2094.711874861, 1.011351796,
2094.732306639, 1.014227930,
2094.752738317, 1.008935841,
2094.773169895, 1.010485276,
2094.793601673, 1.010640268,
2094.814033350, 1.010831372,
2094.834464928, 1.009823084,
2094.854896705, 1.012917809,
2094.875328382, 1.011735942,
2094.895760059, 1.012500638,
2094.916191736, 1.010223687,
2094.936623412, 1.010753942,
2094.957055189, 1.011454497,
2094.977486765, 1.010428466,
2094.997918442, 1.008186295,
2095.018350218, 1.011582126,
2095.038781894, 1.012711007,
2095.059213469, 1.013019821,
2095.079645245, 1.011021479,
2095.100076921, 1.013099783,
2095.120508496, 1.012059011,
2095.140940271, 1.011565485,
2095.161371846, 1.010132974,
2095.181803521, 1.012097270,
2095.202235296, 1.011814823,
2095.222666871, 1.009800414,
2095.243098645, 1.012018832,
2095.263530320, 1.011029619,
2095.324825342, 1.010480323,
2095.345256916, 1.010788440,
2095.365688689, 1.014366721,
2095.386120363, 1.013602147,
2095.406552036, 1.010815790,
2095.426983710, 1.012516839,
2095.447415383, 1.011655777,
2095.467847056, 1.010800669,
2095.488278729, 1.013462554,
2095.570005418, 1.014002762,
2095.590437191, 1.012760612,
2095.610868863, 1.013099129,
2095.631300434, 1.011475022,
2095.651732206, 1.016145849,
2095.672163878, 1.015846594,
2095.692595449, 1.014885981,
2095.713027221, 1.011757470,
2095.733458892, 1.015140797,
2095.753890463, 1.014694859,
2095.774322234, 1.015069388,
2095.794753904, 1.012834550,
2095.815185475, 1.013423908,
2095.835617245, 1.015864383,
2095.856048916, 1.013756133,
2095.876480586, 1.015421272,
2095.896912256, 1.015309803,
2095.917343926, 1.014803158,
2095.937775596, 1.016604659,
2095.958207266, 1.014844334,
2095.978638935, 1.015140865,
2095.999070604, 1.015206937,
2096.019502274, 1.014440226,
2096.039933943, 1.014767761,
2096.060365712, 1.014915183,
2096.080797281, 1.016388615,
2096.101228949, 1.013619541,
2096.121660718, 1.014792365,
2096.142092287, 1.017046385,
2096.182955723, 1.016070634,
2096.203387291, 1.015406625,
2096.223819059, 1.014145488,
2096.244250727, 1.015356658,
2096.264682295, 1.013473356,
2096.285114062, 1.015521640,
2096.305545729, 1.015371314,
2096.325977297, 1.016899977,
2096.346409064, 1.016197476,
2096.366840731, 1.015427083,
2096.387272398, 1.016015672,
2096.407704065, 1.016044709,
2096.428135731, 1.017083865,
2096.448567498, 1.014719389,
2096.550725728, 1.015293992,
2096.571157494, 1.016661870,
2096.612020725, 1.015931664,
2096.632452490, 1.016043552,
2096.652884056, 1.017121390,
2096.673315721, 1.016933659,
2096.693747486, 1.014696503,
2096.714179050, 1.017426598,
2096.734610815, 1.020123765,
2096.755042480, 1.016405006,
2096.775474044, 1.016183306,
2096.795905808, 1.019052087,
2096.816337473, 1.014601184,
2096.836769037, 1.018300782,
2096.857200801, 1.016628270,
2096.877632465, 1.018444611,
2096.898064128, 1.018891411,
2096.918495792, 1.016299931,
2096.938927455, 1.016671795,
2096.959359119, 1.017025638,
2096.979790782, 1.016741913,
2097.000222445, 1.018408898,
2097.020654208, 1.018328485,
2097.041085871, 1.019105344,
2097.061517433, 1.017409986,
2097.102380858, 1.019038316,
2097.143244183, 1.016730370,
2097.163675845, 1.018201716,
2097.184107407, 1.019448888,
2097.204539169, 1.014274703,
2097.224970831, 1.017889724,
2097.245402392, 1.018748675,
2097.265834154, 1.017576549,
2097.286265715, 1.017031506,
2097.306697376, 1.017186167,
2097.327129137, 1.018014831,
2097.347560698, 1.015692271,
2097.367992459, 1.017999579,
2097.388424120, 1.020120117,
2097.408855781, 1.017079429,
2097.429287441, 1.019491906,
2097.449719102, 1.019922028,
2097.551877502, 1.020822342,
2097.572309061, 1.019828592,
2097.592740721, 1.018428726,
2097.613172480, 1.020469865,
2097.633604040, 1.021001705,
2097.654035799, 1.019448342,
2097.674467458, 1.019739370,
2097.694899017, 1.016535475,
2097.715330776, 1.020341824,
2097.735762435, 1.019126725,
2097.756193993, 1.021238388,
2097.776625752, 1.018329715,
2097.797057410, 1.021598023,
2097.817488969, 1.020199666,
2097.837920727, 1.019209949,
2097.858352385, 1.021550070,
2097.878784043, 1.016941157,
2097.899215701, 1.019052574,
2097.919647358, 1.020870724,
2097.940079016, 1.021802474,
2097.960510673, 1.020502874,
2097.980942331, 1.018619030,
2098.001373988, 1.020365422,
2098.021805645, 1.020238998,
2098.042237302, 1.020792104,
2098.062668959, 1.019139798,
2098.083100616, 1.020905889,
2098.103532273, 1.020506672,
2098.123964029, 1.022269927,
2098.144395586, 1.021398663,
2098.164827242, 1.020050986,
2098.185258998, 1.020647712,
2098.205690554, 1.019191379,
2098.266985522, 1.021377356,
2098.287417278, 1.020964969,
2098.307848933, 1.020834418,
2098.328280489, 1.021047737,
2098.348712244, 1.019894096,
2098.369143900, 1.021633042,
2098.389575555, 1.019866964,
2098.410007210, 1.020483069,
2098.430438865, 1.020191778,
2098.450870519, 1.022119279,
2098.471302174, 1.021116943,
2098.491733829, 1.022532159,
2098.512165583, 1.021537277,
2098.532597138, 1.020341747,
2098.553028792, 1.021251373,
2098.573460546, 1.021200078,
2098.593892200, 1.021482517,
2098.614323754, 1.020154279,
2098.634755508, 1.022605120,
2098.655187062, 1.021634902,
2098.675618715, 1.019936451,
2098.696050469, 1.020730096,
2098.716482022, 1.020597771,
2098.736913676, 1.023434867,
2098.757345429, 1.021121183,
2098.777776982, 1.020403693,
2098.798208735, 1.023361376,
2098.818640388, 1.021568177,
2098.839071941, 1.022641086,
2098.859503693, 1.021570222,
2098.879935346, 1.023300276,
2098.900366898, 1.021536834,
2098.920798651, 1.022745576,
2098.941230303, 1.019673930,
2098.961661955, 1.021699210,
2098.982093607, 1.020959916,
2099.002525259, 1.023443129,
2099.022956911, 1.022225739,
2099.043388663, 1.020285441,
2099.063820215, 1.023348314,
2099.084251966, 1.023842732,
2099.104683618, 1.021626789,
2099.125115169, 1.020737598,
2099.145546920, 1.021732721,
2099.165978571, 1.019919781,
2099.186410122, 1.020443096,
2099.206841873, 1.022281558,
2099.227273524, 1.022391654,
2099.247705075, 1.018452945,
2099.268136825, 1.021381604,
2099.288568476, 1.023222000,
2099.309000026, 1.024103524,
2099.329431777, 1.021865039,
2099.349863427, 1.022879534,
2099.370295077, 1.024705238,
2099.390726727, 1.023746773,
2099.411158377, 1.024922912,
2099.431590027, 1.021341587,
2099.492884976, 1.023500455,
2099.513316625, 1.021179004,
2099.533748275, 1.022165970,
2099.554179924, 1.022471863,
2099.574611573, 1.023607260,
2099.595043322, 1.022808079,
2099.615474971, 1.022634598,
2099.635906520, 1.020325108,
2099.656338269, 1.023369391,
2099.676769918, 1.026885986,
2099.697201466, 1.022556541,
2099.717633215, 1.023344591,
2099.738064863, 1.022029924,
2099.758496411, 1.021020327,
2099.778928160, 1.022001218,
2099.799359808, 1.022003275,
2099.819791356, 1.021205225,
2099.840223104, 1.024845954,
2099.860654752, 1.024052339,
2099.881086499, 1.024391115,
2099.901518047, 1.022162371,
2099.983244637, 1.023518581,
2100.003676384, 1.024636020,
2100.024107931, 1.022974593,
2100.064971225, 1.022632553,
2100.085402872, 1.023565359,
2100.105834518, 1.021484588,
2100.126266265, 1.023157452,
2100.146697812, 1.022893092,
2100.167129558, 1.025154990,
2100.187561204, 1.023547615,
2100.207992751, 1.023220126,
2100.228424497, 1.021861914,
2100.248856143, 1.023386339,
2100.269287689, 1.023318259,
2100.289719435, 1.021940857,
2100.310151081, 1.024961927,
2100.330582626, 1.024416706,
2100.351014372, 1.021361369,
2100.371446018, 1.023085238,
2100.391877563, 1.023378305,
2100.412309309, 1.022072054,
2100.432740954, 1.021408682,
2100.453172699, 1.023098007,
2100.473604244, 1.022828185,
2100.494035889, 1.023084300,
2100.514467634, 1.020445607,
2100.555330824, 1.023273718,
2100.575762568, 1.023405934,
2100.596194213, 1.023256081,
2100.616625758, 1.022412247,
2100.637057502, 1.021839576,
2100.657489146, 1.021633229,
2100.677920691, 1.021486254,
2100.698352435, 1.022486211,
2100.718784079, 1.022733783,
2100.739215823, 1.022351141,
2100.759647367, 1.023494029,
2100.780079011, 1.021927519,
2100.800510654, 1.023406686,
2100.820942298, 1.023131192,
2100.841373842, 1.022448089,
2100.861805585, 1.022705244,
2100.882237229, 1.022920847,
2100.902668772, 1.022055274,
2100.923100515, 1.022789205,
2100.943532158, 1.022328431,
2100.963963801, 1.023390629,
2100.984395445, 1.025867771,
2101.004827087, 1.020082523,
2101.025258830, 1.022517785,
2101.045690373, 1.023955359,
2101.066122016, 1.025538444,
2101.086553758, 1.022308186,
2101.106985401, 1.023434642,
2101.127416943, 1.019991678,
2101.147848686, 1.024514993,
2101.168280328, 1.021745244,
2101.188711870, 1.019280910,
2101.209143612, 1.022141809,
2101.229575254, 1.023123323,
2101.250006996, 1.024462579,
2101.270438538, 1.022293234,
2101.290870180, 1.022734032,
2101.311301922, 1.021618443,
2101.331733463, 1.025155992,
2101.352165105, 1.023359459,
2101.372596846, 1.023780487,
2101.393028388, 1.023083781,
2101.454323312, 1.023316586,
2101.474754953, 1.022813969,
2101.495186594, 1.024316851,
2101.515618235, 1.023680256,
2101.536049976, 1.024127157,
2101.556481517, 1.022542635,
2101.576913157, 1.022746391,
2101.597344898, 1.023106998,
2101.617776438, 1.022521657,
2101.638208079, 1.022968185,
2101.658639819, 1.022461598,
2101.679071460, 1.022805436,
2101.699503000, 1.023467505,
2101.719934740, 1.024890754,
2101.740366381, 1.025430781,
2101.760797921, 1.023051731,
2101.781229661, 1.024117751,
2101.801661301, 1.022114666,
2101.822093040, 1.025023839,
2101.842524580, 1.024693085,
2101.862956220, 1.024288906,
2101.883387959, 1.023826346,
2101.903819499, 1.025187758,
2101.924251139, 1.021329040,
2101.944682878, 1.024141032,
2101.965114417, 1.023016010,
2101.985546057, 1.024107084,
2102.005977796, 1.024500651,
2102.026409335, 1.022194199,
2102.046841074, 1.024391672,
2102.067272713, 1.024033249,
2102.087704352, 1.019283823,
2102.108135991, 1.024351476,
2102.128567630, 1.023323954,
2102.148999268, 1.024177458,
2102.169430907, 1.022907205,
2102.189862545, 1.022553330,
2102.210294084, 1.023158170,
2102.230725822, 1.023384591,
2102.251157461, 1.023913242,
2102.271588999, 1.023927419,
2102.292020737, 1.023478118,
2102.312452375, 1.025723497,
2102.332884114, 1.022864845,
2102.353315652, 1.023589937,
2102.373747290, 1.017921574,
2102.394179027, 1.025589192,
2102.414610565, 1.025826386,
2102.435042203, 1.023965174,
2102.455473941, 1.021024546,
2102.475905478, 1.023891143,
2102.496337116, 1.022873198,
2102.516768854, 1.025004918,
2102.537200391, 1.027501967,
2102.557632028, 1.024201715,
2102.578063766, 1.023267997,
2102.598495403, 1.022552903,
2102.618927040, 1.025315406,
2102.639358677, 1.023336227,
2102.659790314, 1.023735502,
2102.680221951, 1.024218216,
2102.700653588, 1.022174514,
2102.721085225, 1.024277716,
2102.741516962, 1.023263352,
2102.761948499, 1.024003343,
2102.782380135, 1.022514499,
2102.802811772, 1.023187111,
2102.823243408, 1.022473284,
2102.843675145, 1.025479392,
2102.864106781, 1.022725381,
2102.884538318, 1.022709227,
2102.904970054, 1.021901468,
2102.925401590, 1.024203142,
2102.945833226, 1.023634733,
2102.966264963, 1.022768178,
2102.986696499, 1.022114793,
2103.007128135, 1.023770880,
2103.027559871, 1.023723444,
2103.047991406, 1.022926682,
2103.068423042, 1.022019950,
2103.088854778, 1.024407446,
2103.109286414, 1.024061408,
2103.129718049, 1.023758345,
2103.150149685, 1.023381755,
2103.170581321, 1.024014340,
2103.191012956, 1.026022455,
2103.211444591, 1.023994081,
2103.231876227, 1.024941002,
2103.252307862, 1.022238654,
2103.272739497, 1.022231558,
2103.293171133, 1.023675727,
2103.313602868, 1.025139503,
2103.334034403, 1.025957189,
2103.354466038, 1.023254435,
2103.415761043, 1.024139690,
2103.436192677, 1.022059537,
2103.456624212, 1.023407312,
2103.477055947, 1.024578550,
2104.090004963, 1.009525340,
2104.110436696, 1.012144618,
2104.130868329, 1.009999993,
2104.151300062, 1.010196875,
2104.171731595, 1.011057365,
2104.192163228, 1.013357400,
2104.212594861, 1.011502938,
2104.233026494, 1.011986022,
2104.253458126, 1.011684663,
2104.294321392, 1.011443167,
2104.314753024, 1.012184079,
2104.335184757, 1.013597059,
2104.376047922, 1.010973085,
2104.396479655, 1.011286678,
2104.416911187, 1.011862607,
2104.437342919, 1.011594881,
2104.457774552, 1.008353049,
2104.478206084, 1.012104139,
2104.498637816, 1.010630900,
2104.519069448, 1.010082497,
2104.539500980, 1.011498134,
2104.559932713, 1.011046544,
2104.580364345, 1.008985225,
2104.621227609, 1.010327860,
2104.641659240, 1.011044329,
2104.662090972, 1.008489945,
2104.682522504, 1.012322790,
2104.702954136, 1.013832517,
2104.723385868, 1.009709867,
2104.743817400, 1.011932355,
2104.764249031, 1.011645768,
2104.805112394, 1.010906862,
2104.825543926, 1.009575136,
2104.866407289, 1.013004825,
2104.886838920, 1.013303986,
2104.907270552, 1.012737359,
2104.927702183, 1.009803441,
2104.948133815, 1.011720432,
2104.968565446, 1.013698836,
2104.988996977, 1.012574953,
2105.009428708, 1.011048186,
2105.029860339, 1.012462773,
2105.050291871, 1.012258301,
2105.070723602, 1.012330370,
2105.111586764, 1.012951608,
2105.132018495, 1.014252199,
2105.152450126, 1.011103500,
2105.172881856, 1.011414291,
2105.193313387, 1.012007708,
2105.213745018, 1.012282229,
2105.234176749, 1.012940834,
2105.254608280, 1.012758747,
2105.275039911, 1.012151132,
2105.295471641, 1.013835216,
2105.315903272, 1.011907439,
2105.377198164, 1.012762936,
2105.397629794, 1.011998918,
2105.418061425, 1.012580013,
2105.438493055, 1.012466364,
2105.458924786, 1.014923423,
2105.479356316, 1.012216578,
2105.499787946, 1.013389852,
2105.520219677, 1.013499978,
2105.540651207, 1.013366971,
2105.581514567, 1.008039606,
2105.601946098, 1.015103470,
2105.622377828, 1.011250540,
2105.642809458, 1.011154665,
2105.663240988, 1.014360314,
2105.683672718, 1.013789172,
2105.704104248, 1.011783270,
2105.724535878, 1.011681091,
2105.744967608, 1.013783662,
2105.765399138, 1.013653481,
2105.785830768, 1.013042585,
2105.806262498, 1.013964082,
2105.847125758, 1.013597707,
2105.867557387, 1.011177259,
2105.887989017, 1.014689556,
2105.908420647, 1.013142838,
2105.928852277, 1.015295672,
2105.949283906, 1.015004944,
2105.969715636, 1.013380198,
2105.990147166, 1.012509037,
2106.010578795, 1.013581295,
2106.031010525, 1.018430081,
2106.051442054, 1.014245858,
2106.092305413, 1.012888787,
2106.112736943, 1.015191953,
2106.133168672, 1.011758434,
2106.153600302, 1.012377075,
2106.174031831, 1.009599632,
2106.194463561, 1.013170940,
2106.214895190, 1.012275041,
2106.235326719, 1.013428883,
2106.255758448, 1.013012343,
2106.276190078, 1.010542823,
2106.296621707, 1.015394402,
2106.337484966, 1.013177500,
2106.357916595, 1.014262888,
2106.378348224, 1.012875479,
2106.398779853, 1.015253406,
2106.419211482, 1.012359805,
2106.439643111, 1.013679631,
2106.460074740, 1.015644127,
2106.480506369, 1.013558955,
2106.500937998, 1.012666021,
2106.521369627, 1.014459428,
2106.541801356, 1.012409012,
2106.582664614, 1.015164890,
2106.603096243, 1.013677710,
2106.623527772, 1.013551614,
2106.643959501, 1.014415153,
2106.664391130, 1.015172363,
2106.684822658, 1.018533931,
2106.705254387, 1.012039317,
2106.725686016, 1.015032321,
2106.746117545, 1.013244988,
2106.766549274, 1.016104749,
2106.786980902, 1.012372338,
2106.827844160, 1.013733122,
2106.848275788, 1.005426663,
2106.868707517, 1.013678238,
2106.889139046, 1.012815346,
2106.909570674, 1.014672968,
2106.930002403, 1.013579885,
2106.950433932, 1.014280502,
2106.970865560, 1.013593902,
2106.991297289, 1.013987828,
2107.011728917, 1.015537699,
2107.032160546, 1.012525124,
2107.073023703, 1.014731417,
2107.093455431, 1.013642573,
2107.113887060, 1.012428530,
2107.134318588, 1.013711549,
2107.154750317, 1.012720732,
2107.175181945, 1.016881520,
2107.195613474, 1.010340104,
2107.216045202, 1.011398513,
2107.236476830, 1.010334037,
2107.256908559, 1.011783930,
2107.277340087, 1.012938265,
2107.338634972, 1.013654789,
2107.359066600, 1.012607391,
2107.379498329, 1.013640448,
2107.399929857, 1.013043375,
2107.420361485, 1.012891675,
2107.440793214, 1.014773019,
2107.481656470, 1.014090328,
2107.502088098, 1.013392275,
2107.522519727, 1.013483107,
2107.542951355, 1.016884287,
2107.563382983, 1.012450458,
2107.583814611, 1.011909936,
2107.604246339, 1.015043190,
2107.624677867, 1.015219422,
2107.645109496, 1.016114900,
2107.665541224, 1.014445551,
2107.685972752, 1.013079725,
2107.706404480, 1.012667701,
2107.726836008, 1.014654333,
2107.747267636, 1.014847446,
2107.767699364, 1.015454512,
2107.808562521, 1.013526645,
2107.828994249, 1.016547539,
2107.849425777, 1.012019113,
2107.890289133, 1.013250310,
2107.910720661, 1.013205979,
2107.931152289, 1.013832378,
2107.951584017, 1.015405005,
2107.972015545, 1.014287385,
2107.992447273, 1.014793235,
2108.012878901, 1.016211475,
2108.053742157, 1.014941475,
2108.074173785, 1.015260744,
2108.094605413, 1.015619212,
2108.115037041, 1.011930281,
2108.135468669, 1.013298117,
2108.155900297, 1.014700953,
2108.176332025, 1.018050788,
2108.196763553, 1.018594706,
2108.217195281, 1.015393716,
2108.237626909, 1.014956765,
2108.258058437, 1.013058589,
2108.298921793, 1.012620076,
2108.319353321, 1.016050743,
2108.339785049, 1.013876461,
2108.360216677, 1.013881328,
2108.380648205, 1.015103255,
2108.401079933, 1.012932109,
2108.421511561, 1.013896068,
2108.441943189, 1.013228915,
2108.462374817, 1.012568740,
2108.482806345, 1.010083703,
2108.503238073, 1.014303593,
2108.544101329, 1.015435739,
2108.564532957, 1.013854158,
2108.584964585, 1.013879910,
2108.605396213, 1.013550099,
2108.625827841, 1.014607346,
2108.646259469, 1.013546213,
2108.666691197, 1.016111975,
2108.687122825, 1.012243651,
2108.707554353, 1.012913864,
2108.727986081, 1.016831062,
2108.748417709, 1.015628068,
2108.789280965, 1.015203026,
2108.809712593, 1.049862031,
2108.830144121, 1.013177494,
2108.850575849, 1.012495017,
2108.871007477, 1.012104634,
2108.891439205, 1.013426562,
2108.911870733, 1.010894093,
2108.932302361, 1.009453073,
2108.952734089, 1.017614531,
2108.973165617, 1.009574504,
2108.993597245, 1.016038898,
2109.034460501, 1.011495938,
2109.054892129, 1.012550786,
2109.075323857, 1.013450582,
2109.095755386, 1.014386544,
2109.116187114, 1.015027246,
2109.136618642, 1.012233978,
2109.177481998, 1.010446809,
2109.197913526, 1.012627102,
2109.218345154, 0.995640613,
2109.238776882, 0.980895280,
2109.300071767, 1.013058316,
2109.320503395, 1.013957119,
2109.340935123, 1.015334173,
2109.361366651, 1.013395341,
2109.381798279, 1.013727549,
2109.402230008, 1.013821629,
2109.422661536, 1.014655709,
2109.483956421, 1.014323506,
2109.524819777, 1.015841571,
2109.545251305, 1.016050175,
2109.565683034, 1.014338273,
2109.586114662, 1.016231491,
2109.606546190, 1.016369630,
2109.626977919, 1.015019538,
2109.647409547, 1.016711073,
2109.667841175, 1.015747654,
2109.729136061, 1.015010720,
2109.769999318, 1.015758267,
2109.790430946, 1.019075060,
2109.810862674, 1.015967161,
2109.831294203, 1.015699153,
2109.851725931, 1.013733736,
2109.872157460, 1.014138301,
2109.892589088, 1.015750695,
2109.913020817, 1.016845004,
2109.933452346, 1.016641914,
2109.953883974, 1.014869207,
2109.974315703, 1.015449331,
2110.015178960, 1.016310727,
2110.035610589, 1.013448707,
2110.056042117, 1.013608595,
2110.076473846, 1.015993367,
2110.096905475, 1.013654040,
2110.117337003, 1.017865382,
2110.137768732, 1.016321075,
2110.158200361, 1.013511473,
2110.178631990, 1.017725523,
2110.199063618, 1.015900730,
2110.219495247, 1.016898851,
2110.260358505, 1.014592732,
2110.280790134, 1.016079468,
2110.301221863, 1.016059334,
2110.321653492, 1.015030568,
2110.342085020, 1.017384986,
2110.362516749, 1.016026294,
2110.382948378, 1.016947114,
2110.403380007, 1.014040047,
2110.423811636, 1.018678387,
2110.444243265, 1.016893968,
2110.464674895, 1.016028093,
2110.505538053, 1.016104529,
2110.525969782, 1.015473162,
2110.566832940, 1.016971155,
2110.587264669, 1.017923752,
2110.607696299, 1.012728946,
2110.628128028, 1.017633461,
2110.648559557, 1.016976041,
2110.668991186, 1.015048003,
2110.689422916, 1.017192581,
2110.709854445, 1.015219792,
2110.771149333, 1.015436055,
2110.791580963, 1.016485531,
2110.812012692, 1.013642372,
2110.832444222, 1.012943306,
2110.852875951, 1.013983043,
2110.873307581, 1.014563591,
2110.893739210, 1.013946048,
2110.914170840, 1.015446830,
2110.934602469, 1.014313434,
2110.955034099, 1.016158727,
2110.975465729, 1.015612303,
2110.995897359, 1.012948013,
2111.016328988, 1.016327678,
2111.036760718, 1.013090285,
2111.057192248, 1.016842993,
2111.077623978, 1.012930032,
2111.098055607, 1.014229840,
2111.118487137, 1.014519763,
2111.138918867, 1.017943285,
2111.159350397, 1.016632702,
2111.179782027, 1.017090075,
2111.200213757, 1.009345691,
2111.261508647, 1.015651639,
2111.281940177, 1.016714879,
2111.302371908, 1.015601368,
2111.322803538, 1.014529316,
2111.343235068, 1.015771617,
2111.363666798, 1.016156526,
2111.384098429, 1.017503371,
2111.404530059, 1.014625738,
2111.424961689, 1.015546864,
2111.445393320, 1.015311602,
2111.486256581, 1.016695248,
2111.506688211, 1.014940674,
2111.527119942, 1.015062542,
2111.547551572, 1.016472173,
2111.567983103, 1.015821639,
2111.588414833, 1.018474538,
2111.608846464, 1.016428666,
2111.629277995, 1.016571760,
2111.649709725, 1.014984401,
2111.670141356, 1.018445594,
2111.690573087, 1.015073208,
2111.731436249, 1.015875416,
2111.751867980, 1.013406431,
2111.772299510, 1.015647786,
2111.792731142, 1.013302051,
2111.813162773, 1.016545942,
2111.833594404, 1.018688073,
2111.854026035, 1.016704277,
2111.874457666, 1.016152157,
2111.894889297, 1.015672761,
2111.915321028, 1.014331748,
2111.997047453, 1.016391860,
2112.017479085, 1.016798315,
2112.037910816, 1.018087271,
2112.058342448, 1.016785632,
2112.078774079, 1.013600719,
2112.099205711, 1.018389312,
2112.119637342, 1.019171649,
2112.140068974, 1.017354184,
2112.160500606, 1.019738542,
2112.180932237, 1.017561917,
2112.221795501, 1.016712196,
2112.242227133, 1.017524388,
2112.262658865, 1.014623285,
2112.283090397, 1.018315575,
2112.303522129, 1.017754997,
2112.323953761, 1.016901280,
2112.344385293, 1.018093134,
2112.364817025, 1.018181477,
2112.385248657, 1.019447934,
2112.405680189, 1.018320118,
2112.426111921, 1.020733599,
2112.487406818, 1.017425128,
2112.507838451, 1.018337753,
2112.528270083, 1.018491829,
2112.548701716, 1.017801238,
2112.589564981, 1.020063443,
2112.609996614, 1.020831786,
2112.630428246, 1.016368469,
2112.650859879, 1.017177039,
2112.671291512, 1.018205744,
2112.712154878, 1.015925078,
2112.732586410, 1.016152995,
2112.753018143, 1.015714486,
2112.773449776, 1.018678225,
2112.793881309, 1.017049520,
2112.814313043, 1.016617833,
2112.834744676, 1.017357057,
2112.855176209, 1.015880339,
2112.875607942, 1.017810371,
2112.896039576, 1.017238014,
2112.916471309, 1.014328521,
2112.957334476, 1.018176907,
2112.977766209, 1.020113558,
2112.998197743, 1.018307945,
2113.018629376, 1.020300651,
2113.039061110, 1.017760475,
2113.059492644, 1.018807170,
2113.079924278, 1.015505424,
2113.100356011, 1.018942213,
2113.120787545, 1.016216227,
2113.161650913, 1.020552394,
2113.243377350, 1.018488272,
2113.263809084, 1.019362236,
2113.284240718, 1.018904740,
2113.304672352, 1.018002778,
2113.325103987, 1.018707951,
2113.345535621, 1.019088431,
2113.365967356, 1.018001580,
2113.427262260, 1.015995606,
2113.447693794, 1.018682965,
2113.468125429, 1.017610571,
2113.488557164, 1.018993028,
2113.508988699, 1.020456743,
2113.529420434, 1.018829693,
2113.549852069, 1.019987915,
2113.570283604, 1.015786922,
2113.590715339, 1.020335373,
2113.611146974, 1.018189344,
2113.631578509, 1.016647119,
2113.652010245, 1.018830199,
2113.692873415, 1.020001263,
2113.713305151, 1.017783733,
2113.733736786, 1.020910504,
2113.754168522, 1.021280032,
2113.774600058, 1.019984731,
2113.795031693, 1.018682096,
2113.815463329, 1.021544271,
2113.835895065, 1.018683082,
2113.856326601, 1.018796988,
2113.876758337, 1.016480887,
2113.897189873, 1.015696112,
2113.938053245, 1.019882426,
2113.958484781, 1.020728158,
2113.978916517, 1.020782179,
2113.999348154, 1.020637605,
2114.019779690, 1.020677931,
2114.040211427, 1.020565004,
2114.060643063, 1.021194628,
2114.081074600, 1.018498263,
2114.101506336, 1.021290581,
2114.121937973, 1.020137411,
2114.142369710, 1.018263044,
2114.183232883, 1.019689732,
2114.203664620, 1.021092399,
2114.224096157, 1.021480430,
2114.244527794, 1.020963032,
2114.264959532, 1.021105467,
2114.285391069, 1.020538747,
2114.305822806, 1.021201603,
2114.326254443, 1.018374212,
2114.346686081, 1.017795854,
2114.367117718, 1.019206213,
2114.387549356, 1.018246516,
2114.428412631, 1.020163632,
2114.448844269, 1.019121493,
2114.469275906, 1.019651815,
2114.489707544, 1.020948020,
2114.510139182, 1.021792948,
2114.530570920, 1.019775977,
2114.551002458, 1.023220786,
2114.571434096, 1.018031052,
2114.591865835, 1.020683021,
2114.612297373, 1.019327429,
2114.632729011, 1.019585457,
2114.673592288, 1.020959445,
2114.694023927, 1.021874216,
2114.714455665, 1.019829306,
2114.734887204, 1.022301778,
2114.755318943, 1.018525780,
2114.775750582, 1.021340805,
2114.796182120, 1.020069647,
2114.816613859, 1.021488430,
2114.837045498, 1.021933232,
2114.857477038, 1.020595574,
2114.877908777, 1.021805965,
2114.939203695, 1.024040787,
2114.959635334, 1.020995425,
2114.980067074, 1.021427241,
2115.000498613, 1.022926893,
2115.020930253, 1.022778280,
2115.041361993, 1.022302760,
2115.061793633, 1.021569067,
2115.082225173, 1.022319904,
2115.102656912, 1.021458299,
2115.123088553, 1.022985561,
2115.184383473, 1.023656608,
2115.204815113, 1.021922001,
2115.225246754, 1.022893502,
2115.245678394, 1.022498941,
2115.266110035, 1.022656511,
2115.286541676, 1.021887736,
2115.306973416, 1.023335951,
2115.327404957, 1.020740824,
2115.347836598, 1.022839939,
2115.368268339, 1.024109196,
2115.409131521, 1.023206762,
2115.429563262, 1.020926510,
2115.470426445, 1.023813223,
2115.490858186, 1.024998889,
2115.511289728, 1.023644861,
2115.531721470, 1.024785842,
2115.552153111, 1.025846165,
2115.572584753, 1.025715040,
2115.593016395, 1.024708742,
2115.613448037, 1.023710145,
2115.654311321, 1.024584403,
2115.674742963, 1.023534363,
2115.695174605, 1.024172814,
2115.715606347, 1.023757569,
2115.736037890, 1.024003357,
2115.756469632, 1.023691969,
2115.776901275, 1.024646583,
2115.797332817, 1.025549728,
2115.817764560, 1.025535002,
2115.838196203, 1.024198613,
2115.858627746, 1.026401904,
2115.899491132, 1.027272049,
2115.919922775, 1.022976132,
2115.940354418, 1.025861615,
2115.960785962, 1.024923046,
2115.981217705, 1.028287411,
2116.001649348, 1.025932911,
2116.022080892, 1.025828353,
2116.042512636, 1.024861377,
2116.062944279, 1.024631526,
2116.083375923, 1.025477584,
2116.103807567, 1.024899493,
2116.144670955, 1.026255639,
2116.165102499, 1.024990725,
2116.185534143, 1.025259740,
2116.205965888, 1.024512948,
2116.226397532, 1.026194419,
2116.246829077, 1.024448110,
2116.267260821, 1.026137705,
2116.287692466, 1.026910135,
2116.308124111, 1.026859455,
2116.328555755, 1.025071876,
2116.348987400, 1.027133608,
2116.389850691, 1.026279585,
2116.410282336, 1.025304457,
2116.430714081, 1.025065871,
2116.451145626, 1.027831204,
2116.471577272, 1.026690186,
2116.492009017, 1.027722070,
2116.512440563, 1.024218542,
2116.532872309, 1.027706990,
2116.553303955, 1.024894236,
2116.635030439, 1.028616850,
2116.655462185, 1.026784330,
2116.675893732, 1.030100367,
2116.696325478, 1.027833595,
2116.716757125, 1.027832808,
2116.737188671, 1.026750885,
2116.757620418, 1.023720055,
2116.778052065, 1.028737868,
2116.798483712, 1.025980068,
2116.818915359, 1.028107082,
2116.839347006, 1.041559301,
2116.900641948, 1.028069976,
2116.921073695, 1.029224357,
2116.941505343, 1.028695224,
2116.961936890, 1.029538455,
2116.982368638, 1.029435855,
2117.002800286, 1.029266156,
2117.023231834, 1.027342218,
2117.043663582, 1.028257803,
2117.064095230, 1.027393846,
2117.084526979, 1.029511188,
2117.145821924, 1.026817240,
2117.166253473, 1.026621582,
2117.186685121, 1.028900366,
2117.207116770, 1.026837940,
2117.227548419, 1.027208562,
2117.247980068, 1.024986351,
2117.268411717, 1.028797333,
2117.288843366, 1.030381009,
2117.309275116, 1.030899988,
2117.329706665, 1.029247583,
2117.391001614, 1.028546471,
2117.411433264, 1.029886443,
2117.431865014, 1.028929005,
2117.452296664, 1.030824123,
2117.472728314, 1.028790832,
2117.493159964, 1.029652544,
2117.513591615, 1.028884245,
2117.534023265, 1.030847395,
2117.554454916, 1.029046236,
2117.574886566, 1.030497937,
2117.595318317, 1.028742355,
2117.615749868, 1.030642400,
2117.636181519, 1.028814053,
2117.656613270, 1.028726325,
2117.677044821, 1.028969254,
2117.697476572, 1.028369473,
2117.717908224, 1.029089499,
2117.738339775, 1.029352201,
2117.758771527, 1.013526628,
2117.881361438, 1.028923796,
2117.901793091, 1.029764979,
2117.922224743, 1.029973384,
2117.942656395, 1.029904313,
2117.963088048, 1.029251084,
2117.983519701, 1.030529793,
2118.003951354, 1.028858196,
2118.024383007, 1.029618994,
2118.044814660, 1.030480479,
2118.065246313, 1.029723783,
2118.106109719, 1.029234790,
2118.126541273, 1.030640580,
2118.146973026, 1.030441271,
2118.167404680, 1.029131312,
2118.187836234, 1.029187454,
2118.208267988, 1.030008995,
2118.228699642, 1.026668610,
2118.249131196, 1.030432591,
2118.269562950, 1.031442355,
2118.289994605, 1.029291638,
2118.310426359, 1.027094783,
2118.351289568, 1.030093388,
2118.371721323, 1.031018297,
2118.392152878, 1.031617228,
2118.412584533, 1.030666012,
2118.433016288, 1.028580867,
2118.453447843, 1.030403764,
2118.473879599, 1.030129122,
2118.494311254, 1.029110941,
2118.514742810, 1.027470648,
2118.535174566, 1.028329559,
2118.555606221, 1.030563301,
2118.596469533, 1.029957090,
2118.678196159, 1.031164745,
2118.698627815, 1.028550577,
2118.719059472, 1.030815774,
2118.739491129, 1.030529411,
2118.759922786, 1.025655359,
2118.780354443, 1.031552313,
2118.800786100, 1.029988842,
2118.841649415, 1.022952830,
2118.862081172, 1.032009925,
2118.882512830, 1.029300857,
2118.902944388, 1.029115154,
2118.923376145, 1.027636827,
2118.943807803, 1.031077842,
2118.964239362, 1.031107923,
2118.984671120, 1.031083756,
2119.005102778, 1.029099208,
2119.025534337, 1.031516587,
2119.045966095, 1.031372957,
2119.107261072, 1.033479331,
2119.127692731, 1.032664437,
2119.148124490, 1.030139539,
2119.168556049, 1.033125830,
2119.188987709, 1.028731989,
2119.209419468, 1.031654767,
2119.229851028, 1.029061168,
2119.250282788, 1.030701844,
2119.270714447, 1.030523323,
2119.291146108, 1.028857921,
2119.352440988, 1.031236045,
2119.372872749, 1.029081581,
2119.393304409, 1.032145957,
2119.413736170, 1.031957703,
2119.434167731, 1.033281670,
2119.454599392, 1.030907055,
2119.475031153, 1.032370337,
2119.495462714, 1.031961847,
2119.515894376, 1.029543402,
2119.536326137, 1.029715754,
2119.577189361, 1.029838519,
2119.597621123, 1.029405569,
2119.618052685, 1.029836837,
2119.638484447, 1.032186737,
2119.658916109, 1.033336510,
2119.679347671, 1.030325241,
2119.699779434, 1.031820839,
2119.720211096, 1.032314805,
2119.740642759, 1.031749477,
2119.761074422, 1.028280760,
2119.781506085, 1.028451009,
2119.822369412, 1.029310240,
2119.842801075, 1.030399396,
2119.863232838, 1.031361445,
2119.883664502, 1.031847304,
2119.904096066, 1.030759263,
2119.924527730, 1.031714198,
2119.944959394, 1.032359686,
2119.965391058, 1.030575151,
2119.985822822, 1.029282029,
2120.006254387, 1.028858889,
2120.026686151, 1.030533938,
2120.067549381, 1.031947994,
2120.087981146, 1.031260226,
2120.108412811, 1.031275513,
2120.128844376, 1.030672801,
2120.149276141, 1.029319292,
2120.169707807, 1.031193859,
2120.190139572, 1.030965028,
2120.210571138, 1.030464548,
2120.231002804, 1.030158347,
2120.251434570, 1.030518364,
2120.271866136, 1.029622428,
2120.312729569, 1.029154084,
2120.333161135, 1.028189919,
2120.353592802, 1.030656242,
2120.374024569, 1.028752726,
2120.394456136, 1.030551982,
2120.414887903, 1.033206936,
2120.435319570, 1.031645492,
2120.455751237, 1.029328004,
2120.476182905, 1.030666492,
2120.496614572, 1.030596979,
2120.517046240, 1.031698557,
2120.557909576, 1.031817811,
2120.578341344, 1.031195414,
2120.598772912, 1.030275952,
2120.619204581, 1.026995928,
2120.639636349, 1.030485164,
2120.660067918, 1.029422949,
2120.680499587, 1.030743293,
2120.700931356, 1.029934236,
2120.721362925, 1.027065533,
2120.741794594, 1.030914258,
2120.803089703, 1.029890610,
2120.823521372, 1.031236330,
2120.843952942, 1.028004664,
2120.864384712, 1.028476830,
2120.884816382, 1.031378651,
2120.905247953, 1.028744097,
2120.925679723, 1.030528506,
2120.946111394, 1.031991091,
2120.966543165, 1.035946479,
2120.986974736, 1.031801614,
2121.007406407, 1.041324212,
2121.068701421, 1.027823406,
2121.089133192, 1.028648257,
2121.109564864, 1.032073239,
2121.129996436, 1.028279611,
2121.150428208, 1.024432678,
2121.170859880, 1.027052478,
2121.191291552, 1.028509290,
2121.211723225, 1.026806927,
2121.232154898, 1.028365693,
2121.273018243, 1.028018718,
2121.293449916, 1.030051985,
2121.313881589, 1.030881342,
2121.334313263, 1.029583691,
2121.354745036, 1.030691771,
2121.375176610, 1.030303475,
2121.395608284, 1.030381560,
2121.416040057, 1.029247245,
2121.436471632, 1.025348240,
2121.456903306, 1.032433344,
2121.497766655, 1.031204741,
2121.538630104, 1.031030197,
2121.559061679, 1.029646117,
2121.579493454, 1.031222817,
2121.599925129, 1.030181632,
2121.620356805, 1.031168155,
2121.640788480, 1.029838163,
2121.661220156, 1.030935726,
2121.681651832, 1.030557657,
2121.702083508, 1.033136015,
2121.722515184, 1.031192624,
2121.742946960, 1.028948326,
2121.783810213, 1.030320186,
2121.804241990, 1.031115499,
2121.824673667, 1.031063543,
2121.845105244, 1.031687873,
2121.865537021, 1.030346896,
2121.885968698, 1.031846270,
2121.906400275, 1.027938967,
2121.926832053, 1.031222034,
2121.947263731, 1.029438082,
2121.967695409, 1.030807181,
2121.988127087, 1.027738758,
2122.049422122, 1.029597894,
2122.069853701, 1.029335811,
2122.090285480, 1.031538113,
2122.110717159, 1.030306976,
2122.131148938, 1.031189311,
2122.151580517, 1.031289709,
2122.172012196, 1.030270525,
2122.212875556, 1.029053886,
2122.233307236, 1.031763134,
2122.274170696, 1.030645522,
2122.294602276, 1.031633711,
2122.315034057, 1.030540774,
2122.335465738, 1.030839108,
2122.355897418, 1.031027954,
2122.376329099, 1.030688106,
2122.396760781, 1.029360741,
2122.417192462, 1.030723509,
2122.437624143, 1.029602757,
2122.458055825, 1.029810975,
2122.478487607, 1.031497487,
2122.519350971, 1.030670037,
2122.539782653, 1.028790083,
2122.560214236, 1.032763064,
2122.580646018, 1.031334440,
2122.601077701, 1.031098825,
2122.621509284, 1.028707181,
2122.641941067, 1.030373701,
2122.662372650, 1.026314836,
2122.682804433, 1.027654252,
2122.703236117, 1.029814557,
2122.723667701, 1.032729960,
2122.784962753, 1.031585007,
2122.805394537, 1.030818551,
2122.825826222, 1.030205475,
2122.846257906, 1.030635850,
2122.866689591, 1.031173086,
2122.887121276, 1.030666221,
2122.907553061, 1.030608654,
2122.927984746, 1.032146663,
2122.948416332, 1.030301241,
2122.968848118, 1.030946106,
2123.030143175, 1.030316994,
2123.050574862, 1.029360458,
2123.071006648, 1.030156503,
2123.091438235, 1.028799171,
2123.111869922, 1.029796951,
2123.132301709, 1.030578745,
2123.152733296, 1.031913724,
2123.173164983, 1.029060013,
2123.234460046, 1.027520457,
2123.275323422, 1.030185967,
2123.295755210, 1.031532994,
2123.316186799, 1.030487391,
2123.336618487, 1.031961709,
2123.357050276, 1.029814194,
2123.377481865, 1.031036452,
2123.397913554, 1.030904634,
2123.418345343, 1.032074011,
2123.438776933, 1.031947425,
2123.459208722, 1.034400130,
2123.500072102, 1.029658711,
2123.520503792, 1.029193229,
2123.540935483, 1.029942850,
2123.561367173, 1.031184697,
2123.581798864, 1.029966853,
2123.602230554, 1.031901770,
2123.622662345, 1.032761510,
2123.643094037, 1.033489445,
2123.663525628, 1.031157414,
2123.683957419, 1.032709293,
2123.704389111, 1.031446824,
2123.745252495, 1.030247814,
2123.765684187, 1.030473848,
2123.786115779, 1.031375440,
2123.806547572, 1.030053412,
2123.826979265, 1.033666155,
2123.847411057, 1.031824310,
2123.867842651, 1.031914695,
2123.888274344, 1.030919822,
2123.908706037, 1.028827269,
2123.929137731, 1.035584762,
2123.949569424, 1.030369440,
2123.990432812, 1.030516780,
2124.010864607, 1.029906165,
2124.031296201, 1.030943627,
2124.051727896, 1.030763372,
2124.092591285, 1.030936624,
2124.113022981, 1.031765136,
2124.133454776, 1.031238696,
2124.153886471, 1.031460379,
2124.174318067, 1.032366972,
2124.194749863, 1.031196136,
2124.235613255, 1.030685381,
2124.256044951, 1.032777145,
2124.276476648, 1.031846657,
2124.296908445, 1.030059196,
2124.317340042, 1.031477034,
2124.337771739, 1.032952471,
2124.358203536, 1.031109587,
2124.378635133, 1.031514576,
2124.399066931, 1.031664253,
2124.419498629, 1.032976663,
2124.439930227, 1.031221685,
2124.480793723, 1.029160979,
2124.501225322, 1.030337920,
2124.521657120, 1.029618549,
2124.542088819, 1.031127211,
2124.562520518, 1.029393892,
2124.582952218, 1.030592844,
2124.603383917, 1.030391885,
2124.623815617, 1.031911492,
2124.644247316, 1.031106954,
2124.664679016, 1.031009522,
2124.685110717, 1.032525271,
2124.746405818, 1.029730406,
2124.766837519, 1.031517290,
2124.787269320, 1.031359862,
2124.807701021, 1.033662338,
2124.828132623, 1.031502141,
2124.848564424, 1.031152954,
2124.868996126, 1.031514582,
2124.889427728, 1.031063881,
2124.909859530, 1.032390759,
2124.930291233, 1.034918188,
2124.991586341, 1.030881086,
2125.012018144, 1.032039575,
2125.032449747, 1.033507484,
2125.052881451, 1.030860680,
2125.073313254, 1.031065906,
2125.093744858, 1.031624047,
2125.114176562, 1.030473523,
2125.134608367, 1.030785047,
2125.155039971, 1.032332671,
2125.195903480, 1.027821872,
2125.216335085, 1.029557430,
2125.236766891, 1.032750035,
2125.257198596, 1.033217523,
2125.277630301, 1.032664863,
2125.298062007, 1.033163136,
2125.338925419, 1.032722600,
2125.359357126, 1.033440153,
2125.379788832, 1.028906292,
2125.400220539, 1.034903512,
2125.420652246, 1.030765822,
2125.461515660, 1.028905207,
2125.481947367, 1.031233176,
2125.502379175, 1.029990699,
2125.522810883, 1.029594336,
2125.543242491, 1.033114020,
2125.563674299, 1.031621464,
2125.584106007, 1.032318152,
2125.604537616, 1.030676982,
2125.624969425, 1.031147614,
2125.645401134, 1.032755875,
2125.665832743, 1.032721206,
2125.706696262, 1.030653764,
2125.727128072, 1.029148234,
2125.747559682, 1.031795817,
2125.767991392, 1.030300677,
2125.788423202, 1.030851076,
2125.808854813, 1.030385388,
2125.829286523, 1.031783254,
2125.849718334, 1.032032896,
2125.870149946, 1.031016554,
2125.890581757, 1.030501041,
2125.911013468, 1.032144648,
2125.951876892, 1.030698989,
2125.972308504, 1.031569077,
2125.992740316, 1.032917611,
2126.013172029, 1.033822082,
2126.033603742, 1.031052894,
2126.054035354, 1.031919958,
2126.074467168, 1.029916488,
2126.094898881, 1.032072052,
2126.115330594, 1.030760804,
2126.135762308, 1.032236508,
2126.156194022, 1.031416869,
2126.197057450, 1.032122256,
2126.217489165, 1.032022455,
2126.237920980, 1.033621513,
2126.258352594, 1.030927926,
2126.278784410, 1.031871612,
2126.299216125, 1.031951146,
2126.319647740, 1.030228172,
2126.340079556, 1.028277544,
2126.360511272, 1.033087476,
2126.380942888, 1.034131466,
2126.401374704, 1.029173753,
2126.442238038, 1.033405720,
2126.462669854, 1.030140295,
2126.483101572, 1.032011569,
2126.503533389, 1.030875714,
2126.523965006, 1.029091774,
2126.544396724, 1.032531452,
2126.564828542, 1.028964837,
2126.585260260, 1.032865451,
2126.605691878, 1.031158666,
2126.626123597, 1.033530578,
2126.646555416, 1.030912098,
2126.687418854, 1.030481275,
2126.707850473, 1.031786335,
2126.728282293, 1.032547907,
2126.748714013, 1.031562246,
2126.769145633, 1.030792737,
2126.789577453, 1.031061295,
2126.810009173, 1.029499455,
2126.830440994, 1.032089154,
2126.850872614, 1.030712683,
2126.871304335, 1.027596330,
2126.891736157, 1.030223868,
2126.953031321, 1.030238172,
2126.973462944, 1.028905183,
2126.993894666, 1.029833425,
2127.014326488, 1.029061266,
2127.034758111, 1.027777188,
2127.055189934, 1.030730328,
2127.075621657, 1.028102257,
2127.096053280, 1.030302085,
2127.116485104, 1.033115782,
2127.136916827, 1.029960091,
2127.198212000, 1.029960339,
2127.218643824, 1.030628104,
2127.239075449, 1.031245613,
2127.259507174, 1.030271653,
2127.279938899, 1.030938492,
2127.300370625, 1.028373321,
2127.320802350, 1.030328511,
2127.341234176, 1.026307577,
2127.361665802, 1.027669026,
2127.382097529, 1.028191128,
2127.422960982, 1.031310242,
2127.443392809, 1.031018433,
2127.463824536, 1.027409156,
2127.484256163, 1.027346951,
2127.504687991, 1.029868896,
2127.525119719, 1.026368296,
2127.545551346, 1.029200468,
2127.565983175, 1.028346847,
2127.586414903, 1.032309489,
2127.606846732, 1.027868110,
2127.627278360, 1.027963118,
2127.688573548, 1.028745407,
2127.709005278, 1.030975425,
2127.729437108, 1.029577883,
2127.749868738, 1.029277356,
2127.770300568, 1.030802724,
2127.790732299, 1.029536703,
2127.811164030, 1.029281830,
2127.831595761, 1.027782191,
2127.852027492, 1.029596579,
2127.892890955, 1.025433214,
2127.913322687, 1.029783813,
2127.933754419, 1.028028764,
2127.954186151, 1.028496279,
2127.974617884, 1.028803371,
2127.995049717, 1.025674503,
2128.015481350, 1.029158833,
2128.035913083, 1.026380114,
2128.056344916, 1.026187434,
2128.076776550, 1.024439405,
2128.097208284, 1.026475318,
2128.117640118, 1.030250054,
2128.158503586, 1.028486602,
2128.178935321, 1.026956414,
2128.199366956, 1.025986318,
2128.240230527, 1.025129320,
2128.260662162, 1.026542709,
2128.281093998, 1.027204883,
2128.301525734, 1.029007848,
2128.321957371, 1.026413700,
2128.342389207, 1.031280628,
2128.424116156, 1.026441058,
2128.444547993, 1.027385397,
2128.464979731, 1.028586201,
2128.485411369, 1.028365738,
2128.505843207, 1.027107877,
2128.526274946, 1.028395814,
2128.546706685, 1.026649503,
2128.567138424, 1.029895304,
2128.587570163, 1.027848553,
2128.608001902, 1.024688398,
2128.628433642, 1.029863687,
2128.648865382, 1.026609175,
2128.669297122, 1.027793140,
2128.689728862, 1.026943294,
2128.710160703, 1.023767894,
2128.730592344, 1.026635660,
2128.751024085, 1.026806678,
2128.771455926, 1.023280256,
2128.791887568, 1.028013394,
2128.812319309, 1.029548217,
2128.832751151, 1.033497112,
2128.853182794, 1.041841268,
2128.914478021, 1.021666115,
2128.934909865, 1.029288473,
2128.955341608, 1.027168463,
2128.975773351, 1.026955083,
2128.996205095, 1.028615041,
2129.016636839, 1.025856813,
2129.037068583, 1.028453309,
2129.057500328, 1.024303080,
2129.077932073, 1.026057196,
2129.098363918, 1.024177289,
2129.159659154, 1.027263387,
2129.180090900, 1.025279892,
2129.200522546, 1.026251534,
2129.220954392, 1.029059589,
2129.241386139, 1.024222022,
2129.261817886, 1.026382309,
2129.282249633, 1.025911923,
2129.302681380, 1.024436244,
2129.323113128, 1.029172892,
2129.343544875, 1.021484832,
2129.384408372, 1.024613367,
2129.404840120, 1.024071739,
2129.425271769, 1.023295266,
2129.445703618, 1.024699398,
2129.466135367, 1.025209837,
2129.486567216, 1.028470847,
2129.506998866, 1.025806014,
2129.527430616, 1.025506686,
2129.547862466, 1.024244070,
2129.568294116, 1.027645915,
2129.588725867, 1.026227400,
2129.650021220, 1.026562875,
2129.670452972, 1.025062017,
2129.690884723, 1.024505127,
2129.711316475, 1.026971303,
2129.731748228, 1.024210055,
2129.752179980, 1.022522880,
2129.772611733, 1.025558815,
2129.793043486, 1.023734387,
2129.813475239, 1.023764768,
2129.833907093, 1.026016734,
2129.874770600, 1.025863766,
2129.895202355, 1.024655017,
2129.915634009, 1.025715507,
2129.936065864, 1.024614525,
2129.956497619, 1.024482356,
2129.976929274, 1.023511627,
2129.997361129, 1.025301102,
2130.017792785, 1.022723204,
2130.038224641, 1.026663449,
2130.058656397, 1.027736361,
2130.079088053, 1.025995753,
2130.119951667, 1.025638064,
2130.140383324, 1.020503125,
2130.160815181, 1.023999783,
2130.181246939, 1.024784682,
2130.201678797, 1.022903869,
2130.222110455, 1.020322463,
2130.242542213, 1.019809237,
2130.262974071, 1.016327218,
2130.283405730, 1.020125346,
2130.303837489, 1.019285252,
2130.324269349, 1.017634212,
2130.365132768, 1.025490685,
2130.385564628, 1.025760348,
2130.405996388, 1.024377005,
2130.426428149, 1.025767340,
2130.446859910, 1.024811880,
2130.467291671, 1.022807651,
2130.487723532, 1.021501221,
2130.508155194, 1.020852475,
2130.528586955, 1.020063382,
2130.549018817, 1.018695625,
2130.569450480, 1.020406312,
2130.630745768, 1.025984161,
2130.651177631, 1.025592237,
2130.671609295, 1.024648540,
2130.692041058, 1.024256831,
2130.712472923, 1.024574029,
2130.732904587, 1.022622227,
2130.753336451, 1.019564309,
2130.773768216, 1.021617548,
2130.794199881, 1.023076592,
2130.814631746, 1.020288329,
2130.875927044, 1.024760107,
2130.896358810, 1.025381061,
2130.916790577, 1.026649174,
2130.937222343, 1.024687689,
2130.957654110, 1.024293212,
2130.978085978, 1.021315023,
2130.998517745, 1.024292577,
2131.018949413, 1.023117910,
2131.039381281, 1.024688019,
2131.059813049, 1.020710878,
2131.121108356, 1.025191883,
2131.141540125, 1.026366355,
2131.161971895, 1.024866323,
2131.182403665, 1.025765755,
2131.202835535, 1.023027993,
2131.223267205, 1.024033490,
2131.243698976, 1.025099774,
2131.264130747, 1.025159417,
2131.304994389, 1.022686122,
2131.366289705, 1.025541398,
2131.386721377, 1.026820690,
2131.407153150, 1.028692550,
2131.427585023, 1.026275122,
2131.448016696, 1.028466954,
2131.468448469, 1.028253069,
2131.488880343, 1.024650560,
2131.509312017, 1.026554141,
2131.529743891, 1.027773467,
2131.550175666, 1.024334370,
2131.591039215, 1.026406472,
2131.611470991, 1.028496610,
2131.631902766, 1.026501925,
2131.652334642, 1.026058840,
2131.672766318, 1.025760211,
2131.693198194, 1.027038620,
2131.713629971, 1.024774397,
2131.734061648, 1.025146997,
2131.754493525, 1.026830237,
2131.774925302, 1.027258370,
2131.795356980, 1.024544860,
2131.856652514, 1.027995131,
2131.877084193, 1.026138949,
2131.897515972, 1.028090867,
2131.917947751, 1.024274968,
2131.938379530, 1.028612994,
2131.958811310, 1.028279071,
2131.979243090, 1.027520320,
2131.999674870, 1.026940339,
2132.020106651, 1.026869797,
2132.060970213, 1.027129663,
2132.081402094, 1.028080790,
2132.101833776, 1.028113663,
2132.122265558, 1.027865040,
2132.142697440, 1.025855705,
2132.163129122, 1.029092889,
2132.183560905, 1.028375734,
2132.203992787, 1.027652881,
2132.224424571, 1.028598694,
2132.244856354, 1.028811213,
2132.265288138, 1.027715122,
2132.285719922, 1.026843246,
2132.326583491, 1.027109642,
2132.347015275, 1.028878033,
2132.367447160, 1.027763315,
2132.387878846, 1.029027254,
2132.408310731, 1.028208427,
2132.428742517, 1.028468377,
2132.449174203, 1.027795373,
2132.469606090, 1.028131657,
2132.490037876, 1.029816988,
2132.510469563, 1.028372837,
2132.530901450, 1.026051244,
2132.571764926, 1.031334131,
2132.592196814, 1.028883743,
2132.612628602, 1.028261893,
2132.633060391, 1.028297165,
2132.653492179, 1.028606659,
2132.673923869, 1.029186000,
2132.694355758, 1.026958868,
2132.714787548, 1.027836085,
2132.735219338, 1.029066058,
2132.755651128, 1.026678331,
2132.776082918, 1.025883469,
2132.837378291, 1.027110559,
2132.857810183, 1.028735003,
2132.878241975, 1.027504234,
2132.898673667, 1.029552400,
2132.919105559, 1.028418841,
2132.939537352, 1.030106181,
2132.959969145, 1.028463829,
2132.980400938, 1.029563444,
2133.000832731, 1.031791939,
2133.021264625, 1.025365219,
2133.082560008, 1.029757726,
2133.102991703, 1.029157466,
2133.123423598, 1.030900343,
2133.143855394, 1.031602594,
2133.164287089, 1.029122323,
2133.184718985, 1.029364052,
2133.205150782, 1.030069502,
2133.225582478, 1.029506704,
2133.246014375, 1.030053478,
2133.266446172, 1.030431193,
2133.307309767, 1.035821492,
2133.327741465, 1.032565573,
2133.348173363, 1.031943577,
2133.368605162, 1.030685184,
2133.389036860, 1.030965827,
2133.409468760, 1.032573453,
2133.429900559, 1.030059700,
2133.450332359, 1.031340638,
2133.470764158, 1.031101156,
2133.491195959, 1.031236850,
2133.552491361, 1.033290688,
2133.572923262, 1.033003357,
2133.593355064, 1.030705403,
2133.613786766, 1.031941478,
2133.634218668, 1.031286917,
2133.654650470, 1.032270898,
2133.675082373, 1.031351734,
2133.695514076, 1.031468581,
2133.715945879, 1.031482486,
2133.736377783, 1.028654113,
2133.756809487, 1.030419082,
2133.777241291, 1.032693464,
2133.797673195, 1.031900332,
2133.818104900, 1.031216079,
2133.838536705, 1.032360256,
2133.858968610, 1.031235280,
2133.879400316, 1.032524969,
2133.899832222, 1.031493617,
2133.920264028, 1.030053172,
2133.940695734, 1.030076352,
2133.961127641, 1.032479668,
2133.981559348, 1.028991156,
2134.063286679, 1.032261473,
2134.083718487, 1.031323266,
2134.104150296, 1.033297607,
2134.124582105, 1.033301353,
2134.145013914, 1.034256897,
2134.165445724, 1.032768869,
2134.185877534, 1.034718380,
2134.206309344, 1.035653751,
2134.226741154, 1.034597064,
2134.247173065, 1.033355613,
2134.267604776, 1.032785436,
2134.288036687, 1.032301793,
2134.308468499, 1.031038638,
2134.328900211, 1.032048466,
2134.349332123, 1.034600673,
2134.369763936, 1.033199291,
2134.390195648, 1.032555030,
2134.410627561, 1.035255173,
2134.431059375, 1.033520386,
2134.451491288, 1.033515163,
2134.553650261, 1.034524798,
2134.574082076, 1.035032325,
2134.594513892, 1.035291684,
2134.614945808, 1.035313517,
2134.635377624, 1.035264064,
2134.655809341, 1.033899451,
2134.676241258, 1.033069415,
2134.696672975, 1.037721705,
2134.717104792, 1.035067498,
2134.778400247, 1.034840484,
2134.798832165, 1.034668301,
2134.819263984, 1.036315574,
2134.839695803, 1.035460352,
2134.860127623, 1.034234616,
2134.880559443, 1.033778067,
2134.900991363, 1.034348851,
2134.921423083, 1.031478817,
2134.941854904, 1.035040885,
2134.962286825, 1.037858126,
2134.982718546, 1.037344457,
2135.044014012, 1.035257737,
2135.064445935, 1.035200414,
2135.084877757, 1.035696006,
2135.105309481, 1.037531924,
2135.125741404, 1.037255605,
2135.146173228, 1.037807504,
2135.166605152, 1.036445880,
2135.187036876, 1.036296790,
2135.207468701, 1.034240087,
2135.227900626, 1.039764176,
2135.268764176, 1.036697158,
2135.289196102, 1.036860240,
2135.309627828, 1.037301470,
2135.330059655, 1.037874990,
2135.350491481, 1.039301147,
2135.370923308, 1.037433346,
2135.391355236, 1.036792555,
2135.411787063, 1.037926594,
2135.432218791, 1.038608337,
2135.452650719, 1.040912105,
2135.473082548, 1.038706515,
2135.534378035, 1.035993499,
2135.554809965, 1.037699261,
2135.575241695, 1.037410869,
2135.595673525, 1.038290559,
2135.616105456, 1.039011614,
2135.636537187, 1.039114868,
2135.656969018, 1.040519309,
2135.677400950, 1.040255920,
2135.697832682, 1.037517998,
2135.718264614, 1.036614745,
2135.779560112, 1.037002323,
2135.799991946, 1.038229551,
2135.820423679, 1.036235221,
2135.840855613, 1.035636687,
2135.861287448, 1.037564074,
2135.881719282, 1.038026477,
2135.902151117, 1.039303943,
2135.943014888, 1.036947718,
2135.963446624, 1.037838095,
2135.983878460, 1.036267690,
2136.004310297, 1.039721162,
2136.024742134, 1.041696136,
2136.045173971, 1.039881002,
2136.065605908, 1.038957284,
2136.086037646, 1.040711203,
2136.106469584, 1.040603326,
2136.126901422, 1.040776997,
2136.147333161, 1.037620073,
2136.167765100, 1.040257155,
2136.188196939, 1.042264953,
2136.208628679, 1.040716676,
2136.249492459, 1.041097625,
2136.269924399, 1.041501014,
2136.290356140, 1.038748495,
2136.310787981, 1.041136554,
2136.331219923, 1.042658485,
2136.351651665, 1.039492534,
2136.372083507, 1.038703239,
2136.392515449, 1.042038003,
2136.412947192, 1.037071730,
2136.433379035, 1.032680831,
2136.453810978, 1.027540421,
2136.515106510, 1.038515212,
2136.535538355, 1.038254804,
2136.555970199, 1.040527330,
2136.576402045, 1.041648641,
2136.596833890, 1.042498800,
2136.617265736, 1.039192496,
2136.637697582, 1.041350528,
2136.658129429, 1.043027696,
2136.678561276, 1.039792494,
2136.698993123, 1.041830967,
2136.760288666, 1.040227163,
2136.780720614, 1.037180571,
2136.801152363, 1.039787154,
2136.821584312, 1.039664390,
2136.842016161, 1.041438458,
2136.862447911, 1.038757660,
2136.903311711, 1.040857665,
2136.923743462, 1.039655579,
2136.944175413, 1.040982260,
2137.005470968, 1.039500513,
2137.025902820, 1.037764370,
2137.046334773, 1.040199304,
2137.066766525, 1.039378901,
2137.087198379, 1.039983103,
2137.107630332, 1.039668766,
2137.128062086, 1.040143640,
2137.148493940, 1.039027912,
2137.168925894, 1.040184651,
2137.189357749, 1.042580801,
2137.250653316, 1.040265379,
2137.271085172, 1.041897971,
2137.291517028, 1.041254051,
2137.311948885, 1.043861691,
2137.332380742, 1.044251448,
2137.352812599, 1.041440541,
2137.373244457, 1.043473259,
2137.393676315, 1.042109000,
2137.414108173, 1.042490189,
2137.434540132, 1.044229844,
2137.495835710, 1.039632550,
2137.516267470, 1.039055163,
2137.536699430, 1.040744274,
2137.557131291, 1.040034277,
2137.577563052, 1.041500360,
2137.597995013, 1.038840363,
2137.618426874, 1.040831287,
2137.638858637, 1.038790664,
2137.659290599, 1.042292821,
2137.679722461, 1.041875368,
2137.720586187, 1.040779162,
2137.741018051, 1.042572901,
2137.761450015, 1.041775387,
2137.781881779, 1.039754573,
2137.802313644, 1.042744201,
2137.822745608, 1.041994471,
2137.843177374, 1.041291392,
2137.863609239, 1.043514711,
2137.884041205, 1.043175983,
2137.904473071, 1.044299154,
2137.924904938, 1.043458193,
2137.965768572, 1.042426988,
2137.986200539, 1.041358047,
2138.006632407, 1.042191748,
2138.027064175, 1.044381564,
2138.047496144, 1.042763085,
2138.067928013, 1.044152727,
2138.088359982, 1.042626776,
2138.108791751, 1.042529850,
2138.129223621, 1.043998265,
2138.149655591, 1.043577859,
2138.170087362, 1.046875018,
2138.231382975, 1.040729247,
2138.251814947, 1.043393145,
2138.272246819, 1.037281701,
2138.292678592, 1.039940479,
2138.313110565, 1.040776957,
2138.333542438, 1.044392040,
2138.353974211, 1.044816080,
2138.374406185, 1.041418403,
2138.394838059, 1.041930880,
2138.415269934, 1.040724636,
2138.435701809, 1.039997143,
2138.456133684, 1.040793495,
2138.476565659, 1.041927341,
2138.496997435, 1.042730631,
2138.517429311, 1.043136943,
2138.558293165, 1.043297438,
2138.578724942, 1.042827824,
2138.599156919, 1.042973184,
2138.619588697, 1.043902079,
2138.640020676, 1.049065037,
2138.660452554, 1.045562293,
2138.742179972, 1.039704305,
2138.762611952, 1.039140357,
2138.783043833, 1.041060645,
