BJD - 2454833, Corrected Flux
2061.305763740, 0.997893235,
2061.326196024, 0.997750212,
2061.346628208, 0.998331363,
2061.367060291, 0.998008804,
2061.387492575, 0.997999151,
2061.407924757, 0.997904369,
2061.489653584, 0.996958022,
2061.510085664, 0.996633263,
2061.530517844, 0.997007486,
2061.550950124, 0.996971494,
2061.571382303, 0.996555080,
2061.591814381, 0.996284333,
2061.612246660, 0.996819532,
2061.632678838, 0.995933960,
2061.653110915, 0.996333472,
2061.673543192, 0.996436780,
2061.693975368, 0.996621119,
2061.714407544, 0.995842546,
2061.734839720, 0.995832153,
2061.755271895, 0.995598031,
2061.775704070, 0.995673839,
2061.796136244, 0.995805235,
2061.816568418, 0.995905545,
2061.837000591, 0.995570212,
2061.857432764, 0.995569819,
2061.877864837, 0.995689327,
2061.898297108, 0.995303678,
2061.918729280, 0.995690165,
2061.939161451, 0.995391355,
2061.959593622, 0.994963559,
2061.980025792, 0.995226700,
2062.020890131, 0.994522302,
2062.041322300, 0.995013511,
2062.061754569, 0.994767746,
2062.082186637, 0.994528658,
2062.102618804, 0.994967442,
2062.123051071, 0.994970816,
2062.143483238, 0.994887979,
2062.163915304, 0.994971925,
2062.225211801, 0.994417425,
2062.245644065, 0.994954034,
2062.266076229, 0.994422246,
2062.286508293, 0.994500681,
2062.306940556, 0.993893068,
2062.327372719, 0.994613620,
2062.347804981, 0.994207667,
2062.368237043, 0.994067109,
2062.388669205, 0.993831192,
2062.409101465, 0.993927070,
2062.429533526, 0.993777383,
2062.449965686, 0.993586885,
2062.470397846, 0.993829519,
2062.490830005, 0.993815658,
2062.511262164, 0.993928666,
2062.531694322, 0.993711151,
2062.552126480, 0.993965212,
2062.572558637, 0.994150132,
2062.592990794, 0.993985971,
2062.613422951, 0.993487525,
2062.633855107, 0.993287764,
2062.654287363, 0.993806704,
2062.674719418, 0.993277186,
2062.695151673, 0.993582067,
2062.715583827, 0.993461852,
2062.736015881, 0.993621483,
2062.756448135, 0.993940841,
2062.776880288, 0.993611691,
2062.797312341, 0.992979771,
2062.817744593, 0.993151588,
2062.838176745, 0.993539861,
2062.858608796, 0.993856166,
2062.879041047, 0.993368120,
2062.899473197, 0.993390339,
2062.919905247, 0.993203647,
2062.940337497, 0.993754677,
2062.960769646, 0.992917079,
2062.981201795, 0.993275088,
2063.001633943, 0.993131423,
2063.022066091, 0.993328466,
2063.042498238, 0.992948925,
2063.062930385, 0.993420337,
2063.083362532, 0.993327427,
2063.103794778, 0.993295391,
2063.124226924, 0.992707298,
2063.144658969, 0.992727739,
2063.165091214, 0.993211670,
2063.185523358, 0.992987758,
2063.205955402, 0.993313933,
2063.226387646, 0.993093980,
2063.246819689, 0.992811830,
2063.267251831, 0.993781865,
2063.287684074, 0.992782813,
2063.308116115, 0.991953463,
2063.328548257, 0.992966184,
2063.348980497, 0.993071831,
2063.369412538, 0.992984673,
2063.389844678, 0.993300143,
2063.410276917, 0.992615636,
2063.430708957, 0.992108327,
2063.451141095, 0.992743748,
2063.471573334, 0.991990862,
2063.492005472, 0.991971697,
2063.512437609, 0.991962642,
2063.532869746, 0.992582143,
2063.553301883, 0.992383025,
2063.573734019, 0.991558048,
2063.594166155, 0.991530310,
2063.614598290, 0.991079420,
2063.696326927, 0.992504779,
2063.716758960, 0.993097504,
2063.737191093, 0.992883117,
2063.757623325, 0.992804574,
2063.778055357, 0.992742021,
2063.798487488, 0.992691039,
2063.818919719, 0.992740359,
2063.839351750, 0.992770978,
2063.859783880, 0.993372831,
2063.880216110, 0.992661228,
2063.900648139, 0.992726720,
2063.921080367, 0.992793274,
2063.941512496, 0.992536883,
2063.961944524, 0.992396433,
2063.982376752, 0.992595450,
2064.002808879, 0.992744271,
2064.023240905, 0.992559340,
2064.043673132, 0.992996929,
2064.064105258, 0.993019892,
2064.084537283, 0.992538846,
2064.104969508, 0.992478626,
2064.125401633, 0.992027673,
2064.554476150, 0.992522257,
2064.574908365, 0.992186659,
2064.595340480, 0.992148126,
2064.615772494, 0.991807152,
2064.636204708, 0.991785472,
2064.656636822, 0.991744803,
2064.738365172, 0.992603774,
2064.758797383, 0.992530234,
2064.779229394, 0.992783681,
2064.799661605, 0.990795968,
2064.820093714, 0.992415855,
2064.840525824, 0.992005615,
2064.860957934, 0.992192750,
2064.922254259, 0.992671365,
2064.942686367, 0.993210306,
2064.963118474, 0.992457739,
2064.983550681, 0.992411309,
2065.003982687, 0.992343342,
2065.024414793, 0.993202977,
2065.044846999, 0.992644274,
2065.065279003, 0.993016588,
2065.085711108, 0.993131744,
2065.106143312, 0.993029306,
2065.126575316, 0.993217201,
2065.147007420, 0.992883242,
2065.167439622, 0.992062221,
2065.187871625, 0.992351854,
2065.208303827, 0.992767679,
2065.228735929, 0.992890939,
2065.249167930, 0.992821320,
2065.269600131, 0.992820350,
2065.290032231, 0.992117297,
2065.310464332, 0.992291449,
2065.330896431, 0.992806661,
2065.351328530, 0.992608315,
2065.371760629, 0.992784042,
2065.392192728, 0.993127603,
2065.412624826, 0.993037389,
2065.433056923, 0.992315775,
2065.453489020, 0.991909466,
2065.473921117, 0.992743144,
2065.494353113, 0.992397532,
2065.514785309, 0.993430914,
2065.535217405, 0.992946475,
2065.555649400, 0.992963856,
2065.576081594, 0.992716364,
2065.596513688, 0.991980550,
2065.657809969, 0.992432767,
2065.678242161, 0.992953403,
2065.698674153, 0.992967337,
2065.719106245, 0.992689863,
2065.759970427, 0.992612040,
2065.780402518, 0.992639320,
2065.800834708, 0.992486554,
2065.821266797, 0.992623425,
2065.841698787, 0.992687352,
2065.862130975, 0.992650245,
2065.882563064, 0.992944470,
2065.902995052, 0.992692869,
2065.923427239, 0.993153606,
2065.943859327, 0.993062556,
2065.964291313, 0.992910568,
2065.984723499, 0.992911635,
2066.005155586, 0.992595685,
2066.025587571, 0.992398118,
2066.046019756, 0.993130419,
2066.066451841, 0.992352291,
2066.086884025, 0.991300404,
2066.148180175, 0.992942154,
2066.189044340, 0.992574294,
2066.209476422, 0.992916863,
2066.229908503, 0.992153500,
2066.250340584, 0.992477054,
2066.270772665, 0.992870213,
2066.291204745, 0.993427272,
2066.311636825, 0.992598355,
2066.332069004, 0.991807405,
2066.393365240, 0.993655344,
2066.413797217, 0.993362819,
2066.434229295, 0.993001918,
2066.454661472, 0.992865451,
2066.475093448, 0.993051347,
2066.495525524, 0.993070905,
2066.515957700, 0.992960238,
2066.536389675, 0.993864019,
2066.556821850, 0.993391902,
2066.577253924, 0.991997719,
2066.597685898, 0.993180321,
2066.618118072, 0.993560061,
2066.638550145, 0.993437787,
2066.658982218, 0.993375724,
2066.679414290, 0.993404542,
2066.699846362, 0.992543679,
2066.720278433, 0.992389277,
2066.740710505, 0.992758216,
2066.761142575, 0.993339588,
2066.781574646, 0.993057355,
2066.802006816, 0.991987098,
2066.822438785, 0.992577854,
2066.863302923, 0.993175679,
2066.883734991, 0.992879601,
2066.904167059, 0.993384031,
2066.924599227, 0.992835740,
2066.945031194, 0.993940414,
2066.965463161, 0.993487103,
2066.985895327, 0.993322108,
2067.006327393, 0.992539521,
2067.026759558, 0.992887852,
2067.047191523, 0.992654754,
2067.067623588, 0.992947497,
2067.088055752, 0.993166858,
2067.108487716, 0.993026527,
2067.128919779, 0.993320613,
2067.149351942, 0.993624649,
2067.169784005, 0.993005657,
2067.190215968, 0.993078306,
2067.210648129, 0.992492162,
2067.231080190, 0.992835466,
2067.251512151, 0.993398772,
2067.271944312, 0.992430465,
2067.292376372, 0.992326419,
2067.353672551, 0.992981922,
2067.374104509, 0.993008645,
2067.394536668, 0.993605772,
2067.414968725, 0.993883048,
2067.435400683, 0.992287651,
2067.455832840, 0.992849462,
2067.476264896, 0.992896444,
2067.496697053, 0.993660586,
2067.517129008, 0.992694268,
2067.537561064, 0.993268361,
2067.557993219, 0.992804567,
2067.578425173, 0.993253210,
2067.598857227, 0.993402463,
2067.619289281, 0.993311816,
2067.639721435, 0.992876519,
2067.660153387, 0.992550523,
2067.680585440, 0.992531643,
2067.701017492, 0.992478862,
2067.721449544, 0.992788465,
2067.741881695, 0.993423925,
2067.762313647, 0.993656817,
2067.782745697, 0.993197780,
2067.803177847, 0.992405166,
2067.864473995, 0.993118056,
2067.884905944, 0.992692745,
2067.905338092, 0.993008471,
2067.925770140, 0.993454390,
2067.946202088, 0.993155254,
2067.966634235, 0.992232669,
2067.987066281, 0.993114604,
2068.007498327, 0.992957724,
2068.027930373, 0.993348062,
2068.048362418, 0.993730747,
2068.130090596, 0.993085810,
2068.150522740, 0.992668182,
2068.170954682, 0.992827047,
2068.191386725, 0.992986950,
2068.211818868, 0.993413471,
2068.232250810, 0.993540266,
2068.252682851, 0.993125036,
2068.273114992, 0.993740550,
2068.293546932, 0.993050690,
2068.313978973, 0.993049149,
2068.334411112, 0.993029231,
2068.354843052, 0.992565752,
2068.375275191, 0.992768944,
2068.395707130, 0.993304828,
2068.416139168, 0.993268568,
2068.436571306, 0.993113395,
2068.457003243, 0.993698972,
2068.477435281, 0.993855877,
2068.497867417, 0.993123958,
2068.518299354, 0.992799470,
2068.538731390, 0.992664908,
2068.559163525, 0.993470773,
2068.579595560, 0.993409346,
2068.600027495, 0.993746364,
2068.620459629, 0.993836940,
2068.640891663, 0.992704864,
2068.661323597, 0.993270381,
2068.681755730, 0.992754656,
2068.702187763, 0.992141557,
2068.722619695, 0.992444904,
2068.743051827, 0.993227535,
2068.763483859, 0.992897185,
2068.783915990, 0.992998273,
2068.845212082, 0.993306042,
2068.865644011, 0.993201824,
2068.886076040, 0.992951444,
2068.906508169, 0.992738448,
2068.926940098, 0.993514527,
2068.947372126, 0.992903081,
2068.967804254, 0.992892916,
2068.988236281, 0.993291888,
2069.008668208, 0.992380865,
2069.029100334, 0.993044050,
2069.049532360, 0.992863057,
2069.069964286, 0.993597902,
2069.090396412, 0.993085259,
2069.110828337, 0.993696872,
2069.131260361, 0.993335561,
2069.151692486, 0.993172328,
2069.172124509, 0.993007113,
2069.192556433, 0.992822141,
2069.212988556, 0.993419064,
2069.233420478, 0.992102376,
2069.253852601, 0.993385369,
2069.274284622, 0.993237134,
2069.315148665, 0.992082255,
2069.335580686, 0.992874980,
2069.356012606, 0.992524474,
2069.376444726, 0.992641292,
2069.417308765, 0.993480730,
2069.437740783, 0.993012822,
2069.458172802, 0.992805796,
2069.478604820, 0.992744759,
2069.519468855, 0.992510651,
2069.580764904, 0.993908196,
2069.601196920, 0.992526976,
2069.621629036, 0.992804969,
2069.642060950, 0.992782121,
2069.662493065, 0.993630715,
2069.703356993, 0.992263209,
2069.723789106, 0.992532243,
2069.744221119, 0.994264183,
2069.764653032, 0.993163698,
2069.785085144, 0.993780676,
2069.805517156, 0.993557561,
2069.825949067, 0.992946932,
2069.846381178, 0.992299397,
2069.887245200, 0.991920819,
2069.907677210, 0.993450762,
2069.928109219, 0.993170319,
2069.948541128, 0.991986330,
2069.968973237, 0.993955862,
2070.009837154, 0.996266292,
2070.091565282, 0.992761567,
2070.111997288, 0.993057875,
2070.132429394, 0.993590742,
2070.152861299, 0.993551208,
2070.173293304, 0.992596530,
2070.193725409, 0.992550291,
2070.214157313, 0.993429844,
2070.234589317, 0.993166718,
2070.255021421, 0.993007739,
2070.275453323, 0.994130476,
2070.295885326, 0.992890174,
2070.336749330, 0.992936750,
2070.357181332, 0.993600291,
2070.377613433, 0.993974667,
2070.398045434, 0.995070431,
2070.418477335, 0.993672499,
2070.438909435, 0.993522093,
2070.459341435, 0.994720678,
2070.479773334, 0.993260200,
2070.541069529, 0.992745202,
2070.581933325, 0.993469748,
2070.602365422, 0.993469490,
2070.622797419, 0.993129159,
2070.643229315, 0.991820518,
2070.663661411, 0.993897309,
2070.684093406, 0.993300630,
2070.704525301, 0.993109307,
2070.765821385, 0.994691030,
2070.786253378, 0.993332093,
2070.806685371, 0.993583798,
2070.827117364, 0.993222791,
2070.847549357, 0.994083921,
2070.867981349, 0.993629554,
2070.888413341, 0.993741152,
2070.949709414, 0.993966364,
2070.970141404, 0.993653972,
2070.990573294, 0.993569901,
2071.031437373, 0.993087729,
2071.051869262, 0.994392177,
2071.072301350, 0.992330522,
2071.113165226, 0.993591908,
2071.154029300, 0.994066766,
2071.174461187, 0.994375011,
2071.194893273, 0.993749406,
2071.215325259, 0.992933356,
2071.297053199, 0.993220880,
2071.317485182, 0.993342327,
2071.337917166, 0.992962048,
2071.358349149, 0.992253237,
2071.378781132, 0.993584779,
2071.419645197, 0.993420977,
2071.440077079, 0.993580090,
2071.460509060, 0.992882020,
2071.480941141, 0.993431902,
2071.501373022, 0.992842141,
2071.521805002, 0.993314318,
2071.542237082, 0.994115265,
2071.562668962, 0.993648916,
2071.583100941, 0.993410827,
2071.603533019, 0.993666921,
2071.644396876, 0.993811654,
2071.664828953, 0.993960095,
2071.685260831, 0.993371169,
2071.705692808, 0.993900389,
2071.726124885, 0.994317329,
2071.746556861, 0.994072707,
2071.766988837, 0.992995422,
2071.787420812, 0.993698390,
2071.807852787, 0.994045316,
2071.828284762, 0.993851923,
2071.848716736, 0.992223760,
2071.869148710, 0.993526066,
2071.889580784, 0.992807262,
2071.910012657, 0.994233238,
2071.930444630, 0.993397469,
2071.950876703, 0.992361529,
2072.053036460, 0.993542137,
2072.073468431, 0.994368143,
2072.093900400, 0.994436522,
2072.114332370, 0.993762963,
2072.134764339, 0.993606693,
2072.155196308, 0.994139724,
2072.175628277, 0.993780906,
2072.196060245, 0.994576591,
2072.216492213, 0.993903211,
2072.257356248, 0.992418798,
2072.277788114, 0.992103394,
2072.298220181, 0.992929567,
2072.318652147, 0.992548425,
2072.339084012, 0.992855957,
2072.359516077, 0.992800172,
2072.379948043, 0.992660665,
2072.400379907, 0.993148564,
2072.420811971, 0.994551366,
2072.441243935, 0.993411617,
2072.461675799, 0.993353369,
2072.502539825, 0.993954924,
2072.522971687, 0.993173155,
2072.543403749, 0.993519004,
2072.563835711, 0.993343592,
2072.584267672, 0.992914514,
2072.604699633, 0.992654389,
2072.625131594, 0.993611840,
2072.645563654, 0.993573438,
2072.665995514, 0.993184492,
2072.686427473, 0.993919389,
2072.706859532, 0.992460862,
2072.747723350, 0.994438505,
2072.768155408, 0.994482153,
2072.788587366, 0.993828800,
2072.809019223, 0.994250038,
2072.829451280, 0.994023096,
2072.870315093, 0.993454993,
2072.890747149, 0.993091114,
2072.911179004, 0.993520567,
2072.931610960, 0.994391870,
2072.972474869, 0.993227568,
2072.992906823, 0.993693072,
2073.013338877, 0.993999517,
2073.033770730, 0.993480273,
2073.054202783, 0.993090352,
2073.074634736, 0.993386341,
2073.095066688, 0.993046392,
2073.115498640, 0.993256458,
2073.135930592, 0.993162472,
2073.156362543, 0.993086075,
2073.197226445, 0.994451333,
2073.258522295, 0.993816951,
2073.278954244, 0.993887753,
2073.299386293, 0.994330746,
2073.319818141, 0.993709639,
2073.340250089, 0.994134239,
2073.360682137, 0.994510263,
2073.381113985, 0.993502644,
2073.401545931, 0.994173081,
2073.421977878, 0.994226549,
2073.442409824, 0.993694021,
2073.462841870, 0.993679498,
2073.483273716, 0.994088410,
2073.503705661, 0.993670880,
2073.524137706, 0.993466269,
2073.544569551, 0.992988936,
2073.565001495, 0.993180689,
2073.585433539, 0.993036472,
2073.605865483, 0.993386422,
2073.626297326, 0.993088836,
2073.646729369, 0.993649082,
2073.667161311, 0.993697962,
2073.769321018, 0.994005086,
2073.789752958, 0.994419881,
2073.810184799, 0.993756827,
2073.830616838, 0.992862200,
2073.851048778, 0.992373227,
2073.871480817, 0.992970656,
2073.891912655, 0.993481828,
2073.912344593, 0.993662374,
2073.932776631, 0.993134741,
2073.994072443, 0.994299832,
2074.014504279, 0.993991134,
2074.034936215, 0.994084555,
2074.055368252, 0.993918129,
2074.096232022, 0.994003386,
2074.116664057, 0.993595490,
2074.137095891, 0.995307956,
2074.157527826, 0.994070346,
2074.177959859, 0.994066409,
2074.239255658, 0.993998721,
2074.259687491, 0.994109682,
2074.280119423, 0.993814680,
2074.300551454, 0.995062807,
2074.320983286, 0.994021934,
2074.341415317, 0.994059146,
2074.361847247, 0.993946787,
2074.382279078, 0.994209396,
2074.423143037, 0.993158384,
2074.443574967, 0.994777834,
2074.464006895, 0.994324415,
2074.484438824, 0.993789436,
2074.504870752, 0.994501656,
2074.525302680, 0.994605010,
2074.545734608, 0.993460748,
2074.566166535, 0.993401894,
2074.586598562, 0.994180424,
2074.607030388, 0.993289346,
2074.627462314, 0.993895249,
2074.647894340, 0.993358785,
2074.668326166, 0.994616153,
2074.709190116, 0.994259967,
2074.729621940, 0.993955095,
2074.750053964, 0.993993442,
2074.770485888, 0.995156105,
2074.790917711, 0.994962814,
2074.811349734, 0.992636923,
2074.831781657, 0.993870192,
2074.852213480, 0.993118485,
2074.872645502, 0.993955251,
2074.893077323, 0.993880356,
2074.913509245, 0.994110547,
2074.954373086, 0.994454370,
2074.974805007, 0.994270277,
2074.995237027, 0.994224757,
2075.015668947, 0.994292338,
2075.036100766, 0.993778310,
2075.056532785, 0.993427766,
2075.076964704, 0.993128429,
2075.097396522, 0.993907413,
2075.117828540, 0.993744345,
2075.138260458, 0.994897050,
2075.158692475, 0.994340188,
2075.179124292, 0.994330493,
2075.199556208, 0.993982315,
2075.219988225, 0.993677659,
2075.260851956, 0.994187951,
2075.281283972, 0.994540834,
2075.301715786, 0.993922575,
2075.322147701, 0.994233728,
2075.342579715, 0.993885618,
2075.363011529, 0.994479559,
2075.383443443, 0.994019323,
2075.403875456, 0.994629337,
2075.465171194, 0.994373927,
2075.485603106, 0.993898361,
2075.506034917, 0.993641920,
2075.526466929, 0.994174843,
2075.546898840, 0.994196001,
2075.567330750, 0.993894336,
2075.608194570, 0.994183284,
2075.628626480, 0.993949410,
2075.649058389, 0.994037361,
2075.710354115, 0.994294197,
2075.730785923, 0.994468361,
2075.751217930, 0.994219690,
2075.771649838, 0.994327531,
2075.792081645, 0.993767482,
2075.812513651, 0.994690220,
2075.832945557, 0.993839477,
2075.853377463, 0.993848377,
2075.873809369, 0.993963064,
2075.894241274, 0.994204254,
2075.955536988, 0.994330925,
2075.975968992, 0.994066137,
2075.996400895, 0.994433762,
2076.016832699, 0.994486270,
2076.037264702, 0.994671462,
2076.057696604, 0.993930299,
2076.078128406, 0.994192323,
2076.098560408, 0.994040072,
2076.118992310, 0.994148725,
2076.139424111, 0.994821402,
2076.159856112, 0.994509245,
2076.180288013, 0.994772257,
2076.200719813, 0.994737016,
2076.221151813, 0.994504123,
2076.241583713, 0.994120124,
2076.262015612, 0.994145898,
2076.282447511, 0.994539904,
2076.302879410, 0.993951547,
2076.323311308, 0.994441058,
2076.343743206, 0.994638174,
2076.364175104, 0.995608727,
2076.384607001, 0.993855838,
2076.425470795, 0.994332457,
2076.445902691, 0.994462174,
2076.466334587, 0.995025885,
2076.486766483, 0.994988223,
2076.507198478, 0.994290636,
2076.527630273, 0.994117177,
2076.548062168, 0.995198485,
2076.568494162, 0.994914178,
2076.588925956, 0.994135133,
2076.609357850, 0.994904172,
2076.670653529, 0.993571949,
2076.691085522, 0.994681791,
2076.711517314, 0.994931140,
2076.731949206, 0.994746306,
2076.752381197, 0.994375756,
2076.772812988, 0.994295385,
2076.793244979, 0.994793844,
2076.813676869, 0.995308607,
2076.834108760, 0.994697000,
2076.854540650, 0.994309336,
2076.874972539, 0.993770819,
2076.915836417, 0.994630391,
2076.936268206, 0.994483283,
2076.956700094, 0.994977695,
2076.977132082, 0.995252037,
2076.997563869, 0.994460043,
2077.017995757, 0.994300805,
2077.038427644, 0.994404535,
2077.058859530, 0.995017924,
2077.079291417, 0.994559381,
2077.099723303, 0.993913012,
2077.120155188, 0.994290910,
2077.140586973, 0.994087792,
2077.161018958, 0.994462357,
2077.181450843, 0.994207007,
2077.201882828, 0.994753139,
2077.222314612, 0.994342756,
2077.242746495, 0.994508635,
2077.263178479, 0.995145355,
2077.283610262, 0.994099299,
2077.304042145, 0.994660005,
2077.324474127, 0.994489755,
2077.344906009, 0.995486402,
2077.365337791, 0.994393478,
2077.447065415, 0.994565269,
2077.467497295, 0.994358946,
2077.487929075, 0.994564817,
2077.508361055, 0.994796602,
2077.528792934, 0.994393125,
2077.549224713, 0.992183420,
2077.569656692, 0.995073929,
2077.590088570, 0.994682086,
2077.610520548, 0.994682971,
2077.671816180, 0.995026587,
2077.692247957, 0.994185944,
2077.712679833, 0.994502243,
2077.733111809, 0.994504102,
2077.753543585, 0.994615866,
2077.773975461, 0.993833482,
2077.794407336, 0.994545392,
2077.814839311, 0.994250247,
2077.835271085, 0.994553576,
2077.855703059, 0.994391710,
2077.937430453, 0.994662466,
2077.957862426, 0.994228696,
2077.978294298, 0.994601353,
2077.998726070, 0.995117786,
2078.019158042, 0.995544879,
2078.039589913, 0.995716910,
2078.060021684, 0.994717301,
2078.080453655, 0.995338711,
2078.100885525, 0.994598505,
2078.162181135, 0.994487154,
2078.182613004, 0.994872921,
2078.203044873, 0.995301378,
2078.223476741, 0.994757488,
2078.243908610, 0.994305720,
2078.284772345, 0.994010486,
2078.468659140, 0.994080254,
2078.509522869, 0.996037980,
2078.529954733, 0.993702861,
2078.550386697, 0.996412692,
2078.672977872, 0.995073022,
2078.713841495, 0.996175074,
2078.734273455, 0.993064517,
2078.754705316, 0.994704835,
2078.775137176, 0.994289683,
2078.795569036, 0.994563700,
2078.836432855, 0.996845198,
2078.938592047, 0.994087765,
2078.959024005, 0.993152463,
2078.979455762, 0.993178331,
2078.999887619, 0.995030212,
2079.020319575, 0.995250093,
2079.040751331, 0.994459880,
2079.142910708, 0.994976641,
2079.163342563, 0.995511280,
2079.183774417, 0.994497570,
2079.204206271, 0.994313902,
2079.224638124, 0.994057628,
2079.245069978, 0.994603152,
2079.265501830, 0.994572815,
2079.367661091, 0.995619111,
2079.388092942, 0.994016116,
2079.408524693, 0.994264747,
2079.428956643, 0.995608729,
2079.449388493, 0.994737194,
2079.469820243, 0.995542322,
2079.490252193, 0.993894182,
2079.510684042, 0.994117842,
2079.531115891, 0.994941276,
2079.551547740, 0.995650911,
2079.571979588, 0.995345157,
2079.612843284, 0.994190076,
2079.633275132, 0.995516270,
2079.653707079, 0.994938238,
2079.674138926, 0.994471305,
2079.694570673, 0.996052667,
2079.715002619, 0.994298688,
2079.735434465, 0.996542436,
2079.755866211, 0.994925105,
2079.776298156, 0.993393968,
2079.796730001, 0.997312417,
2079.817161746, 1.000350080,
2079.878457279, 0.994492795,
2079.898889223, 0.994912799,
2079.919321066, 0.993556320,
2079.939752809, 0.993994076,
2079.960184752, 0.994839000,
2079.980616594, 0.995649098,
2080.001048437, 0.995316067,
2080.021480278, 0.996176925,
2080.062343961, 0.995044983,
2080.123639484, 0.995726822,
2080.144071324, 0.994642645,
2080.164503163, 0.994195648,
2080.184935103, 0.995450109,
2080.205366842, 0.995102317,
2080.225798681, 0.994033549,
2080.246230620, 0.994446812,
2080.266662358, 0.995022045,
2080.287094196, 0.995296094,
2080.307526134, 0.995939810,
2080.368821646, 0.994958759,
2080.389253382, 0.995117326,
2080.409685318, 0.995116090,
2080.430117154, 0.995206647,
2080.450548890, 0.995730311,
2080.470980826, 0.994907436,
2080.491412661, 0.995077020,
2080.511844496, 0.995038264,
2080.532276330, 0.994732029,
2080.552708165, 0.994947647,
2080.573139999, 0.995210666,
2080.614003666, 0.995239569,
2080.634435499, 0.995252311,
2080.654867431, 0.995124821,
2080.675299164, 0.995502495,
2080.695730996, 0.996043951,
2080.716162828, 0.995073450,
2080.736594660, 0.994716205,
2080.757026391, 0.994660987,
2080.777458323, 0.995348916,
2080.797890153, 0.995243378,
2080.859185644, 0.994850481,
2080.879617574, 0.995861252,
2080.900049303, 0.995538964,
2080.920481132, 0.994921491,
2080.940913061, 0.994790069,
2080.961344789, 0.994638746,
2080.981776618, 0.994829769,
2081.002208546, 0.995294530,
2081.022640373, 0.995649509,
2081.043072100, 0.995427222,
2081.063504028, 0.995616835,
2081.083935854, 0.994737188,
2081.104367581, 0.995442232,
2081.124799507, 0.995474867,
2081.145231333, 0.995996944,
2081.165663059, 0.995729328,
2081.186094984, 0.995568145,
2081.206526809, 0.996139281,
2081.226958734, 0.995984562,
2081.247390459, 0.996314574,
2081.267822283, 0.996363670,
2081.288254207, 0.996542069,
2081.349549677, 0.995589979,
2081.369981400, 0.995357071,
2081.410845044, 0.994874102,
2081.431276867, 0.995217661,
2081.451708688, 0.994940519,
2081.472140510, 0.995322552,
2081.492572331, 0.995362435,
2081.513004152, 0.995679901,
2081.533435972, 0.996264016,
2081.553867792, 0.995648584,
2081.574299612, 0.995713863,
2081.594731532, 0.996007449,
2081.615163252, 0.995501668,
2081.635595171, 0.996418702,
2081.656026989, 0.995962467,
2081.676458708, 0.996283864,
2081.696890626, 0.996767844,
2081.717322445, 0.994337267,
2081.737754162, 0.997044483,
2081.758186080, 0.996847356,
2081.778617897, 0.995836004,
2081.839913347, 0.995280205,
2081.860345163, 0.995708327,
2081.880776979, 0.995251500,
2081.901208794, 0.995370069,
2081.921640610, 0.995407808,
2081.942072424, 0.995591859,
2081.962504239, 0.995498467,
2081.982936054, 0.996012626,
2082.003367868, 0.995806099,
2082.023799682, 0.996218260,
2082.044231595, 0.996634349,
2082.064663409, 0.995590948,
2082.085095122, 0.995734489,
2082.105527034, 0.995885536,
2082.125958747, 0.995515649,
2082.146390559, 0.995328534,
2082.166822471, 0.995953439,
2082.187254183, 0.996532551,
2082.207685994, 0.996069532,
2082.228117905, 0.997194218,
2082.248549616, 0.996077246,
2082.330276857, 0.995785721,
2082.350708766, 0.995834901,
2082.371140475, 0.995867012,
2082.391572284, 0.996269326,
2082.412004193, 0.996103869,
2082.432436001, 0.996398891,
2082.452867809, 0.996333989,
2082.473299617, 0.995765461,
2082.493731425, 0.996658405,
2082.514163332, 0.995929817,
2082.534595039, 0.996621424,
2082.555026846, 0.995952099,
2082.575458752, 0.995996476,
2082.595890458, 0.996085608,
2082.616322264, 0.994921292,
2082.636754170, 0.994884136,
2082.657185875, 0.995552001,
2082.677617680, 0.995729943,
2082.698049585, 0.995431546,
2082.718481290, 0.995323205,
2082.738913094, 0.995643739,
2082.820640409, 0.996319205,
2082.841072112, 0.996388779,
2082.861504014, 0.995897452,
2082.881935817, 0.996527559,
2082.902367519, 0.996623508,
2082.922799421, 0.996133617,
2082.943231222, 0.996342607,
2082.963662924, 0.995615263,
2082.984094825, 0.995355345,
2083.004526626, 0.995727210,
2083.024958326, 0.995979154,
2083.045390226, 0.995787211,
2083.065822026, 0.995507070,
2083.086253726, 0.995621816,
2083.106685626, 0.995336315,
2083.127117425, 0.995536814,
2083.167981022, 0.995729217,
2083.188412821, 0.995553420,
2083.208844719, 0.994554626,
2083.229276417, 0.994476909,
2083.311003606, 0.996961727,
2083.331435502, 0.996361707,
2083.351867298, 0.996414129,
2083.372298994, 0.996493315,
2083.392730890, 0.996235244,
2083.413162686, 0.996168134,
2083.433594381, 0.996781774,
2083.454026276, 0.996064254,
2083.474458071, 0.995958352,
2083.494889765, 0.995571894,
2083.515321659, 0.995777332,
2083.535753453, 0.996112822,
2083.556185347, 0.995946788,
2083.576617040, 0.996034532,
2083.597048833, 0.995609282,
2083.617480626, 0.995377508,
2083.637912419, 0.995703496,
2083.658344111, 0.994806641,
2083.678776003, 0.996055119,
2083.699207795, 0.995356070,
2083.719639487, 0.996442057,
2083.740071378, 0.996061782,
2083.801366750, 0.996922285,
2083.821798540, 0.996459784,
2083.842230330, 0.996336033,
2083.862662120, 0.996454592,
2083.883093910, 0.996696560,
2083.903525699, 0.996732672,
2083.923957588, 0.997591530,
2083.944389277, 0.996818404,
2083.964821165, 0.996199648,
2083.985252953, 0.996140219,
2084.005684641, 0.995014280,
2084.026116529, 0.995679801,
2084.046548316, 0.996518213,
2084.066980003, 0.996348658,
2084.087411890, 0.996019917,
2084.107843677, 0.996483978,
2084.128275363, 0.996472372,
2084.169139035, 0.996698936,
2084.189570821, 0.996211461,
2084.210002606, 0.996697231,
2084.291729745, 0.997557856,
2084.312161529, 0.996880691,
2084.353025096, 0.996858701,
2084.373456880, 0.996757710,
2084.393888663, 0.996570166,
2084.414320446, 0.996217134,
2084.434752328, 0.996382599,
2084.455184010, 0.996060432,
2084.475615792, 0.996329778,
2084.496047674, 0.995314763,
2084.516479356, 0.995678240,
2084.536911137, 0.996715391,
2084.557343018, 0.996506785,
2084.577774699, 0.996641512,
2084.598206479, 0.995903437,
2084.618638360, 0.995930615,
2084.639070040, 0.997195708,
2084.659501820, 0.996953933,
2084.679933699, 0.996609044,
2084.700365378, 0.997025689,
2084.782092593, 0.997160440,
2084.802524371, 0.996527695,
2084.822956149, 0.996457954,
2084.843387926, 0.996782976,
2084.863819703, 0.996732930,
2084.884251480, 0.996379120,
2084.904683357, 0.996521726,
2084.925115034, 0.996476144,
2084.945546810, 0.996236629,
2084.965978686, 0.997350805,
2085.027274012, 0.997231987,
2085.047705687, 0.997456911,
2085.068137462, 0.997137979,
2085.088569337, 0.996524965,
2085.109001011, 0.997302424,
2085.129432885, 0.997590121,
2085.149864559, 0.996980728,
2085.170296332, 0.997034788,
2085.190728206, 0.997423909,
2085.211159879, 0.996536797,
2085.231591651, 0.996030683,
2085.252023524, 0.996327161,
2085.272455296, 0.997272357,
2085.292886968, 0.996982055,
2085.313318840, 0.996013906,
2085.333750612, 0.996060229,
2085.354182283, 0.996276946,
2085.374614154, 0.997285495,
2085.395045925, 0.996964115,
2085.415477595, 0.996975688,
2085.435909466, 0.996358715,
2085.456341236, 0.996491734,
2085.517636545, 0.997520487,
2085.538068414, 0.997424719,
2085.558500083, 0.997307206,
2085.578931851, 0.997322037,
2085.599363720, 0.997586145,
2085.619795388, 0.997556461,
2085.640227156, 0.997366108,
2085.660659023, 0.998179409,
2085.681090691, 0.996935113,
2085.701522458, 0.997001503,
2085.762817758, 0.997438772,
2085.783249624, 0.997073500,
2085.803681390, 0.997193495,
2085.824113156, 0.997358202,
2085.844544921, 0.998075154,
2085.864976587, 0.997653545,
2085.885408452, 0.997627009,
2085.905840217, 0.997048449,
2085.926271881, 0.999295698,
2085.946703745, 0.996440560,
2085.967135509, 0.996271519,
2085.987567173, 0.997298406,
2086.007999037, 0.997046125,
2086.028430800, 0.998161955,
2086.048862463, 0.997768524,
2086.069294326, 0.997041411,
2086.089726089, 0.997683341,
2086.110157851, 0.997717966,
2086.130589613, 0.997586433,
2086.151021375, 0.997788278,
2086.171453136, 0.996897221,
2086.191884898, 0.997754248,
2086.253180281, 0.997696405,
2086.273611941, 0.997677057,
2086.294043801, 0.997711356,
2086.314475562, 0.998821575,
2086.334907221, 0.997546050,
2086.355339081, 0.997133261,
2086.375770840, 0.997087293,
2086.396202499, 0.997745530,
2086.416634358, 0.997854828,
2086.437066117, 0.997892894,
2086.457497775, 0.996761764,
2086.477929633, 0.996956459,
2086.498361391, 0.998033492,
2086.518793049, 0.997540101,
2086.539224906, 0.997556894,
2086.559656563, 0.997874958,
2086.580088420, 0.997651606,
2086.600520177, 0.997408342,
2086.620951934, 0.997808371,
2086.641383690, 0.998157267,
2086.661815446, 0.998063305,
2086.682247201, 0.997045903,
2086.743542468, 0.997977196,
2086.763974222, 0.998611266,
2086.784405977, 0.997671517,
2086.804837731, 0.998235208,
2086.825269585, 0.998171717,
2086.845701240, 0.997823192,
2086.866132993, 0.997840614,
2086.886564847, 0.997670010,
2086.906996500, 0.997965774,
2086.927428353, 0.997455862,
2086.947860106, 0.998041372,
2086.968291758, 0.998119169,
2086.988723610, 0.998102266,
2087.009155363, 0.997422821,
2087.029587014, 0.997675904,
2087.050018866, 0.998186821,
2087.070450618, 0.997787839,
2087.090882369, 0.998017680,
2087.111314120, 0.997846134,
2087.131745870, 0.997665333,
2087.152177621, 0.997903753,
2087.172609371, 0.997531156,
2087.233904621, 0.998315238,
2087.254336370, 0.997860326,
2087.274768219, 0.998088692,
2087.295199868, 0.997827523,
2087.315631617, 0.998006451,
2087.336063465, 0.997987784,
2087.356495113, 0.998250849,
2087.376926861, 0.997435195,
2087.397358709, 0.997682615,
2087.417790357, 0.997797830,
2087.438222104, 0.997593105,
2087.458653951, 0.997936501,
2087.479085598, 0.998483919,
2087.499517345, 0.997340845,
2087.519949191, 0.998209953,
2087.540380837, 0.998461957,
2087.560812583, 0.997556314,
2087.581244429, 0.997276380,
2087.601676075, 0.997945265,
2087.622107920, 0.998043694,
2087.642539665, 0.998917607,
2087.662971410, 0.998165811,
2087.724266643, 0.997724499,
2087.744698487, 0.997626517,
2087.765130131, 0.997928778,
2087.785561874, 0.997926375,
2087.805993717, 0.998220931,
2087.826425361, 0.998072222,
2087.846857104, 0.998423812,
2087.867288946, 0.998308033,
2087.887720589, 0.999265006,
2087.908152331, 0.998591497,
2087.928584173, 0.999190784,
2087.949015815, 0.998156022,
2087.969447556, 0.997723236,
2087.989879297, 0.997998379,
2088.010311038, 0.998285456,
2088.030742879, 0.999271219,
2088.051174520, 0.998754632,
2088.092038100, 0.998809319,
2088.112469841, 0.998071425,
2088.132901480, 0.998988807,
2088.153333320, 0.999937017,
2088.214628537, 0.998138724,
2088.235060276, 0.998559644,
2088.255491914, 0.998196653,
2088.275923753, 0.998583278,
2088.296355491, 0.998813497,
2088.316787129, 0.998567003,
2088.337218966, 0.998596790,
2088.357650704, 0.998620561,
2088.378082541, 0.998531426,
2088.398514178, 0.998938553,
2088.418945914, 0.999050448,
2088.439377751, 0.998396404,
2088.459809388, 0.998026218,
2088.480241123, 0.999351109,
2088.500672959, 0.998746248,
2088.521104595, 0.999286570,
2088.541536331, 0.999074694,
2088.561968166, 0.998598800,
2088.582399901, 0.999043043,
2088.602831536, 0.999122676,
2088.623263370, 0.999279766,
2088.704990306, 0.999082224,
2088.725422040, 0.998908368,
2088.745853773, 0.998615111,
2088.766285406, 0.998695942,
2088.786717239, 0.999007644,
2088.807148972, 0.998788965,
2088.827580605, 0.999903375,
2088.848012437, 0.998870187,
2088.868444169, 0.998704458,
2088.888875801, 0.999058413,
2088.909307633, 0.999301845,
2088.929739364, 0.999059771,
2088.950171095, 0.999066711,
2088.970602826, 0.999837857,
2088.991034557, 0.998725766,
2089.031898018, 0.998854237,
2089.052329748, 0.999483152,
2089.072761578, 1.000149724,
2089.093193308, 0.999330421,
2089.113624937, 0.999633744,
2089.134056767, 0.999633890,
2089.195351953, 0.999359517,
2089.215783682, 0.998871605,
2089.236215310, 0.999240705,
2089.256647138, 0.998799089,
2089.277078866, 0.999465991,
2089.297510494, 0.999104927,
2089.317942321, 0.998626925,
2089.338374048, 0.999245070,
2089.358805676, 0.998834567,
2089.379237502, 0.998955794,
2089.399669129, 0.999234053,
2089.420100955, 0.999708703,
2089.460964308, 0.999681030,
2089.481396134, 0.998596106,
2089.501827859, 0.999346664,
2089.522259584, 0.999112346,
2089.542691310, 0.999315474,
2089.563123035, 0.999351759,
2089.583554760, 0.999302446,
2089.603986484, 0.998915506,
2089.706145104, 0.999669860,
2089.726576927, 0.999801797,
2089.747008551, 1.000127643,
2089.767440373, 0.999438068,
2089.787872096, 0.999076662,
2089.808303719, 0.999004834,
2089.828735541, 0.998909791,
2089.849167263, 0.999589614,
2089.869598885, 0.999858763,
2089.890030707, 0.999648368,
2089.910462429, 0.999608054,
2089.930894150, 0.999423115,
2089.951325871, 0.999421172,
2089.971757592, 0.999441076,
2089.992189313, 0.999650613,
2090.012621033, 1.000048088,
2090.033052754, 0.999870964,
2090.053484474, 0.999348353,
2090.073916194, 0.999605457,
2090.094347914, 0.999992882,
2090.114779733, 0.999678599,
2090.135211352, 0.999916661,
2090.155643072, 1.000103417,
2090.176074891, 1.000358942,
2090.196506509, 1.000357762,
2090.216938228, 1.000903465,
2090.237370046, 1.000710694,
2090.257801665, 1.000001246,
2090.278233383, 0.999706639,
2090.298665200, 0.999334048,
2090.319096818, 1.000208640,
2090.339528535, 1.000497738,
2090.359960352, 0.999940061,
2090.421255503, 1.000196326,
2090.441687119, 1.000329135,
2090.462118936, 0.999800228,
2090.482550652, 0.999937322,
2090.502982367, 0.999262059,
2090.523414083, 0.999409598,
2090.543845798, 0.999860376,
2090.564277514, 1.000325276,
2090.584709229, 0.999212597,
2090.605140944, 0.999861490,
2090.625572658, 1.000066796,
2090.646004473, 1.000235308,
2090.666436087, 1.000023459,
2090.686867801, 1.000099374,
2090.707299615, 1.000218426,
2090.727731229, 0.999813623,
2090.748162942, 1.000479532,
2090.768594756, 1.000451402,
2090.789026369, 1.000817533,
2090.809458182, 0.999869672,
2090.829889894, 1.000060488,
2090.850321507, 0.999953085,
2090.870753319, 1.000737160,
2090.891184931, 1.000674213,
2090.911616643, 1.000614517,
2090.932048455, 1.000053804,
2090.952480067, 1.000748540,
2090.972911778, 1.000810984,
2090.993343589, 1.000172123,
2091.013775300, 1.000438988,
2091.034206911, 1.000498103,
2091.054638722, 1.000785682,
2091.075070432, 0.999825122,
2091.095502143, 1.001165658,
2091.156797372, 0.999934681,
2091.177228982, 1.000308463,
2091.197660691, 1.000767882,
2091.218092500, 1.000535745,
2091.238524109, 1.000333545,
2091.258955818, 1.000181883,
2091.279387626, 1.000276810,
2091.299819235, 1.000483509,
2091.320250943, 1.000303620,
2091.340682751, 1.000377416,
2091.361114359, 1.000240735,
2091.381546066, 0.999529507,
2091.401977874, 0.999975890,
2091.422409481, 1.000344982,
2091.442841288, 1.000249313,
2091.463272995, 1.000089783,
2091.483704702, 1.000590196,
2091.504136408, 1.000444245,
2091.524568115, 1.000245504,
2091.544999821, 1.000552696,
2091.565431527, 1.000301004,
2091.667589954, 1.001582196,
2091.688021759, 1.001630648,
2091.708453463, 1.001291365,
2091.749316872, 1.000083435,
2091.769748576, 1.001069284,
2091.790180380, 0.999398331,
2091.810611984, 1.000695828,
2091.831043688, 1.001072458,
2091.892338797, 1.000938557,
2091.912770600, 1.000594251,
2091.933202203, 1.000478569,
2091.953633905, 1.000991460,
2091.974065708, 1.000467246,
2091.994497410, 1.000707367,
2092.014929012, 1.000057419,
2092.035360814, 0.999812280,
2092.055792515, 1.000521058,
2092.076224117, 1.000887500,
2092.096655918, 1.000964573,
2092.117087619, 1.001075328,
2092.137519420, 1.000576103,
2092.157951021, 1.000887441,
2092.178382721, 1.000724960,
2092.198814522, 1.000752465,
2092.219246122, 1.000954637,
2092.239677822, 1.001186863,
2092.260109522, 1.000730524,
2092.280541221, 1.000391052,
2092.300972821, 1.001122274,
2092.321404620, 1.000874987,
2092.341836319, 1.001038309,
2092.362268018, 1.001397749,
2092.382699717, 1.000567913,
2092.403131416, 1.001151140,
2092.423563214, 1.001473698,
2092.443994812, 1.001432784,
2092.464426510, 1.000816271,
2092.484858308, 1.000561244,
2092.505290006, 1.001062015,
2092.525721604, 1.000278415,
2092.627880189, 1.001039275,
2092.668743582, 1.000776449,
2092.689175278, 1.001228174,
2092.709606874, 1.000895872,
2092.730038670, 1.001464670,
2092.750470365, 1.000901414,
2092.770902161, 1.001246404,
2092.791333756, 1.000916613,
2092.811765451, 1.001230933,
2092.832197246, 1.000651221,
2092.852628841, 1.001003684,
2092.873060536, 1.000796845,
2092.893492330, 1.001018741,
2092.913923924, 0.999939544,
2092.934355619, 1.001448405,
2092.954787412, 1.001517953,
2092.975219106, 1.001510884,
2092.995650700, 1.001753818,
2093.016082493, 1.001281838,
2093.036514087, 1.000984217,
2093.056945780, 1.001005693,
2093.077377573, 1.001503936,
2093.097809165, 1.000956201,
2093.118240958, 1.001575903,
2093.138672650, 1.001668261,
2093.159104242, 1.001019955,
2093.179536035, 1.000830342,
2093.199967727, 1.000985424,
2093.220399318, 1.001559659,
2093.240831110, 1.000286456,
2093.261262801, 1.001022878,
2093.281694393, 1.001182567,
2093.302126184, 1.000871027,
2093.322557874, 1.001670527,
2093.342989565, 1.000870111,
2093.363421256, 1.000612805,
2093.383852946, 1.001401301,
2093.404284736, 1.001324797,
2093.424716326, 1.000830477,
2093.445148016, 1.001104053,
2093.465579806, 1.000544984,
2093.486011496, 1.000799763,
2093.506443085, 1.001555603,
2093.526874874, 1.001127543,
2093.608601630, 0.999899131,
2093.629033218, 1.000932280,
2093.649465006, 1.001535309,
2093.669896694, 1.001720378,
2093.690328282, 1.001594030,
2093.710760070, 1.001254625,
2093.731191758, 1.001923088,
2093.751623445, 1.001626067,
2093.772055133, 1.001969716,
2093.792486720, 1.002133979,
2093.812918507, 1.001543293,
2093.833350194, 1.001009968,
2093.853781880, 1.001372418,
2093.874213567, 1.002039337,
2093.915076939, 1.001529928,
2093.935508625, 1.001650629,
2093.955940311, 1.001302897,
2093.976371997, 1.001532978,
2093.996803682, 1.000814234,
2094.017235368, 1.001472098,
2094.037667153, 1.002646295,
2094.058098838, 1.001382723,
2094.078530423, 1.001394846,
2094.098962208, 1.001902374,
2094.119393892, 1.001617375,
2094.139825477, 1.001478969,
2094.160257261, 1.001912890,
2094.180688945, 1.001445587,
2094.201120529, 1.001875980,
2094.221552313, 1.001515000,
2094.241983996, 1.001232065,
2094.262415580, 1.001588385,
2094.282847363, 1.001123797,
2094.303279046, 1.001022612,
2094.323710829, 1.001780975,
2094.344142412, 1.001387164,
2094.364574095, 1.001585525,
2094.385005777, 1.001560279,
2094.405437460, 1.001919724,
2094.425869142, 1.001888173,
2094.446300824, 1.001865330,
2094.466732506, 1.001221416,
2094.487164188, 1.000695460,
2094.507595870, 1.001496519,
2094.609754275, 1.001227424,
2094.630186056, 1.001991586,
2094.650617636, 1.001799244,
2094.671049417, 1.001598449,
2094.691481097, 1.001573926,
2094.711912677, 1.001849010,
2094.732344457, 1.001722653,
2094.752776137, 1.001535974,
2094.773207717, 1.001926055,
2094.793639496, 1.001338311,
2094.814071175, 1.001885382,
2094.834502755, 1.001364967,
2094.875366212, 1.001768894,
2094.895797891, 1.001729197,
2094.916229570, 1.001780889,
2094.936661248, 1.001693683,
2094.957093026, 1.001815567,
2094.977524605, 1.001683588,
2094.997956283, 1.001820693,
2095.018388060, 1.001905552,
2095.038819738, 1.000950334,
2095.059251316, 1.001177501,
2095.079683093, 1.001988277,
2095.100114770, 1.001396956,
2095.120546347, 1.001167786,
2095.140978124, 1.001978976,
2095.161409701, 1.001227466,
2095.181841378, 1.001701939,
2095.202273154, 1.001481022,
2095.222704730, 1.001201045,
2095.243136507, 1.000911166,
2095.324863210, 1.001789937,
2095.345294785, 1.001708079,
2095.365726561, 1.001292925,
2095.386158236, 1.001892507,
2095.406589911, 1.001145336,
2095.427021586, 1.001722134,
2095.447453261, 1.001059512,
2095.467884935, 1.001291649,
2095.570043306, 1.001908835,
2095.590475080, 1.001468827,
2095.610906753, 1.002322474,
2095.631338327, 1.001822690,
2095.651770100, 1.001613671,
2095.672201773, 1.002139618,
2095.692633346, 1.001845339,
2095.713065119, 1.002084416,
2095.733496792, 1.002243414,
2095.753928365, 1.001643827,
2095.774360137, 1.001927444,
2095.794791810, 1.002103475,
2095.815223382, 1.002316213,
2095.835655154, 1.002618992,
2095.856086826, 1.002173131,
2095.876518498, 1.001753137,
2095.896950169, 1.002296384,
2095.917381840, 1.002047374,
2095.937813512, 1.002235361,
2095.958245183, 1.002783842,
2095.978676854, 1.002131245,
2095.999108525, 1.001903815,
2096.019540196, 1.002214769,
2096.039971866, 1.002289452,
2096.060403637, 1.001998164,
2096.080835208, 1.000049017,
2096.101266878, 1.001697110,
2096.121698648, 1.002208698,
2096.142130218, 1.001975857,
2096.162561988, 1.002146834,
2096.182993657, 1.001665124,
2096.203425227, 1.002590805,
2096.223856996, 1.002705432,
2096.244288665, 1.002699068,
2096.264720235, 1.001890480,
2096.285152004, 1.001507211,
2096.305583672, 1.002431612,
2096.326015241, 1.001416184,
2096.346447010, 1.002346680,
2096.366878678, 1.001871339,
2096.387310347, 1.002186093,
2096.407742015, 1.002070809,
2096.428173683, 1.002392708,
2096.448605451, 1.001470117,
2096.469037019, 1.001998610,
2096.489468686, 1.001454881,
2096.550763689, 1.002734635,
2096.571195456, 1.002270836,
2096.591627023, 1.002144473,
2096.612058689, 1.002176011,
2096.632490456, 1.002414436,
2096.652922023, 1.002423157,
2096.673353689, 1.002155324,
2096.693785456, 1.002076299,
2096.714217022, 1.001777878,
2096.734648788, 1.002022892,
2096.755080454, 1.002269960,
2096.775512020, 1.002426046,
2096.795943785, 1.002811583,
2096.816375451, 1.002189751,
2096.836807016, 1.002506122,
2096.857238782, 1.002442142,
2096.877670447, 1.002549014,
2096.898102112, 1.002555994,
2096.918533777, 1.002604736,
2096.938965441, 1.001961895,
2096.959397106, 1.001956152,
2096.979828771, 1.001961965,
2097.000260435, 1.002178089,
2097.020692199, 1.002407349,
2097.041123864, 1.002626501,
2097.061555428, 1.002045473,
2097.102418855, 1.001776217,
2097.122850419, 1.001957986,
2097.143282182, 1.002406666,
2097.163713846, 1.002795142,
2097.184145409, 1.002081615,
2097.204577172, 1.002011535,
2097.225008835, 1.002159597,
2097.245440398, 1.002610569,
2097.265872161, 1.001946451,
2097.286303723, 1.002303137,
2097.306735386, 1.002140965,
2097.327167148, 1.002241225,
2097.347598710, 1.002091927,
2097.368030472, 1.002416993,
2097.388462134, 1.002553419,
2097.408893796, 1.002698206,
2097.429325458, 1.003476283,
2097.449757120, 1.003631477,
2097.551915526, 1.002882446,
2097.572347087, 1.002586963,
2097.592778748, 1.002868652,
2097.613210508, 1.002994060,
2097.633642069, 1.002629103,
2097.654073829, 1.003170299,
2097.674505489, 1.002723040,
2097.694937050, 1.002995105,
2097.715368810, 1.002842635,
2097.735800470, 1.002964136,
2097.776663789, 1.002534062,
2097.797095449, 1.001568504,
2097.817527008, 1.002335231,
2097.837958767, 1.003246445,
2097.858390426, 1.003044817,
2097.878822086, 1.002688135,
2097.899253745, 1.002738010,
2097.919685403, 1.003014472,
2097.940117062, 1.002994937,
2097.960548721, 1.003194597,
2097.980980379, 1.002588267,
2098.021843696, 1.001493495,
2098.042275354, 1.002101074,
2098.062707012, 1.002064459,
2098.083138670, 1.002614789,
2098.103570328, 1.002961137,
2098.124002085, 1.003128005,
2098.144433643, 1.002979541,
2098.164865300, 1.001683905,
2098.185297058, 1.002424692,
2098.205728615, 1.002753325,
2098.267023586, 1.002209563,
2098.287455342, 1.001970226,
2098.307886999, 1.002924335,
2098.328318556, 1.002723630,
2098.369181968, 1.002114022,
2098.389613624, 1.002942859,
2098.410045280, 1.002813993,
2098.430476936, 1.002505263,
2098.450908592, 1.003022110,
2098.471340248, 1.002366920,
2098.491771904, 1.002500834,
2098.512203659, 1.002230113,
2098.532635214, 1.002368097,
2098.553066870, 1.002696425,
2098.573498625, 1.002632018,
2098.593930280, 1.002820689,
2098.614361835, 1.002883548,
2098.634793590, 1.002812371,
2098.655225144, 1.002789436,
2098.675656799, 1.002738624,
2098.696088553, 1.002780947,
2098.716520108, 1.003082452,
2098.736951762, 1.003145910,
2098.757383516, 1.002314513,
2098.777815070, 1.002805270,
2098.798246824, 1.002957880,
2098.818678478, 1.002845130,
2098.839110032, 1.003142522,
2098.859541785, 1.002312231,
2098.879973439, 1.002988138,
2098.900404992, 1.002712926,
2098.920836746, 1.002754650,
2098.941268399, 1.002408571,
2098.961700052, 1.003081587,
2098.982131705, 1.002741548,
2099.002563358, 1.003110821,
2099.022995011, 1.002710275,
2099.043426763, 1.002621157,
2099.063858316, 1.003450801,
2099.084290068, 1.003550346,
2099.104721720, 1.002326974,
2099.125153273, 1.002668773,
2099.145585025, 1.002573972,
2099.166016677, 1.002815681,
2099.206879980, 1.002859066,
2099.227311632, 1.002755578,
2099.268174935, 1.003014207,
2099.288606587, 1.002899755,
2099.309038138, 1.002653783,
2099.329469889, 1.002912820,
2099.349901540, 1.003123332,
2099.370333191, 1.003339100,
2099.390764842, 1.003067732,
2099.411196493, 1.003189443,
2099.431628144, 1.003283862,
2099.492923095, 1.003543912,
2099.513354745, 1.002869936,
2099.533786395, 1.002655407,
2099.554218045, 1.002619131,
2099.574649695, 1.001486753,
2099.595081445, 1.003108155,
2099.615513095, 1.002776407,
2099.635944644, 1.003125393,
2099.656376394, 1.002986377,
2099.697239593, 1.003317878,
2099.717671342, 1.003242579,
2099.738102991, 1.003554409,
2099.758534540, 1.003192205,
2099.778966289, 1.003352780,
2099.799397938, 1.002685883,
2099.819829487, 1.003108982,
2099.840261235, 1.003378417,
2099.881124632, 1.003887552,
2099.901556181, 1.003845595,
2099.921987829, 1.002812361,
2099.983282773, 1.002818794,
2100.003714521, 1.002847614,
2100.024146069, 1.002884582,
2100.044577717, 1.002478297,
2100.065009364, 1.003312072,
2100.085441012, 1.002668283,
2100.105872659, 1.003245280,
2100.126304406, 1.003063911,
2100.146735953, 1.002844573,
2100.167167701, 1.002950172,
2100.187599348, 1.003775929,
2100.208030895, 1.002860842,
2100.228462641, 1.002846679,
2100.248894288, 1.002804849,
2100.269325835, 1.002870522,
2100.289757581, 1.002806434,
2100.310189228, 1.003124057,
2100.330620774, 1.002639749,
2100.351052520, 1.003258827,
2100.371484167, 1.003321644,
2100.391915713, 1.003039458,
2100.412347459, 1.002811601,
2100.432779104, 1.003179529,
2100.473642396, 1.003565192,
2100.494074042, 1.003412926,
2100.514505787, 1.003006410,
2100.534937333, 1.003736507,
2100.555368978, 1.003679403,
2100.575800723, 1.003520296,
2100.596232368, 1.003363264,
2100.616663913, 1.003169304,
2100.637095658, 1.003593365,
2100.657527303, 1.003751074,
2100.677958848, 1.003614782,
2100.698390593, 1.003502299,
2100.739253982, 1.003485421,
2100.759685526, 1.003333210,
2100.780117171, 1.003653918,
2100.800548815, 1.003445181,
2100.820980459, 1.003379498,
2100.841412003, 1.003466091,
2100.861843747, 1.003403538,
2100.882275391, 1.003649403,
2100.902706935, 1.003107084,
2100.923138679, 1.004171245,
2100.964001966, 1.003476264,
2100.984433610, 1.005465891,
2101.004865253, 1.004055111,
2101.025296996, 1.004137638,
2101.045728540, 1.003704154,
2101.066160183, 1.003731058,
2101.086591926, 1.003553516,
2101.107023569, 1.003660540,
2101.127455112, 1.003812427,
2101.147886854, 1.003136169,
2101.168318497, 1.004009952,
2101.188750040, 1.003912754,
2101.209181783, 1.004264813,
2101.229613425, 1.003910966,
2101.250045167, 1.003989218,
2101.270476710, 1.004429378,
2101.290908352, 1.004123788,
2101.311340094, 1.004176035,
2101.331771636, 1.003540013,
2101.352203278, 1.004300269,
2101.372635020, 1.004010230,
2101.393066562, 1.004872274,
2101.454361487, 1.004096618,
2101.474793128, 1.003673909,
2101.495224770, 1.003825115,
2101.515656411, 1.003958265,
2101.536088152, 1.003562612,
2101.556519693, 1.004273725,
2101.576951335, 1.004300375,
2101.597383075, 1.004281760,
2101.617814616, 1.003866851,
2101.638246257, 1.004117824,
2101.658677998, 1.004805245,
2101.679109639, 1.004520170,
2101.699541179, 1.005834968,
2101.719972920, 1.004641613,
2101.740404560, 1.003566352,
2101.760836101, 1.004353660,
2101.781267841, 1.003091658,
2101.801699481, 1.004891066,
2101.822131222, 1.004449227,
2101.842562762, 1.003856097,
2101.862994402, 1.004153938,
2101.883426141, 1.004014412,
2101.903857681, 1.004821544,
2101.924289321, 1.004943908,
2101.944721061, 1.004757202,
2101.965152600, 1.004241990,
2101.985584240, 1.003831321,
2102.006015979, 1.004252683,
2102.026447519, 1.004858975,
2102.046879258, 1.004670177,
2102.067310897, 1.004879131,
2102.087742537, 1.004317815,
2102.108174176, 1.004741128,
2102.128605815, 1.004800210,
2102.149037454, 1.005227778,
2102.169469093, 1.004841695,
2102.189900731, 1.003877308,
2102.210332270, 1.004902210,
2102.230764009, 1.005262651,
2102.251195647, 1.004929991,
2102.271627186, 1.005359907,
2102.292058924, 1.004352793,
2102.312490563, 1.004982682,
2102.332922301, 1.004521197,
2102.353353839, 1.004109467,
2102.373785477, 1.004566203,
2102.394217215, 1.004079125,
2102.414648753, 1.005061959,
2102.435080391, 1.004882616,
2102.455512129, 1.004573335,
2102.475943667, 1.004480134,
2102.496375305, 1.004581804,
2102.516807042, 1.005342462,
2102.537238580, 1.004407072,
2102.557670217, 1.004387810,
2102.578101955, 1.004785924,
2102.598533592, 1.004733450,
2102.618965230, 1.004798324,
2102.639396867, 1.004782445,
2102.659828504, 1.004379281,
2102.680260141, 1.004244706,
2102.700691778, 1.004452840,
2102.721123415, 1.003938951,
2102.741555152, 1.004329972,
2102.761986689, 1.003961006,
2102.782418326, 1.003667632,
2102.823281599, 1.003998022,
2102.843713336, 1.004876047,
2102.864144972, 1.003942338,
2102.884576509, 1.003753430,
2102.905008245, 1.004059322,
2102.925439781, 1.004178402,
2102.945871418, 1.003332590,
2102.966303154, 1.003393048,
2102.986734690, 1.003552752,
2103.007166326, 1.003701071,
2103.027598062, 1.003880845,
2103.048029598, 1.003803628,
2103.068461234, 1.003491496,
2103.088892969, 1.003814297,
2103.109324605, 1.003968135,
2103.129756241, 1.003755517,
2103.150187877, 1.003330727,
2103.170619512, 1.003694003,
2103.191051148, 1.003429839,
2103.211482783, 1.003529142,
2103.231914418, 1.004011224,
2103.252346054, 1.003333876,
2103.272777689, 1.004005234,
2103.293209324, 1.003098506,
2103.313641059, 1.003411534,
2103.334072594, 1.003352051,
2103.354504229, 1.012959180,
2103.415799234, 1.004467873,
2103.436230869, 1.004184165,
2103.456662403, 1.003697067,
2103.477094138, 1.004476357,
2104.110474884, 1.009734883,
2104.130906517, 1.010584549,
2104.151338249, 1.009832191,
2104.171769782, 1.009895172,
2104.192201415, 1.009701452,
2104.212633048, 1.009934561,
2104.233064680, 1.010355192,
2104.253496313, 1.009790082,
2104.273927945, 1.009986653,
2104.294359578, 1.009896379,
2104.314791210, 1.010053861,
2104.335222942, 1.010238195,
2104.376086107, 1.010241995,
2104.396517839, 1.010196165,
2104.416949371, 1.009475158,
2104.437381103, 1.010042738,
2104.457812736, 1.009737482,
2104.478244268, 1.009896971,
2104.498676000, 1.010210951,
2104.519107631, 1.010235705,
2104.539539163, 1.010288222,
2104.559970895, 1.010148351,
2104.580402527, 1.010607331,
2104.621265790, 1.010124221,
2104.641697422, 1.009936710,
2104.662129153, 1.009784512,
2104.682560685, 1.009954297,
2104.702992317, 1.010377335,
2104.723424048, 1.010410740,
2104.743855579, 1.009669588,
2104.764287211, 1.010332241,
2104.784718942, 1.010934240,
2104.805150573, 1.010674427,
2104.825582105, 1.010021550,
2104.866445467, 1.010036642,
2104.886877098, 1.009906209,
2104.907308729, 1.010205331,
2104.927740360, 1.010440891,
2104.948171991, 1.010445402,
2104.968603622, 1.010801955,
2104.989035153, 1.010463945,
2105.009466884, 1.010198349,
2105.029898514, 1.009503667,
2105.050330045, 1.009482390,
2105.070761776, 1.009977422,
2105.111624937, 1.009848604,
2105.132056668, 1.010482036,
2105.152488298, 1.010476539,
2105.172920029, 1.010038508,
2105.193351559, 1.010627251,
2105.213783190, 1.009948359,
2105.234214920, 1.010262239,
2105.254646450, 1.010623514,
2105.275078081, 1.010607582,
2105.295509811, 1.010211779,
2105.315941441, 1.010545751,
2105.377236332, 1.009884994,
2105.397667962, 1.010230715,
2105.418099592, 1.010491263,
2105.438531222, 1.010654417,
2105.458962952, 1.009878469,
2105.479394481, 1.010586259,
2105.499826111, 1.010674950,
2105.520257841, 1.010284493,
2105.540689371, 1.010128117,
2105.561121001, 1.010239861,
2105.581552731, 1.010285420,
2105.601984260, 1.010480877,
2105.642847620, 1.009828464,
2105.663279149, 1.011029190,
2105.683710879, 1.010105184,
2105.704142408, 1.010470524,
2105.724574038, 1.010498598,
2105.745005767, 1.010975332,
2105.765437297, 1.011146186,
2105.785868926, 1.010443366,
2105.806300655, 1.011199510,
2105.847163914, 1.010692451,
2105.867595543, 1.011225033,
2105.888027172, 1.011085918,
2105.908458802, 1.010392910,
2105.928890431, 1.010312332,
2105.949322060, 1.010588013,
2105.969753789, 1.010841963,
2105.990185318, 1.011366694,
2106.010616947, 1.010560352,
2106.031048676, 1.010831639,
2106.051480205, 1.011519617,
2106.092343563, 1.010906228,
2106.112775092, 1.010925091,
2106.133206820, 1.010891899,
2106.153638449, 1.010956955,
2106.174069978, 1.011261487,
2106.194501707, 1.010991876,
2106.214933336, 1.010573121,
2106.235364864, 1.010551107,
2106.255796593, 1.010478024,
2106.276228222, 1.010680258,
2106.296659850, 1.010734769,
2106.337523107, 1.010891226,
2106.357954736, 1.011259516,
2106.378386364, 1.010465030,
2106.398817993, 1.010704443,
2106.419249621, 1.010899456,
2106.439681250, 1.011160461,
2106.460112878, 1.010855323,
2106.480544506, 1.010884375,
2106.500976135, 1.011045132,
2106.521407763, 1.011205020,
2106.541839491, 1.010823699,
2106.582702748, 1.010672167,
2106.603134376, 1.011319178,
2106.623565904, 1.011624798,
2106.643997632, 1.010274995,
2106.664429260, 1.010628914,
2106.684860788, 1.010884305,
2106.705292517, 1.010654978,
2106.725724145, 1.011234544,
2106.766587401, 1.011136719,
2106.787019029, 1.010464021,
2106.827882284, 1.011473459,
2106.848313912, 1.010536525,
2106.868745640, 1.011039666,
2106.889177168, 1.011023425,
2106.909608796, 1.010634343,
2106.930040524, 1.010830552,
2106.950472052, 1.011240601,
2106.970903680, 1.011019205,
2106.991335407, 1.010912146,
2107.011767035, 1.010930549,
2107.032198663, 1.010844895,
2107.073061818, 1.011484054,
2107.093493546, 1.011287812,
2107.113925174, 1.010886575,
2107.134356701, 1.011373779,
2107.175220056, 1.010941083,
2107.195651584, 1.011451108,
2107.216083311, 1.011517914,
2107.236514939, 1.011518138,
2107.256946667, 1.010866733,
2107.277378194, 1.011239549,
2107.338673076, 1.011251856,
2107.359104704, 1.011454917,
2107.379536431, 1.011141912,
2107.399967959, 1.011205894,
2107.420399586, 1.011504795,
2107.440831313, 1.010894592,
2107.461262941, 1.011444804,
2107.481694568, 1.011133557,
2107.502126195, 1.011916964,
2107.522557823, 1.011396961,
2107.542989450, 1.010819045,
2107.563421077, 1.011142947,
2107.583852705, 1.011856138,
2107.604284432, 1.011143070,
2107.624715959, 1.011879467,
2107.645147586, 1.011368050,
2107.665579314, 1.011805288,
2107.686010841, 1.011760016,
2107.706442568, 1.011046661,
2107.726874095, 1.011841377,
2107.747305722, 1.011357267,
2107.767737449, 1.011943052,
2107.808600604, 1.011320415,
2107.829032331, 1.012018469,
2107.849463858, 1.011298255,
2107.869895485, 1.011500848,
2107.890327212, 1.011356171,
2107.910758739, 1.011937900,
2107.931190366, 1.011812725,
2107.951622093, 1.011479008,
2107.972053620, 1.011772952,
2107.992485347, 1.011628585,
2108.053780228, 1.011726399,
2108.074211855, 1.011698164,
2108.094643482, 1.011863072,
2108.115075109, 1.011251923,
2108.135506736, 1.011652393,
2108.155938363, 1.011528128,
2108.176370090, 1.011867576,
2108.196801617, 1.012276682,
2108.217233344, 1.012092110,
2108.237664971, 1.011725535,
2108.258096498, 1.011885111,
2108.319391379, 1.012361195,
2108.339823106, 1.011520218,
2108.360254732, 1.011557041,
2108.380686259, 1.011719252,
2108.401117986, 1.012485826,
2108.421549613, 1.011814115,
2108.441981240, 1.012147013,
2108.462412867, 1.011892800,
2108.503276121, 1.012267643,
2108.544139374, 1.012396547,
2108.564571001, 1.011345128,
2108.585002628, 1.012101888,
2108.605434255, 1.012114251,
2108.625865882, 1.012152104,
2108.646297508, 1.012120545,
2108.666729235, 1.012360356,
2108.687160862, 1.012179811,
2108.707592389, 1.011846159,
2108.728024116, 1.012324116,
2108.748455743, 1.012152693,
2108.789318996, 1.012231415,
2108.809750623, 1.011603764,
2108.830182150, 1.011998242,
2108.850613877, 1.012015690,
2108.891477230, 1.012179529,
2108.911908757, 1.012416000,
2108.932340384, 1.012057244,
2108.952772111, 1.012608455,
2108.973203638, 1.011668904,
2108.993635265, 1.012229086,
2109.034498518, 1.012563772,
2109.054930145, 1.012160613,
2109.075361872, 1.012158321,
2109.095793399, 1.012328544,
2109.116225126, 1.012619215,
2109.136656652, 1.012860565,
2109.157088279, 1.012044611,
2109.177520006, 1.012373826,
2109.197951533, 1.012498440,
2109.218383160, 1.013042421,
2109.238814887, 1.012197428,
2109.300109767, 1.011665866,
2109.320541394, 1.012527425,
2109.340973121, 1.012636251,
2109.361404648, 1.012525869,
2109.381836275, 1.012796012,
2109.402268002, 1.011231982,
2109.422699529, 1.012520609,
2109.443131156, 1.011947715,
2109.463562883, 1.012671483,
2109.483994409, 1.012343603,
2109.524857763, 1.012478281,
2109.545289290, 1.012737519,
2109.565721017, 1.012079963,
2109.586152644, 1.012452513,
2109.606584171, 1.012328266,
2109.627015898, 1.012625072,
2109.647447525, 1.012579074,
2109.667879152, 1.012928437,
2109.688310779, 1.013014632,
2109.708742406, 1.012896006,
2109.729174033, 1.012819776,
2109.770037287, 1.012768103,
2109.790468914, 1.012915330,
2109.810900641, 1.012907284,
2109.831332168, 1.013427534,
2109.851763896, 1.013100274,
2109.872195423, 1.013220549,
2109.892627050, 1.012761544,
2109.913058777, 1.013081015,
2109.933490304, 1.013229641,
2109.953921931, 1.013068244,
2109.974353658, 1.012729626,
2110.015216913, 1.013314390,
2110.035648540, 1.012644542,
2110.056080067, 1.012879589,
2110.076511794, 1.013189526,
2110.096943422, 1.013318939,
2110.117374949, 1.013505831,
2110.137806676, 1.013330759,
2110.158238303, 1.012673488,
2110.178669931, 1.013067236,
2110.199101558, 1.013864648,
2110.219533185, 1.013510340,
2110.280828067, 1.013771754,
2110.301259795, 1.013308131,
2110.321691422, 1.013202983,
2110.342122950, 1.012877616,
2110.362554677, 1.013059438,
2110.382986304, 1.013776450,
2110.403417932, 1.013186824,
2110.423849559, 1.013475858,
2110.444281187, 1.013209294,
2110.464712814, 1.013227026,
2110.505575970, 1.012888565,
2110.526007697, 1.013147333,
2110.546439325, 1.013565615,
2110.566870852, 1.013396325,
2110.587302580, 1.013575426,
2110.607734208, 1.013476109,
2110.628165935, 1.013598627,
2110.648597463, 1.013862980,
2110.669029091, 1.013746107,
2110.689460818, 1.013341163,
2110.771187230, 1.013195677,
2110.791618857, 1.013934520,
2110.812050585, 1.013732445,
2110.832482113, 1.013986704,
2110.852913841, 1.013492790,
2110.893777097, 1.013636773,
2110.914208725, 1.013633049,
2110.934640353, 1.013497305,
2110.955071981, 1.014108247,
2110.975503609, 1.013392799,
2110.995935237, 1.013807712,
2111.016366865, 1.013996743,
2111.036798593, 1.013581593,
2111.057230121, 1.013763781,
2111.077661850, 1.013839675,
2111.098093478, 1.014037923,
2111.118525006, 1.014002672,
2111.138956734, 1.014312438,
2111.159388262, 1.014255071,
2111.179819891, 1.013895724,
2111.200251619, 1.013513174,
2111.261546504, 1.014264081,
2111.281978033, 1.014224606,
2111.302409761, 1.013873452,
2111.322841389, 1.013624795,
2111.343272918, 1.013818492,
2111.363704646, 1.014151928,
2111.384136275, 1.013366706,
2111.404567904, 1.014222661,
2111.424999532, 1.013907776,
2111.506726047, 1.014090679,
2111.527157776, 1.014282810,
2111.547589404, 1.014235283,
2111.568020933, 1.014002067,
2111.588452662, 1.014595507,
2111.608884291, 1.014150647,
2111.629315820, 1.014413107,
2111.649747549, 1.014345673,
2111.670179178, 1.014068520,
2111.690610907, 1.014135680,
2111.731474065, 1.014691455,
2111.751905794, 1.014404882,
2111.772337323, 1.014807652,
2111.792768952, 1.014594137,
2111.813200582, 1.014610267,
2111.833632211, 1.014682705,
2111.854063840, 1.014016103,
2111.874495469, 1.014432252,
2111.894927099, 1.014505024,
2111.915358828, 1.014365467,
2111.935790357, 1.014802639,
2111.997085246, 1.014885352,
2112.017516875, 1.014433941,
2112.037948605, 1.014418793,
2112.058380234, 1.014176248,
2112.078811864, 1.015066665,
2112.099243494, 1.014874106,
2112.119675124, 1.014347873,
2112.140106753, 1.014886611,
2112.160538383, 1.014758531,
2112.180970013, 1.014500215,
2112.221833273, 1.015008548,
2112.242264903, 1.014866528,
2112.262696633, 1.015603160,
2112.283128163, 1.015264848,
2112.303559893, 1.014677119,
2112.323991523, 1.015249099,
2112.344423053, 1.015005186,
2112.364854783, 1.015000632,
2112.385286413, 1.014773021,
2112.405717943, 1.014851999,
2112.467012834, 1.015394619,
2112.487444565, 1.014779710,
2112.507876195, 1.015333930,
2112.528307826, 1.014538174,
2112.548739456, 1.015109686,
2112.569171087, 1.015168814,
2112.589602717, 1.015112111,
2112.610034348, 1.014697404,
2112.630465979, 1.015041679,
2112.650897610, 1.014547237,
2112.671329240, 1.014611874,
2112.712192602, 1.014815408,
2112.732624133, 1.015246410,
2112.753055864, 1.015456166,
2112.773487495, 1.015440045,
2112.793919026, 1.015189575,
2112.814350757, 1.015148616,
2112.834782388, 1.014898018,
2112.855213919, 1.015766363,
2112.875645650, 1.015298169,
2112.896077282, 1.015424506,
2112.916509013, 1.015203267,
2112.957372176, 1.015193679,
2112.977803907, 1.015358357,
2112.998235439, 1.014897318,
2113.018667070, 1.015539327,
2113.039098802, 1.015245859,
2113.059530333, 1.015448745,
2113.079961965, 1.014964870,
2113.100393697, 1.016311873,
2113.120825229, 1.016144585,
2113.161688592, 1.015433692,
2113.243415020, 1.014301078,
2113.263846752, 1.015429128,
2113.284278384, 1.015566560,
2113.304710017, 1.015235349,
2113.325141649, 1.015655654,
2113.345573281, 1.015530094,
2113.366005014, 1.015889858,
2113.386436546, 1.015880697,
2113.406868178, 1.016160729,
2113.427299911, 1.016111454,
2113.447731443, 1.015687976,
2113.468163076, 1.015076108,
2113.488594809, 1.015665192,
2113.509026341, 1.015219191,
2113.529458074, 1.016316721,
2113.549889707, 1.015267777,
2113.570321240, 1.016082419,
2113.590752973, 1.015889930,
2113.611184606, 1.015634452,
2113.631616139, 1.015299836,
2113.652047872, 1.015723554,
2113.692911038, 1.015517765,
2113.713342771, 1.015885747,
2113.733774405, 1.015988407,
2113.754206138, 1.015942546,
2113.774637671, 1.015852220,
2113.795069305, 1.015889533,
2113.815500938, 1.016238571,
2113.835932672, 1.015466925,
2113.856364206, 1.014748990,
2113.876795939, 1.015613475,
2113.897227473, 1.016697076,
2113.938090841, 1.016268719,
2113.958522375, 1.016001835,
2113.978954109, 1.015522738,
2113.999385743, 1.015699247,
2114.019817277, 1.016111221,
2114.040249011, 1.015999232,
2114.060680645, 1.015944055,
2114.081112179, 1.015016316,
2114.101543914, 1.015922199,
2114.121975548, 1.016520185,
2114.142407282, 1.016690119,
2114.183270451, 1.015882345,
2114.203702186, 1.016043356,
2114.224133721, 1.015957675,
2114.244565355, 1.015910082,
2114.264997090, 1.017072319,
2114.285428625, 1.016123127,
2114.305860360, 1.015317030,
2114.326291995, 1.015740361,
2114.346723630, 1.016162824,
2114.367155265, 1.015720953,
2114.387586900, 1.016168713,
2114.428450171, 1.015680465,
2114.448881806, 1.016396920,
2114.469313441, 1.015536610,
2114.489745077, 1.016233405,
2114.510176712, 1.015785617,
2114.530608448, 1.015897581,
2114.551039984, 1.016208759,
2114.571471619, 1.015815724,
2114.612334891, 1.016174627,
2114.632766527, 1.015267026,
2114.673629799, 1.016606756,
2114.694061435, 1.015848008,
2114.714493171, 1.016051137,
2114.734924708, 1.015780277,
2114.755356444, 1.016155562,
2114.775788080, 1.016146349,
2114.796219617, 1.015937707,
2114.816651353, 1.016267130,
2114.837082990, 1.016469659,
2114.857514526, 1.016413828,
2114.877946263, 1.016608242,
2114.939241174, 1.015849325,
2114.959672811, 1.015212313,
2114.980104548, 1.016385437,
2115.000536085, 1.016283824,
2115.020967722, 1.015985551,
2115.041399459, 1.016240834,
2115.061831096, 1.016271258,
2115.082262634, 1.016046762,
2115.102694371, 1.015909724,
2115.184420922, 1.016569134,
2115.204852560, 1.016206498,
2115.225284198, 1.016392590,
2115.245715835, 1.016379540,
2115.266147473, 1.015782625,
2115.286579112, 1.015909645,
2115.307010850, 1.016688588,
2115.327442388, 1.016808576,
2115.347874026, 1.016832013,
2115.368305765, 1.015603694,
2115.409168942, 1.016561763,
2115.429600680, 1.016159950,
2115.450032219, 1.016578414,
2115.470463858, 1.016729921,
2115.490895597, 1.016799519,
2115.511327135, 1.017016857,
2115.531758874, 1.015966904,
2115.552190513, 1.015967097,
2115.572622153, 1.016425649,
2115.593053792, 1.016480727,
2115.613485431, 1.016753468,
2115.654348710, 1.015863308,
2115.674780349, 1.016388049,
2115.695211989, 1.016109924,
2115.715643729, 1.016855446,
2115.736075268, 1.016028591,
2115.756507008, 1.016349870,
2115.776938648, 1.017148644,
2115.797370188, 1.016071320,
2115.817801928, 1.016497035,
2115.838233568, 1.016751430,
2115.858665108, 1.016879739,
2115.899528489, 1.016402028,
2115.919960129, 1.016906295,
2115.940391770, 1.015945531,
2115.960823311, 1.016485326,
2115.981255051, 1.015868052,
2116.001686692, 1.016289568,
2116.022118233, 1.019777537,
2116.042549974, 1.016624898,
2116.062981615, 1.016958264,
2116.083413256, 1.016682573,
2116.103844897, 1.016677982,
2116.144708279, 1.016446201,
2116.165139821, 1.016209066,
2116.185571462, 1.016093809,
2116.206003204, 1.016748441,
2116.226434846, 1.017183781,
2116.246866387, 1.015653961,
2116.267298129, 1.016322122,
2116.287729771, 1.016496398,
2116.308161413, 1.016517330,
2116.328593055, 1.017071816,
2116.349024697, 1.016315809,
2116.389887982, 1.016040870,
2116.410319624, 1.016829373,
2116.430751367, 1.016277962,
2116.451182909, 1.016882515,
2116.471614552, 1.016980281,
2116.492046295, 1.016205810,
2116.512477837, 1.016331366,
2116.532909580, 1.016465715,
2116.553341223, 1.016107415,
2116.573772766, 1.016525980,
2116.635067696, 1.016472054,
2116.655499440, 1.016510382,
2116.675930983, 1.016529652,
2116.696362727, 1.017518536,
2116.716794370, 1.015995872,
2116.737225914, 1.015925615,
2116.757657658, 1.016442227,
2116.778089302, 1.016630128,
2116.798520946, 1.016301653,
2116.818952590, 1.016600021,
2116.921110912, 1.027309423,
2116.941542557, 1.016558133,
2116.961974102, 1.016284402,
2116.982405846, 1.016457901,
2117.002837491, 1.016571457,
2117.023269036, 1.016970462,
2117.043700782, 1.016380246,
2117.064132427, 1.016488901,
2117.145859109, 1.016904734,
2117.166290654, 1.016546867,
2117.186722300, 1.016919929,
2117.207153946, 1.016630259,
2117.227585592, 1.016328540,
2117.248017238, 1.016518996,
2117.268448884, 1.016872742,
2117.288880530, 1.016979688,
2117.309312277, 1.016820876,
2117.329743823, 1.016415297,
2117.391038763, 1.016656468,
2117.411470410, 1.016870865,
2117.431902157, 1.016611403,
2117.452333804, 1.016779487,
2117.472765451, 1.016400931,
2117.493197098, 1.017102367,
2117.513628745, 1.016692690,
2117.534060393, 1.017036567,
2117.554492040, 1.016982654,
2117.574923688, 1.017313898,
2117.595355436, 1.016910050,
2117.615786983, 1.016789179,
2117.636218631, 1.016777974,
2117.656650379, 1.016724009,
2117.677081927, 1.016748786,
2117.697513675, 1.017141019,
2117.717945324, 1.016672228,
2117.738376872, 1.016898247,
2117.758808621, 1.016588661,
2117.799671818, 1.016781362,
2117.820103567, 1.016440495,
2117.881398514, 1.016906142,
2117.901830163, 1.016590319,
2117.922261812, 1.016860940,
2117.942693462, 1.016753224,
2117.963125111, 1.016397386,
2117.983556761, 1.016721005,
2118.003988410, 1.016730190,
2118.024420060, 1.017070781,
2118.044851710, 1.016007089,
2118.065283360, 1.016887652,
2118.106146760, 1.016413910,
2118.126578311, 1.016502699,
2118.147010061, 1.016587796,
2118.167441712, 1.016845828,
2118.187873262, 1.017007191,
2118.208305013, 1.016273963,
2118.228736664, 1.017048201,
2118.249168215, 1.016550872,
2118.269599966, 1.016951612,
2118.290031617, 1.016878117,
2118.310463368, 1.016626397,
2118.351326571, 1.016827847,
2118.371758323, 1.016700519,
2118.392189874, 1.016530957,
2118.412621526, 1.016882758,
2118.433053278, 1.016934472,
2118.453484830, 1.016878099,
2118.473916582, 1.017324697,
2118.494348234, 1.016919946,
2118.514779787, 1.016949297,
2118.535211539, 1.016091818,
2118.555643192, 1.016531665,
2118.596506497, 1.016904058,
2118.678233109, 1.017221808,
2118.698664763, 1.016113602,
2118.719096416, 1.016901740,
2118.739528070, 1.016660439,
2118.759959723, 1.016907638,
2118.780391377, 1.016947826,
2118.800823031, 1.017257457,
2118.841686339, 1.016544362,
2118.862118093, 1.016451237,
2118.882549747, 1.017059600,
2118.902981302, 1.016932924,
2118.923413056, 1.016982463,
2118.943844711, 1.017199791,
2118.964276266, 1.017113745,
2118.984708021, 1.016841147,
2119.005139676, 1.017166467,
2119.025571231, 1.017220396,
2119.046002986, 1.017704816,
2119.107297952, 1.016061840,
2119.127729608, 1.017183626,
2119.148161364, 1.016237064,
2119.168592920, 1.016745785,
2119.189024576, 1.016867001,
2119.209456332, 1.016944250,
2119.229887888, 1.017200832,
2119.250319645, 1.017273683,
2119.270751301, 1.017110392,
2119.291182958, 1.016442729,
2119.352477828, 1.016773778,
2119.372909586, 1.016588002,
2119.393341243, 1.016468225,
2119.413773000, 1.017017269,
2119.434204557, 1.016887446,
2119.454636215, 1.016951098,
2119.475067973, 1.017468981,
2119.495499531, 1.017542196,
2119.515931188, 1.016915276,
2119.536362946, 1.017280650,
2119.577226163, 1.017016168,
2119.597657921, 1.017136709,
2119.618089480, 1.017368850,
2119.638521239, 1.017436806,
2119.658952897, 1.017236422,
2119.679384456, 1.016926673,
2119.699816215, 1.017048851,
2119.720247874, 1.016919546,
2119.740679534, 1.017684894,
2119.761111193, 1.016216791,
2119.781542852, 1.016835853,
2119.822406172, 1.017056700,
2119.842837832, 1.017867498,
2119.863269592, 1.016887515,
2119.883701252, 1.017221822,
2119.904132812, 1.017398044,
2119.924564472, 1.016417075,
2119.944996133, 1.017131417,
2119.965427793, 1.017300665,
2119.985859554, 1.016820061,
2120.006291115, 1.017062484,
2120.026722876, 1.017106605,
2120.067586098, 1.017580196,
2120.088017860, 1.016907224,
2120.108449521, 1.017403710,
2120.128881083, 1.016943832,
2120.149312845, 1.016841966,
2120.169744506, 1.016995585,
2120.190176268, 1.016947857,
2120.210607831, 1.016428645,
2120.231039493, 1.017274274,
2120.251471255, 1.016451548,
2120.271902818, 1.016801116,
2120.312766243, 1.016976085,
2120.333197806, 1.016604622,
2120.353629469, 1.016789867,
2120.374061232, 1.017329526,
2120.394492796, 1.016851725,
2120.414924559, 1.017118453,
2120.435356222, 1.017019473,
2120.455787886, 1.017049672,
2120.476219550, 1.017134342,
2120.496651214, 1.017093466,
2120.517082878, 1.017255571,
2120.557946206, 1.016503645,
2120.578377971, 1.016890193,
2120.598809536, 1.016605734,
2120.619241200, 1.016899523,
2120.639672965, 1.016737564,
2120.660104530, 1.017260504,
2120.680536195, 1.017738112,
2120.700967960, 1.016654923,
2120.721399526, 1.017055407,
2120.803126289, 1.017035566,
2120.823557955, 1.017090810,
2120.843989521, 1.016961346,
2120.864421287, 1.017117537,
2120.884852954, 1.016678963,
2120.905284520, 1.017402885,
2120.925716287, 1.017286739,
2120.946147954, 1.018427044,
2120.966579721, 1.017009816,
2120.987011288, 1.017101386,
2121.007442955, 1.017737511,
2121.068737958, 1.016093129,
2121.089169726, 1.016703321,
2121.109601394, 1.016830597,
2121.130032962, 1.017043257,
2121.150464730, 1.017167576,
2121.170896399, 1.016036895,
2121.191328067, 1.016868648,
2121.211759736, 1.017054269,
2121.232191405, 1.017141422,
2121.252623073, 1.017007766,
2121.273054743, 1.016752295,
2121.293486412, 1.017219332,
2121.313918081, 1.016731963,
2121.334349751, 1.016818790,
2121.375213090, 1.017314816,
2121.395644760, 1.017217580,
2121.416076530, 1.016824892,
2121.436508100, 1.017041245,
2121.456939770, 1.017323077,
2121.477371541, 1.017219565,
2121.497803112, 1.017436886,
2121.538666553, 1.016667701,
2121.559098124, 1.017044341,
2121.579529896, 1.017240357,
2121.599961567, 1.017065998,
2121.620393238, 1.017048449,
2121.640824910, 1.016640750,
2121.661256582, 1.017739175,
2121.681688254, 1.017342085,
2121.702119926, 1.017750430,
2121.722551598, 1.017174968,
2121.742983370, 1.017390217,
2121.783846615, 1.017091907,
2121.804278388, 1.017243128,
2121.824710061, 1.016861269,
2121.845141634, 1.017163888,
2121.865573407, 1.016908151,
2121.886005081, 1.016740682,
2121.906436654, 1.017153963,
2121.926868428, 1.017353098,
2121.947300102, 1.017258800,
2121.967731776, 1.017506516,
2122.049458473, 1.017202559,
2122.069890048, 1.016387890,
2122.090321822, 1.016912116,
2122.131185273, 1.016798940,
2122.151616848, 1.017252277,
2122.172048523, 1.017564361,
2122.192480299, 1.016042011,
2122.212911875, 1.016688555,
2122.233343551, 1.017043722,
2122.274207003, 1.016960314,
2122.294638579, 1.017107106,
2122.315070356, 1.017045832,
2122.335502032, 1.017014322,
2122.355933709, 1.017047811,
2122.376365386, 1.016521389,
2122.396797063, 1.017129072,
2122.417228740, 1.017451528,
2122.437660418, 1.017245153,
2122.458092095, 1.017241478,
2122.478523873, 1.017557378,
2122.519387229, 1.016610134,
2122.539818907, 1.017219511,
2122.560250485, 1.017112101,
2122.580682264, 1.016969175,
2122.601113943, 1.017484495,
2122.621545521, 1.016548274,
2122.641977300, 1.016919411,
2122.662408879, 1.016933436,
2122.682840659, 1.017482280,
2122.703272338, 1.017289232,
2122.723703918, 1.017262438,
2122.784998957, 1.016631417,
2122.805430738, 1.017177769,
2122.825862418, 1.017365462,
2122.846294098, 1.017383759,
2122.866725779, 1.017570827,
2122.887157460, 1.017426364,
2122.907589241, 1.017218764,
2122.928020922, 1.016726369,
2122.948452503, 1.017033728,
2122.968884285, 1.016949445,
2123.030179330, 1.016823355,
2123.050611012, 1.016207874,
2123.071042794, 1.016768369,
2123.091474377, 1.016785629,
2123.111906059, 1.016638984,
2123.132337842, 1.017223730,
2123.152769425, 1.015881247,
2123.173201108, 1.017590244,
2123.193632891, 1.016277128,
2123.234496158, 1.015462229,
2123.275359526, 1.017602104,
2123.295791310, 1.017083128,
2123.316222894, 1.017096462,
2123.357086363, 1.016657993,
2123.397949632, 1.017066671,
2123.418381417, 1.016562563,
2123.438813003, 1.017515053,
2123.459244788, 1.016830407,
2123.500108159, 1.017310163,
2123.520539845, 1.016626842,
2123.540971531, 1.017045894,
2123.561403217, 1.016837905,
2123.581834903, 1.016932737,
2123.602266590, 1.017023854,
2123.622698377, 1.017766767,
2123.643130063, 1.017163579,
2123.663561650, 1.017785442,
2123.683993438, 1.017161092,
2123.704425125, 1.017233283,
2123.745288500, 1.017622270,
2123.765720188, 1.016660053,
2123.786151776, 1.017312131,
2123.806583564, 1.016790461,
2123.827015252, 1.016796293,
2123.847447041, 1.016660177,
2123.867878630, 1.017273980,
2123.888310318, 1.017457650,
2123.908742008, 1.017310040,
2123.929173697, 1.017096968,
2123.949605386, 1.017160889,
2123.990468765, 1.016786020,
2124.010900555, 1.016625252,
2124.031332145, 1.016949822,
2124.051763835, 1.016322608,
2124.072195626, 1.016921510,
2124.092627216, 1.016640638,
2124.113058907, 1.017058995,
2124.133490698, 1.016964625,
2124.153922389, 1.016431273,
2124.174353980, 1.016365371,
2124.194785772, 1.016762458,
2124.235649155, 1.016409678,
2124.256080847, 1.016418439,
2124.276512539, 1.016696703,
2124.296944331, 1.016767303,
2124.317375924, 1.016353169,
2124.337807616, 1.016974819,
2124.358239409, 1.016884408,
2124.378671002, 1.016856496,
2124.399102795, 1.017277181,
2124.419534489, 1.016792051,
2124.439966082, 1.017038775,
2124.480829570, 1.016437423,
2124.501261164, 1.015984783,
2124.521692958, 1.016588547,
2124.542124652, 1.016870654,
2124.562556347, 1.014892827,
2124.582988041, 1.016825352,
2124.603419736, 1.016378689,
2124.623851431, 1.016672988,
2124.644283127, 1.016586612,
2124.685146518, 1.016401312,
2124.746441606, 1.016533040,
2124.766873302, 1.016456017,
2124.787305098, 1.016352551,
2124.807736795, 1.016039918,
2124.828168392, 1.016841191,
2124.848600189, 1.016618016,
2124.869031886, 1.017706665,
2124.889463484, 1.016380777,
2124.909895281, 1.017202677,
2124.930326979, 1.016656091,
2124.991622074, 1.016345392,
2125.012053872, 1.015954935,
2125.032485471, 1.016063234,
2125.052917170, 1.016028653,
2125.073348969, 1.016005068,
2125.093780568, 1.016901562,
2125.114212267, 1.015544642,
2125.134644067, 1.017035188,
2125.195939167, 1.015481086,
2125.216370767, 1.016050418,
2125.236802568, 1.016261139,
2125.257234268, 1.016292636,
2125.277665969, 1.016283824,
2125.298097670, 1.016318197,
2125.318529372, 1.016182804,
2125.338961073, 1.016466810,
2125.359392775, 1.016623150,
2125.379824477, 1.016915673,
2125.400256179, 1.016077739,
2125.420687881, 1.016139246,
2125.461551286, 1.015482645,
2125.481982988, 1.016332310,
2125.502414791, 1.016134467,
2125.522846494, 1.016583937,
2125.543278098, 1.017040300,
2125.563709901, 1.015655299,
2125.584141605, 1.016870315,
2125.604573209, 1.016092508,
2125.625005013, 1.015787716,
2125.645436717, 1.016204630,
2125.665868322, 1.016021461,
2125.706731831, 1.015862337,
2125.727163636, 1.016059352,
2125.747595241, 1.016706473,
2125.768026947, 1.016386139,
2125.788458752, 1.016682458,
2125.808890358, 1.015829338,
2125.829322064, 1.016574697,
2125.849753870, 1.016595495,
2125.870185477, 1.015581228,
2125.890617283, 1.015860351,
2125.911048990, 1.015501510,
2125.951912404, 1.015202685,
2125.972344011, 1.016740879,
2125.992775819, 1.016255902,
2126.013207526, 1.015708284,
2126.033639234, 1.015295929,
2126.054070842, 1.015581615,
2126.074502651, 1.015470846,
2126.094934359, 1.016215859,
2126.115366068, 1.016105183,
2126.135797777, 1.015880788,
2126.156229486, 1.016162858,
2126.197092904, 1.016475536,
2126.217524614, 1.015220734,
2126.237956424, 1.015523129,
2126.258388034, 1.016217610,
2126.278819844, 1.016136921,
2126.299251555, 1.015551312,
2126.319683165, 1.016157338,
2126.360546687, 1.015878235,
2126.380978298, 1.016283246,
2126.401410110, 1.015876724,
2126.442273433, 1.016448106,
2126.462705245, 1.015475080,
2126.483136957, 1.015483885,
2126.503568770, 1.015451702,
2126.524000382, 1.015237111,
2126.544432095, 1.016506790,
2126.564863908, 1.015627391,
2126.585295621, 1.016130236,
2126.605727235, 1.015388800,
2126.626158948, 1.016425813,
2126.646590762, 1.015634542,
2126.687454190, 1.015613582,
2126.707885805, 1.015450691,
2126.728317619, 1.016129013,
2126.748749334, 1.015554590,
2126.769180949, 1.015603692,
2126.789612764, 1.015875965,
2126.810044480, 1.015577187,
2126.830476295, 1.015907735,
2126.850907911, 1.015546976,
2126.871339627, 1.015589045,
2126.891771444, 1.016168382,
2126.953066593, 1.015665799,
2126.973498210, 1.014514906,
2126.993929928, 1.014739538,
2127.014361745, 1.015336302,
2127.034793363, 1.015562846,
2127.075656899, 1.015072874,
2127.096088517, 1.015293545,
2127.116520336, 1.015214268,
2127.136952054, 1.015884631,
2127.198247211, 1.015257452,
2127.218679031, 1.015673064,
2127.239110651, 1.014986764,
2127.259542371, 1.016215698,
2127.279974091, 1.016031173,
2127.300405811, 1.015141151,
2127.320837532, 1.015360755,
2127.341269352, 1.014582812,
2127.361700973, 1.015486593,
2127.382132694, 1.015481625,
2127.422996138, 1.015276469,
2127.443427959, 1.014959077,
2127.463859681, 1.015648680,
2127.484291303, 1.015016231,
2127.525154849, 1.015497652,
2127.545586472, 1.015107129,
2127.566018295, 1.015007427,
2127.586450018, 1.015981022,
2127.606881841, 1.015324627,
2127.627313465, 1.015619380,
2127.688608637, 1.015663339,
2127.709040362, 1.015496493,
2127.729472187, 1.015744548,
2127.749903812, 1.015152307,
2127.770335637, 1.015891597,
2127.790767362, 1.015291042,
2127.811199088, 1.016056128,
2127.831630814, 1.014939252,
2127.852062540, 1.014537272,
2127.872494266, 1.015773859,
2127.913357719, 1.015714932,
2127.933789446, 1.015208260,
2127.954221173, 1.014767725,
2127.974652900, 1.015165014,
2127.995084728, 1.015425443,
2128.015516356, 1.015082026,
2128.035948084, 1.015510739,
2128.056379912, 1.015384112,
2128.076811540, 1.015211390,
2128.097243269, 1.015382978,
2128.117675098, 1.015777105,
2128.158538556, 1.014771395,
2128.178970286, 1.015332208,
2128.199401915, 1.015127054,
2128.219833745, 1.015108717,
2128.240265475, 1.015125681,
2128.260697106, 1.015103112,
2128.281128936, 1.014888884,
2128.301560667, 1.015183749,
2128.321992298, 1.015610688,
2128.342424129, 1.015284222,
2128.362855861, 1.014341960,
2128.424151056, 1.015775583,
2128.444582889, 1.015296317,
2128.465014621, 1.015464199,
2128.485446254, 1.015529880,
2128.505878087, 1.015533673,
2128.526309820, 1.015659415,
2128.546741554, 1.015067529,
2128.567173288, 1.015535023,
2128.587605021, 1.014874436,
2128.608036756, 1.015687927,
2128.628468490, 1.015904731,
2128.648900224, 1.014981515,
2128.669331959, 1.015468183,
2128.689763694, 1.015691627,
2128.710195530, 1.015128982,
2128.730627165, 1.015463160,
2128.751058901, 1.015334519,
2128.771490736, 1.015133778,
2128.791922373, 1.015371553,
2128.812354109, 1.015277316,
2128.832785946, 1.016043457,
2128.853217582, 1.017976798,
2128.914512794, 1.015254864,
2128.934944632, 1.016233289,
2128.955376370, 1.015716461,
2128.975808108, 1.015178104,
2128.996239846, 1.014466330,
2129.016671585, 1.015212229,
2129.037103324, 1.015504869,
2129.057535063, 1.015588124,
2129.077966802, 1.015564642,
2129.098398642, 1.015546598,
2129.159693862, 1.015702899,
2129.180125602, 1.015736729,
2129.200557243, 1.015480187,
2129.220989084, 1.014930148,
2129.241420825, 1.015420134,
2129.261852566, 1.015720422,
2129.282284308, 1.015655697,
2129.302716049, 1.015214173,
2129.323147791, 1.015607359,
2129.343579534, 1.015741135,
2129.384443019, 1.015423569,
2129.404874762, 1.015433586,
2129.425306405, 1.015617775,
2129.445738249, 1.015307359,
2129.466169992, 1.015851595,
2129.507033480, 1.015730262,
2129.527465225, 1.015429334,
2129.547897069, 1.016007074,
2129.568328714, 1.015562689,
2129.588760459, 1.015269710,
2129.650055796, 1.016586450,
2129.670487542, 1.016197726,
2129.690919288, 1.016485173,
2129.711351035, 1.016368949,
2129.731782781, 1.015853424,
2129.752214528, 1.015789358,
2129.772646275, 1.016046653,
2129.793078023, 1.015678761,
2129.813509770, 1.015671341,
2129.833941618, 1.015919746,
2129.874805115, 1.016699825,
2129.895236863, 1.016487849,
2129.915668512, 1.016740752,
2129.936100361, 1.016044138,
2129.956532111, 1.016301296,
2129.976963760, 1.016322891,
2129.997395610, 1.016263418,
2130.017827260, 1.015876588,
2130.038259110, 1.015721731,
2130.058690861, 1.016490987,
2130.079122511, 1.015838299,
2130.119986114, 1.015398901,
2130.140417765, 1.015556451,
2130.160849617, 1.016404590,
2130.181281369, 1.016768281,
2130.201713221, 1.016617031,
2130.222144873, 1.016642573,
2130.242576626, 1.016900546,
2130.263008479, 1.016402932,
2130.283440132, 1.016529946,
2130.303871885, 1.016627847,
2130.324303739, 1.016009886,
2130.365167147, 1.016408738,
2130.385599001, 1.016162119,
2130.406030756, 1.016198532,
2130.426462511, 1.016586561,
2130.446894266, 1.017245049,
2130.467326021, 1.016854863,
2130.487757877, 1.017123693,
2130.508189533, 1.017239641,
2130.528621289, 1.017230534,
2130.549053145, 1.016856156,
2130.569484802, 1.016549173,
2130.630780073, 1.016171778,
2130.651211930, 1.016450235,
2130.671643588, 1.016419496,
2130.692075346, 1.016522430,
2130.712507204, 1.017162238,
2130.732938863, 1.016893248,
2130.753370721, 1.016939330,
2130.773802480, 1.017041150,
2130.794234140, 1.016278009,
2130.814665999, 1.016265969,
2130.875961279, 1.016853210,
2130.896393040, 1.016649461,
2130.916824801, 1.016595984,
2130.937256561, 1.016106573,
2130.957688323, 1.016284491,
2130.978120184, 1.016866409,
2130.998551946, 1.016878828,
2131.018983608, 1.017380384,
2131.039415470, 1.017426494,
2131.059847233, 1.017058635,
2131.121142522, 1.016318216,
2131.141574285, 1.017175154,
2131.162006049, 1.017110969,
2131.182437813, 1.016487353,
2131.202869677, 1.016642050,
2131.223301342, 1.017360431,
2131.243733106, 1.017162562,
2131.264164871, 1.017620231,
2131.284596636, 1.017115228,
2131.305028502, 1.017746029,
2131.366323800, 1.017678298,
2131.386755467, 1.017480098,
2131.407187233, 1.017648656,
2131.427619100, 1.017322083,
2131.448050768, 1.017834164,
2131.468482535, 1.016795268,
2131.488914403, 1.017049218,
2131.509346071, 1.016411792,
2131.529777939, 1.016432297,
2131.550209708, 1.017191889,
2131.591073246, 1.016535692,
2131.611505015, 1.017371043,
2131.631936785, 1.017291330,
2131.652368654, 1.017402627,
2131.672800325, 1.017092422,
2131.693232195, 1.017517185,
2131.713663966, 1.016780639,
2131.734095636, 1.016545103,
2131.754527507, 1.016990945,
2131.774959279, 1.017380956,
2131.795390951, 1.017515289,
2131.856686467, 1.017637304,
2131.877118140, 1.017341195,
2131.897549913, 1.017372926,
2131.917981686, 1.017659368,
2131.938413459, 1.017927458,
2131.958845233, 1.017462026,
2131.979277007, 1.018050530,
2131.999708781, 1.017857196,
2132.061004105, 1.017684600,
2132.081435981, 1.017486152,
2132.101867656, 1.017658134,
2132.122299432, 1.017755262,
2132.142731308, 1.017754414,
2132.163162984, 1.017721391,
2132.183594761, 1.018024201,
2132.204026638, 1.017557796,
2132.224458415, 1.017781723,
2132.244890192, 1.016780107,
2132.265321970, 1.017093353,
2132.285753748, 1.017272108,
2132.326617305, 1.017618607,
2132.347049083, 1.017641559,
2132.367480962, 1.017469573,
2132.387912641, 1.017628227,
2132.408344521, 1.017722992,
2132.428776301, 1.017495347,
2132.449207981, 1.018448716,
2132.469639861, 1.017433127,
2132.490071642, 1.017553859,
2132.510503322, 1.018710235,
2132.530935203, 1.018053017,
2132.571798666, 1.018230123,
2132.592230548, 1.017791542,
2132.612662330, 1.017483219,
2132.633094113, 1.018464131,
2132.653525896, 1.018363170,
2132.673957579, 1.017890601,
2132.694389462, 1.018075991,
2132.714821245, 1.017075103,
2132.735253029, 1.017506187,
2132.755684813, 1.017836037,
2132.776116597, 1.017920758,
2132.837411952, 1.017101602,
2132.857843837, 1.016958662,
2132.878275623, 1.017089651,
2132.898707309, 1.017523729,
2132.919139195, 1.017468991,
2132.939570982, 1.017354682,
2132.960002768, 1.017264754,
2132.980434555, 1.017643869,
2133.000866343, 1.019666863,
2133.021298230, 1.017908575,
2133.082593594, 1.018020595,
2133.103025283, 1.017985066,
2133.123457172, 1.018106888,
2133.143888961, 1.017980046,
2133.164320651, 1.018258582,
2133.184752540, 1.018218012,
2133.205184330, 1.018225889,
2133.246047911, 1.017458598,
2133.266479702, 1.017577444,
2133.307343285, 1.017296643,
2133.327774976, 1.017968497,
2133.348206868, 1.018550568,
2133.368638660, 1.017869643,
2133.389070353, 1.017913288,
2133.409502246, 1.017766298,
2133.429934039, 1.018305325,
2133.450365832, 1.018181985,
2133.470797626, 1.017594095,
2133.491229419, 1.017820233,
2133.511661314, 1.017960681,
2133.552524803, 1.018416954,
2133.572956698, 1.018156430,
2133.593388493, 1.017404126,
2133.613820189, 1.018098578,
2133.634252084, 1.017618460,
2133.654683880, 1.017446313,
2133.675115777, 1.017452106,
2133.695547473, 1.018204856,
2133.715979270, 1.017801621,
2133.736411168, 1.018461197,
2133.756842865, 1.018120224,
2133.777274663, 1.018547166,
2133.797706561, 1.017872683,
2133.818138259, 1.017783451,
2133.838570058, 1.018117887,
2133.859001957, 1.017951392,
2133.879433656, 1.023564781,
2133.899865555, 1.017885311,
2133.920297355, 1.017890531,
2133.940729055, 1.018001421,
2133.961160955, 1.018781436,
2133.981592656, 1.018579491,
2134.002024557, 1.017576451,
2134.063319961, 1.017732655,
2134.083751763, 1.017510662,
2134.104183566, 1.017962572,
2134.124615368, 1.017665831,
2134.145047171, 1.018375932,
2134.165478974, 1.018183288,
2134.185910778, 1.017833981,
2134.206342581, 1.017724484,
2134.226774385, 1.018816085,
2134.267637994, 1.018420199,
2134.288069899, 1.017893800,
2134.308501704, 1.018510614,
2134.328933410, 1.018064352,
2134.349365315, 1.018284923,
2134.369797121, 1.018374718,
2134.390228828, 1.018501905,
2134.410660734, 1.018546251,
2134.431092541, 1.018483195,
2134.451524448, 1.019066115,
2134.471956156, 1.018201055,
2134.492387964, 1.018180779,
2134.553683388, 1.018174443,
2134.574115197, 1.018192302,
2134.594547006, 1.018020021,
2134.614978916, 1.018400646,
2134.635410726, 1.017902748,
2134.655842436, 1.018497795,
2134.676274346, 1.018226924,
2134.696706057, 1.018441460,
2134.717137868, 1.018705651,
2134.737569779, 1.018090614,
2134.798865214, 1.017862867,
2134.819297027, 1.017864319,
2134.839728839, 1.018314534,
2134.860160652, 1.018312701,
2134.880592465, 1.018870816,
2134.921456093, 1.018560509,
2134.941887907, 1.018426008,
2134.962319821, 1.018364207,
2134.982751536, 1.018099999,
2135.044046982, 1.018217360,
2135.064478898, 1.018022840,
2135.084910714, 1.018959897,
2135.105342431, 1.019291831,
2135.125774347, 1.019080673,
2135.146206164, 1.019029381,
2135.166638082, 1.018595421,
2135.187069799, 1.018519952,
2135.207501617, 1.018060766,
2135.227933536, 1.018201207,
2135.268797073, 1.019073234,
2135.289228992, 1.018592679,
2135.309660712, 1.019161466,
2135.330092531, 1.018697972,
2135.350524351, 1.018800406,
2135.370956172, 1.018532173,
2135.391388092, 1.018606275,
2135.411819913, 1.018479258,
2135.432251635, 1.018525970,
2135.452683556, 1.018121370,
2135.473115378, 1.018372402,
2135.534410845, 1.018161773,
2135.554842768, 1.018235471,
2135.575274492, 1.018227755,
2135.595706315, 1.017815985,
2135.616138239, 1.018902961,
2135.636569963, 1.018475086,
2135.657001788, 1.018864124,
2135.677433713, 1.018779280,
2135.697865438, 1.019062175,
2135.718297363, 1.018784491,
2135.779592842, 1.018240924,
2135.800024668, 1.018825365,
2135.820456395, 1.018769587,
2135.840888322, 1.018941698,
2135.861320150, 1.018885389,
2135.881751978, 1.018662385,
2135.902183806, 1.018929254,
2135.943047563, 1.018716888,
2135.963479292, 1.018721962,
2135.983911122, 1.019148507,
2136.004342951, 1.018126020,
2136.024774781, 1.018965923,
2136.045206612, 1.019420903,
2136.065638542, 1.019398981,
2136.086070273, 1.019485836,
2136.106502204, 1.019077264,
2136.126934036, 1.019176109,
2136.147365768, 1.018397275,
2136.167797700, 1.018621948,
2136.188229532, 1.018951048,
2136.208661265, 1.019217764,
2136.249525032, 1.019363457,
2136.269956965, 1.018893920,
2136.290388699, 1.019355490,
2136.310820534, 1.018480687,
2136.331252468, 1.018949594,
2136.351684203, 1.018794731,
2136.372116038, 1.018844128,
2136.392547974, 1.018849408,
2136.412979710, 1.019247420,
2136.433411546, 1.019846265,
2136.515138993, 1.019693293,
2136.535570831, 1.019651183,
2136.556002669, 1.019813941,
2136.576434508, 1.019786398,
2136.596866346, 1.019263441,
2136.617298185, 1.018871195,
2136.637730024, 1.018384930,
2136.658161864, 1.018418488,
2136.678593704, 1.018342605,
2136.699025544, 1.019070659,
2136.760321067, 1.019055391,
2136.780753008, 1.018072939,
2136.801184750, 1.019272660,
2136.821616692, 1.019223461,
2136.842048534, 1.019438479,
2136.862480277, 1.018822709,
2136.882912220, 1.018936498,
2136.903344063, 1.019385335,
2136.923775807, 1.019232277,
2136.944207751, 1.018836604,
2137.005503285, 1.018913601,
2137.025935130, 1.018828344,
2137.046367075, 1.019023066,
2137.066798821, 1.019143180,
2137.087230668, 1.019040033,
2137.107662614, 1.018929518,
2137.128094361, 1.019520659,
2137.148526208, 1.018599323,
2137.168958155, 1.019071206,
2137.189390003, 1.019707751,
2137.250685548, 1.019226567,
2137.271117397, 1.018975258,
2137.291549247, 1.019188843,
2137.311981096, 1.019527971,
2137.332412946, 1.019532919,
2137.373276647, 1.018538768,
2137.393708498, 1.019051657,
2137.414140350, 1.018589280,
2137.434572301, 1.022957817,
2137.495867858, 1.019585000,
2137.516299611, 1.019222462,
2137.536731564, 1.018923647,
2137.557163417, 1.018808294,
2137.577595171, 1.018743694,
2137.598027125, 1.018855545,
2137.618458980, 1.019736002,
2137.638890735, 1.018855867,
2137.659322690, 1.019647900,
2137.679754545, 1.018444987,
2137.720618257, 1.018729812,
2137.741050114, 1.018813124,
2137.761482071, 1.018789729,
2137.781913828, 1.018358575,
2137.802345685, 1.018925434,
2137.822777643, 1.019261230,
2137.843209401, 1.018735793,
2137.863641259, 1.019234549,
2137.884073218, 1.018497192,
2137.904505077, 1.018540959,
2137.924936936, 1.018492126,
2137.965800556, 1.018780050,
2137.986232516, 1.018306203,
2138.006664377, 1.018612456,
2138.027096138, 1.018345980,
2138.047528099, 1.018289970,
2138.067959961, 1.018374049,
2138.088391923, 1.018995406,
2138.129255548, 1.018286583,
2138.149687511, 1.017748071,
2138.170119274, 1.017958322,
2138.231414866, 1.018998820,
2138.251846831, 1.018671891,
2138.272278696, 1.018620677,
2138.292710461, 1.018153020,
2138.313142426, 1.017833788,
2138.333574292, 1.017988262,
2138.354006059, 1.018134074,
2138.374438025, 1.018270262,
2138.394869892, 1.018720746,
2138.415301759, 1.018043773,
2138.435733627, 1.018311059,
2138.456165495, 1.019016260,
2138.476597463, 1.018134747,
2138.497029232, 1.018306901,
2138.517461101, 1.018602291,
2138.537893070, 1.018148551,
2138.558324939, 1.018235532,
2138.578756709, 1.018061482,
2138.599188680, 1.017879421,
2138.619620450, 1.018132181,
2138.640052421, 1.018581633,
2138.660484292, 1.018095986,
2138.721779908, 1.017672733,
2138.742211681, 1.017403258,
2138.783075527, 1.018238523,
