BJD - 2454833, Corrected Flux
2061.305731146, 0.990102488,
2061.326163420, 0.991027003,
2061.346595594, 0.989935206,
2061.367027668, 0.990957413,
2061.387459940, 0.991062624,
2061.407892113, 0.988584947,
2061.428324385, 0.991828371,
2061.489620899, 0.989459403,
2061.510052969, 0.989222657,
2061.530485139, 0.988910306,
2061.550917409, 0.988042818,
2061.571349578, 0.989062879,
2061.591781647, 0.987321587,
2061.612213915, 0.989170603,
2061.632646083, 0.987386427,
2061.653078150, 0.989421478,
2061.673510417, 0.987996742,
2061.693942583, 0.988020771,
2061.714374749, 0.988803464,
2061.734806915, 0.987805836,
2061.755239080, 0.988499159,
2061.775671244, 0.987116339,
2061.796103409, 0.984824907,
2061.816535573, 0.987880087,
2061.836967736, 0.988448239,
2061.857399898, 0.986243607,
2061.877831961, 0.986450287,
2061.898264223, 0.985788735,
2061.918696385, 0.987403128,
2061.939128546, 0.987157324,
2061.959560706, 0.985197659,
2061.979992867, 0.986438185,
2062.000425127, 0.986585730,
2062.020857186, 0.985055275,
2062.041289345, 0.984831575,
2062.061721604, 0.984174151,
2062.082153661, 0.984162061,
2062.102585819, 0.985355631,
2062.123018076, 0.984899490,
2062.143450233, 0.984474328,
2062.163882289, 0.983220390,
2062.225178756, 0.980979493,
2062.245611010, 0.985268937,
2062.266043164, 0.983442530,
2062.286475218, 0.983696413,
2062.306907471, 0.982228748,
2062.327339624, 0.981593291,
2062.347771876, 0.983432821,
2062.368203928, 0.982127075,
2062.388636080, 0.982025237,
2062.409068331, 0.984052056,
2062.429500381, 0.980259986,
2062.449932532, 0.980700762,
2062.470364681, 0.980957842,
2062.490796831, 0.982308990,
2062.511228980, 0.981086391,
2062.531661128, 0.981747053,
2062.552093276, 0.982152758,
2062.572525423, 0.983069633,
2062.592957571, 0.980018827,
2062.613389717, 0.980713640,
2062.633821863, 0.979454732,
2062.654254110, 0.981083763,
2062.674686155, 0.980356048,
2062.695118400, 0.980529014,
2062.715550545, 0.980572304,
2062.735982588, 0.980323163,
2062.756414832, 0.980556392,
2062.776846975, 0.979004397,
2062.797279018, 0.981458881,
2062.817711261, 0.981206705,
2062.838143402, 0.980450763,
2062.858575444, 0.980090602,
2062.879007685, 0.980539255,
2062.899439826, 0.980853367,
2062.919871866, 0.980371419,
2062.940304106, 0.978963966,
2062.960736245, 0.978899376,
2062.981168384, 0.982009018,
2063.001600523, 0.980809707,
2063.022032660, 0.979150785,
2063.042464798, 0.979562039,
2063.062896935, 0.981692880,
2063.083329072, 0.978611025,
2063.103761308, 0.980256311,
2063.124193444, 0.977427562,
2063.144625479, 0.976662092,
2063.165057714, 0.979793938,
2063.185489849, 0.978441762,
2063.205921884, 0.978351946,
2063.226354117, 0.978760857,
2063.246786150, 0.977969965,
2063.267218284, 0.980155741,
2063.287650516, 0.976808855,
2063.308082548, 0.975817810,
2063.328514679, 0.978980019,
2063.348946911, 0.978976675,
2063.369378941, 0.977665733,
2063.389811071, 0.977134245,
2063.410243301, 0.975240450,
2063.430675331, 0.974847896,
2063.451107460, 0.974415672,
2063.471539688, 0.974211411,
2063.491971817, 0.973854508,
2063.512403944, 0.971668733,
2063.532836071, 0.975296009,
2063.553268199, 0.973683112,
2063.573700325, 0.966723095,
2063.594132451, 0.965422639,
2063.614564577, 0.971897153,
2063.634996802, 0.971131365,
2063.696293174, 0.977880598,
2063.716725198, 0.977668360,
2063.737157321, 0.977265770,
2063.757589544, 0.980354708,
2063.778021566, 0.976601006,
2063.798453688, 0.977572210,
2063.818885909, 0.977452615,
2063.839317930, 0.975995780,
2063.859750050, 0.976405573,
2063.880182270, 0.977033299,
2063.900614290, 0.975990694,
2063.921046509, 0.978466773,
2063.941478628, 0.978028260,
2063.961910646, 0.977138133,
2064.002774981, 0.978640527,
2064.023206999, 0.977718343,
2064.043639215, 0.977437759,
2064.064071332, 0.975787689,
2064.084503347, 0.975751234,
2064.104935562, 0.975119037,
2064.125367677, 0.976158069,
2064.554441994, 0.975931850,
2064.574874200, 0.974454393,
2064.595306305, 0.975280483,
2064.615738310, 0.974833979,
2064.636170514, 0.973458412,
2064.656602618, 0.970270587,
2064.738330930, 0.973448031,
2064.758763132, 0.974522694,
2064.779195133, 0.976847252,
2064.799627334, 0.969800414,
2064.820059435, 0.974441244,
2064.840491535, 0.971991113,
2064.860923635, 0.973373900,
2064.922219932, 0.975107924,
2064.942652030, 0.974760534,
2064.963084128, 0.975596141,
2064.983516325, 0.976781036,
2065.003948322, 0.975099028,
2065.024380419, 0.981104366,
2065.044812615, 0.975897352,
2065.065244610, 0.976601334,
2065.085676705, 0.973906412,
2065.106108900, 0.975837143,
2065.126540894, 0.975279880,
2065.146972989, 0.974805671,
2065.167405182, 0.973172475,
2065.187837175, 0.974263901,
2065.208269368, 0.972679401,
2065.228701460, 0.977771865,
2065.249133452, 0.975056645,
2065.269565644, 0.975468971,
2065.289997735, 0.973056654,
2065.310429825, 0.972907396,
2065.330861915, 0.971590209,
2065.351294005, 0.972740552,
2065.371726095, 0.974654710,
2065.392158184, 0.974615350,
2065.412590272, 0.974638323,
2065.433022361, 0.972550095,
2065.453454448, 0.972252986,
2065.473886536, 0.973099300,
2065.494318523, 0.973592136,
2065.514750709, 0.975662987,
2065.535182795, 0.974830232,
2065.555614781, 0.976800271,
2065.576046966, 0.974015291,
2065.657775303, 0.974228551,
2065.678207486, 0.973779711,
2065.698639469, 0.973477361,
2065.719071552, 0.973663152,
2065.739503733, 0.972360998,
2065.759935715, 0.973927139,
2065.780367796, 0.975256720,
2065.800799977, 0.973626715,
2065.821232057, 0.974619104,
2065.841664037, 0.975808124,
2065.862096217, 0.974529370,
2065.882528295, 0.973354914,
2065.902960274, 0.973365904,
2065.923392453, 0.976062318,
2065.943824531, 0.974692628,
2065.964256508, 0.974906826,
2065.984688685, 0.975391381,
2066.005120762, 0.976691628,
2066.025552738, 0.976860314,
2066.045984914, 0.976301619,
2066.066416989, 0.973329727,
2066.086849164, 0.973954243,
2066.148145287, 0.973475320,
2066.168577360, 0.975532320,
2066.189009433, 0.973421517,
2066.209441506, 0.977226152,
2066.229873578, 0.970303256,
2066.250305649, 0.975643171,
2066.270737721, 0.977110697,
2066.291169792, 0.978588006,
2066.311601862, 0.973341458,
2066.332034032, 0.971388262,
2066.393330240, 0.974895370,
2066.413762209, 0.973931369,
2066.434194277, 0.975001097,
2066.454626444, 0.974797247,
2066.475058412, 0.973951063,
2066.495490479, 0.975631745,
2066.515922645, 0.974406445,
2066.536354611, 0.977666858,
2066.556786777, 0.975150993,
2066.597650807, 0.975428024,
2066.618082972, 0.975041070,
2066.638515035, 0.975830826,
2066.658947099, 0.975153344,
2066.679379162, 0.978318323,
2066.699811225, 0.974817975,
2066.720243288, 0.974744233,
2066.740675350, 0.975403582,
2066.761107411, 0.976472066,
2066.781539472, 0.976422033,
2066.801971633, 0.972395451,
2066.822403594, 0.974424760,
2066.863267713, 0.973764124,
2066.883699772, 0.973378084,
2066.904131831, 0.973111048,
2066.924563990, 0.975440058,
2066.944995947, 0.974895294,
2066.965427905, 0.976268539,
2066.985860062, 0.978241916,
2067.006292119, 0.972974966,
2067.026724275, 0.973335176,
2067.047156231, 0.974206962,
2067.067588287, 0.975036763,
2067.088020442, 0.993857312,
2067.108452397, 0.973548850,
2067.128884452, 0.976593543,
2067.149316606, 0.975614459,
2067.169748659, 0.978625107,
2067.190180612, 0.976423287,
2067.210612765, 0.975364910,
2067.231044817, 0.975903893,
2067.251476769, 0.978289363,
2067.271908921, 0.973230118,
2067.292340972, 0.971711464,
2067.312772923, 0.973067189,
2067.374069073, 0.973840168,
2067.394501222, 0.976179713,
2067.414933271, 0.972497863,
2067.435365219, 0.971906904,
2067.455797367, 0.976493706,
2067.476229415, 0.972888920,
2067.496661562, 0.973296161,
2067.517093509, 0.974521006,
2067.537525555, 0.975259976,
2067.557957701, 0.972990661,
2067.578389647, 0.974985115,
2067.598821692, 0.975820912,
2067.619253737, 0.974028288,
2067.639685881, 0.974613353,
2067.660117825, 0.972304886,
2067.680549869, 0.968666266,
2067.700981912, 0.972230432,
2067.721413955, 0.971738972,
2067.741846097, 0.976699917,
2067.762278039, 0.975951021,
2067.782710081, 0.971620894,
2067.803142222, 0.969526361,
2067.864438343, 0.972850074,
2067.884870283, 0.975485842,
2067.905302422, 0.976293642,
2067.925734462, 0.973642821,
2067.946166400, 0.974409263,
2067.966598538, 0.971592566,
2067.987030576, 0.974668004,
2068.007462613, 0.968632828,
2068.027894650, 0.974391494,
2068.048326686, 0.976165426,
2068.130054828, 0.972188528,
2068.150486963, 0.972322681,
2068.170918897, 0.973528537,
2068.191350931, 0.973081982,
2068.211783064, 0.972962569,
2068.232214997, 0.974060406,
2068.252647030, 0.973333008,
2068.273079162, 0.975366522,
2068.293511094, 0.974818519,
2068.334375257, 0.973801730,
2068.354807187, 0.971884474,
2068.375239318, 0.974990765,
2068.395671247, 0.974453094,
2068.416103277, 0.975535166,
2068.436535406, 0.973266083,
2068.456967334, 0.975034334,
2068.477399363, 0.974198818,
2068.497831491, 0.975471979,
2068.518263418, 0.974313521,
2068.538695445, 0.973971054,
2068.559127572, 0.977676636,
2068.579559598, 0.979763229,
2068.599991524, 0.978816806,
2068.620423650, 0.975746102,
2068.640855675, 0.972456888,
2068.661287600, 0.975302712,
2068.681719724, 0.973578679,
2068.702151749, 0.972511535,
2068.722583672, 0.971774824,
2068.743015795, 0.975250339,
2068.763447818, 0.974957735,
2068.783879941, 0.975805694,
2068.845176006, 0.973697352,
2068.865607927, 0.974438845,
2068.886039947, 0.971573485,
2068.906472067, 0.972406473,
2068.926903987, 0.972011532,
2068.947336006, 0.974022427,
2068.967768125, 0.974655559,
2068.988200144, 0.973603023,
2069.008632062, 0.974150968,
2069.029064180, 0.970868227,
2069.049496198, 0.970716642,
2069.069928114, 0.975011175,
2069.090360231, 0.975531799,
2069.110792147, 0.973508357,
2069.131224164, 0.974827854,
2069.151656279, 0.974319357,
2069.172088294, 0.971890537,
2069.192520209, 0.974184508,
2069.233384237, 0.972572987,
2069.253816351, 0.977545901,
2069.274248364, 0.979029365,
2069.315112389, 0.970021959,
2069.335544401, 0.970301366,
2069.355976313, 0.971601711,
2069.376408425, 0.974660936,
2069.396840435, 0.980146578,
2069.417272446, 0.977230096,
2069.437704456, 0.975497668,
2069.458136466, 0.966818402,
2069.478568475, 0.973248420,
2069.499000484, 0.973029954,
2069.519432493, 0.972510166,
2069.580728516, 0.974683143,
2069.601160524, 0.974572391,
2069.662456643, 0.975963494,
2069.682888648, 0.974268693,
2069.703320553, 0.973791234,
2069.723752658, 0.970291721,
2069.744184663, 0.973847113,
2069.764616567, 0.972597899,
2069.785048671, 0.975042231,
2069.805480674, 0.973567832,
2069.825912577, 0.971858671,
2069.846344679, 0.970845585,
2069.866776581, 0.974332818,
2069.887208683, 0.973632836,
2069.907640685, 0.974669992,
2069.928072685, 0.974056208,
2069.948504586, 0.968372192,
2069.989368686, 0.979176168,
2070.009800586, 0.992076805,
2070.091528680, 0.972751910,
2070.132392775, 0.973798199,
2070.152824672, 0.973032461,
2070.173256669, 0.976334278,
2070.193688765, 0.971975394,
2070.214120661, 0.977227521,
2070.254984751, 0.973073359,
2070.275416646, 0.974076109,
2070.295848640, 0.974952737,
2070.316280734, 0.978484067,
2070.336712627, 0.978381190,
2070.357144620, 0.983219072,
2070.398008706, 0.979074666,
2070.418440598, 0.979071441,
2070.438872689, 0.975696450,
2070.459304680, 0.977087697,
2070.479736571, 0.971907417,
2070.500168662, 0.967362733,
2070.541032742, 0.973849150,
2070.561464631, 0.974581981,
2070.581896520, 0.977716725,
2070.602328609, 0.972148142,
2070.622760597, 0.975272342,
2070.643192485, 0.973642233,
2070.663624573, 0.976447894,
2070.684056560, 0.975427751,
2070.704488447, 0.976002455,
2070.724920533, 0.975183568,
2070.745352519, 0.975443980,
2070.765784505, 0.978905647,
2070.786216490, 0.977174148,
2070.806648475, 0.974783955,
2070.847512444, 0.981446493,
2070.867944428, 0.973896376,
2070.908808494, 0.977239513,
2070.929240377, 0.979764977,
2070.949672459, 0.970748566,
2070.970104441, 1.000102951,
2070.990536323, 0.974284576,
2071.031400385, 0.977856381,
2071.051832265, 0.977727130,
2071.072264346, 0.974585717,
2071.092696325, 0.977169555,
2071.133560284, 0.980642131,
2071.174424141, 0.979057857,
2071.194856218, 0.978817094,
2071.215288196, 0.975952162,
2071.235720173, 0.975111641,
2071.297016102, 0.977564044,
2071.317448078, 0.970528272,
2071.337880053, 0.971726144,
2071.358312029, 0.975498872,
2071.378744003, 0.971160362,
2071.419608051, 0.974533914,
2071.440039925, 0.977100753,
2071.460471898, 0.974862190,
2071.480903971, 0.974991728,
2071.521767815, 0.984515241,
2071.542199887, 0.976399453,
2071.562631758, 0.969575240,
2071.583063729, 0.972246974,
2071.603495800, 0.976453734,
2071.623927670, 0.967883686,
2071.664791709, 0.977631587,
2071.685223579, 0.971719825,
2071.705655547, 0.974667227,
2071.726087616, 0.976708250,
2071.746519584, 0.976533447,
2071.766951551, 0.976031448,
2071.787383519, 0.972809911,
2071.807815486, 0.980300943,
2071.828247452, 0.974022333,
2071.848679419, 0.970702060,
2071.869111385, 0.968138063,
2071.889543450, 0.970051491,
2071.909975315, 0.962368020,
2071.930407280, 0.968474757,
2071.950839345, 0.963605707,
2071.971271209, 0.964133091,
2072.073431023, 0.975762887,
2072.093862986, 0.976218661,
2072.114294947, 0.974227577,
2072.134726908, 0.976992697,
2072.175590829, 0.972590263,
2072.196022789, 0.980186672,
2072.216454749, 0.971218741,
2072.236886809, 0.974791827,
2072.257318768, 0.975680023,
2072.277750626, 0.970469290,
2072.298182684, 0.972245164,
2072.318614643, 0.971307877,
2072.339046500, 0.969257495,
2072.379910514, 0.974415485,
2072.400342371, 0.974680848,
2072.420774427, 0.977937998,
2072.441206383, 0.971213313,
2072.461638238, 0.963967113,
2072.502502248, 0.975072425,
2072.522934102, 0.974234309,
2072.543366157, 0.974088485,
2072.563798110, 0.974987369,
2072.584230064, 0.974061753,
2072.604662017, 0.970199853,
2072.625093969, 0.974637327,
2072.645526021, 0.973934967,
2072.665957873, 0.972588918,
2072.686389825, 0.975494149,
2072.706821876, 0.974282471,
2072.747685677, 0.977711172,
2072.768117727, 0.977583004,
2072.788549677, 0.972310113,
2072.829413575, 0.975572272,
2072.849845424, 0.975607127,
2072.870277372, 0.973275723,
2072.890709421, 0.970473575,
2072.911141268, 0.972290115,
2072.931573215, 0.976086816,
2072.952005262, 0.973286797,
2072.972437109, 0.973983871,
2072.992869055, 0.971379745,
2073.033732947, 0.976208284,
2073.054164992, 0.975868666,
2073.074596937, 0.982918264,
2073.095028881, 0.970016996,
2073.115460825, 0.973014892,
2073.135892769, 0.969446919,
2073.156324712, 0.968949504,
2073.176756655, 0.972170871,
2073.197188598, 0.977772816,
2073.258484424, 0.973751636,
2073.278916365, 0.974316213,
2073.299348407, 0.974927904,
2073.319780247, 0.973714198,
2073.340212187, 0.971776178,
2073.360644227, 0.974090420,
2073.381076067, 0.973804358,
2073.401508006, 0.973990005,
2073.421939945, 0.972925970,
2073.442371883, 0.972662149,
2073.462803921, 0.971726773,
2073.483235759, 0.972951865,
2073.503667697, 0.975743132,
2073.524099734, 0.974777212,
2073.544531571, 0.968534413,
2073.564963507, 0.966931362,
2073.585395543, 0.968300742,
2073.605827479, 0.971149736,
2073.626259314, 0.968038603,
2073.646691349, 0.966298615,
2073.667123284, 0.972435898,
2073.687555118, 0.961018574,
2073.748850919, 0.976710856,
2073.769282952, 0.974981109,
2073.789714884, 0.974832212,
2073.810146717, 0.974270624,
2073.830578749, 0.971747252,
2073.851010680, 0.976672769,
2073.871442712, 0.971994363,
2073.891874543, 0.974452148,
2073.912306473, 0.967567724,
2073.932738503, 0.972051242,
2073.994034292, 0.976506463,
2074.014466121, 0.971506630,
2074.055330077, 0.979669091,
2074.075762005, 0.974375326,
2074.096193832, 0.975009104,
2074.116625859, 0.976172456,
2074.137057686, 0.976615630,
2074.177921638, 0.979813618,
2074.239217415, 0.975127513,
2074.259649239, 0.975782461,
2074.280081164, 0.972935861,
2074.300513188, 0.974850169,
2074.320945011, 0.977067901,
2074.341377035, 0.974973512,
2074.361808958, 0.977324185,
2074.382240780, 0.977357320,
2074.402672803, 0.977451857,
2074.423104725, 0.973752372,
2074.443536646, 0.975238743,
2074.463968568, 0.972996550,
2074.484400489, 0.975652323,
2074.504832409, 0.976534364,
2074.525264330, 0.977193423,
2074.545696249, 0.973582403,
2074.566128169, 0.973889256,
2074.586560188, 0.974944078,
2074.606992007, 0.972758382,
2074.627423926, 0.973666574,
2074.647855944, 0.975328966,
2074.668287762, 0.974894441,
2074.709151696, 0.976069148,
2074.729583514, 0.975946085,
2074.750015530, 0.978056989,
2074.770447446, 0.977838203,
2074.790879262, 0.975888051,
2074.811311278, 0.972793288,
2074.831743193, 0.974564101,
2074.852175008, 0.973569830,
2074.872607022, 0.975443551,
2074.893038836, 0.974850653,
2074.913470750, 0.975271477,
2074.954334577, 0.978449444,
2074.974766490, 0.976227178,
2074.995198502, 0.976424596,
2075.015630414, 0.978308038,
2075.036062226, 0.976825815,
2075.056494238, 0.974675481,
2075.076926149, 0.975730872,
2075.097357960, 0.975571572,
2075.117789970, 0.975902006,
2075.138221880, 0.980410608,
2075.158653890, 0.973867291,
2075.179085700, 0.973525517,
2075.199517609, 0.973257872,
2075.219949618, 0.974142281,
2075.240381426, 0.975197641,
2075.260813334, 0.976618124,
2075.281245342, 0.974395361,
2075.301677150, 0.973058254,
2075.322109057, 0.974511261,
2075.342541064, 0.970430073,
2075.362972870, 0.980754491,
2075.383404776, 0.975916965,
2075.403836782, 0.969664424,
2075.465132498, 0.976408163,
2075.485564402, 0.977099679,
2075.505996206, 0.974801934,
2075.526428210, 0.977319924,
2075.546860114, 0.977218310,
2075.567292017, 0.974767312,
2075.587723920, 0.973314180,
2075.608155822, 0.974866862,
2075.628587724, 0.977641602,
2075.649019626, 0.975293488,
2075.710315330, 0.977876354,
2075.730747130, 0.977132536,
2075.751179131, 0.977181463,
2075.771611030, 0.978133174,
2075.792042830, 0.977745983,
2075.812474829, 0.976761540,
2075.832906728, 0.975473295,
2075.853338627, 0.975829859,
2075.873770525, 0.976229355,
2075.894202423, 0.976243626,
2075.955498115, 0.977379985,
2075.975930111, 0.977797045,
2075.996362007, 0.978652661,
2076.016793803, 0.977226156,
2076.037225799, 0.976147894,
2076.057657694, 0.977990736,
2076.078089489, 0.976635491,
2076.139385172, 0.977138816,
2076.159817166, 0.976730209,
2076.180249059, 0.977068455,
2076.200680852, 0.978385536,
2076.221112845, 0.978887888,
2076.241544737, 0.977834917,
2076.261976629, 0.972963237,
2076.282408521, 0.981206065,
2076.302840413, 0.978648141,
2076.323272304, 0.980121221,
2076.343704194, 0.982569166,
2076.364136085, 0.989617087,
2076.384567975, 0.973844033,
2076.445863643, 0.976771529,
2076.466295532, 0.976935638,
2076.486727421, 0.978600224,
2076.507159409, 0.976803973,
2076.527591197, 0.978322943,
2076.548023084, 0.979058620,
2076.568455071, 0.979919742,
2076.588886858, 0.978443354,
2076.609318745, 0.985394019,
2076.629750731, 0.973127156,
2076.670614403, 0.978116233,
2076.691046388, 0.978418262,
2076.711478173, 0.975797353,
2076.731910057, 0.980298482,
2076.752342042, 0.978568369,
2076.772773826, 0.978023155,
2076.793205809, 0.977852631,
2076.813637693, 0.980087123,
2076.834069576, 0.981132215,
2076.854501458, 0.975252227,
2076.874933341, 0.978256527,
2076.915797204, 0.979024593,
2076.936228986, 0.979363009,
2076.956660867, 0.978877050,
2076.977092848, 0.979616205,
2076.997524628, 0.978256539,
2077.017956509, 0.976717042,
2077.038388388, 0.978159996,
2077.058820268, 0.978070001,
2077.079252147, 0.978041915,
2077.099684026, 0.977814087,
2077.120115905, 0.979643463,
2077.140547683, 0.976450490,
2077.160979661, 0.977599964,
2077.181411539, 0.977943260,
2077.201843516, 0.976778679,
2077.222275293, 0.978103761,
2077.242707169, 0.978663580,
2077.263139146, 0.987764651,
2077.283570922, 0.975366556,
2077.324434773, 0.972687683,
2077.344866648, 0.984929618,
2077.365298423, 0.983003814,
2077.426594045, 0.978036635,
2077.447026019, 0.978344901,
2077.467457892, 0.976190884,
2077.487889665, 0.978452023,
2077.508321638, 0.976359069,
2077.528753510, 0.979257496,
2077.549185282, 0.973764746,
2077.569617253, 0.976618343,
2077.590049125, 0.973029154,
2077.610481096, 0.980742743,
2077.671776707, 0.977644704,
2077.692208477, 0.978253835,
2077.712640346, 0.980205427,
2077.733072315, 0.977630530,
2077.753504084, 0.979512946,
2077.773935953, 0.975543625,
2077.794367821, 0.975057430,
2077.814799789, 0.980864867,
2077.835231557, 0.977016380,
2077.855663524, 0.973956451,
2077.937390890, 0.980410197,
2077.957822856, 0.979606382,
2077.978254721, 0.979795641,
2077.998686486, 0.981000104,
2078.019118451, 0.981572447,
2078.039550315, 0.981609437,
2078.059982080, 0.981121272,
2078.080414044, 0.978630653,
2078.100845907, 0.979181051,
2078.162141496, 0.977423023,
2078.182573358, 0.978916646,
2078.203005220, 0.981499387,
2078.223437082, 0.981613325,
2078.243868943, 0.981608365,
2078.264300805, 0.978138734,
2078.305164526, 0.979711026,
2078.346028246, 0.983080585,
2078.550346928, 0.997334370,
2078.734233626, 0.979713048,
2078.754665480, 0.966265478,
2078.775097334, 0.981665321,
2078.836392992, 0.990292244,
2078.897688548, 0.980872925,
2078.918120300, 0.982802621,
2078.938552151, 0.977278639,
2078.979415852, 0.982729628,
2079.040711402, 0.980775269,
2079.183734441, 0.981179862,
2079.204166288, 0.979686709,
2079.224598135, 0.981582320,
2079.245029981, 0.978478883,
2079.265461828, 0.980939327,
2079.306325519, 0.981355359,
2079.326757365, 0.982455810,
2079.347189110, 0.978400720,
2079.367621055, 0.978526976,
2079.408484644, 0.980788270,
2079.428916588, 0.981675329,
2079.449348431, 0.982173333,
2079.469780175, 0.990607271,
2079.490212118, 0.978731626,
2079.510643960, 0.983217938,
2079.531075803, 0.979562637,
2079.551507645, 0.980385192,
2079.571939487, 0.976886381,
2079.592371428, 0.980055803,
2079.612803170, 0.979384592,
2079.653666952, 0.982101956,
2079.674098792, 0.983384987,
2079.694530532, 0.990724359,
2079.714962472, 0.977988972,
2079.735394311, 0.987091326,
2079.755826051, 0.977707242,
2079.776257989, 0.976556012,
2079.796689828, 0.995044016,
2079.817121566, 1.010309002,
2079.878417080, 0.981382856,
2079.898849017, 0.982361348,
2079.919280854, 0.982533507,
2079.939712590, 0.984544203,
2079.960144527, 0.982858055,
2079.980576363, 0.991588809,
2080.001008198, 0.988227978,
2080.021440034, 0.993379995,
2080.041871869, 0.977459708,
2080.062303704, 0.976856929,
2080.123599207, 0.985042066,
2080.164462874, 0.983024711,
2080.184894807, 0.984052119,
2080.205326540, 0.983830714,
2080.225758372, 0.980375017,
2080.246190304, 0.982251435,
2080.266622036, 0.985484988,
2080.287053868, 0.985860331,
2080.307485799, 0.986970937,
2080.368781292, 0.981665807,
2080.409644952, 0.982272259,
2080.430076782, 0.984182860,
2080.450508511, 0.982870876,
2080.470940440, 0.980571937,
2080.491372269, 0.984282682,
2080.511804098, 0.982023591,
2080.532235926, 0.983853591,
2080.552667754, 0.983874553,
2080.573099581, 0.984460890,
2080.593531409, 0.986645680,
2080.613963236, 0.986623442,
2080.634395063, 0.983306821,
2080.654826989, 0.984510542,
2080.675258715, 0.985888002,
2080.695690541, 0.987771372,
2080.716122367, 0.986123667,
2080.736554192, 0.984615592,
2080.756985917, 0.982203728,
2080.777417842, 0.985938833,
2080.797849667, 0.988725584,
2080.859145138, 0.983780092,
2080.879577062, 0.985552413,
2080.900008785, 0.984062143,
2080.920440608, 0.984186004,
2080.940872530, 0.985095006,
2080.961304253, 0.981952399,
2080.981736074, 0.983690851,
2081.002167996, 0.982973984,
2081.022599818, 0.984958373,
2081.043031539, 0.984953264,
2081.063463460, 0.984419552,
2081.083895280, 0.984314695,
2081.104327000, 0.986089249,
2081.124758920, 0.984138470,
2081.145190740, 0.982734817,
2081.165622460, 0.987214557,
2081.186054379, 0.985611008,
2081.206486198, 0.987828256,
2081.226918116, 0.987113923,
2081.247349834, 0.986833948,
2081.267781653, 0.984360101,
2081.288213570, 0.992184716,
2081.349509022, 0.984774285,
2081.369940739, 0.982373831,
2081.390372555, 0.984182611,
2081.410804371, 0.982447740,
2081.431236187, 0.984926458,
2081.451668002, 0.984640120,
2081.472099818, 0.984553048,
2081.492531633, 0.983553443,
2081.512963447, 0.986516446,
2081.533395262, 0.984391739,
2081.553827076, 0.989306031,
2081.574258890, 0.984211301,
2081.594690803, 0.986363541,
2081.615122517, 0.985605843,
2081.635554430, 0.989524853,
2081.655986243, 0.987778684,
2081.676417955, 0.989841504,
2081.696849867, 0.999135820,
2081.717281679, 0.981950805,
2081.737713391, 0.997097811,
2081.758145302, 0.992930776,
2081.778577113, 0.982654350,
2081.839872545, 0.983458922,
2081.860304355, 0.986099032,
2081.880736165, 0.987836848,
2081.901167975, 0.985692863,
2081.921599784, 0.986599179,
2081.942031593, 0.987920617,
2081.962463401, 0.983911945,
2081.982895210, 0.987987130,
2082.003327018, 0.987343301,
2082.023758826, 0.987700960,
2082.044190733, 0.988976739,
2082.064622541, 0.986590284,
2082.085054248, 0.989838279,
2082.105486154, 0.988612084,
2082.125917861, 0.987968321,
2082.146349667, 0.983182376,
2082.166781573, 0.992504490,
2082.187213279, 0.989274021,
2082.207645084, 0.992612314,
2082.228076989, 0.996499906,
2082.248508694, 0.993355582,
2082.268940499, 0.996096809,
2082.330235911, 0.985800196,
2082.350667814, 0.987528067,
2082.371099518, 0.987171823,
2082.391531320, 0.991447799,
2082.411963223, 0.991093691,
2082.432395026, 0.994271660,
2082.452826828, 0.993636688,
2082.473258630, 0.992530604,
2082.493690431, 0.993089894,
2082.514122333, 0.991588833,
2082.534554034, 0.990955662,
2082.554985835, 0.991435586,
2082.575417735, 0.991235804,
2082.595849435, 0.990213756,
2082.616281236, 0.987833370,
2082.636713135, 0.989209714,
2082.657144835, 0.987674698,
2082.677576634, 0.986397396,
2082.698008533, 0.986017076,
2082.718440232, 0.988090465,
2082.738872030, 0.984357544,
2082.759303928, 0.987712603,
2082.820599321, 0.992696627,
2082.841031018, 0.992084772,
2082.861462915, 0.992267372,
2082.881894712, 0.991247056,
2082.902326408, 0.995184644,
2082.922758304, 0.992273583,
2082.943190100, 0.989415363,
2082.963621795, 0.990317200,
2082.984053691, 0.988668137,
2083.004485486, 0.991595672,
2083.045349075, 0.986889272,
2083.065780869, 0.990737918,
2083.086212563, 0.988043120,
2083.106644457, 0.986316051,
2083.127076250, 0.988791063,
2083.147507943, 0.989294635,
2083.167939836, 0.988442478,
2083.188371629, 0.988725012,
2083.208803521, 0.981173318,
2083.229235214, 0.979593076,
2083.249667005, 0.995987612,
2083.310962379, 0.991406729,
2083.331394270, 0.993497082,
2083.351826061, 0.993224290,
2083.372257751, 0.993357823,
2083.392689641, 0.994143520,
2083.413121431, 0.991770117,
2083.433553120, 0.991304034,
2083.453985010, 0.990119476,
2083.474416799, 0.991388372,
2083.494848487, 0.990431603,
2083.515280376, 0.989856378,
2083.535712164, 0.990361733,
2083.556144052, 0.988883902,
2083.576575740, 0.989049770,
2083.597007527, 0.985823494,
2083.617439314, 0.988246922,
2083.637871101, 0.986333860,
2083.658302788, 0.980200108,
2083.678734674, 0.988962030,
2083.699166461, 0.980064658,
2083.719598146, 0.986279814,
2083.740030032, 1.001014582,
2083.801325388, 0.995580166,
2083.821757172, 0.994232181,
2083.842188957, 0.993815492,
2083.862620741, 0.993554527,
2083.883052524, 0.996030489,
2083.903484308, 0.994639778,
2083.923916191, 0.996618325,
2083.944347875, 0.990526335,
2083.964779757, 0.991181203,
2083.985211540, 0.990465065,
2084.005643222, 0.990053802,
2084.026075104, 0.990826231,
2084.066938568, 0.993473828,
2084.087370449, 0.992467618,
2084.107802230, 1.007923705,
2084.128233911, 0.994633414,
2084.148665792, 0.988971458,
2084.169097572, 0.992116895,
2084.189529352, 0.988105307,
2084.209961132, 0.993701605,
2084.230392912, 1.004045166,
2084.312120027, 0.993091948,
2084.332551806, 0.994566635,
2084.352983584, 0.996888476,
2084.373415362, 0.995132166,
2084.393847139, 0.992180143,
2084.414278916, 0.995601952,
2084.434710793, 0.996683554,
2084.455142470, 0.994967562,
2084.475574247, 0.996067500,
2084.496006123, 0.991455773,
2084.516437799, 0.991114037,
2084.536869575, 0.992729112,
2084.557301450, 0.990195903,
2084.577733126, 0.993379336,
2084.598164901, 0.993899168,
2084.618596776, 0.991940059,
2084.659460225, 0.991412195,
2084.679892099, 0.992817889,
2084.700323772, 0.994499573,
2084.720755646, 1.003375550,
2084.782050965, 0.996824767,
2084.802482738, 0.993133079,
2084.822914510, 0.994903028,
2084.843346282, 0.994575309,
2084.863778054, 0.998233348,
2084.884209826, 0.996289544,
2084.904641697, 0.991799605,
2084.925073368, 0.990859969,
2084.945505139, 0.992310081,
2084.965937010, 0.993439503,
2085.006800451, 0.993846483,
2085.027232320, 0.997602584,
2085.047663990, 0.997707852,
2085.068095760, 0.996430218,
2085.088527629, 0.995826236,
2085.108959298, 0.996548774,
2085.129391166, 0.998404003,
2085.149822835, 0.997616713,
2085.170254603, 0.995891427,
2085.190686471, 0.998628509,
2085.231549906, 0.997099208,
2085.251981773, 0.996857979,
2085.272413540, 0.997977798,
2085.292845207, 0.996598293,
2085.313277074, 0.989446264,
2085.333708840, 0.992551122,
2085.354140506, 0.993559021,
2085.374572372, 0.999344984,
2085.395004137, 0.993136558,
2085.415435803, 0.995332505,
2085.435867668, 0.990589004,
2085.456299432, 0.996609048,
2085.517594726, 0.996935176,
2085.538026589, 0.998558441,
2085.558458253, 0.995713593,
2085.578890017, 0.999740427,
2085.599321880, 0.997834482,
2085.619753543, 0.997220315,
2085.640185305, 0.998005276,
2085.660617168, 0.997860534,
2085.681048830, 0.997665264,
2085.701480592, 0.997135855,
2085.762775877, 0.997256482,
2085.783207737, 1.000558367,
2085.803639498, 0.998793383,
2085.824071259, 0.998286574,
2085.844503019, 0.999771516,
2085.864934679, 0.998196411,
2085.885366539, 1.000099972,
2085.905798299, 0.996395001,
2085.926229958, 0.994304376,
2085.946661817, 0.996968730,
2085.967093576, 0.997639293,
2085.987525235, 0.998771443,
2086.007957093, 0.998886710,
2086.028388851, 1.001074226,
2086.048820509, 1.001417385,
2086.069252367, 0.997242722,
2086.089684125, 1.001593595,
2086.110115882, 1.005169726,
2086.130547639, 1.001119487,
2086.150979396, 0.998546794,
2086.171411152, 0.997685089,
2086.191842908, 1.000710798,
2086.253138276, 0.997998685,
2086.273569931, 0.999771573,
2086.294001787, 0.999517723,
2086.314433542, 1.001695349,
2086.334865196, 0.998683877,
2086.355297051, 0.998601375,
2086.375728805, 0.999973527,
2086.396160459, 1.000961609,
2086.416592313, 1.001116893,
2086.437024066, 1.001526779,
2086.457455720, 0.998105789,
2086.477887573, 0.998226978,
2086.498319326, 0.999768754,
2086.518750978, 0.999625981,
2086.539182831, 1.001592706,
2086.559614483, 1.000546200,
2086.580046335, 0.998802227,
2086.600478087, 1.001097529,
2086.620909838, 1.004199504,
2086.641341589, 0.999527094,
2086.661773340, 1.005385191,
2086.682205091, 0.993009575,
2086.743500342, 0.997732731,
2086.763932092, 1.001574077,
2086.784363842, 1.002795968,
2086.804795591, 1.001459969,
2086.825227441, 1.000718292,
2086.845659090, 1.001672950,
2086.866090838, 1.003128431,
2086.886522687, 0.999567120,
2086.906954335, 1.001560191,
2086.927386183, 1.001752261,
2086.947817931, 1.000367595,
2086.968249579, 1.002363396,
2086.988681426, 1.000811515,
2087.009113173, 1.001967563,
2087.029544820, 1.001651398,
2087.070408414, 1.002348891,
2087.090840160, 0.999326249,
2087.111271906, 1.003780085,
2087.131703652, 1.000664668,
2087.152135397, 1.007235589,
2087.172567143, 0.997723967,
2087.233862378, 1.001209657,
2087.254294122, 0.999805933,
2087.274725967, 1.000776224,
2087.295157611, 1.000109903,
2087.315589354, 1.000499956,
2087.336021198, 1.001198636,
2087.356452841, 1.001779154,
2087.376884584, 1.002653922,
2087.397316427, 1.001190469,
2087.417748070, 0.999376592,
2087.438179813, 1.000050679,
2087.479043297, 1.001354949,
2087.499475039, 0.999213080,
2087.519906881, 1.001134851,
2087.540338522, 1.001518056,
2087.560770263, 0.998732697,
2087.581202104, 1.002082427,
2087.601633745, 1.002761908,
2087.622065586, 0.999047776,
2087.642497326, 1.005360523,
2087.662929066, 1.003021670,
2087.724224285, 1.001049020,
2087.744656124, 1.001065219,
2087.765087763, 1.002669922,
2087.785519502, 1.005356111,
2087.805951341, 1.003675757,
2087.826382979, 1.002580775,
2087.846814717, 1.002014538,
2087.867246555, 1.005210107,
2087.887678193, 1.002885279,
2087.908109930, 1.008231450,
2087.928541768, 1.005018435,
2087.948973405, 1.003266764,
2087.969405142, 1.002527013,
2087.989836878, 1.003780682,
2088.010268615, 1.005719625,
2088.030700451, 1.010942012,
2088.051132087, 1.012588378,
2088.071563823, 1.007236560,
2088.091995658, 1.009301994,
2088.112427394, 1.006570286,
2088.132859029, 1.006170415,
2088.153290864, 1.013690965,
2088.214586067, 0.999880295,
2088.255449435, 1.004517626,
2088.275881269, 1.001375415,
2088.296313002, 1.004262098,
2088.316744635, 1.003246839,
2088.337176468, 1.002844830,
2088.357608201, 1.005269406,
2088.378040034, 1.005417299,
2088.398471666, 1.006563395,
2088.439335230, 1.002595898,
2088.459766862, 1.003194807,
2088.480198593, 1.008253909,
2088.500630425, 1.010100770,
2088.521062056, 1.006420444,
2088.541493787, 1.010910809,
2088.561925618, 1.005325981,
2088.582357348, 1.010128248,
2088.602788978, 1.011891669,
2088.623220808, 1.006965200,
2088.643652538, 1.009142178,
2088.684515997, 1.006137833,
2088.704947727, 1.005697748,
2088.725379456, 1.005667855,
2088.745811184, 1.002175426,
2088.766242813, 1.006501035,
2088.786674642, 1.004118109,
2088.807106370, 1.006065970,
2088.827537998, 1.005360658,
2088.847969825, 1.004418652,
2088.868401553, 1.002356973,
2088.888833180, 1.006967303,
2088.909265008, 1.006506274,
2088.929696735, 1.007454150,
2088.950128461, 1.009992154,
2088.970560188, 1.011142218,
2088.990991914, 1.006875987,
2089.011423640, 1.007339033,
2089.031855366, 1.004397025,
2089.052287092, 1.006997425,
2089.072718918, 1.012179801,
2089.093150643, 1.007120735,
2089.113582268, 1.013077698,
2089.195309267, 1.003967906,
2089.215740991, 1.006068946,
2089.236172614, 1.004380994,
2089.256604438, 1.003038414,
2089.277036162, 1.007132491,
2089.297467785, 1.005600207,
2089.317899608, 1.003267977,
2089.338331331, 1.006023258,
2089.358762954, 1.005542744,
2089.379194776, 1.004466623,
2089.399626398, 1.003604909,
2089.420058221, 1.001629336,
2089.440489942, 1.005933570,
2089.460921564, 1.005259915,
2089.481353386, 1.003084678,
2089.501785107, 1.003974545,
2089.522216828, 1.003216603,
2089.542648549, 1.004680047,
2089.563080270, 1.004279373,
2089.583511990, 1.005818192,
2089.603943710, 1.004136381,
2089.706102309, 1.005977838,
2089.726534128, 1.005875375,
2089.746965747, 1.004437981,
2089.767397565, 1.005276591,
2089.787829284, 1.005964134,
2089.808260902, 1.002201970,
2089.849124438, 1.004433872,
2089.869556056, 1.005939970,
2089.889987873, 1.007222448,
2089.910419591, 1.006067315,
2089.930851308, 1.003835390,
2089.951283025, 1.005715804,
2089.971714742, 1.007082337,
2089.992146458, 1.005419665,
2090.012578174, 1.006963902,
2090.033009891, 1.006391590,
2090.053441606, 1.008168561,
2090.073873322, 1.006793612,
2090.094305038, 1.005857377,
2090.114736853, 1.006088932,
2090.135168469, 1.006869875,
2090.155600183, 1.008857174,
2090.176031998, 1.006818436,
2090.196463613, 1.007002097,
2090.216895327, 1.009032746,
2090.257758756, 1.007196354,
2090.278190469, 1.009550545,
2090.298622283, 1.008250029,
2090.319053896, 1.013472365,
2090.339485610, 1.014050733,
2090.359917423, 1.012277453,
2090.421212561, 1.006126727,
2090.441644173, 1.007257515,
2090.482507697, 1.007598966,
2090.502939409, 1.007354078,
2090.523371120, 1.003553319,
2090.543802832, 1.007031426,
2090.564234543, 1.004678062,
2090.584666254, 1.004114278,
2090.605097965, 1.006737898,
2090.625529675, 1.004585161,
2090.645961486, 1.007367676,
2090.666393096, 1.005574590,
2090.686824806, 1.005471535,
2090.707256616, 1.005803886,
2090.727688225, 1.006453405,
2090.748119935, 1.004725321,
2090.768551744, 1.005485443,
2090.788983353, 1.009638355,
2090.809415162, 1.005767812,
2090.829846871, 1.008133517,
2090.850278479, 1.006162062,
2090.870710288, 1.009276586,
2090.891141896, 1.007770808,
2090.911573604, 1.007229813,
2090.932005412, 1.007494840,
2090.952437019, 1.007845941,
2090.972868727, 1.011973534,
2090.993300534, 1.006767609,
2091.013732241, 1.011877945,
2091.034163848, 1.005461146,
2091.075027361, 1.007244156,
2091.095459067, 1.012985874,
2091.156754285, 1.007023490,
2091.177185891, 1.006449611,
2091.197617596, 1.008369893,
2091.218049401, 1.006103510,
2091.238481006, 1.004913269,
2091.258912711, 1.005414421,
2091.279344516, 1.006575447,
2091.299776120, 1.004438529,
2091.320207824, 1.007171362,
2091.340639628, 1.008363965,
2091.361071233, 1.006088041,
2091.381502936, 1.005190076,
2091.401934740, 1.005892972,
2091.422366343, 1.006444366,
2091.442798146, 1.005792375,
2091.463229849, 1.007627734,
2091.483661552, 1.004289440,
2091.504093255, 1.005531914,
2091.524524957, 1.003725948,
2091.544956660, 1.003286146,
2091.565388362, 1.004902350,
2091.585820064, 1.004023537,
2091.647115169, 1.008910923,
2091.667546770, 1.012204178,
2091.687978571, 1.013303749,
2091.708410272, 1.010013020,
2091.728841872, 1.005294492,
2091.749273673, 1.003656489,
2091.769705373, 1.009208593,
2091.790137173, 1.005348593,
2091.810568773, 1.010851677,
2091.831000473, 1.009805805,
2091.892295572, 1.007046538,
2091.912727371, 1.005512271,
2091.933158970, 1.004531657,
2091.953590668, 1.008301870,
2091.974022467, 1.006358425,
2091.994454166, 1.004649144,
2092.014885764, 1.004281910,
2092.035317562, 1.004339797,
2092.055749260, 1.005872796,
2092.076180857, 1.006406998,
2092.096612655, 1.003553655,
2092.117044352, 1.004858434,
2092.137476149, 1.003068973,
2092.157907746, 1.006292044,
2092.178339443, 1.006603968,
2092.198771240, 1.004345790,
2092.219202836, 1.008181351,
2092.239634533, 1.005290419,
2092.260066229, 1.006195557,
2092.280497925, 1.004508527,
2092.300929521, 1.006023880,
2092.321361316, 1.005490299,
2092.341793012, 1.003482697,
2092.362224707, 1.004745177,
2092.382656402, 1.005412574,
2092.403088097, 1.003707407,
2092.423519892, 1.008525564,
2092.443951487, 1.005503696,
2092.464383181, 1.005893300,
2092.505246670, 1.006724413,
2092.525678264, 1.009834892,
2092.566541751, 1.006085248,
2092.627836831, 1.005976101,
2092.648268424, 1.004124975,
2092.668700216, 1.004729646,
2092.689131909, 1.004380747,
2092.709563501, 1.005967828,
2092.729995294, 1.006569410,
2092.750426986, 1.006898710,
2092.770858778, 1.004595538,
2092.791290369, 1.002753201,
2092.811722061, 1.006450233,
2092.832153852, 1.004707048,
2092.852585444, 1.004154223,
2092.873017135, 1.005223068,
2092.893448926, 1.003599340,
2092.913880516, 1.004804353,
2092.934312207, 1.004700243,
2092.954743997, 1.002597777,
2092.975175688, 1.004676424,
2092.995607278, 0.970850706,
2093.016039068, 1.002703175,
2093.036470657, 1.002794277,
2093.056902347, 1.003357433,
2093.077334136, 1.001508546,
2093.097765726, 1.004139371,
2093.118197515, 1.005755400,
2093.138629204, 1.003592215,
2093.159060793, 1.006590454,
2093.179492581, 1.005207789,
2093.199924269, 1.004213597,
2093.220355858, 1.003594828,
2093.240787646, 1.001243289,
2093.261219334, 1.002817954,
2093.281650922, 1.004928207,
2093.302082709, 1.002529985,
2093.322514397, 1.004932759,
2093.342946084, 1.004177789,
2093.363377771, 1.002704945,
2093.383809458, 1.002636489,
2093.404241245, 1.005042760,
2093.424672832, 1.001951476,
2093.445104518, 1.002057442,
2093.485967991, 1.001605469,
2093.506399577, 1.001743255,
2093.526831363, 1.003417447,
2093.547263048, 1.001324477,
2093.608558105, 1.000213464,
2093.628989690, 1.000145951,
2093.649421475, 1.003899355,
2093.669853159, 1.004554705,
2093.690284744, 1.002750618,
2093.710716528, 1.004171542,
2093.731148213, 1.004020040,
2093.751579897, 1.003064819,
2093.772011581, 1.004672891,
2093.792443165, 1.003702668,
2093.812874948, 1.005255373,
2093.833306632, 1.002561392,
2093.853738315, 1.004452251,
2093.874169998, 1.002849668,
2093.894601681, 1.003914268,
2093.915033364, 1.004777218,
2093.935465047, 1.005018030,
2093.955896730, 1.002110544,
2093.976328412, 1.005198793,
2093.996760094, 1.003426873,
2094.017191776, 1.002993843,
2094.037623558, 1.003370825,
2094.058055240, 1.004784668,
2094.078486822, 1.006003224,
2094.098918603, 1.006987387,
2094.119350285, 1.005291665,
2094.139781866, 1.005873694,
2094.160213647, 1.005981245,
2094.180645328, 1.001431899,
2094.201076908, 1.004900601,
2094.241940370, 1.004338196,
2094.262371950, 1.006490193,
2094.282803730, 1.001617510,
2094.303235410, 1.002266452,
2094.323667190, 1.004416738,
2094.344098769, 1.005256370,
2094.364530449, 1.006308759,
2094.384962128, 1.003512894,
2094.405393807, 1.005050524,
2094.425825486, 1.006919666,
2094.446257165, 1.005767773,
2094.466688844, 1.002883626,
2094.487120523, 1.002728095,
2094.507552201, 1.003564018,
2094.527983879, 1.000713758,
2094.589278914, 1.003348837,
2094.609710591, 1.003712692,
2094.630142369, 1.003636277,
2094.650573946, 1.002213815,
2094.671005724, 1.005738694,
2094.691437401, 1.003066985,
2094.711868978, 1.002633291,
2094.732300755, 1.003564017,
2094.752732431, 1.004633497,
2094.773164008, 1.002119841,
2094.793595784, 1.006178009,
2094.814027460, 1.004121815,
2094.834459037, 1.006169794,
2094.854890812, 1.004972731,
2094.875322488, 1.005610446,
2094.895754164, 1.004312032,
2094.916185839, 1.004597172,
2094.936617515, 1.003464726,
2094.957049290, 1.004308759,
2094.977480865, 1.004696312,
2094.997912540, 1.004481459,
2095.018344315, 1.006080360,
2095.038775990, 1.001624159,
2095.059207564, 1.003581720,
2095.079639338, 1.002633009,
2095.100071013, 1.005420015,
2095.120502587, 1.001371140,
2095.140934361, 1.003411348,
2095.161365935, 1.002278728,
2095.181797608, 1.000084054,
2095.202229382, 1.005680962,
2095.222660955, 1.002159275,
2095.243092728, 0.995205331,
2095.263524401, 1.001880495,
2095.324819420, 0.999235235,
2095.345250992, 1.000242753,
2095.365682765, 1.000415506,
2095.386114437, 1.003085772,
2095.406546109, 0.999395512,
2095.426977781, 0.999091033,
2095.447409453, 0.997664990,
2095.467841125, 1.004419566,
2095.488272796, 1.002458875,
2095.508704468, 1.003300078,
2095.590431252, 1.003045458,
2095.610862923, 1.004276040,
2095.631294493, 1.003678598,
2095.651726264, 1.003320087,
2095.672157934, 1.004139232,
2095.692589504, 1.003977362,
2095.713021274, 1.004773904,
2095.733452944, 1.003570888,
2095.753884514, 1.001843887,
2095.774316283, 1.008569276,
2095.794747953, 1.005727462,
2095.815179522, 1.003821215,
2095.835611291, 1.006440928,
2095.856042961, 1.006656622,
2095.876474629, 1.003726155,
2095.896906298, 1.005219708,
2095.917337967, 1.004699999,
2095.937769635, 1.006445600,
2095.958201304, 1.006000740,
2095.978632972, 1.003580081,
2095.999064640, 1.005583577,
2096.019496308, 1.005127369,
2096.039927976, 1.004846917,
2096.060359744, 1.003322134,
2096.080791311, 1.004711450,
2096.101222979, 1.001260497,
2096.121654746, 1.003338068,
2096.142086314, 1.000929524,
2096.162518081, 1.003113124,
2096.182949748, 1.004307956,
2096.203381314, 1.004015084,
2096.223813081, 1.004501903,
2096.244244748, 1.005261498,
2096.264676314, 1.003576726,
2096.285108080, 1.002712874,
2096.305539746, 1.005150490,
2096.325971312, 1.003586338,
2096.346403078, 1.005943218,
2096.366834744, 1.001224087,
2096.387266410, 1.005346233,
2096.407698075, 1.005995675,
2096.428129741, 1.005186183,
2096.448561506, 1.001487927,
2096.468993071, 1.004836112,
2096.550719730, 1.004686397,
2096.571151495, 1.003224630,
2096.591583059, 1.010401724,
2096.612014723, 1.003667313,
2096.632446487, 1.004385721,
2096.652878051, 1.003978894,
2096.673309715, 1.005467564,
2096.693741479, 1.004034454,
2096.714173043, 1.002737045,
2096.734604806, 1.005525434,
2096.755036469, 1.006146026,
2096.775468033, 1.004685322,
2096.795899796, 1.004354935,
2096.816331459, 1.006321779,
2096.836763021, 1.004899135,
2096.857194784, 1.005186264,
2096.877626447, 1.004809897,
2096.898058109, 1.005718006,
2096.918489772, 1.004041097,
2096.938921434, 1.002786968,
2096.959353096, 1.004221150,
2096.979784758, 1.005145173,
2097.000216420, 1.004382552,
2097.020648181, 1.003366621,
2097.061511405, 1.003784740,
2097.102374827, 1.002738518,
2097.122806388, 1.002069760,
2097.143238149, 1.001419022,
2097.163669810, 1.002240340,
2097.184101371, 1.002394750,
2097.204533131, 0.998965626,
2097.224964792, 1.001982271,
2097.245396352, 1.002588792,
2097.265828113, 1.000028852,
2097.286259673, 1.000000163,
2097.306691333, 1.005963190,
2097.327123093, 0.997824677,
2097.347554652, 0.999565567,
2097.367986412, 1.003313731,
2097.408849731, 1.004117583,
2097.429281390, 1.010204936,
2097.449713050, 1.004951216,
2097.470144709, 0.998183631,
2097.572303002, 1.004775557,
2097.592734660, 1.005867236,
2097.613166419, 1.007430507,
2097.633597977, 1.002941431,
2097.654029735, 1.006533048,
2097.674461393, 1.004839287,
2097.694892950, 1.006320590,
2097.715324708, 1.007589280,
2097.735756366, 1.005521110,
2097.756187923, 1.003330554,
2097.776619680, 1.003493407,
2097.797051338, 1.001356930,
2097.817482895, 1.003093687,
2097.837914652, 1.005915204,
2097.858346309, 1.005524262,
2097.878777965, 1.007130045,
2097.899209622, 1.005081158,
2097.919641279, 1.006011402,
2097.940072935, 1.008010303,
2097.960504591, 1.007566770,
2097.980936247, 1.005477378,
2098.021799559, 1.004703659,
2098.042231215, 1.001725334,
2098.062662871, 1.002431302,
2098.083094526, 1.007631037,
2098.103526182, 1.005901958,
2098.123957937, 1.008496794,
2098.144389493, 1.005974824,
2098.164821148, 1.003781006,
2098.185252903, 1.005266178,
2098.205684458, 1.002816883,
2098.266979422, 1.004729037,
2098.287411176, 1.005857980,
2098.307842831, 1.004428512,
2098.328274385, 1.008588785,
2098.348706139, 1.006492405,
2098.369137793, 1.004414094,
2098.389569447, 1.003414871,
2098.410001101, 1.005461335,
2098.430432755, 1.004799040,
2098.450864409, 1.003311558,
2098.471296062, 1.003457603,
2098.491727716, 1.006560219,
2098.512159469, 1.004146056,
2098.532591022, 1.006005176,
2098.553022675, 1.006876042,
2098.573454428, 1.004615895,
2098.593886081, 1.004508300,
2098.614317634, 1.005790087,
2098.634749386, 1.006439548,
2098.655180939, 1.004714186,
2098.675612592, 1.003618947,
2098.696044344, 1.004665971,
2098.716475896, 1.004774376,
2098.736907548, 1.007565929,
2098.757339300, 1.004478740,
2098.777770852, 1.004399494,
2098.798202604, 1.005208792,
2098.818634256, 1.005147011,
2098.839065808, 1.005880779,
2098.859497559, 1.002126177,
2098.879929210, 1.005312566,
2098.900360762, 1.004579762,
2098.920792513, 1.005555878,
2098.941224164, 1.004233114,
2098.961655815, 1.008322651,
2098.982087466, 1.005614579,
2099.002519117, 1.008683772,
2099.022950767, 1.005087251,
2099.043382518, 1.005722150,
2099.063814069, 1.004629400,
2099.084245819, 1.004238334,
2099.104677469, 1.004219040,
2099.125109019, 1.004646921,
2099.145540769, 1.004810073,
2099.165972420, 1.004730402,
2099.186403969, 1.005702787,
2099.206835719, 1.005059289,
2099.227267369, 1.006644914,
2099.247698919, 1.008073454,
2099.268130668, 1.005638213,
2099.288562317, 1.007889188,
2099.308993867, 1.006847351,
2099.329425616, 1.005219330,
2099.349857265, 1.007757956,
2099.370288914, 1.009535247,
2099.390720563, 1.008906036,
2099.411152212, 1.013133893,
2099.431583860, 1.011739326,
2099.492878806, 1.009876995,
2099.513310454, 1.007962561,
2099.533742102, 1.006221439,
2099.554173751, 1.007017202,
2099.574605398, 1.004362826,
2099.595037146, 1.007413049,
2099.615468794, 1.010371345,
2099.635900342, 1.009011893,
2099.656332090, 1.007507191,
2099.676763737, 1.007799250,
2099.697195285, 1.010227406,
2099.717627032, 1.010561367,
2099.738058679, 1.008786150,
2099.758490227, 1.010836616,
2099.778921974, 1.008655717,
2099.799353621, 1.005634729,
2099.819785167, 1.008585259,
2099.840216914, 1.011600091,
2099.860648561, 1.013461547,
2099.881080307, 1.015862715,
2099.901511854, 1.012918199,
2099.921943500, 1.008927704,
2099.983238439, 1.007066197,
2100.003670185, 1.006942489,
2100.024101731, 1.007099606,
2100.044533377, 1.005252908,
2100.064965023, 1.007849566,
2100.085396669, 1.008748872,
2100.105828314, 1.006661104,
2100.126260060, 1.007403744,
2100.146691605, 1.007148993,
2100.167123350, 1.005234424,
2100.187554996, 1.009587305,
2100.207986541, 1.010699540,
2100.228418286, 1.005262430,
2100.248849931, 1.006681327,
2100.269281476, 1.006272110,
2100.289713221, 1.008800944,
2100.310144865, 1.007600592,
2100.330576410, 1.006744034,
2100.351008154, 1.008047958,
2100.371439799, 1.008020603,
2100.391871343, 1.006213459,
2100.412303087, 1.006822593,
2100.432734732, 1.007837357,
2100.473598020, 1.006562569,
2100.494029664, 1.007731119,
2100.514461407, 1.006155525,
2100.534892951, 1.008374307,
2100.555324595, 1.007129723,
2100.575756339, 1.007577108,
2100.596187982, 1.009208860,
2100.637051269, 1.009792519,
2100.657482912, 1.007832852,
2100.677914455, 1.006550274,
2100.698346198, 1.009098237,
2100.718777841, 1.008938522,
2100.739209584, 1.007492577,
2100.759641127, 1.008622760,
2100.780072770, 1.006176880,
2100.800504412, 1.008337151,
2100.820936055, 1.008219749,
2100.841367597, 1.007476133,
2100.861799340, 1.010362364,
2100.882230982, 1.007718695,
2100.902662524, 1.006838102,
2100.923094267, 1.010875293,
2100.943525909, 1.007221145,
2100.963957551, 1.008527703,
2100.984389192, 1.010438279,
2101.004820834, 1.007292020,
2101.025252576, 1.011775091,
2101.045684118, 1.007481881,
2101.066115759, 1.009450929,
2101.086547501, 1.011327334,
2101.106979142, 1.007818541,
2101.127410684, 1.010861059,
2101.147842425, 1.008397533,
2101.168274066, 1.010092750,
2101.188705607, 1.009072844,
2101.209137348, 1.009673778,
2101.229568989, 1.010081237,
2101.250000730, 1.010904851,
2101.270432271, 1.010412459,
2101.290863912, 1.009980231,
2101.311295652, 1.011295273,
2101.331727193, 1.010207002,
2101.352158833, 1.011469048,
2101.372590574, 1.010381269,
2101.393022114, 1.014951644,
2101.454317035, 1.009034985,
2101.474748675, 1.009665209,
2101.495180315, 1.007568945,
2101.515611955, 1.009925599,
2101.536043694, 1.007794797,
2101.556475234, 1.011015175,
2101.576906874, 1.013766498,
2101.597338613, 1.009434605,
2101.638201792, 1.012958168,
2101.658633532, 1.013817041,
2101.679065171, 1.010937841,
2101.699496710, 1.014756902,
2101.719928449, 1.011622363,
2101.740360088, 1.007950891,
2101.781223366, 1.009507367,
2101.801655005, 1.014903101,
2101.822086744, 1.011518426,
2101.842518283, 1.014333841,
2101.862949921, 1.013763454,
2101.883381660, 1.013624280,
2101.903813198, 1.012438207,
2101.924244837, 1.013335446,
2101.944676575, 1.014158796,
2101.965108114, 1.011582492,
2101.985539752, 1.011681888,
2102.005971490, 1.012774078,
2102.026403028, 1.012513066,
2102.046834766, 1.010061800,
2102.067266404, 1.016251475,
2102.087698042, 1.010890963,
2102.108129680, 1.012410043,
2102.128561317, 1.013717616,
2102.148992955, 1.013844806,
2102.169424593, 1.011537840,
2102.189856230, 1.010939381,
2102.210287768, 1.010019673,
2102.230719505, 1.013405794,
2102.251151142, 1.015205325,
2102.271582680, 1.014272601,
2102.292014417, 1.015721820,
2102.312446054, 1.014591473,
2102.332877791, 1.014398813,
2102.353309328, 1.012839886,
2102.373740965, 1.011849562,
2102.394172702, 1.013005562,
2102.414604238, 1.014925270,
2102.435035875, 1.017363843,
2102.455467612, 1.013457418,
2102.475899148, 1.010457691,
2102.496330785, 1.013295306,
2102.516762521, 1.012833469,
2102.537194058, 1.013469197,
2102.557625694, 1.011682149,
2102.578057430, 1.012991842,
2102.598489067, 1.011159778,
2102.618920703, 1.012924416,
2102.639352339, 1.010631608,
2102.659783975, 1.013856137,
2102.680215611, 1.012880080,
2102.700647247, 1.011526656,
2102.721078882, 1.008929720,
2102.741510618, 1.010251800,
2102.761942154, 1.007805263,
2102.802805425, 1.008621651,
2102.823237061, 1.011514853,
2102.843668796, 1.009758790,
2102.864100432, 1.009729312,
2102.884531967, 1.009626727,
2102.904963702, 1.006962053,
2102.945826873, 1.007567029,
2102.966258608, 1.008260854,
2102.986690143, 1.008492638,
2103.007121778, 1.006496058,
2103.027553513, 1.006479113,
2103.047985048, 1.006887256,
2103.068416682, 1.007022006,
2103.088848417, 1.008393299,
2103.109280052, 1.008611274,
2103.129711686, 1.008799527,
2103.150143321, 1.008117703,
2103.170574955, 1.006753189,
2103.191006590, 1.008244400,
2103.211438224, 1.007223709,
2103.231869859, 1.008599149,
2103.252301493, 1.008746903,
2103.272733127, 1.008091717,
2103.293164761, 1.008150203,
2103.313596495, 1.005308686,
2103.334028030, 1.008336606,
2103.354459663, 1.007111928,
2103.415754665, 1.011406774,
2103.436186299, 1.009119236,
2103.456617833, 1.007791149,
2103.477049566, 1.009695590,
2104.089998553, 1.019071183,
2104.110430285, 1.021313012,
2104.130861917, 1.022846097,
2104.151293649, 1.020968787,
2104.171725181, 1.021379081,
2104.192156813, 1.021164783,
2104.212588445, 1.022836816,
2104.233020077, 1.021838638,
2104.253451708, 1.022224869,
2104.273883340, 1.020601876,
2104.294314972, 1.020861306,
2104.314746603, 1.021571199,
2104.335178335, 1.023853865,
2104.376041498, 1.022788142,
2104.396473230, 1.019621939,
2104.416904761, 1.022337445,
2104.437336492, 1.018866048,
2104.457768124, 1.023273931,
2104.478199655, 1.018748151,
2104.498631386, 1.020575731,
2104.519063017, 1.018943360,
2104.539494549, 1.023390615,
2104.559926280, 1.024594562,
2104.580357911, 1.021429111,
2104.621221173, 1.019797758,
2104.641652804, 1.021072750,
2104.662084535, 1.020537444,
2104.682516066, 1.022293628,
2104.702947696, 1.022391164,
2104.723379427, 1.020681144,
2104.743810958, 1.024891458,
2104.764242589, 1.020706679,
2104.784674319, 1.019192647,
2104.805105950, 1.020324447,
2104.825537481, 1.021712673,
2104.866400842, 1.022683840,
2104.886832472, 1.021216228,
2104.907264103, 1.022318592,
2104.927695733, 1.019709814,
2104.948127363, 1.023742311,
2104.968558994, 1.023281515,
2104.988990524, 1.021534004,
2105.009422254, 1.017090196,
2105.029853885, 1.016885617,
2105.050285415, 1.021053760,
2105.070717145, 1.019406100,
2105.111580305, 1.021061209,
2105.132012035, 1.022610294,
2105.152443665, 1.021424708,
2105.172875395, 1.022557864,
2105.193306925, 1.021093846,
2105.213738555, 1.022309161,
2105.234170285, 1.020069321,
2105.254601815, 1.021590108,
2105.275033444, 1.019172567,
2105.295465174, 1.021234651,
2105.315896804, 1.018523751,
2105.377191693, 1.022955440,
2105.397623322, 1.021715784,
2105.418054952, 1.018846091,
2105.438486581, 1.021905270,
2105.458918311, 1.018973417,
2105.479349840, 1.022792557,
2105.499781470, 1.020429975,
2105.520213199, 1.019809749,
2105.540644729, 1.020937414,
2105.561076358, 1.023311802,
2105.601939616, 1.021948289,
2105.622371346, 1.024347893,
2105.642802975, 1.022999842,
2105.663234504, 1.023358572,
2105.683666233, 1.024179545,
2105.704097762, 1.024208266,
2105.724529391, 1.021093343,
2105.744961120, 1.022574227,
2105.765392649, 1.021474342,
2105.785824278, 1.024647667,
2105.806256007, 1.020687253,
2105.847119265, 1.023770892,
2105.867550894, 1.024477710,
2105.887982523, 1.022619752,
2105.908414152, 1.024574886,
2105.928845781, 1.024112458,
2105.949277409, 1.023648695,
2105.969709138, 1.021563134,
2105.990140667, 1.022152174,
2106.010572296, 1.026069987,
2106.031004024, 1.021577277,
2106.051435553, 1.019209635,
2106.092298910, 1.021570542,
2106.112730439, 1.020956552,
2106.133162167, 1.025020198,
2106.153593796, 1.022398140,
2106.174025324, 1.021412111,
2106.194457053, 1.022082915,
2106.214888681, 1.021992556,
2106.235320209, 1.021702313,
2106.255751938, 1.019887541,
2106.276183566, 1.025259622,
2106.296615195, 1.020742020,
2106.337478451, 1.022678572,
2106.357910079, 1.025108154,
2106.378341708, 1.022890794,
2106.398773336, 1.025004409,
2106.419204964, 1.024034824,
2106.439636592, 1.019019594,
2106.460068221, 1.022147679,
2106.480499849, 1.022108863,
2106.500931477, 1.020224407,
2106.521363105, 1.021958840,
2106.541794833, 1.021478894,
2106.582658089, 1.023448043,
2106.603089717, 1.024884772,
2106.623521245, 1.021360682,
2106.643952973, 1.021135393,
2106.664384601, 1.024734742,
2106.684816129, 1.024950015,
2106.705247857, 1.022471026,
2106.725679485, 1.023151306,
2106.746111013, 1.024010066,
2106.766542740, 1.018245170,
2106.786974368, 1.022182235,
2106.827837624, 1.022762606,
2106.848269252, 1.023359123,
2106.868700980, 1.024725077,
2106.889132507, 1.018550382,
2106.909564135, 1.024681180,
2106.929995863, 1.023039791,
2106.950427391, 1.023529304,
2106.970859018, 1.022638612,
2106.991290746, 1.023743889,
2107.011722374, 1.020012796,
2107.032154001, 1.020143625,
2107.073017157, 1.024366633,
2107.093448884, 1.020887089,
2107.113880512, 1.024387462,
2107.134312039, 1.023266704,
2107.154743767, 1.019771965,
2107.175175394, 1.021814202,
2107.195606922, 1.019563161,
2107.216038650, 1.022720583,
2107.236470277, 1.022529484,
2107.256902005, 1.019718467,
2107.338628414, 1.021911097,
2107.359060042, 1.022495566,
2107.379491769, 1.022862347,
2107.399923297, 1.023342926,
2107.420354924, 1.022861109,
2107.440786652, 1.023419714,
2107.461218279, 1.023362366,
2107.481649906, 1.023595587,
2107.522513161, 1.024218979,
2107.542944788, 1.022404193,
2107.563376416, 1.023352772,
2107.583808043, 1.022990442,
2107.604239770, 1.027535716,
2107.624671298, 1.020295466,
2107.645102925, 1.023715622,
2107.665534652, 1.023714059,
2107.685966180, 1.020259197,
2107.706397907, 1.025079733,
2107.726829434, 1.024256492,
2107.747261061, 1.021038348,
2107.767692789, 1.019950492,
2107.808555943, 1.022009735,
2107.828987670, 1.022260017,
2107.849419198, 1.022279791,
2107.869850825, 1.025899525,
2107.890282552, 1.025112264,
2107.910714079, 1.023473896,
2107.931145706, 1.021262507,
2107.951577434, 1.020947564,
2107.972008961, 1.023199005,
2107.992440688, 1.023394582,
2108.012872315, 1.022637501,
2108.053735570, 1.023980139,
2108.074167197, 1.023559031,
2108.094598824, 1.023375949,
2108.115030451, 1.022464742,
2108.135462078, 1.022568859,
2108.155893705, 1.023371128,
2108.176325433, 1.021526983,
2108.196756960, 1.019047252,
2108.217188687, 1.023511194,
2108.237620314, 1.022453989,
2108.258051841, 1.024887228,
2108.319346723, 1.023479482,
2108.339778450, 1.022323651,
2108.360210077, 1.022298397,
2108.380641604, 1.022037705,
2108.401073331, 1.024067093,
2108.421504958, 1.021945006,
2108.441936586, 1.024040141,
2108.462368213, 1.020370040,
2108.482799740, 1.021756596,
2108.503231467, 1.024629041,
2108.544094721, 1.023365873,
2108.564526348, 1.023305927,
2108.584957976, 1.022959412,
2108.605389603, 1.025448432,
2108.625821230, 1.026296857,
2108.646252857, 1.019145587,
2108.666684584, 1.024652212,
2108.687116211, 1.020566796,
2108.707547739, 1.023719398,
2108.727979466, 1.022926033,
2108.748411093, 1.023804040,
2108.789274347, 1.022158505,
2108.809705974, 1.024991044,
2108.830137502, 1.023228196,
2108.850569229, 1.021613999,
2108.871000856, 1.019773256,
2108.891432583, 1.025151018,
2108.911864111, 1.024736704,
2108.932295738, 1.022285988,
2108.952727465, 1.023023382,
2108.973158992, 1.025901191,
2108.993590619, 1.023685318,
2109.034453874, 1.021363158,
2109.054885501, 1.022394661,
2109.075317229, 1.024783182,
2109.095748756, 1.022967806,
2109.116180483, 1.023415780,
2109.136612010, 1.022687539,
2109.157043638, 1.023734135,
2109.177475365, 1.021679084,
2109.197906892, 1.025469986,
2109.218338520, 1.027538169,
2109.300065129, 1.024549969,
2109.320496756, 1.023129355,
2109.340928484, 1.025780619,
2109.361360011, 1.024352316,
2109.381791639, 1.023369176,
2109.402223366, 1.024731712,
2109.422654893, 1.024426141,
2109.443086521, 1.022485272,
2109.463518248, 1.026000140,
2109.483949776, 1.023141084,
2109.524813131, 1.023999413,
2109.545244658, 1.025224324,
2109.565676386, 1.024251343,
2109.586108013, 1.023117386,
2109.606539541, 1.025350342,
2109.626971268, 1.026451844,
2109.647402896, 1.025992016,
2109.667834524, 1.026490575,
2109.688266151, 1.022069151,
2109.708697779, 1.023424739,
2109.729129406, 1.025427348,
2109.769992662, 1.023296925,
2109.790424289, 1.025126518,
2109.810856017, 1.024351320,
2109.831287545, 1.025706067,
2109.851719273, 1.026257753,
2109.872150800, 1.026002294,
2109.892582428, 1.025575659,
2109.913014156, 1.018463286,
2109.933445684, 1.026848975,
2109.974309039, 1.024212640,
2110.015172295, 1.026285428,
2110.035603923, 1.025360196,
2110.056035451, 1.025837819,
2110.076467179, 1.026603577,
2110.096898806, 1.025940467,
2110.117330334, 1.027409223,
2110.137762062, 1.026644726,
2110.158193690, 1.026029257,
2110.178625318, 1.025849024,
2110.199056946, 1.028337766,
2110.219488574, 1.025524713,
2110.260351831, 1.024386964,
2110.280783459, 1.027693169,
2110.301215187, 1.026583307,
2110.321646815, 1.028236775,
2110.342078343, 1.030322047,
2110.362510071, 1.028503116,
2110.382941700, 1.028011616,
2110.403373328, 1.026334748,
2110.423804956, 1.026890567,
2110.444236584, 1.026654056,
2110.464668213, 1.029486619,
2110.505531369, 1.027157820,
2110.525963098, 1.027772730,
2110.546394726, 1.025197813,
2110.566826255, 1.026561740,
2110.587257983, 1.030348483,
2110.607689611, 1.027272966,
2110.628121340, 1.030120016,
2110.648552868, 1.030096880,
2110.668984497, 1.027534376,
2110.689416226, 1.027245325,
2110.709847754, 1.025636002,
2110.771142640, 1.028995155,
2110.791574269, 1.028306620,
2110.812005998, 1.025970938,
2110.832437526, 1.027532952,
2110.852869255, 1.027121988,
2110.873300884, 1.027427288,
2110.893732513, 1.025960118,
2110.914164142, 1.027782754,
2110.934595770, 1.025817915,
2110.975459028, 1.025918532,
2110.995890657, 1.027113016,
2111.016322286, 1.027267962,
2111.036754015, 1.025791897,
2111.057185544, 1.029358819,
2111.077617274, 1.028961400,
2111.098048903, 1.028527364,
2111.118480432, 1.027969777,
2111.138912161, 1.030370258,
2111.159343690, 1.027624705,
2111.179775319, 1.028334873,
2111.200207049, 1.029794197,
2111.261501937, 1.026502858,
2111.281933466, 1.028301288,
2111.302365196, 1.029646018,
2111.322796825, 1.028620456,
2111.343228355, 1.027627539,
2111.363660084, 1.026304502,
2111.384091714, 1.024369559,
2111.404523343, 1.028803503,
2111.424954973, 1.027180401,
2111.445386603, 1.030468628,
2111.486249862, 1.026185112,
2111.506681492, 1.028219034,
2111.527113222, 1.028335513,
2111.547544851, 1.028376539,
2111.567976381, 1.029107209,
2111.588408111, 1.028843248,
2111.608839741, 1.029273015,
2111.629271271, 1.030286218,
2111.649703001, 1.030687412,
2111.670134631, 1.028850458,
2111.690566361, 1.030797946,
2111.731429522, 1.028887864,
2111.751861252, 1.027742683,
2111.772292782, 1.025128757,
2111.792724412, 1.028718346,
2111.813156043, 1.029558873,
2111.833587673, 1.030272504,
2111.854019303, 1.031619608,
2111.874450934, 1.032177254,
2111.894882564, 1.019347382,
2111.915314295, 1.028865892,
2111.935745825, 1.022748846,
2111.976609187, 1.031703862,
2111.997040717, 1.028507166,
2112.017472348, 1.028823935,
2112.037904079, 1.027990478,
2112.058335710, 1.028458376,
2112.078767340, 1.029472318,
2112.099198971, 1.027907025,
2112.119630602, 1.028342572,
2112.140062233, 1.029395438,
2112.160493864, 1.031546784,
2112.180925495, 1.033745278,
2112.221788757, 1.031746665,
2112.242220388, 1.030345294,
2112.262652120, 1.031760772,
2112.283083651, 1.031097822,
2112.323947014, 1.028343510,
2112.344378545, 1.030932030,
2112.364810276, 1.032236045,
2112.385241908, 1.034572202,
2112.405673439, 1.031842425,
2112.426105171, 1.033614881,
2112.466968334, 1.029027635,
2112.487400066, 1.028724817,
2112.507831698, 1.030633724,
2112.528263329, 1.031701017,
2112.548694961, 1.031284223,
2112.569126593, 1.030739798,
2112.589558225, 1.031788836,
2112.609989857, 1.035728708,
2112.630421489, 1.033432151,
2112.650853121, 1.035447636,
2112.671284753, 1.029338052,
2112.712148118, 1.031014819,
2112.732579650, 1.029768094,
2112.753011382, 1.032890527,
2112.773443014, 1.031118620,
2112.793874547, 1.032831089,
2112.814306279, 1.031854657,
2112.834737912, 1.031687460,
2112.855169444, 1.035173155,
2112.875601177, 1.030609932,
2112.896032810, 1.034436849,
2112.916464542, 1.032254524,
2112.957327708, 1.032223065,
2112.977759441, 1.031570514,
2112.998190974, 1.030699027,
2113.018622607, 1.032259556,
2113.039054340, 1.032445112,
2113.059485873, 1.033776282,
2113.079917506, 1.034791685,
2113.100349239, 1.033195724,
2113.120780772, 1.032412563,
2113.161644139, 1.035281822,
2113.243370573, 1.032084690,
2113.263802306, 1.034489528,
2113.284233940, 1.032995618,
2113.304665573, 1.033610745,
2113.325097207, 1.032302674,
2113.345528841, 1.031180488,
2113.365960575, 1.034878441,
2113.386392109, 1.034603265,
2113.406823743, 1.035213712,
2113.427255477, 1.033854451,
2113.447687011, 1.033708181,
2113.468118645, 1.034582641,
2113.488550379, 1.036339921,
2113.508981913, 1.032179410,
2113.529413648, 1.035567618,
2113.549845282, 1.035090937,
2113.570276817, 1.036495958,
2113.590708551, 1.033765884,
2113.611140186, 1.031874084,
2113.631571720, 1.038128007,
2113.652003455, 1.036159465,
2113.692866624, 1.036667535,
2113.713298359, 1.036404959,
2113.733729994, 1.036859160,
2113.754161729, 1.033873540,
2113.774593264, 1.037728663,
2113.795024899, 1.035822042,
2113.815456534, 1.035788772,
2113.835888269, 1.034809649,
2113.856319805, 1.027147046,
2113.876751540, 1.037832821,
2113.897183075, 1.036670032,
2113.938046446, 1.034539212,
2113.958477982, 1.036059790,
2113.978909718, 1.037138113,
2113.999341353, 1.039078817,
2114.040204625, 1.036530968,
2114.060636261, 1.038490184,
2114.081067797, 1.033948998,
2114.101499533, 1.026294734,
2114.121931169, 1.038188104,
2114.142362905, 1.035274707,
2114.183226077, 1.034844588,
2114.203657814, 1.035032019,
2114.224089350, 1.038762175,
2114.244520987, 1.036911462,
2114.264952723, 1.034553032,
2114.285384260, 1.037685436,
2114.305815996, 1.037528659,
2114.326247633, 1.040158379,
2114.346679270, 1.037118177,
2114.367110907, 1.036933230,
2114.387542544, 1.037658691,
2114.428405818, 1.037121204,
2114.448837455, 1.036746084,
2114.469269092, 1.035925843,
2114.489700729, 1.037339490,
2114.510132367, 1.038094911,
2114.530564104, 1.037650097,
2114.550995641, 1.038693201,
2114.571427279, 1.039862308,
2114.591859017, 1.039599138,
2114.612290554, 1.038033537,
2114.632722192, 1.041187453,
2114.673585468, 1.038081451,
2114.694017106, 1.038046927,
2114.714448844, 1.036349395,
2114.734880382, 1.039208614,
2114.755312120, 1.038271364,
2114.775743758, 1.036115414,
2114.796175296, 1.036344059,
2114.837038673, 1.040032636,
2114.857470212, 1.038942731,
2114.877901950, 1.040419869,
2114.939196867, 1.038134141,
2114.959628506, 1.037770175,
2114.980060244, 1.037133911,
2115.000491783, 1.039301587,
2115.020923423, 1.038299091,
2115.041355162, 1.037631127,
2115.061786801, 1.039023224,
2115.082218340, 1.038998958,
2115.102650080, 1.036215772,
2115.123081719, 1.038824432,
2115.184376638, 1.039396000,
2115.204808278, 1.038657030,
2115.225239918, 1.038653926,
2115.245671558, 1.039659261,
2115.266103198, 1.040030191,
2115.286534838, 1.040099827,
2115.306966578, 1.040662267,
2115.327398118, 1.038985462,
2115.347829759, 1.040059631,
2115.368261499, 1.040821602,
2115.409124680, 1.041617975,
2115.429556421, 1.039723801,
2115.449987961, 1.042018132,
2115.470419602, 1.040025954,
2115.490851343, 1.040830751,
2115.511282884, 1.039893850,
2115.531714625, 1.040912824,
2115.552146266, 1.041065822,
2115.572577907, 1.041415545,
2115.593009549, 1.044826740,
2115.613441190, 1.037742498,
2115.654304473, 1.037703237,
2115.674736114, 1.039714774,
2115.695167756, 1.041101562,
2115.715599498, 1.042195516,
2115.736031040, 1.042513959,
2115.756462782, 1.039612176,
2115.776894424, 1.042216601,
2115.797325966, 1.043171830,
2115.817757708, 1.041588195,
2115.838189350, 1.043961582,
2115.858620892, 1.042235474,
2115.899484277, 1.042483554,
2115.919915920, 1.042231783,
2115.940347563, 1.041706689,
2115.960779105, 1.042615338,
2115.981210848, 1.042950619,
2116.001642491, 1.040939654,
2116.022074034, 1.043218246,
2116.042505777, 1.042238726,
2116.062937420, 1.040628650,
2116.083369064, 1.044628998,
2116.103800707, 1.042470238,
2116.144664094, 1.043198037,
2116.165095638, 1.040825417,
2116.185527281, 1.042929518,
2116.205959025, 1.043293657,
2116.226390669, 1.041006611,
2116.246822213, 1.042429133,
2116.267253957, 1.043347244,
2116.287685601, 1.043768471,
2116.308117245, 1.041997692,
2116.328548890, 1.041811638,
2116.348980534, 1.042990696,
2116.389843823, 1.043454016,
2116.410275468, 1.041574412,
2116.430707213, 1.045179564,
2116.451138757, 1.042612514,
2116.471570402, 1.044860192,
2116.492002147, 1.044440868,
2116.512433693, 1.040907608,
2116.532865438, 1.045710064,
2116.553297083, 1.043262315,
2116.573728628, 1.041957939,
2116.594160374, 1.047492243,
2116.635023565, 1.044578179,
2116.655455311, 1.044410106,
2116.696318603, 1.044369426,
2116.716750249, 1.041928315,
2116.737181795, 1.044268022,
2116.757613541, 1.045849984,
2116.778045187, 1.043088694,
2116.798476834, 1.043676199,
2116.818908480, 1.044139631,
2116.839340127, 1.048471476,
2116.921066814, 1.045129501,
2116.941498461, 1.044374211,
2116.961930009, 1.043097720,
2116.982361756, 1.042742505,
2117.002793403, 1.044222774,
2117.023224951, 1.044801825,
2117.043656698, 1.047578842,
2117.064088346, 1.046827248,
2117.145815038, 1.049501620,
2117.166246586, 1.045603313,
2117.186678234, 1.040777644,
2117.207109882, 1.047082125,
2117.227541531, 1.045347476,
2117.247973179, 1.045588608,
2117.268404828, 1.042397054,
2117.288836477, 1.046046211,
2117.309268226, 1.046829938,
2117.329699775, 1.044880569,
2117.390994722, 1.044713028,
2117.411426371, 1.043812217,
2117.431858121, 1.045410758,
2117.452289770, 1.044799131,
2117.472721420, 1.043469518,
2117.493153070, 1.043642373,
2117.513584720, 1.046521919,
2117.534016369, 1.043470323,
2117.554448020, 1.045319929,
2117.574879670, 1.047060848,
2117.595311420, 1.046547032,
2117.615742970, 1.045372241,
2117.636174621, 1.045322582,
2117.656606371, 1.046229120,
2117.677037922, 1.048027361,
2117.697469673, 1.047381000,
2117.717901324, 1.046572349,
2117.738332875, 1.045884729,
2117.758764626, 1.044778232,
2117.779196277, 1.043281761,
2117.799627828, 1.048893055,
2117.820059580, 1.044558904,
2117.881354535, 1.045887979,
2117.901786186, 1.046229733,
2117.922217838, 1.047306512,
2117.942649490, 1.045694700,
2117.963081143, 1.047373959,
2117.983512795, 1.046432370,
2118.003944447, 1.044109631,
2118.024376100, 1.046924838,
2118.044807752, 1.047345604,
2118.065239405, 1.044960350,
2118.106102811, 1.045981853,
2118.126534364, 1.046083684,
2118.146966117, 1.048555909,
2118.167397770, 1.047017335,
2118.187829323, 1.046079260,
2118.208261077, 1.046133124,
2118.228692730, 1.045976594,
2118.249124284, 1.048118940,
2118.269556038, 1.044487374,
2118.289987692, 1.044662683,
2118.310419446, 1.047223252,
2118.371714409, 1.045857889,
2118.392145963, 1.046838134,
2118.412577618, 1.046780366,
2118.433009372, 1.046979263,
2118.453440927, 1.047238935,
2118.473872682, 1.047490394,
2118.494304337, 1.045836165,
2118.514735892, 1.044976601,
2118.535167647, 1.046476744,
2118.555599303, 1.045783828,
2118.596462614, 1.047308737,
2118.678189237, 1.047529700,
2118.698620893, 1.044671535,
2118.719052550, 1.047113747,
2118.739484206, 1.046158510,
2118.759915863, 1.047222087,
2118.780347519, 1.045271069,
2118.800779176, 1.048486117,
2118.841642490, 1.047789307,
2118.862074247, 1.046640375,
2118.882505904, 1.047680206,
2118.902937462, 1.045533578,
2118.923369219, 1.044135557,
2118.943800877, 1.048078208,
2118.964232434, 1.046427475,
2118.984664192, 1.061377766,
2119.005095850, 1.046478771,
2119.025527408, 1.046715698,
2119.045959166, 1.047261715,
2119.107254141, 1.046657954,
2119.127685800, 1.046411943,
2119.148117559, 1.049939072,
2119.168549118, 1.045256357,
2119.188980777, 1.043262498,
2119.209412536, 1.045837610,
2119.229844095, 1.049255684,
2119.250275854, 1.044234194,
2119.270707514, 1.048369452,
2119.291139174, 1.040991258,
2119.352434053, 1.047353797,
2119.372865813, 1.047670786,
2119.393297473, 1.048017372,
2119.413729234, 1.047516323,
2119.434160794, 1.046571949,
2119.454592455, 1.057939017,
2119.475024216, 1.046328240,
2119.495455776, 1.046220924,
2119.515887437, 1.049370995,
2119.536319198, 1.045287869,
2119.577182421, 1.048464803,
2119.597614183, 1.047091439,
2119.618045744, 1.047467133,
2119.658909168, 1.047236988,
2119.679340730, 1.048942156,
2119.699772492, 1.048704372,
2119.720204154, 1.049966402,
2119.740635816, 1.047750963,
2119.761067479, 1.045172298,
2119.781499142, 1.045670771,
2119.822362467, 1.045453487,
2119.842794130, 1.047439770,
2119.863225893, 1.047409136,
2119.883657557, 1.045888220,
2119.904089120, 1.048331086,
2119.924520783, 1.045331756,
2119.944952447, 1.047652252,
2119.965384111, 1.049572662,
2119.985815875, 1.046603817,
2120.006247439, 1.043870480,
2120.026679203, 1.047909722,
2120.067542432, 1.047255831,
2120.087974196, 1.046652226,
2120.108405861, 1.047646497,
2120.128837426, 1.046649340,
2120.149269191, 1.046635753,
2120.190132621, 1.045091733,
2120.210564186, 1.048637915,
2120.230995852, 1.046691195,
2120.251427617, 1.048674227,
2120.271859183, 1.043264937,
2120.312722615, 1.046398684,
2120.333154181, 1.046939265,
2120.353585848, 1.046427359,
2120.374017614, 1.047399824,
2120.394449181, 1.044789984,
2120.414880947, 1.047131939,
2120.455744281, 1.045564243,
2120.476175948, 1.045038428,
2120.496607615, 1.044449331,
2120.517039283, 1.045688029,
2120.578334386, 1.045904223,
2120.598765954, 1.043682888,
2120.619197622, 1.043068700,
2120.639629390, 1.045588212,
2120.660060958, 1.043369659,
2120.680492627, 1.042995544,
2120.700924395, 1.044656819,
2120.721355964, 1.041794612,
2120.741787633, 1.042276604,
2120.762219402, 1.045175269,
2120.803082740, 1.044744695,
2120.823514410, 1.046261217,
2120.843945979, 1.042916211,
2120.864377749, 1.045240112,
2120.884809419, 1.041958098,
2120.905240989, 1.044312246,
2120.925672759, 1.044152186,
2120.946104429, 1.045546079,
2120.966536200, 1.044250743,
2120.986967770, 1.044373993,
2121.007399441, 1.049429933,
2121.068694454, 1.045343085,
2121.089126225, 1.044698631,
2121.129989468, 1.045621316,
2121.150421240, 1.044685757,
2121.170852912, 1.045616311,
2121.191284584, 1.042807932,
2121.211716256, 1.046304896,
2121.232147928, 1.045815228,
2121.252579600, 1.045533752,
2121.273011273, 1.046535997,
2121.293442946, 1.047937024,
2121.313874619, 1.045087598,
2121.334306292, 1.045249673,
2121.354738065, 1.045167164,
2121.375169638, 1.046595726,
2121.395601311, 1.047275993,
2121.416033085, 1.046336338,
2121.436464659, 1.047720068,
2121.456896333, 1.047000183,
2121.477328107, 1.044865808,
2121.497759681, 1.043345873,
2121.538623130, 1.044746630,
2121.559054704, 1.044599221,
2121.579486479, 1.042943566,
2121.599918154, 1.043764981,
2121.620349829, 1.044956716,
2121.640781504, 1.042821383,
2121.661213179, 1.042483485,
2121.681644855, 1.041675647,
2121.702076531, 1.046217225,
2121.722508206, 1.045678432,
2121.742939982, 1.045432018,
2121.783803235, 1.045506592,
2121.804235011, 1.045254330,
2121.824666688, 1.042595009,
2121.845098264, 1.044508503,
2121.865530041, 1.043925186,
2121.906393295, 1.044008846,
2121.926825073, 1.044232220,
2121.947256750, 1.040369835,
2121.967688428, 1.035891012,
2121.988120106, 1.042413363,
2122.049415140, 1.044927619,
2122.069846718, 1.044428013,
2122.090278497, 1.044941762,
2122.131141954, 1.043856684,
2122.151573533, 1.044943843,
2122.172005212, 1.044363174,
2122.192436992, 1.041682157,
2122.212868571, 1.039889978,
2122.233300251, 1.046387855,
2122.274163711, 1.043946130,
2122.294595291, 1.043965320,
2122.315027071, 1.043883077,
2122.335458751, 1.043120278,
2122.355890432, 1.043933737,
2122.376322113, 1.046181935,
2122.396753793, 1.044370634,
2122.417185474, 1.041631585,
2122.437617156, 1.042582665,
2122.458048837, 1.045533826,
2122.478480618, 1.044310488,
2122.519343982, 1.043169405,
2122.539775664, 1.043212610,
2122.560207246, 1.043649734,
2122.580639028, 1.040262761,
2122.601070711, 1.044559567,
2122.621502293, 1.045059645,
2122.641934076, 1.043508323,
2122.662365659, 1.048055952,
2122.682797442, 1.052015330,
2122.703229126, 1.045191205,
2122.723660709, 1.044086731,
2122.784955760, 1.043418270,
2122.805387544, 1.044673398,
2122.825819228, 1.043180399,
2122.866682597, 1.043190518,
2122.887114282, 1.040648011,
2122.907546067, 1.042397909,
2122.927977752, 1.043950989,
2122.948409337, 1.042002779,
2122.968841123, 1.044261404,
2123.030136180, 1.041254721,
2123.050567866, 1.039221000,
2123.070999652, 1.043587242,
2123.091431238, 1.042747263,
2123.111862925, 1.044296415,
2123.132294712, 1.037078942,
2123.152726298, 1.042206606,
2123.173157985, 1.043244464,
2123.193589773, 1.043469069,
2123.214021360, 1.041079429,
2123.275316423, 1.043103419,
2123.295748211, 1.046450452,
2123.316179799, 1.044140110,
2123.336611488, 1.041925953,
2123.357043276, 1.041754150,
2123.377474865, 1.042893331,
2123.397906554, 1.041319406,
2123.418338343, 1.045559103,
2123.438769932, 1.042893698,
2123.459201721, 1.045947814,
2123.500065101, 1.041203780,
2123.520496790, 1.043958542,
2123.540928480, 1.044562889,
2123.561360171, 1.041648641,
2123.581791861, 1.043309636,
2123.602223552, 1.042204540,
2123.622655342, 1.043492084,
2123.643087033, 1.044707870,
2123.663518624, 1.042035482,
2123.683950416, 1.045717831,
2123.704382107, 1.044577378,
2123.745245490, 1.043316049,
2123.765677182, 1.042970660,
2123.786108774, 1.043351202,
2123.806540567, 1.042942995,
2123.826972259, 1.042399690,
2123.847404052, 1.040863711,
2123.867835645, 1.038812336,
2123.888267338, 1.043625352,
2123.908699031, 1.042809639,
2123.929130724, 1.041675940,
2123.949562418, 1.043483114,
2123.990425805, 1.041299865,
2124.010857599, 1.041723801,
2124.031289193, 1.043789290,
2124.051720888, 1.040846815,
2124.072152682, 1.042168844,
2124.092584277, 1.044911986,
2124.113015972, 1.043163995,
2124.133447767, 1.045243015,
2124.153879462, 1.042381014,
2124.174311058, 1.045092362,
2124.194742853, 1.045536509,
2124.235606245, 1.041408435,
2124.256037941, 1.042251003,
2124.276469638, 1.043215724,
2124.296901434, 1.041980950,
2124.317333031, 1.042013819,
2124.337764728, 1.043170573,
2124.378628122, 1.039037464,
2124.399059920, 1.041102837,
2124.419491617, 1.042241196,
2124.439923215, 1.042249105,
2124.480786711, 1.042470154,
2124.501218309, 1.041365799,
2124.521650108, 1.042364869,
2124.542081806, 1.042204818,
2124.562513505, 1.041472926,
2124.582945204, 1.040679968,
2124.603376904, 1.042694780,
2124.623808603, 1.042575034,
2124.644240303, 1.045184659,
2124.664672002, 1.041235733,
2124.685103702, 1.045845832,
2124.746398803, 1.040816501,
2124.766830504, 1.042179015,
2124.787262305, 1.041199821,
2124.807694006, 1.043828471,
2124.828125607, 1.042170881,
2124.848557409, 1.041585403,
2124.868989110, 1.041964284,
2124.889420712, 1.038663531,
2124.909852514, 1.042483412,
2124.930284216, 1.044420341,
2124.991579324, 1.040291709,
2125.012011127, 1.041724725,
2125.032442730, 1.039446643,
2125.052874433, 1.039724238,
2125.073306237, 1.040451793,
2125.093737840, 1.039573955,
2125.114169544, 1.041976779,
2125.134601348, 1.043160908,
2125.155032952, 1.039734960,
2125.175464757, 1.042148089,
2125.195896461, 1.041535712,
2125.216328066, 1.041838393,
2125.236759871, 1.042396356,
2125.257191576, 1.043356706,
2125.277623282, 1.038884947,
2125.298054987, 1.042183057,
2125.318486693, 1.041796109,
2125.338918399, 1.048254867,
2125.359350105, 1.043644712,
2125.379781812, 1.043350270,
2125.400213518, 1.045113093,
2125.420645225, 1.043527095,
2125.461508639, 1.041362756,
2125.481940346, 1.041357520,
2125.502372153, 1.040935609,
2125.522803861, 1.041234994,
2125.543235469, 1.042812320,
2125.563667277, 1.041273969,
2125.584098985, 1.043141582,
2125.604530594, 1.043652615,
2125.624962402, 1.040805233,
2125.645394111, 1.041994049,
2125.665825720, 1.044351122,
2125.706689239, 1.043103909,
2125.727121048, 1.043347837,
2125.747552658, 1.040103511,
2125.767984368, 1.042320229,
2125.788416178, 1.041863839,
2125.808847789, 1.041362475,
2125.829279499, 1.040701784,
2125.849711310, 1.042958919,
2125.870142921, 1.040777669,
2125.890574732, 1.043511265,
2125.911006444, 1.042679752,
2125.951869867, 1.041261414,
2125.972301479, 1.042439477,
2125.992733291, 1.042121392,
2126.013165004, 1.039943436,
2126.033596716, 1.038989125,
2126.054028329, 1.041161944,
2126.074460142, 1.041342023,
2126.094891855, 1.043945666,
2126.115323568, 1.038382535,
2126.135755282, 1.044032911,
2126.156186996, 1.041122291,
2126.197050424, 1.041258495,
2126.217482138, 1.043931030,
2126.237913953, 1.041842080,
2126.258345568, 1.042783933,
2126.278777382, 1.041043336,
2126.299209098, 1.041608215,
2126.319640713, 1.042668702,
2126.340072529, 1.041185990,
2126.360504244, 1.042907885,
2126.380935860, 1.039246784,
2126.401367676, 1.040760660,
2126.442231009, 1.042159484,
2126.462662826, 1.039915290,
2126.483094543, 1.039897533,
2126.503526360, 1.040488593,
2126.523957978, 1.043706386,
2126.544389695, 1.039599541,
2126.564821513, 1.040069968,
2126.585253231, 1.040989130,
2126.605684849, 1.045466466,
2126.626116568, 1.038531417,
2126.646548386, 1.040116355,
2126.687411824, 1.041056151,
2126.707843444, 1.040032331,
2126.728275263, 1.042315503,
2126.748706983, 1.041615048,
2126.769138603, 1.041060317,
2126.789570423, 1.038857324,
2126.810002143, 1.038854234,
2126.830433963, 1.040670103,
2126.850865584, 1.043469048,
2126.871297305, 1.038925965,
2126.891729126, 1.039790552,
2126.953024291, 1.041815580,
2126.973455913, 1.042580500,
2126.993887635, 1.041054204,
2127.014319457, 1.038995981,
2127.034751080, 1.039660842,
2127.055182902, 1.039496613,
2127.075614625, 1.039894398,
2127.116478072, 1.039498451,
2127.136909796, 1.042144542,
2127.198204968, 1.037131073,
2127.218636792, 1.041813471,
2127.239068417, 1.039613348,
2127.259500142, 1.040745679,
2127.279931867, 1.040201516,
2127.300363592, 1.039677548,
2127.320795318, 1.041213429,
2127.341227143, 1.042285642,
2127.361658769, 1.039519856,
2127.382090496, 1.041517974,
2127.422953949, 1.040591654,
2127.443385775, 1.040843273,
2127.463817502, 1.047973806,
2127.484249130, 1.041922629,
2127.504680957, 1.038670250,
2127.525112685, 1.040207506,
2127.545544313, 1.038945555,
2127.565976141, 1.042931574,
2127.586407869, 1.037512946,
2127.606839698, 1.038708425,
2127.627271327, 1.039126108,
2127.688566514, 1.039835864,
2127.708998244, 1.039708220,
2127.729430074, 1.040787714,
2127.749861704, 1.040451692,
2127.770293534, 1.041484596,
2127.790725264, 1.038663039,
2127.811156995, 1.039447922,
2127.831588726, 1.039235646,
2127.852020457, 1.041954423,
2127.872452189, 1.038959878,
2127.913315652, 1.040195454,
2127.933747384, 1.039795143,
2127.954179116, 1.041164473,
2127.974610849, 1.039830293,
2127.995042681, 1.039631911,
2128.015474314, 1.037475067,
2128.035906047, 1.037007560,
2128.056337881, 1.035178824,
2128.097201248, 1.032069550,
2128.117633082, 1.039790112,
2128.158496551, 1.038608283,
2128.178928286, 1.037007158,
2128.199359920, 1.038424191,
2128.219791756, 1.037847547,
2128.240223491, 1.036271368,
2128.260655126, 1.038536031,
2128.281086962, 1.037165494,
2128.301518698, 1.039828728,
2128.321950335, 1.036261961,
2128.342382171, 1.036458953,
2128.362813908, 1.039517611,
2128.424109119, 1.039447213,
2128.444540957, 1.038366632,
2128.464972695, 1.039526163,
2128.485404333, 1.040130791,
2128.505836171, 1.038598762,
2128.526267909, 1.038900124,
2128.546699648, 1.033287849,
2128.567131387, 1.035183986,
2128.587563126, 1.038679997,
2128.607994866, 1.040120346,
2128.628426605, 1.038158084,
2128.648858345, 1.036734011,
2128.669290085, 1.037873246,
2128.689721826, 1.038607311,
2128.710153666, 1.129761532,
2128.730585307, 1.037901720,
2128.751017048, 1.036460043,
2128.771448889, 1.036011135,
2128.791880531, 1.034365850,
2128.812312272, 1.037029003,
2128.832744114, 1.034812764,
2128.853175757, 1.020639781,
2128.914470984, 1.037803588,
2128.934902827, 1.038902050,
2128.955334571, 1.039913766,
2128.975766314, 1.039615099,
2128.996198058, 1.041880097,
2129.016629802, 1.036291227,
2129.037061546, 1.036466674,
2129.057493291, 1.037410339,
2129.077925036, 1.036485700,
2129.098356880, 1.034683718,
2129.159652117, 1.036975566,
2129.180083862, 1.037554590,
2129.200515509, 1.038928550,
2129.220947355, 1.035067513,
2129.241379102, 1.037137077,
2129.261810848, 1.040692717,
2129.282242595, 1.038173353,
2129.302674343, 1.039981681,
2129.323106090, 1.037765164,
2129.343537838, 1.032298065,
2129.384401334, 1.038978947,
2129.404833083, 1.038860954,
2129.425264731, 1.038388304,
2129.445696580, 1.037356207,
2129.466128329, 1.037426274,
2129.486560179, 1.037710544,
2129.506991829, 1.034504192,
2129.527423578, 1.038840536,
2129.547855428, 1.033856061,
2129.568287079, 1.034831619,
2129.588718830, 1.034088427,
2129.650014183, 1.039235597,
2129.670445934, 1.039108983,
2129.690877686, 1.037868154,
2129.711309438, 1.037500607,
2129.731741190, 1.037133312,
2129.752172943, 1.037032152,
2129.772604696, 1.036401455,
2129.793036449, 1.037883766,
2129.813468202, 1.034194432,
2129.833900055, 1.033675208,
2129.874763563, 1.036798897,
2129.895195317, 1.037743295,
2129.915626972, 1.037713247,
2129.936058826, 1.037845114,
2129.956490581, 1.037655613,
2129.976922237, 1.034187425,
2129.997354092, 1.036274195,
2130.017785748, 1.035932332,
2130.038217604, 1.036809245,
2130.058649360, 1.036685979,
2130.079081016, 1.037197825,
2130.119944630, 1.037339361,
2130.140376287, 1.039021919,
2130.160808144, 1.037543234,
2130.181239902, 1.033186525,
2130.201671760, 1.034836451,
2130.222103418, 1.034017658,
2130.242535176, 1.035322230,
2130.262967035, 1.033373534,
2130.283398694, 1.028462089,
2130.303830453, 1.033049479,
2130.324262312, 1.030622939,
2130.365125731, 1.036463937,
2130.385557591, 1.035986511,
2130.405989352, 1.037567087,
2130.426421112, 1.037079329,
2130.446852873, 1.035089778,
2130.467284634, 1.034756015,
2130.487716496, 1.036830744,
2130.508148157, 1.033171074,
2130.528579919, 1.034728534,
2130.549011781, 1.028686926,
2130.569443443, 1.031266944,
2130.630738732, 1.038908502,
2130.651170595, 1.036909907,
2130.671602259, 1.034658711,
2130.692034022, 1.034732633,
2130.712465887, 1.036909423,
2130.732897551, 1.033137199,
2130.753329415, 1.036901337,
2130.773761180, 1.035805731,
2130.794192845, 1.032838211,
2130.814624711, 1.033632139,
2130.875920008, 1.039033003,
2130.896351775, 1.038268783,
2130.916783541, 1.036921033,
2130.937215308, 1.038158778,
2130.957647075, 1.038008852,
2130.978078942, 1.035914575,
2130.998510710, 1.037577214,
2131.018942378, 1.036402726,
2131.039374246, 1.038804347,
2131.059806014, 1.037842420,
2131.121101321, 1.038494340,
2131.141533090, 1.039552138,
2131.161964860, 1.038421629,
2131.202828500, 1.038050731,
2131.223260171, 1.037105593,
2131.243691941, 1.037436137,
2131.264123712, 1.035685293,
2131.284555483, 1.039954022,
2131.304987355, 1.038029896,
2131.366282671, 1.036336284,
2131.386714343, 1.038346601,
2131.407146116, 1.040073106,
2131.427577989, 1.040114716,
2131.448009662, 1.039544817,
2131.468441436, 1.039484101,
2131.488873310, 1.038555709,
2131.509304984, 1.040090024,
2131.529736858, 1.039463136,
2131.550168632, 1.038213356,
2131.591032182, 1.038097454,
2131.611463958, 1.040458326,
2131.631895733, 1.040842548,
2131.652327609, 1.038715492,
2131.672759285, 1.039198919,
2131.693191162, 1.038334701,
2131.713622938, 1.038166078,
2131.754486493, 1.039371972,
2131.774918270, 1.040891026,
2131.795349948, 1.037528417,
2131.856645482, 1.040166625,
2131.877077161, 1.038537354,
2131.897508940, 1.039282057,
2131.938372499, 1.039866389,
2131.958804279, 1.039808261,
2131.979236059, 1.040919271,
2131.999667839, 1.040702293,
2132.020099620, 1.040840167,
2132.040531401, 1.038868297,
2132.060963182, 1.041395613,
2132.081395063, 1.041896188,
2132.101826745, 1.041980393,
2132.122258527, 1.041494948,
2132.142690409, 1.042109836,
2132.163122092, 1.041234079,
2132.183553874, 1.041575345,
2132.203985757, 1.037406823,
2132.224417541, 1.040605217,
2132.244849324, 1.039638571,
2132.265281108, 1.040321952,
2132.285712892, 1.040370025,
2132.326576461, 1.042923361,
2132.347008246, 1.039888059,
2132.367440131, 1.043394477,
2132.387871817, 1.040381617,
2132.408303702, 1.043186819,
2132.428735488, 1.039757658,
2132.449167175, 1.040529823,
2132.469599061, 1.040648084,
2132.490030848, 1.040859210,
2132.510462535, 1.041800377,
2132.530894422, 1.040675743,
2132.571757898, 1.041516830,
2132.592189786, 1.042768516,
2132.612621574, 1.041544315,
2132.633053363, 1.040792894,
2132.653485152, 1.044546310,
2132.673916841, 1.041311724,
2132.694348731, 1.041880667,
2132.714780521, 1.042544972,
2132.735212311, 1.041880458,
2132.755644101, 1.044636538,
2132.776075891, 1.039954266,
2132.837371265, 1.043435963,
2132.857803157, 1.041634020,
2132.878234949, 1.041721580,
2132.898666641, 1.043774953,
2132.919098533, 1.042643935,
2132.939530326, 1.041361289,
2132.959962119, 1.042612502,
2132.980393913, 1.043237459,
2133.000825706, 1.041551888,
2133.021257600, 1.041209160,
2133.082552984, 1.043415210,
2133.102984679, 1.043559752,
2133.123416574, 1.044427024,
2133.143848370, 1.045584659,
2133.164280065, 1.045090056,
2133.184711962, 1.044681967,
2133.205143758, 1.042768912,
2133.225575455, 1.043740426,
2133.246007352, 1.041498788,
2133.266439149, 1.042279947,
2133.307302744, 1.044193979,
2133.327734442, 1.044399636,
2133.348166341, 1.043790492,
2133.368598139, 1.044726895,
2133.389029838, 1.044746817,
2133.409461738, 1.044921569,
2133.429893537, 1.044507386,
2133.450325337, 1.042903265,
2133.470757137, 1.042874649,
2133.491188937, 1.044128652,
2133.511620838, 1.044107690,
2133.552484340, 1.044769743,
2133.572916241, 1.044890441,
2133.593348043, 1.044666034,
2133.613779745, 1.040845554,
2133.634211647, 1.045894316,
2133.675075353, 1.044274865,
2133.695507056, 1.044375753,
2133.715938860, 1.043187499,
2133.736370763, 1.044820567,
2133.756802467, 1.044480479,
2133.777234272, 1.045184350,
2133.797666176, 1.045712479,
2133.818097881, 1.043444922,
2133.858961592, 1.044056431,
2133.879393298, 1.044954875,
2133.920257010, 1.045178044,
2133.940688717, 1.043439280,
2133.961120623, 1.045205575,
2133.981552331, 1.040426249,
2134.001984238, 1.042833096,
2134.063279662, 1.046616642,
2134.083711471, 1.046219961,
2134.104143280, 1.045749300,
2134.124575089, 1.044574865,
2134.145006898, 1.044324265,
2134.165438708, 1.047970026,
2134.185870518, 1.044339071,
2134.206302329, 1.044885412,
2134.226734139, 1.045263422,
2134.247166050, 1.044510260,
2134.267597761, 1.044864062,
2134.288029673, 1.044928185,
2134.308461485, 1.045033271,
2134.328893197, 1.044382536,
2134.349325109, 1.046564769,
2134.369756922, 1.045013956,
2134.390188635, 1.044754487,
2134.410620548, 1.044784765,
2134.431052362, 1.044848168,
2134.451484276, 1.045119734,
2134.471915990, 1.049372720,
2134.492347804, 1.043554260,
2134.553643249, 1.045160477,
2134.574075065, 1.042492169,
2134.594506881, 1.045134503,
2134.614938797, 1.044491166,
2134.635370613, 1.044447425,
2134.655802330, 1.045213632,
2134.676234247, 1.047790686,
2134.696665965, 1.047139498,
2134.717097782, 1.047253652,
2134.737529700, 1.046551769,
2134.798825156, 1.044502474,
2134.819256975, 1.044149672,
2134.839688795, 1.046013558,
2134.860120614, 1.047443729,
2134.880552434, 1.047500126,
2134.900984355, 1.046101003,
2134.921416075, 1.042787260,
2134.941847896, 1.046034982,
2134.962279818, 1.046687964,
2134.982711539, 1.045599972,
2135.044007006, 1.048332389,
2135.064438928, 1.047049071,
2135.084870751, 1.045024652,
2135.105302475, 1.046593484,
2135.125734398, 1.045027445,
2135.146166222, 1.046942752,
2135.166598146, 1.043886272,
2135.187029871, 1.044312284,
2135.207461696, 1.046570587,
2135.227893621, 1.048174596,
2135.268757172, 1.044439039,
2135.289189098, 1.045804088,
2135.309620825, 1.044769136,
2135.330052651, 1.047886008,
2135.350484478, 1.047041495,
2135.370916305, 1.046092433,
2135.391348233, 1.046570747,
2135.411780061, 1.045779263,
2135.432211789, 1.045036694,
2135.452643718, 1.047043550,
2135.473075546, 1.047092309,
2135.534371034, 1.047485117,
2135.554802964, 1.047384599,
2135.575234695, 1.048415872,
2135.595666525, 1.045117686,
2135.616098456, 1.046021564,
2135.636530187, 1.047173053,
2135.656962019, 1.047324630,
2135.677393951, 1.046945072,
2135.697825683, 1.046373534,
2135.718257615, 1.046650759,
2135.779553115, 1.045847565,
2135.799984948, 1.047379758,
2135.820416682, 1.047289854,
2135.840848616, 1.048492946,
2135.861280451, 1.046611803,
2135.881712286, 1.045819439,
2135.902144121, 1.048149215,
2135.922575957, 1.046434814,
2135.943007893, 1.046036680,
2135.963439629, 1.046564947,
2135.983871465, 1.046465502,
2136.004303302, 1.044289691,
2136.045166976, 1.047980582,
2136.065598914, 1.047981823,
2136.086030652, 1.048674986,
2136.106462590, 1.047145808,
2136.126894429, 1.049048057,
2136.147326168, 1.048593145,
2136.167758107, 1.049142228,
2136.188189947, 1.052500622,
2136.208621687, 1.053195974,
2136.249485467, 1.046939209,
2136.269917408, 1.045615188,
2136.290349149, 1.046287009,
2136.310780991, 1.050318854,
2136.331212932, 1.049294316,
2136.351644674, 1.049015319,
2136.372076517, 1.052086153,
2136.392508459, 1.051471787,
2136.412940202, 1.049464529,
2136.433372046, 1.049873302,
2136.453803989, 1.042654688,
2136.515099522, 1.047928883,
2136.535531367, 1.046092494,
2136.555963212, 1.046237010,
2136.576395058, 1.048381906,
2136.596826903, 1.048664663,
2136.617258750, 1.048289153,
2136.637690596, 1.049604325,
2136.658122443, 1.049827688,
2136.678554290, 1.048250589,
2136.698986137, 1.051798627,
2136.760281682, 1.046528468,
2136.780713630, 1.047734595,
2136.801145379, 1.047212988,
2136.821577329, 1.046333816,
2136.842009178, 1.046618917,
2136.862440928, 1.048992914,
2136.903304729, 1.049066189,
2136.923736480, 1.050268539,
2136.944168431, 1.048326005,
2137.005463987, 1.047638835,
2137.025895839, 1.047191202,
2137.046327792, 1.047577011,
2137.066759545, 1.048142611,
2137.087191399, 1.046742574,
2137.107623353, 1.048524195,
2137.128055107, 1.048361472,
2137.148486961, 1.048018396,
2137.168918916, 1.048488028,
2137.189350771, 1.047205690,
2137.250646338, 1.046898982,
2137.271078195, 1.047260174,
2137.291510052, 1.049749701,
2137.311941909, 1.048488659,
2137.332373766, 1.049648706,
2137.352805624, 1.049570057,
2137.373237482, 1.050721642,
2137.393669340, 1.049761329,
2137.414101199, 1.053671370,
2137.434533158, 1.052119574,
2137.495828737, 1.049979355,
2137.516260497, 1.047028584,
2137.536692458, 1.046272640,
2137.557124319, 1.050080500,
2137.577556080, 1.048152453,
2137.597988041, 1.048490698,
2137.618419903, 1.048749059,
2137.638851666, 1.050670792,
2137.659283628, 1.051437997,
2137.679715491, 1.050715821,
2137.720579218, 1.048241655,
2137.741011082, 1.048057963,
2137.761443046, 1.048259438,
2137.781874811, 1.048384759,
2137.802306675, 1.049510324,
2137.822738641, 1.049630268,
2137.843170406, 1.050020606,
2137.863602272, 1.051961256,
2137.884034238, 1.050346281,
2137.904466105, 1.051946966,
2137.924897972, 1.051418843,
2137.965761607, 1.048088709,
2137.986193574, 1.049820092,
2138.006625443, 1.050706023,
2138.027057211, 1.052326674,
2138.047489180, 1.049832483,
2138.067921049, 1.052821333,
2138.088353019, 1.050929468,
2138.108784788, 1.048279973,
2138.129216659, 1.052852951,
2138.149648629, 1.051849117,
2138.170080400, 1.053869422,
2138.231376015, 1.048873958,
2138.251807987, 1.050442023,
2138.272239859, 1.050736718,
2138.292671632, 1.049784473,
2138.313103605, 1.051990083,
2138.333535479, 1.046876054,
2138.353967253, 1.048395144,
2138.374399227, 1.048053824,
2138.415262976, 1.048762642,
2138.435694852, 1.048780505,
2138.456126727, 1.049915873,
2138.476558703, 1.052134381,
2138.496990479, 1.048786504,
2138.517422356, 1.050194883,
2138.537854333, 1.051150701,
2138.558286210, 1.048296107,
2138.578717988, 1.051447141,
2138.599149965, 1.049880389,
2138.619581744, 1.050375758,
2138.640013722, 1.052468176,
2138.660445601, 1.050766579,
2138.721741240, 1.048644050,
2138.742173020, 1.047941216,
2138.762605001, 1.048768072,
2138.783036882, 1.048971084,
