BJD - 2454833, Corrected Flux
2146.452738904, 0.991526660,
2146.473171222, 0.991631191,
2146.514035555, 0.991312126,
2146.534467871, 0.991342438,
2146.554899986, 0.991364064,
2146.575332200, 0.991290154,
2146.595764515, 0.991185458,
2146.616196628, 0.991199304,
2146.636628841, 0.991173438,
2146.657061054, 0.991348381,
2146.677493266, 0.991567828,
2146.697925578, 0.991157011,
2146.718357689, 0.991217857,
2146.738789899, 0.991241791,
2146.759222209, 0.991242778,
2146.779654419, 0.991185026,
2146.800086527, 0.991265907,
2146.840951043, 0.991261675,
2146.881815458, 0.991130666,
2146.902247664, 0.991062699,
2146.922679769, 0.991274725,
2146.943112075, 0.991247462,
2146.963544280, 0.991185082,
2147.004408688, 0.991170053,
2147.024840891, 0.991211347,
2147.045272993, 0.991089882,
2147.065705295, 0.990955492,
2147.086137497, 0.990867973,
2147.106569698, 0.990827585,
2147.127001898, 0.990933054,
2147.147434098, 0.990764241,
2147.167866398, 0.990772786,
2147.188298497, 0.990598645,
2147.208730695, 0.990656158,
2147.229162993, 0.990632941,
2147.249595190, 0.990558232,
2147.270027287, 0.990561946,
2147.310891779, 0.990713521,
2147.331323874, 0.990634734,
2147.351756169, 0.990548682,
2147.372188264, 0.990594332,
2147.392620457, 0.990700123,
2147.433484843, 0.990666908,
2147.494781418, 0.990394189,
2147.515213608, 0.990550004,
2147.535645898, 0.990465337,
2147.556077988, 0.990688948,
2147.576510177, 0.990531586,
2147.617374654, 0.990634221,
2147.637806741, 0.990574671,
2147.658239028, 0.990484799,
2147.678671214, 0.990528157,
2147.699103401, 0.990587604,
2147.719535586, 0.990569845,
2147.739967771, 0.990473482,
2147.760400055, 0.990499272,
2147.780832139, 0.990327717,
2147.801264322, 0.990389379,
2147.821696605, 0.990489603,
2147.842128687, 0.990339266,
2147.862560869, 0.990337434,
2147.882993150, 0.990368095,
2147.903425231, 0.990464999,
2147.923857411, 0.990516804,
2147.944289691, 0.990618275,
2147.985153948, 0.990598279,
2148.005586227, 0.990503479,
2148.026018304, 0.990406855,
2148.046450481, 0.990530002,
2148.066882758, 0.990581113,
2148.087314934, 0.990603562,
2148.107747010, 0.990600198,
2148.128179285, 0.990574699,
2148.148611359, 0.990461952,
2148.169043533, 0.990526093,
2148.189475807, 0.990543042,
2148.209907879, 0.990411034,
2148.230340052, 0.990438064,
2148.250772324, 0.990602032,
2148.271204395, 0.990328569,
2148.291636666, 0.990539196,
2148.312068837, 0.990574544,
2148.332500907, 0.990587840,
2148.352933176, 0.990680317,
2148.373365345, 0.990618008,
2148.393797413, 0.990769163,
2148.414229681, 0.990444191,
2148.495958347, 0.990326551,
2148.516390512, 0.990079506,
2148.536822677, 0.990222991,
2148.557254841, 0.990113979,
2148.577687005, 0.990319282,
2148.598119268, 0.990157551,
2148.618551331, 0.990226796,
2148.638983493, 0.990491749,
2148.659415755, 0.990424601,
2148.679847816, 0.990500507,
2148.700279976, 0.990502769,
2148.720712237, 0.990407669,
2148.741144296, 0.990658207,
2148.761576455, 0.990457815,
2148.782008714, 0.990634233,
2148.802440772, 0.990457133,
2148.822872929, 0.990421933,
2148.843305186, 0.990554070,
2148.863737243, 0.990357461,
2148.884169499, 0.990622142,
2148.904601555, 0.990498203,
2148.925033710, 0.990610102,
2148.945465964, 0.990722386,
2148.965898018, 0.990699407,
2148.986330172, 0.990684792,
2149.006762424, 0.990768998,
2149.027194577, 0.991039979,
2149.047626629, 0.990962791,
2149.068058881, 0.990799857,
2149.088491032, 0.990906632,
2149.108923082, 0.990782380,
2149.129355332, 0.990726216,
2149.170219530, 0.990487732,
2149.190651779, 0.990601047,
2149.211083927, 0.990494948,
2149.231515974, 0.990551443,
2149.272380367, 0.990529429,
2149.292812513, 0.990439336,
2149.313244659, 0.990490003,
2149.333676803, 0.990486083,
2149.374541092, 0.990611715,
2149.394973235, 0.990425901,
2149.456269662, 0.991051058,
2149.476701903, 0.990403593,
2149.517566084, 0.990506799,
2149.537998324, 0.990446557,
2149.558430463, 0.990463135,
2149.578862502, 0.990346455,
2149.599294740, 0.990472707,
2149.619726778, 0.990383484,
2149.640158915, 0.990352456,
2149.660591152, 0.990549341,
2149.681023188, 0.990353702,
2149.701455324, 0.990420937,
2149.721887559, 0.990363726,
2149.742319594, 0.990425753,
2149.762751728, 0.990412853,
2149.783183962, 0.990456660,
2149.803615995, 0.990278882,
2149.824048128, 0.990321318,
2149.844480361, 0.990415192,
2149.864912492, 0.990500734,
2149.905776754, 0.990444911,
2149.946640914, 0.990612186,
2149.967073143, 0.990561900,
2149.987505272, 0.990445988,
2150.007937300, 0.990415618,
2150.028369528, 0.990552709,
2150.048801655, 0.990358011,
2150.069233882, 0.990234303,
2150.110098034, 0.990331778,
2150.130530259, 0.990373089,
2150.150962284, 0.990363795,
2150.171394408, 0.990200920,
2150.191826632, 0.990383429,
2150.212258655, 0.990220641,
2150.232690778, 0.990233758,
2150.253123000, 0.990227258,
2150.273555122, 0.990062267,
2150.293987143, 0.990216768,
2150.314419363, 0.990048010,
2150.334851484, 0.989971761,
2150.355283504, 0.990160790,
2150.375715723, 0.990329170,
2150.416579860, 0.990049268,
2150.437012077, 0.990075430,
2150.457444094, 0.989943991,
2150.477876211, 0.989571430,
2150.498308428, 0.989847709,
2150.518740443, 0.990127646,
2150.539172559, 0.990083194,
2150.559604773, 0.990037040,
2150.580036788, 0.989662593,
2150.600468901, 0.989441105,
2150.620901114, 0.989303810,
2150.641333127, 0.989111384,
2150.682197452, 0.990574579,
2150.702629563, 0.990507290,
2150.723061673, 0.990405371,
2150.743493783, 0.990694221,
2150.763925893, 0.990699716,
2150.784358103, 0.990690888,
2150.804790111, 0.990562964,
2150.825222220, 0.990576608,
2150.845654428, 0.990578384,
2150.866086435, 0.990519245,
2150.886518542, 0.990463934,
2150.906950748, 0.990573273,
2150.927382754, 0.990767639,
2150.947814859, 0.990545853,
2150.968247064, 0.990712671,
2151.009111172, 0.990583549,
2151.029543276, 0.990679306,
2151.049975379, 0.990745690,
2151.070407481, 0.990555161,
2151.090839683, 0.990727200,
2151.111271684, 0.990744879,
2151.131703785, 0.990312250,
2151.152135985, 0.990607761,
2151.172567985, 0.990406835,
2151.193000085, 0.990600007,
2151.213432284, 0.990571581,
2151.233864282, 0.990585128,
2151.274728577, 0.990683147,
2151.295160574, 0.990669490,
2151.315592771, 0.990651887,
2151.336024867, 0.990481670,
2151.356456863, 0.990566927,
2151.376889058, 0.990620315,
2151.397321152, 0.990646570,
2151.417753146, 0.990612918,
2151.438185340, 0.990852350,
2151.458617433, 0.990729927,
2151.479049425, 0.990699996,
2151.499481617, 0.990731163,
2151.519913709, 0.990706440,
2151.540345800, 0.990798044,
2151.560777890, 0.990734520,
2151.581209981, 0.990709664,
2151.601642070, 0.990581988,
2151.622074259, 0.990687059,
2151.642506248, 0.990807634,
2151.662938336, 0.990837507,
2151.683370524, 0.990834559,
2151.703802511, 0.990735066,
2151.724234598, 0.990740640,
2151.744666784, 0.990832466,
2151.785530855, 0.990888606,
2151.805963039, 0.990862067,
2151.826395024, 0.990847892,
2151.846827108, 0.990773345,
2151.867259191, 0.991022132,
2151.908123456, 0.990986367,
2151.928555438, 0.990914673,
2151.948987519, 0.990851301,
2151.969419700, 0.991107795,
2151.989851781, 0.990918914,
2152.010283760, 0.991000940,
2152.030715940, 0.991077636,
2152.051148019, 0.990965681,
2152.071579997, 0.990987049,
2152.092012175, 0.990900721,
2152.112444252, 0.991104493,
2152.132876230, 0.991038676,
2152.153308406, 0.990944003,
2152.173740482, 0.991091196,
2152.194172458, 0.991063569,
2152.214604633, 0.991200692,
2152.235036707, 0.991244147,
2152.255468681, 0.991012209,
2152.275900855, 0.991264348,
2152.296332928, 0.991167386,
2152.316764901, 0.991177000,
2152.337197073, 0.991059345,
2152.357629144, 0.991128115,
2152.378061216, 0.991268478,
2152.398493286, 0.991376089,
2152.418925357, 0.991160294,
2152.439357427, 0.991203027,
2152.459789595, 0.991201255,
2152.480221564, 0.991199797,
2152.500653733, 0.991113955,
2152.521085801, 0.991223114,
2152.541517768, 0.991233529,
2152.561949935, 0.991271424,
2152.582382001, 0.991114551,
2152.602813967, 0.991277634,
2152.623246132, 0.991338681,
2152.643678097, 0.991249340,
2152.664110162, 0.991435880,
2152.684542326, 0.991176419,
2152.704974289, 0.991391334,
2152.745838515, 0.991305190,
2152.766270477, 0.991371794,
2152.786702539, 0.991305230,
2152.807134700, 0.991509112,
2152.827566760, 0.991306727,
2152.847998720, 0.991317576,
2152.868430880, 0.991435591,
2152.888862940, 0.991476327,
2152.909294898, 0.991518421,
2152.929727056, 0.991575360,
2152.950159114, 0.991307851,
2152.970591071, 0.991375233,
2152.991023228, 0.991583863,
2153.011455285, 0.991398286,
2153.031887240, 0.991307463,
2153.052319396, 0.991613612,
2153.093183605, 0.991508320,
2153.113615559, 0.991502881,
2153.134047613, 0.991529467,
2153.154479766, 0.991605081,
2153.174911718, 0.991631568,
2153.195343770, 0.991527847,
2153.215775922, 0.991620268,
2153.236207873, 0.991429244,
2153.256639924, 0.991545128,
2153.277071974, 0.991690194,
2153.297504123, 0.991432517,
2153.317936073, 0.991659435,
2153.338368121, 0.991555996,
2153.379232218, 0.991634007,
2153.399664365, 0.991575353,
2153.420096312, 0.991586459,
2153.460960504, 0.991517081,
2153.481392449, 0.991621794,
2153.501824494, 0.991559027,
2153.522256639, 0.991667541,
2153.542688583, 0.991713342,
2153.563120626, 0.991553884,
2153.583552770, 0.991659615,
2153.603984712, 0.991505430,
2153.644848896, 0.991822701,
2153.665280937, 0.991630498,
2153.685712978, 0.991645562,
2153.706145018, 0.991653668,
2153.726577058, 0.991817099,
2153.747009097, 0.991631904,
2153.767441136, 0.991643080,
2153.787873174, 0.991759011,
2153.828737249, 0.991707830,
2153.890033359, 0.991788334,
2153.910465395, 0.991814846,
2153.930897530, 0.991943678,
2153.951329464, 0.991783938,
2153.971761499, 0.991767267,
2153.992193632, 0.991996066,
2154.012625565, 0.991924960,
2154.033057598, 0.991904694,
2154.053489630, 0.991850492,
2154.073921662, 0.991949578,
2154.114785724, 0.991825879,
2154.135217755, 0.991844616,
2154.155649785, 0.991721465,
2154.176081814, 0.991991560,
2154.196513843, 0.991877171,
2154.216945872, 0.991888789,
2154.237378000, 0.991841150,
2154.257809927, 0.991848637,
2154.278242054, 0.991936539,
2154.298674081, 0.991794715,
2154.319106007, 0.991925707,
2154.339538133, 0.991965161,
2154.359970158, 0.991995198,
2154.380402083, 0.991835750,
2154.400834207, 0.992067815,
2154.421266232, 0.991917596,
2154.441698155, 0.991901508,
2154.462130278, 0.992082943,
2154.482562300, 0.991965629,
2154.502994322, 0.991907498,
2154.523426344, 0.991975222,
2154.543858365, 0.992029065,
2154.564290386, 0.992006161,
2154.584722406, 0.991932708,
2154.605154426, 0.991938640,
2154.625586445, 0.992218510,
2154.646018564, 0.992066477,
2154.666450482, 0.992229079,
2154.686882500, 0.992007851,
2154.707314617, 0.992200534,
2154.727746534, 0.992041809,
2154.748178551, 0.992148464,
2154.768610567, 0.992099317,
2154.809474697, 0.991998414,
2154.829906612, 0.992198945,
2154.850338626, 0.992101073,
2154.870770740, 0.992372230,
2154.891202653, 0.992131790,
2154.911634666, 0.992024560,
2154.932066778, 0.992070593,
2154.952498690, 0.992016930,
2154.972930702, 0.992141392,
2154.993362813, 0.991980522,
2155.013794723, 0.992184820,
2155.034226733, 0.992218117,
2155.054658843, 0.992159535,
2155.075090852, 0.992287965,
2155.095522761, 0.992279081,
2155.115954869, 0.992198984,
2155.136386876, 0.992124431,
2155.156818784, 0.992395680,
2155.177250891, 0.992358446,
2155.197682897, 0.992136831,
2155.218114803, 0.992185243,
2155.238546908, 0.992235751,
2155.258978914, 0.992312758,
2155.279410818, 0.992508387,
2155.299842922, 0.992282664,
2155.320274926, 0.992309844,
2155.340706929, 0.992207517,
2155.361138932, 0.992493089,
2155.381570934, 0.992338280,
2155.402003036, 0.992429901,
2155.422434937, 0.992444453,
2155.442866938, 0.992596231,
2155.463299039, 0.992396986,
2155.483730939, 0.992516025,
2155.504162938, 0.992522298,
2155.545026936, 0.992478026,
2155.565458934, 0.992614945,
2155.606322929, 0.992476911,
2155.626754926, 0.992768998,
2155.667618918, 0.992605072,
2155.688050913, 0.992767578,
2155.708483009, 0.992769496,
2155.728914903, 0.992677919,
2155.749346897, 0.992679259,
2155.769778991, 0.992700982,
2155.790210884, 0.992952262,
2155.851506861, 0.992840023,
2155.871938852, 0.992773459,
2155.892370943, 0.992882961,
2155.912802934, 0.992733309,
2155.933234824, 0.992780607,
2155.953666914, 0.992765674,
2155.974098903, 0.992872037,
2155.994530891, 0.992838490,
2156.014962880, 0.992815535,
2156.035394867, 0.992955451,
2156.055826955, 0.992682420,
2156.076258842, 0.992932957,
2156.117122914, 0.992910215,
2156.137554800, 0.992772426,
2156.157986785, 0.992820468,
2156.178418870, 0.993015300,
2156.198850754, 0.992791165,
2156.219282737, 0.992858637,
2156.239714821, 0.992870543,
2156.260146703, 0.992795450,
2156.280578686, 0.992836178,
2156.301010668, 0.993029180,
2156.321442649, 0.993070509,
2156.403170571, 0.992915000,
2156.423602650, 0.992940938,
2156.444034529, 0.992993383,
2156.464466508, 0.992997627,
2156.484898585, 0.992846241,
2156.505330463, 0.992737572,
2156.525762440, 0.993027693,
2156.546194517, 0.992982356,
2156.566626393, 0.992953582,
2156.587058468, 0.993019893,
2156.607490444, 0.992908667,
2156.627922318, 0.992999499,
2156.648354393, 0.992982064,
2156.668786367, 0.992912707,
2156.689218241, 0.993052498,
2156.709650314, 0.993181048,
2156.730082286, 0.992936599,
2156.750514258, 0.992982248,
2156.770946230, 0.992965242,
2156.791378201, 0.993073019,
2156.811810172, 0.993183152,
2156.832242143, 0.992962885,
2156.852674112, 0.993024166,
2156.873106082, 0.993071692,
2156.893538151, 0.993033631,
2156.913970020, 0.993082169,
2156.954834056, 0.992877634,
2156.975265923, 0.993136386,
2156.995697890, 0.993364069,
2157.016129856, 0.993055069,
2157.056993788, 0.993073169,
2157.077425753, 0.993104218,
2157.097857717, 0.993099492,
2157.118289682, 0.993328549,
2157.138721646, 0.992986300,
2157.159153609, 0.993153838,
2157.179585672, 0.993192285,
2157.220449497, 0.993174839,
2157.240881558, 0.993285619,
2157.261313519, 0.993110610,
2157.302177440, 0.993313989,
2157.322609400, 0.993189438,
2157.343041260, 0.993123397,
2157.363473319, 0.993036309,
2157.383905277, 0.993106127,
2157.404337135, 0.993078441,
2157.445201150, 0.993370632,
2157.465633007, 0.993244807,
2157.486065063, 0.993175852,
2157.506497019, 0.993351657,
2157.526928874, 0.993340141,
2157.547360930, 0.993400770,
2157.567792884, 0.993585311,
2157.588224838, 0.993425653,
2157.608656792, 0.993189366,
2157.629088745, 0.993453064,
2157.649520698, 0.993391634,
2157.669952651, 0.993319776,
2157.690384603, 0.993461852,
2157.710816554, 0.993421891,
2157.812976305, 0.993366040,
2157.833408354, 0.993481132,
2157.853840202, 0.993423508,
2157.874272151, 0.993325690,
2157.894704199, 0.993292511,
2157.915136046, 0.993382316,
2157.956000039, 0.993521524,
2157.976431885, 0.993574696,
2157.996863830, 0.993438440,
2158.017295875, 0.993399753,
2158.037727720, 0.993374620,
2158.058159664, 0.993524134,
2158.078591708, 0.993319419,
2158.099023651, 0.993326100,
2158.119455494, 0.993378103,
2158.139887537, 0.993485668,
2158.160319479, 0.993565801,
2158.180751320, 0.993421164,
2158.201183362, 0.993689514,
2158.221615303, 0.993495495,
2158.242047142, 0.993474053,
2158.262479182, 0.993541455,
2158.282911122, 0.993547130,
2158.303342961, 0.993597156,
2158.323775000, 0.993624496,
2158.344206938, 0.993519031,
2158.364638975, 0.993531401,
2158.385070813, 0.993485247,
2158.405502750, 0.993632083,
2158.446366623, 0.993803484,
2158.466798558, 0.993554492,
2158.487230593, 0.993694582,
2158.507662428, 0.993594806,
2158.528094362, 0.993675803,
2158.548526296, 0.993693642,
2158.568958230, 0.993706173,
2158.589390163, 0.993740053,
2158.609822195, 0.993858862,
2158.630254028, 0.993715075,
2158.650685959, 0.993648927,
2158.671117991, 0.994179372,
2158.691549822, 0.993795915,
2158.711981752, 0.993744082,
2158.732413782, 0.993638704,
2158.773277541, 0.993621612,
2158.793709570, 0.993672774,
2158.814141399, 0.993674658,
2158.834573326, 0.993740978,
2158.855005354, 0.993871573,
2158.875437181, 0.993833153,
2158.895869208, 0.993670016,
2158.916301134, 0.993715354,
2158.936733060, 0.993747393,
2158.957164985, 0.993690293,
2158.977596910, 0.993717171,
2158.998028835, 0.993729960,
2159.018460759, 0.993729015,
2159.038892683, 0.993761634,
2159.059324606, 0.993780521,
2159.079756629, 0.993927119,
2159.100188452, 0.993847311,
2159.120620374, 0.993756664,
2159.141052395, 0.993694675,
2159.161484216, 0.993882718,
2159.181916137, 0.993874151,
2159.202348158, 0.993810145,
2159.222779977, 0.994010668,
2159.243211897, 0.993891465,
2159.263643816, 0.993856797,
2159.284075735, 0.993890670,
2159.304507653, 0.993778528,
2159.324939571, 0.993894935,
2159.345371488, 0.993840525,
2159.365803406, 0.993799783,
2159.386235322, 0.993925665,
2159.406667238, 0.994006983,
2159.427099154, 0.993619707,
2159.447531170, 0.993917008,
2159.467962984, 0.993883934,
2159.508826913, 0.993742697,
2159.529258727, 0.994059875,
2159.549690740, 0.993860780,
2159.590554465, 0.993952211,
2159.610986477, 0.994028341,
2159.631418389, 0.994052844,
2159.651850200, 0.993960177,
2159.672282211, 0.993999038,
2159.692714121, 0.994013888,
2159.713145931, 0.993923385,
2159.754009850, 0.993946985,
2159.774441759, 0.994113930,
2159.794873667, 0.994090210,
2159.815305575, 0.993996014,
2159.835737482, 0.994086781,
2159.856169389, 0.993943719,
2159.876601296, 0.993772669,
2159.897033202, 0.993945460,
2159.917465208, 0.994024498,
2159.937897013, 0.993911306,
2159.958328918, 0.993893038,
2159.978760823, 0.994002073,
2159.999192727, 0.993980660,
2160.019624531, 0.993960215,
2160.040056534, 0.994011493,
2160.060488437, 0.993919972,
2160.080920440, 0.994054217,
2160.101352241, 0.993865286,
2160.121784143, 0.993871816,
2160.142216144, 0.993917761,
2160.162647945, 0.993795405,
2160.183079846, 0.994007086,
2160.223943646, 0.993904522,
2160.264807543, 0.994058691,
2160.285239442, 0.993989758,
2160.305671240, 0.994088520,
2160.346535135, 0.994027858,
2160.366966931, 0.994014740,
2160.387398928, 0.993945774,
2160.407830823, 0.993821557,
2160.428262619, 0.993992344,
2160.448694614, 0.994038404,
2160.469126509, 0.993983648,
2160.489558303, 0.994021739,
2160.509990297, 0.994034598,
2160.530422191, 0.993872746,
2160.550853984, 0.994013623,
2160.571285976, 0.994107759,
2160.591717869, 0.993956525,
2160.612149761, 0.994076123,
2160.632581652, 0.994027100,
2160.653013543, 0.994052795,
2160.673445534, 0.994040725,
2160.693877324, 0.993993183,
2160.734741203, 0.994092409,
2160.755172992, 0.994176180,
2160.775604881, 0.994157425,
2160.796036769, 0.994223019,
2160.816468657, 0.994007529,
2160.836900544, 0.994159076,
2160.857332532, 0.994198100,
2160.877764318, 0.994226813,
2160.898196204, 0.994202773,
2160.918628190, 0.994180280,
2160.959491861, 0.994179859,
2160.979923845, 0.994125340,
2161.000355629, 0.994067311,
2161.020787513, 0.994211570,
2161.041219496, 0.994396596,
2161.061651279, 0.994297670,
2161.082083162, 0.994260262,
2161.102515144, 0.994320591,
2161.122947026, 0.994366603,
2161.143378807, 0.994395077,
2161.163810788, 0.994257111,
2161.184242669, 0.994351028,
2161.204674449, 0.994327926,
2161.225106429, 0.994277030,
2161.245538308, 0.994351345,
2161.265970087, 0.994285416,
2161.286402066, 0.995067619,
2161.306833944, 0.994344834,
2161.327265922, 0.994341367,
2161.347697699, 0.994342020,
2161.368129576, 0.994312964,
2161.388561553, 0.994449483,
2161.408993329, 0.994271122,
2161.470288955, 0.994505383,
2161.490720830, 0.994430685,
2161.511152704, 0.994498005,
2161.531584578, 0.994484969,
2161.552016451, 0.994444180,
2161.592880197, 0.994577362,
2161.613312069, 0.994421909,
2161.633743941, 0.994528934,
2161.654175812, 0.994373495,
2161.674607683, 0.994378406,
2161.735903294, 0.995299925,
2161.756335263, 0.994471198,
2161.776767033, 0.994608499,
2161.797198901, 0.994556465,
2161.817630869, 0.994568232,
2161.838062637, 0.994567712,
2161.858494604, 0.994712019,
2161.899358238, 0.994560900,
2161.919790205, 0.994716104,
2161.940222070, 0.994519382,
2161.960653936, 0.994589785,
2161.981085801, 0.994650455,
2162.001517666, 0.994573301,
2162.021949530, 0.994627929,
2162.042381394, 0.994505372,
2162.062813258, 0.994589182,
2162.083245121, 0.994641358,
2162.103676984, 0.994564326,
2162.124108846, 0.994589400,
2162.144540708, 0.994603682,
2162.164972670, 0.995342545,
2162.205836291, 0.994600641,
2162.246700012, 0.994671010,
2162.267131772, 0.994863038,
2162.287563731, 0.994827049,
2162.307995590, 0.994734055,
2162.328427348, 0.994740652,
2162.348859306, 0.994781945,
2162.369291164, 0.994690261,
2162.389723021, 0.994733030,
2162.410154878, 0.994663612,
2162.430586735, 0.994754284,
2162.451018691, 0.994887204,
2162.471450447, 0.994695661,
2162.491882302, 0.994785318,
2162.512314257, 0.995731612,
2162.532746112, 0.994937697,
2162.553177866, 0.994749454,
2162.573609820, 0.994675923,
2162.594041673, 0.994842645,
2162.614473426, 0.994783138,
2162.634905379, 0.994842829,
2162.655337231, 0.994966469,
2162.696200934, 0.994879879,
2162.716632785, 0.994811669,
2162.737064536, 0.994938811,
2162.757496487, 0.994789181,
2162.777928336, 0.994913945,
2162.798360186, 0.994851893,
2162.818792035, 0.994758547,
2162.839223884, 0.994909592,
2162.859655732, 0.994839338,
2162.880087581, 0.994832858,
2162.900519428, 0.994873311,
2162.920951276, 0.994664535,
2162.961814969, 0.994835206,
2162.982246815, 0.994992454,
2163.002678661, 0.994896592,
2163.023110506, 0.994997671,
2163.043542451, 0.994996869,
2163.063974196, 0.994885088,
2163.084406040, 0.994992557,
2163.104837984, 0.995141407,
2163.125269727, 0.995054710,
2163.186565255, 0.994893837,
2163.206997097, 0.995126267,
2163.227429039, 0.995080108,
2163.247860780, 0.995038555,
2163.268292621, 0.995213268,
2163.288724561, 0.995113069,
2163.309156301, 0.995073822,
2163.329588141, 0.995076887,
2163.370451919, 0.995064930,
2163.390883658, 0.995394781,
2163.411315596, 0.995151882,
2163.431747433, 0.995223974,
2163.452179171, 0.995252196,
2163.472611108, 0.995169753,
2163.493042944, 0.995054071,
2163.513474681, 0.995233980,
2163.533906617, 0.995301202,
2163.554338452, 0.995379914,
2163.574770387, 0.995160344,
2163.595202122, 0.995455897,
2163.615633956, 0.995503802,
2163.697361290, 0.995254904,
2163.717793123, 0.995425729,
2163.738224955, 0.995184837,
2163.758656786, 0.995342097,
2163.779088618, 0.995382038,
2163.799520449, 0.995190310,
2163.840384110, 0.995369065,
2163.860815940, 0.995562969,
2163.922111427, 0.995307819,
2163.942543355, 0.995203786,
2163.962975083, 0.995401664,
2163.983406911, 0.995295137,
2164.024270565, 0.995539902,
2164.044702392, 0.995607123,
2164.065134318, 0.995493338,
2164.085566044, 0.995554692,
2164.105997869, 0.995419377,
2164.126429794, 0.995591549,
2164.146861519, 0.995477167,
2164.167293443, 0.995398521,
2164.187725267, 0.995399219,
2164.208157091, 0.995421213,
2164.228588914, 0.995218743,
2164.249020737, 0.995285475,
2164.269452559, 0.995290436,
2164.310316203, 0.995425736,
2164.351179945, 0.995355770,
2164.371611666, 0.995334347,
2164.412475306, 0.995521609,
2164.432907125, 0.995555422,
2164.453338945, 0.995512164,
2164.473770763, 0.995518952,
2164.494202582, 0.995571532,
2164.514634300, 0.995617519,
2164.535066217, 0.995556265,
2164.555498035, 0.995673604,
2164.596361668, 0.995565859,
2164.616793484, 0.995843019,
2164.637225300, 0.995754670,
2164.657657116, 0.995760731,
2164.678088931, 0.995741887,
2164.718952660, 0.995662130,
2164.739384374, 0.995694874,
2164.759816288, 0.995828473,
2164.780248101, 0.995780319,
2164.800679814, 0.995728735,
2164.821111727, 0.995768492,
2164.841543539, 0.995628532,
2164.902838973, 0.995725729,
2164.923270684, 0.995867032,
2164.943702594, 0.995762821,
2164.964134404, 0.995887195,
2164.984566114, 0.995837775,
2165.004998023, 0.995806719,
2165.025429832, 0.995922661,
2165.045861641, 0.996122515,
2165.066293449, 0.996031545,
2165.086725257, 0.995639694,
2165.107157064, 0.995701983,
2165.127588872, 0.996037041,
2165.148020678, 0.995781049,
2165.168452485, 0.995832155,
2165.188884391, 0.996128018,
2165.209316096, 0.996041146,
2165.229748002, 0.996042791,
2165.250179707, 0.995925528,
2165.270611512, 0.995866442,
2165.291043416, 0.996027673,
2165.311475120, 0.995871317,
2165.331906923, 0.995877516,
2165.393202332, 0.995956711,
2165.413634234, 0.995899292,
2165.434065936, 0.996053125,
2165.474929638, 0.995998087,
2165.495361339, 0.996145654,
2165.536225039, 0.996269995,
2165.556656839, 0.996121874,
2165.577088538, 0.996098116,
2165.638383934, 0.996295393,
2165.658815832, 0.996164217,
2165.679247629, 0.996246555,
2165.699679326, 0.996135414,
2165.720111223, 0.996238688,
2165.740543019, 0.996264371,
2165.760974915, 0.996298407,
2165.781406611, 0.996398007,
2165.801838407, 0.996025815,
2165.822270302, 0.996227514,
2165.842701996, 0.996299600,
2165.863133791, 0.996275776,
2165.883565585, 0.996309113,
2165.903997378, 0.996440844,
2165.924429172, 0.996458175,
2165.944860965, 0.996349073,
2165.965292757, 0.996446060,
2165.985724549, 0.996467746,
2166.006156341, 0.996226765,
2166.026588133, 0.996301777,
2166.067451815, 0.996489254,
2166.087883505, 0.996466323,
2166.108315295, 0.996623182,
2166.128747185, 0.996269981,
2166.149178874, 0.996448227,
2166.169610663, 0.996542053,
2166.190042552, 0.996511602,
2166.210474241, 0.996249860,
2166.230906028, 0.996400404,
2166.251337916, 0.996381166,
2166.271769603, 0.996428933,
2166.292201490, 0.996390364,
2166.312633277, 0.996335192,
2166.373928635, 0.996626976,
2166.394360420, 0.996467659,
2166.414792205, 0.996422523,
2166.435223989, 0.996528298,
2166.455655774, 0.996380754,
2166.476087558, 0.996562695,
2166.516951124, 0.996733143,
2166.537383007, 0.996496365,
2166.557814690, 0.996507144,
2166.578246472, 0.996449953,
2166.598678353, 0.996470413,
2166.619110035, 0.996523615,
2166.639541816, 0.996964112,
2166.659973597, 0.996462265,
2166.680405377, 0.996481406,
2166.700837157, 0.996583442,
2166.721268937, 0.996603780,
2166.741700716, 0.998141409,
2166.762132495, 0.996552858,
2166.782564274, 0.996627527,
2166.802996052, 0.996928239,
2166.823427930, 0.996370079,
2166.884723262, 0.996391783,
2166.905155039, 0.996488133,
2166.925586715, 0.996638589,
2166.946018591, 0.996757420,
2166.966450367, 0.996748424,
2166.986882042, 0.996423050,
2167.007313917, 0.996529080,
2167.027745692, 0.996662180,
2167.048177366, 0.996845078,
2167.068609240, 0.996761513,
2167.109472687, 0.996342681,
2167.129904560, 0.996614658,
2167.150336332, 0.996653809,
2167.170768004, 0.996637615,
2167.191199876, 0.996641000,
2167.211631648, 0.996749877,
2167.232063419, 0.996807474,
2167.252495190, 0.996896218,
2167.272926960, 0.996987522,
2167.293358731, 0.996868151,
2167.354654139, 0.995723311,
2167.375085808, 0.996047960,
2167.395517577, 0.996318574,
2167.415949445, 0.996619313,
2167.436381113, 0.996441088,
2167.456812880, 0.995385844,
2167.477244747, 0.995562152,
2167.497676414, 0.995967500,
2167.518108181, 0.996059768,
2167.538540047, 0.996263530,
2167.558971713, 0.996713048,
2167.599835344, 0.997025233,
2167.620267008, 0.996941541,
2167.640698773, 0.996884516,
2167.661130637, 0.996885783,
2167.681562301, 0.996853485,
2167.701994064, 0.996943897,
2167.722425927, 0.997008179,
2167.742857690, 0.996942475,
2167.763289353, 0.997227693,
2167.783721215, 0.996912851,
2167.804152977, 0.997126851,
2167.845016500, 0.996979020,
2167.865448260, 0.997062148,
2167.885880121, 0.997175118,
2167.906311781, 0.996901451,
2167.926743541, 0.996983012,
2167.947175401, 0.997104594,
2167.967607060, 0.997100020,
2167.988038819, 0.997215732,
2168.008470677, 0.997012878,
2168.028902336, 0.997249002,
2168.049334093, 0.997246952,
2168.090197608, 0.997165099,
2168.110629365, 0.996924072,
2168.151492878, 0.997257107,
2168.171924634, 0.997124447,
2168.192356389, 0.997268055,
2168.212788145, 0.997325041,
2168.233219900, 0.997313270,
2168.253651754, 0.997565400,
2168.274083408, 0.997204996,
2168.294515163, 0.997566551,
2168.335378869, 0.997498307,
2168.355810622, 0.997119064,
2168.376242475, 0.997363243,
2168.396674227, 0.997059302,
2168.417106079, 0.997309767,
2168.437537731, 0.997247989,
2168.457969483, 0.997298583,
2168.478401334, 0.997069146,
2168.498832984, 0.997219498,
2168.519264735, 0.996965289,
2168.539696585, 0.997066802,
2168.580559984, 0.997256603,
2168.600991833, 0.997389360,
2168.621423582, 0.997380984,
2168.641855230, 0.997231322,
2168.662287078, 0.997291689,
2168.682718826, 0.997424987,
2168.703150474, 0.997378528,
2168.723582321, 0.997497563,
2168.744014068, 0.997308009,
2168.764445714, 0.997246276,
2168.784877560, 0.997292643,
2168.825740952, 0.997445955,
2168.846172797, 0.997445070,
2168.866604442, 0.997469723,
2168.887036187, 0.997339407,
2168.907468031, 0.997396179,
2168.927899675, 0.997437946,
2168.948331519, 0.997474554,
2168.968763262, 0.997325974,
2168.989194905, 0.997275718,
2169.009626748, 0.997632914,
2169.030058490, 0.997310359,
2169.070921974, 0.997624870,
2169.091353715, 0.997559054,
2169.111785457, 0.997524609,
2169.132217197, 0.997579650,
2169.152648938, 0.997487961,
2169.173080678, 0.997664030,
2169.193512518, 0.997658259,
2169.213944157, 0.998784993,
2169.234375897, 0.997579583,
2169.254807736, 0.997645259,
2169.275239374, 0.997597231,
2169.316102950, 0.997783405,
2169.336534588, 0.997776683,
2169.356966325, 0.997538806,
2169.377398162, 0.997886967,
2169.397829799, 0.997682265,
2169.418261635, 0.997749413,
2169.438693371, 0.997752339,
2169.459125107, 0.997707430,
2169.479556843, 0.997772915,
2169.499988478, 0.997739728,
2169.520420313, 0.997854011,
2169.561283781, 0.997684233,
2169.581715415, 0.997667576,
2169.602147249, 0.997724876,
2169.622578982, 0.997907652,
2169.643010615, 0.997700891,
2169.663442448, 0.997800642,
2169.683874180, 0.997682827,
2169.704305812, 0.997602316,
2169.724737644, 0.997714716,
2169.745169375, 0.997778913,
2169.765601006, 0.997781420,
2169.806464568, 0.997920168,
2169.826896198, 0.997929274,
2169.847328028, 0.997974576,
2169.867759757, 0.998063671,
2169.888191586, 0.997881821,
2169.908623215, 0.997953476,
2169.929054944, 0.997881091,
2169.969918400, 0.998002758,
2169.990350128, 0.998025287,
2170.010781955, 0.998125221,
2170.051645309, 0.997892276,
2170.072077136, 0.998062748,
2170.092508862, 0.998204025,
2170.112940488, 0.998118988,
2170.153804039, 0.998304244,
2170.174235664, 0.998054639,
2170.194667488, 0.998117416,
2170.215099213, 0.998174515,
2170.235530837, 0.998014527,
2170.255962660, 0.998050913,
2170.296826007, 0.998339798,
2170.317257830, 0.998158151,
2170.337689452, 0.998161776,
2170.358121174, 0.998188321,
2170.378552996, 0.998143528,
2170.398984718, 0.998168256,
2170.419416439, 0.998314214,
2170.439848160, 0.998424011,
2170.460279881, 0.998252590,
2170.480711601, 0.998334055,
2170.501143321, 0.998171663,
2170.521575041, 0.998365324,
2170.542006861, 0.998374424,
2170.562438480, 0.998364897,
2170.582870199, 0.998563607,
2170.603302017, 0.998510705,
2170.623733636, 0.998471985,
2170.644165354, 0.998306558,
2170.664597172, 0.998311485,
2170.685028789, 0.998191586,
2170.725892323, 0.998858962,
2170.807619087, 0.998474506,
2170.828050802, 0.998565181,
2170.848482617, 0.998335919,
2170.868914332, 0.998576155,
2170.909777761, 0.998455793,
2170.930209475, 0.998539110,
2170.950641188, 0.998646705,
2170.971072901, 0.998582045,
2171.052799651, 0.998572329,
2171.073231463, 0.998557042,
2171.093663174, 0.998487477,
2171.134526596, 0.998467734,
2171.154958307, 0.998670831,
2171.175389917, 0.998562067,
2171.195821727, 0.998683809,
2171.216253437, 0.998716016,
2171.236685146, 0.998775657,
2171.277548564, 0.998552612,
2171.297980273, 0.998853931,
2171.318411981, 0.998675509,
2171.338843689, 0.998677575,
2171.359275497, 0.998746507,
2171.379707204, 0.998780510,
2171.400138811, 0.998730912,
2171.420570618, 0.998726434,
2171.441002325, 0.998696945,
2171.461433931, 0.998782388,
2171.481865737, 0.998808665,
2171.522729048, 0.998493469,
2171.543160853, 0.998658223,
2171.563592557, 0.998751185,
2171.584024162, 0.998685153,
2171.604455966, 0.998622946,
2171.624887670, 0.998569636,
2171.645319274, 0.998707073,
2171.665751077, 0.998855709,
2171.686182780, 0.998647117,
2171.706614382, 0.998814816,
2171.727046185, 0.998876270,
2171.747477887, 0.998957103,
2171.767909489, 0.998884921,
2171.788341291, 0.998883130,
2171.808772992, 0.998840170,
2171.829204693, 0.998889326,
2171.849636394, 0.998829750,
2171.870068094, 0.999169196,
2171.890499794, 0.999138108,
2171.910931494, 0.999035315,
2171.931363194, 0.999117543,
2172.013090089, 0.998952519,
2172.033521687, 0.998900847,
2172.074385183, 0.999106980,
2172.094816780, 0.999006084,
2172.115248477, 0.998979199,
2172.135680274, 0.999150181,
2172.156111871, 0.998944569,
2172.176543567, 0.999193931,
2172.196975363, 0.999158086,
2172.217407058, 0.998987844,
2172.258270449, 0.998890874,
2172.299133838, 0.999057238,
2172.319565532, 0.999096384,
2172.339997226, 0.999035296,
2172.360428920, 0.999190688,
2172.380860613, 0.999138334,
2172.401292306, 0.999231767,
2172.421723999, 0.998880456,
2172.442155692, 0.999199892,
2172.462587384, 0.999351638,
2172.483019076, 0.999054267,
2172.503450767, 0.999039193,
2172.544314150, 0.999267940,
2172.564745841, 0.999104677,
2172.585177532, 0.999037200,
2172.605609222, 0.999145341,
2172.626040912, 0.999140137,
2172.646472602, 0.999094896,
2172.666904291, 0.999185625,
2172.687335980, 0.999374537,
2172.748631046, 0.999239826,
2172.769062834, 0.999206072,
2172.789494522, 0.999529607,
2172.809926110, 0.999318973,
2172.830357897, 0.999222995,
2172.850789584, 0.999333905,
2172.871221171, 0.999478475,
2172.891652957, 0.999432918,
2172.912084643, 0.999300604,
2172.932516230, 0.999492028,
2172.952948015, 0.999360937,
2172.973379700, 0.999356857,
2172.993811286, 0.999374347,
2173.014243070, 0.999293333,
2173.034674755, 0.999333501,
2173.055106439, 0.999184412,
2173.075538123, 0.999292793,
2173.116401491, 0.999416626,
2173.136833174, 0.999339281,
2173.157264857, 0.999448982,
2173.177696539, 0.999251162,
2173.259423267, 0.999363687,
2173.279854948, 0.999489992,
2173.300286729, 0.999624940,
2173.320718310, 0.999407810,
2173.341149991, 0.999745123,
2173.361581771, 0.999555376,
2173.382013351, 0.999586580,
2173.402445031, 0.999442922,
2173.443308389, 0.999508665,
2173.484171847, 0.999485397,
2173.504603425, 0.999506451,
2173.525035103, 0.999322337,
2173.545466881, 0.999412235,
2173.565898459, 0.999552001,
2173.586330236, 0.999327768,
2173.606761913, 0.999501348,
2173.627193590, 0.999446686,
2173.647625266, 0.999536964,
2173.668056942, 0.999513639,
2173.688488618, 0.999367519,
2173.729351969, 0.999572124,
2173.749783645, 0.999474876,
2173.770215420, 0.999624458,
2173.790646994, 0.999516330,
2173.811078669, 0.999492175,
2173.831510443, 0.999751553,
2173.851942017, 0.999581662,
2173.872373690, 0.999789072,
2173.892805363, 0.999626762,
2173.913237037, 0.999644513,
2173.933668609, 0.999658442,
2173.954100382, 0.999834967,
2173.974532054, 0.999761414,
2173.994963826, 0.999489877,
2174.015395398, 0.999660235,
2174.035827070, 0.999761742,
2174.056258841, 0.999769596,
2174.076690512, 0.999802241,
2174.097122083, 0.999671105,
2174.117553853, 0.999688406,
2174.137985523, 0.999791598,
2174.158417093, 0.999910080,
2174.219712101, 0.999821343,
2174.240143870, 0.999909823,
2174.260575539, 0.999833138,
2174.281007107, 0.999801293,
2174.301438875, 1.000062686,
2174.321870543, 0.999768003,
2174.342302111, 0.999701419,
2174.362733878, 0.999764425,
2174.383165546, 0.999774138,
2174.403597112, 0.999923608,
2174.424028879, 0.999868543,
2174.464892311, 0.999892376,
2174.485323877, 1.000111564,
2174.505755543, 1.000086114,
2174.546618973, 1.000003179,
2174.567050538, 0.999928452,
2174.587482203, 0.999907959,
2174.607913867, 0.999991207,
2174.628345531, 0.999973825,
2174.648777295, 0.999813788,
2174.669208858, 0.999847045,
2174.710072285, 1.000244227,
2174.730503847, 0.999983782,
2174.750935510, 0.999983890,
2174.771367272, 0.999846614,
2174.791798834, 1.000029944,
2174.812230496, 0.999981352,
2174.832662258, 0.999847351,
2174.853093819, 0.999950431,
2174.873525580, 1.000243420,
2174.893957241, 0.999999299,
2174.955252222, 1.000236725,
2174.975683881, 0.999980258,
2174.996115541, 1.000075818,
2175.016547200, 1.000123100,
2175.036978859, 1.000303683,
2175.057410618, 1.000248892,
2175.077842177, 1.000203945,
2175.098273835, 1.000149876,
2175.118705593, 1.000214631,
2175.139137151, 1.000201401,
2175.200432123, 1.000033871,
2175.220863779, 1.000132674,
2175.241295536, 1.000125318,
2175.261727092, 1.000201036,
2175.282158848, 1.000239876,
2175.302590504, 1.000116643,
2175.323022060, 0.999968999,
2175.343453815, 1.000239523,
2175.363885370, 1.000248574,
2175.384317025, 1.000137098,
2175.404748780, 1.000251598,
2175.466043742, 1.000325928,
2175.486475396, 1.000304312,
2175.506906949, 1.000365626,
2175.527338702, 1.000420788,
2175.547770355, 1.000178926,
2175.588633660, 0.999963829,
2175.609065312, 1.000284304,
2175.629496864, 1.000200046,
2175.649928616, 1.000278891,
2175.670360268, 1.000502145,
2175.690792019, 1.000480726,
2175.711223570, 1.000693606,
2175.731655220, 1.000460508,
2175.752086971, 1.000787508,
2175.772518521, 1.000408139,
2175.833813470, 1.000444267,
2175.854245120, 1.000527591,
2175.874676869, 1.000529505,
2175.895108518, 1.000470615,
2175.915540066, 1.000550355,
2175.935971815, 1.000571406,
2175.956403463, 1.000559083,
2175.976835010, 1.000592175,
2175.997266758, 1.000631009,
2176.017698305, 1.000651484,
2176.038129953, 1.000567103,
2176.058561699, 1.000774057,
2176.078993346, 1.000733559,
2176.099424993, 1.000887197,
2176.181151576, 1.000564339,
2176.201583121, 1.000738434,
2176.222014867, 1.000787810,
2176.242446511, 1.000849116,
2176.262878056, 1.000699570,
2176.283309800, 1.000747793,
2176.303741444, 1.000850605,
2176.324173088, 1.000821521,
2176.344604732, 1.000893643,
2176.365036375, 1.000738182,
2176.426331304, 1.000582316,
2176.446762946, 1.000744509,
2176.467194689, 1.000942566,
2176.487626231, 1.000696100,
2176.508057973, 1.000828860,
2176.528489614, 1.000753551,
2176.548921155, 1.000683149,
2176.569352897, 1.000839931,
2176.589784537, 1.000949746,
2176.610216078, 1.000748707,
2176.630647818, 1.000678791,
2176.671510998, 1.000859599,
2176.691942738, 1.000852619,
2176.712374378, 1.001000486,
2176.732805917, 1.001371199,
2176.753237656, 1.000964232,
2176.773669195, 1.000928203,
2176.794100833, 1.000814637,
2176.814532572, 1.000954469,
2176.834964210, 1.000853927,
2176.855395748, 1.001037261,
2176.875827485, 1.001133763,
2176.896259123, 1.000921708,
2176.916690760, 1.000767723,
2176.937122397, 1.000829041,
2176.957554034, 1.000694731,
2176.977985770, 1.000906463,
2176.998417307, 1.001114550,
2177.018848943, 1.000848236,
2177.039280679, 1.001045861,
2177.059712214, 1.000926015,
2177.080143850, 1.000994159,
2177.100575585, 1.001018767,
2177.161870489, 1.001063329,
2177.182302023, 1.000898127,
2177.202733657, 1.001202571,
2177.223165391, 1.001074736,
2177.243596925, 1.001160524,
2177.284460291, 1.001095282,
2177.304891924, 1.001128957,
2177.325323557, 1.001175614,
2177.345755190, 1.001085618,
2177.366186822, 1.001094250,
2177.407050086, 1.001039054,
2177.427481718, 1.001088407,
2177.447913449, 1.000987244,
2177.468344980, 1.001096437,
2177.488776611, 1.001010944,
2177.509208242, 1.001002482,
2177.529639872, 1.001110801,
2177.570503133, 1.001131560,
2177.590934763, 1.001058522,
2177.611366292, 1.001118158,
2177.652229651, 1.001127818,
2177.672661280, 1.001131900,
2177.693092909, 1.001143204,
2177.713524538, 1.000994194,
2177.733956266, 1.001053816,
2177.754387794, 1.001133887,
2177.774819422, 1.001317531,
2177.795251150, 1.001030340,
2177.815682777, 1.001247490,
2177.836114304, 1.001131321,
2177.856546031, 1.001221995,
2177.897409185, 1.001400853,
2177.917840912, 1.001318601,
2177.958704064, 1.001387886,
2177.979135789, 1.001391218,
2177.999567415, 1.001495097,
2178.019998940, 1.001232717,
2178.040430666, 1.001371765,
2178.060862291, 1.001332042,
2178.101725540, 1.001410641,
2178.122157164, 1.001235886,
2178.142588788, 1.001311839,
2178.163020412, 1.001411588,
2178.183452036, 1.001424574,
2178.203883659, 1.001267259,
2178.224315282, 1.001384548,
2178.244746905, 1.001458185,
2178.285610151, 1.001422914,
2178.326473396, 1.001595493,
2178.346905018, 1.001557618,
2178.367336639, 1.001417173,
2178.387768361, 1.001453233,
2178.408199883, 1.001599226,
2178.428631503, 1.001410668,
2178.449063225, 1.001510742,
2178.469494745, 1.001521356,
2178.489926366, 1.001519196,
2178.510358086, 1.001462509,
2178.530789606, 1.001723757,
2178.551221326, 1.001607714,
2178.571652946, 1.001682451,
2178.592084465, 1.001722257,
2178.632947804, 1.001612142,
2178.673811041, 1.001777088,
2178.694242660, 1.001676807,
2178.714674278, 1.001690990,
2178.735105896, 1.001449371,
2178.755537514, 1.001514792,
2178.775969132, 1.001567495,
2178.796400849, 1.001803681,
2178.837263984, 1.001856976,
2178.857695701, 1.001643876,
2178.878127217, 1.001773509,
2178.898558934, 1.001641077,
2178.918990450, 1.001665649,
2178.939422066, 1.001734103,
2178.959853782, 1.001638148,
2178.980285298, 1.001644944,
2179.000716913, 1.001435736,
2179.021148628, 1.001906892,
2179.041580143, 1.001689561,
2179.062011758, 1.001919006,
2179.123306602, 1.001809105,
2179.143738315, 1.001728186,
2179.164169829, 1.001757185,
2179.184601443, 1.001738759,
2179.205033156, 1.001746410,
2179.225464770, 1.001804731,
2179.245896283, 1.001744830,
2179.266327996, 1.001653656,
2179.286759608, 1.001701543,
2179.327622833, 1.001767566,
2179.368486157, 1.001918382,
2179.388917669, 1.001745099,
2179.409349280, 1.002106243,
2179.429780992, 1.001771596,
2179.450212503, 1.001793965,
2179.470644113, 1.001806779,
2179.491075824, 1.001824102,
2179.511507335, 1.001782122,
2179.531938945, 1.001863528,
2179.552370655, 1.001958762,
2179.572802165, 1.002026522,
2179.593233775, 1.001693993,
2179.613665485, 1.001720065,
2179.634096994, 1.001857821,
2179.654528703, 1.001813072,
2179.674960312, 1.001879851,
2179.695391821, 1.001828525,
2179.715823529, 1.001901688,
2179.736255138, 1.001871959,
2179.756686646, 1.001790769,
2179.777118354, 1.001849432,
2179.797549962, 1.002124427,
2179.817981469, 1.002094482,
2179.838413177, 1.002125798,
2179.858844784, 1.001959939,
2179.879276291, 1.001989914,
2179.899707998, 1.001828519,
2179.920139605, 1.002179263,
2179.940571111, 1.001956918,
2179.961002817, 1.002094603,
2179.981434423, 1.002096148,
2180.001866130, 1.002022175,
2180.022297635, 1.002194125,
2180.042729241, 1.002059231,
2180.063160946, 1.001985313,
2180.104024056, 1.002087512,
2180.124455761, 1.001887175,
2180.144887366, 1.002083911,
2180.165318870, 1.001897946,
2180.185750574, 1.002046187,
2180.206182179, 1.002074981,
2180.226613682, 1.002244943,
2180.247045386, 1.002075337,
2180.267476990, 1.002024692,
2180.287908493, 1.002172372,
2180.308340196, 1.002185856,
2180.349203302, 1.002244309,
2180.369635004, 1.002016757,
2180.390066507, 1.002045731,
2180.410498209, 1.002099810,
2180.430929811, 1.002012390,
2180.451361313, 1.002098861,
2180.471793014, 1.001993392,
2180.492224616, 1.002057620,
2180.512656217, 1.001988790,
2180.533087818, 1.002185653,
2180.553519419, 1.002140059,
2180.573951020, 1.002125173,
2180.594382621, 1.002088456,
2180.614814221, 1.002367362,
2180.635245821, 1.002129896,
2180.655677521, 1.002116405,
2180.676109021, 1.002123018,
2180.696540621, 1.002325456,
2180.716972320, 1.002144932,
2180.737403820, 1.002205524,
2180.778267118, 1.002169724,
2180.798698616, 1.002176236,
2180.819130315, 1.002216121,
2180.839561913, 1.002209427,
2180.859993412, 1.002289316,
2180.880425110, 1.002241321,
2180.900856708, 1.002291769,
2180.921288205, 1.002303072,
2180.962151500, 1.002266708,
2180.982583097, 1.002227362,
2181.003014694, 1.002231861,
2181.023446291, 1.002489465,
2181.043877888, 1.002189913,
2181.064309485, 1.002372088,
2181.084741081, 1.002281562,
2181.105172677, 1.002343347,
2181.146035869, 1.002288288,
2181.186899060, 1.002439900,
2181.207330655, 1.002250121,
2181.227762350, 1.002296207,
2181.268625440, 1.002366728,
2181.329920223, 1.002424411,
2181.350351917, 1.002456422,
2181.370783411, 1.002350617,
2181.391215005, 1.002487674,
2181.432078192, 1.002543332,
2181.452509785, 1.002415252,
2181.472941478, 1.002698723,
2181.493373071, 1.002377759,
2181.513804663, 1.002645496,
2181.534236256, 1.002361749,
2181.554667848, 1.002460421,
2181.575099441, 1.002416265,
2181.595531032, 1.002562845,
2181.615962624, 1.002420057,
2181.636394216, 1.002544054,
2181.656825808, 1.002411380,
2181.677257399, 1.002520582,
2181.697689090, 1.002707470,
2181.718120581, 1.002293451,
2181.738552172, 1.002716122,
2181.758983763, 1.002419943,
2181.779415353, 1.002535133,
2181.820278534, 1.002427715,
2181.840710124, 1.002753824,
2181.861141814, 1.002532661,
2181.881573303, 1.002614007,
2181.902004893, 1.002544807,
2181.922436582, 1.002832881,
2181.942868071, 1.002779396,
2181.963299660, 1.002864605,
2181.983731349, 1.002778268,
2182.004162838, 1.002695165,
2182.024594427, 1.002769834,
2182.045026115, 1.002825561,
2182.065457703, 1.002695066,
2182.085889191, 1.002757744,
2182.106320879, 1.002798467,
2182.126752467, 1.002786786,
2182.147183954, 1.002856562,
2182.167615642, 1.002860863,
2182.188047229, 1.002585841,
2182.208478916, 1.002774386,
2182.228910403, 1.002689636,
2182.249341990, 1.002614559,
2182.269773676, 1.002694569,
2182.290205163, 1.002873096,
2182.310636749, 1.002736075,
2182.331068435, 1.002672498,
2182.351499921, 1.002775075,
2182.371931507, 1.002773154,
2182.392363193, 1.002710999,
2182.412794678, 1.002718899,
2182.433226264, 1.002889415,
2182.453657849, 1.002940513,
2182.474089434, 1.002836891,
2182.494521019, 1.002753121,
2182.514952703, 1.002754580,
2182.535384188, 1.002850569,
2182.555815872, 1.002696526,
2182.576247457, 1.002950857,
2182.596678941, 1.003022660,
2182.617110625, 1.002753334,
2182.637542208, 1.002893228,
2182.657973692, 1.002552868,
2182.698836959, 1.002933744,
2182.719268442, 1.003086020,
2182.739700125, 1.002961132,
2182.821426455, 1.002800997,
2182.841857938, 1.003115416,
2182.862289620, 1.003043811,
2182.882721202, 1.002971942,
2182.903152883, 1.003073539,
2182.944015946, 1.003002348,
2182.964447628, 1.002914423,
2182.984879109, 1.003326164,
2183.005310690, 1.002967396,
2183.025742371, 1.002992883,
2183.046173952, 1.003085759,
2183.066605432, 1.003150853,
2183.087037113, 1.003267931,
2183.107468693, 1.003201417,
2183.127900173, 1.003127906,
2183.148331853, 1.003099449,
2183.168763333, 1.003177746,
2183.189194912, 1.003226225,
2183.209626592, 1.003044906,
2183.230058071, 1.003176124,
2183.250489750, 1.003297326,
2183.291352809, 1.002922182,
2183.311784487, 1.003229218,
2183.332216066, 1.003290292,
2183.352647544, 1.003373023,
2183.373079223, 1.003279456,
2183.393510801, 1.003384003,
2183.413942379, 1.003258355,
2183.434373957, 1.003297229,
2183.454805535, 1.003229182,
2183.475237112, 1.003228079,
2183.536531844, 1.003175381,
2183.556963522, 1.003425446,
2183.577394998, 1.003370167,
2183.597826675, 1.003183559,
2183.618258252, 1.003290317,
2183.638689728, 1.003382734,
2183.659121405, 1.003375762,
2183.679552981, 1.003313651,
2183.699984457, 1.003392380,
2183.720416133, 1.003316628,
2183.740847709, 1.003327787,
2183.781710860, 1.003241300,
2183.802142435, 1.003251963,
2183.822573910, 1.003438508,
2183.843005585, 1.003354028,
2183.863437160, 1.003366358,
2183.883868735, 1.003463271,
2183.924731884, 1.003120490,
2183.945163458, 1.003636920,
2183.965595033, 1.003213586,
2183.986026607, 1.003352890,
2184.006458181, 1.003518598,
2184.026889755, 1.003515036,
2184.047321328, 1.003427004,
2184.067753002, 1.003354162,
2184.088184475, 1.003531026,
2184.108616048, 1.003466916,
2184.129047722, 1.003480335,
2184.149479195, 1.003804322,
2184.169910767, 1.003541655,
2184.190342440, 1.003422702,
2184.210773913, 1.003417521,
2184.231205485, 1.003642496,
2184.272068630, 1.003417724,
2184.292500302, 1.003410323,
2184.312931874, 1.003520632,
2184.333363345, 1.003602932,
2184.353795017, 1.003393680,
2184.374226589, 1.003517435,
2184.394658160, 1.003506531,
2184.415089731, 1.003597280,
2184.435521302, 1.003525467,
2184.455952873, 1.003673136,
2184.476384444, 1.003592449,
2184.496816015, 1.003614953,
2184.517247586, 1.003717522,
2184.537679256, 1.003666497,
2184.558110726, 1.003525849,
2184.578542297, 1.003739206,
2184.598973967, 1.003624664,
2184.619405437, 1.003725836,
2184.639837106, 1.003971230,
2184.660268576, 1.003717005,
2184.680700146, 1.003813880,
2184.701131815, 1.003754625,
2184.721563284, 1.003770202,
2184.741994853, 1.003778949,
2184.762426522, 1.003939215,
2184.782857991, 1.003920971,
2184.803289560, 1.003828994,
2184.823721229, 1.003837838,
2184.844152697, 1.003953467,
2184.864584266, 1.003861425,
2184.885015934, 1.003752267,
2184.905447502, 1.003595527,
2184.925878970, 1.003832713,
2184.946310638, 1.003719219,
2184.966742206, 1.003626519,
2185.007605341, 1.003831369,
2185.028036908, 1.003903712,
2185.068900043, 1.003713061,
2185.089331610, 1.003616220,
2185.109763277, 1.003665605,
2185.130194743, 1.004014865,
2185.150626310, 1.004177250,
2185.171057977, 1.003953947,
2185.252784141, 1.004255894,
2185.273215707, 1.004181648,
2185.293647373, 1.004084976,
2185.314078839, 1.004121319,
2185.334510504, 1.004125435,
2185.354941970, 1.004248196,
2185.375373635, 1.004184299,
2185.416236765, 1.003930977,
2185.436668230, 1.004171456,
2185.457099895, 1.003879374,
2185.497962924, 1.003565752,
2185.518394589, 1.003524286,
2185.538826153, 1.003672409,
2185.559257617, 1.003687245,
2185.579689282, 1.003787350,
2185.600120846, 1.004057212,
2185.620552509, 1.004246276,
2185.640983973, 1.004296903,
2185.661415537, 1.004392905,
2185.681847200, 1.004415850,
2185.702278664, 1.004364958,
2185.722710227, 1.004535570,
2185.743141890, 1.004473329,
2185.763573353, 1.004563979,
2185.784004916, 1.004398926,
2185.804436579, 1.004335113,
2185.824868042, 1.004444200,
2185.845299604, 1.004439169,
2185.865731267, 1.004584507,
2185.886162829, 1.004690674,
2185.906594292, 1.004575187,
2185.927025954, 1.004660082,
2185.947457516, 1.004512690,
2185.967889078, 1.004459877,
2185.988320639, 1.005174934,
2186.008752201, 1.004489373,
2186.029183763, 1.004453438,
2186.049615324, 1.004510302,
2186.070046786, 1.004531510,
2186.090478447, 1.004504329,
2186.110910008, 1.004544933,
2186.131341469, 1.004597224,
2186.151773130, 1.004575444,
2186.172204691, 1.004676870,
2186.192636151, 1.004554363,
2186.213067812, 1.004591332,
2186.233499373, 1.004384244,
2186.253930933, 1.004696861,
2186.274362493, 1.004584237,
2186.294794053, 1.004757324,
2186.315225713, 1.004790709,
2186.335657173, 1.004455154,
2186.356088733, 1.004638723,
2186.376520393, 1.004553584,
2186.396951853, 1.004657043,
2186.417383412, 1.004658280,
2186.437815071, 1.004651430,
2186.458246631, 1.004686252,
2186.478678090, 1.004744529,
2186.499109749, 1.004580282,
2186.519541308, 1.004766007,
2186.539972767, 1.004628714,
2186.560404426, 1.004549083,
2186.580835984, 1.004771569,
2186.601267643, 1.004603725,
2186.621699101, 1.004778717,
2186.642130660, 1.004731726,
2186.662562318, 1.004615821,
2186.682993776, 1.004806696,
2186.723856892, 1.004918002,
2186.744288450, 1.004777863,
2186.764720008, 1.004542482,
2186.785151565, 1.004640847,
2186.805583123, 1.004586650,
2186.826014680, 1.004422324,
2186.846446237, 1.004493532,
2186.866877795, 1.004491996,
2186.887309352, 1.004660276,
2186.907740909, 1.004696861,
2186.928172466, 1.004742620,
2186.948604123, 1.004666765,
2186.989467136, 1.004706801,
2187.009898792, 1.004503229,
2187.030330349, 1.004663110,
2187.071193461, 1.004577062,
2187.091625017, 1.004506090,
2187.112056474, 1.004586630,
2187.132488129, 1.004677206,
2187.152919685, 1.004708889,
2187.173351141, 1.004688485,
2187.214214352, 1.004401423,
2187.234645808, 1.004591625,
2187.255077463, 1.004577584,
2187.275509018, 1.004506335,
2187.295940673, 1.004564209,
2187.316372128, 1.004426434,
2187.336803683, 1.004480400,
2187.357235338, 1.004553535,
2187.377666793, 1.004424030,
2187.398098348, 1.004452106,
2187.418530002, 1.004447659,
2187.438961457, 1.004591900,
2187.459393011, 1.004774068,
2187.479824665, 1.004632072,
2187.500256120, 1.004851303,
2187.520687674, 1.004743411,
2187.541119328, 1.004716068,
2187.561550782, 1.004549960,
2187.581982436, 1.004815533,
2187.602413989, 1.004737376,
2187.622845443, 1.004780012,
2187.663708650, 1.004651959,
2187.684140103, 1.004590665,
2187.704571757, 1.004769300,
2187.725003310, 1.004650668,
2187.745434763, 1.004665209,
2187.765866416, 1.004726855,
2187.786297969, 1.004722207,
2187.806729522, 1.004774416,
2187.827161075, 1.004817766,
2187.847592627, 1.004648357,
2187.868024280, 1.004595078,
2187.888455732, 1.004708438,
2187.929318937, 1.004784852,
2187.949750489, 1.004891997,
2187.970181942, 1.004891697,
2187.990613594, 1.004929479,
2188.011045146, 1.004687642,
2188.031476598, 1.004803594,
2188.051908249, 1.005091821,
2188.072339801, 1.004982510,
2188.092771253, 1.004859929,
2188.113202904, 1.004797355,
2188.133634456, 1.004989906,
2188.154065907, 1.004949707,
2188.174497558, 1.005120231,
2188.194929009, 1.005003381,
2188.215360661, 1.005085468,
2188.235792212, 1.005123406,
2188.256223663, 1.004973104,
2188.276655314, 1.005077644,
2188.297086864, 1.005090051,
2188.317518415, 1.005048536,
2188.337949966, 1.004962415,
2188.358381516, 1.004950237,
2188.378813067, 1.005843534,
2188.399244617, 1.004993525,
2188.419676167, 1.005102372,
2188.440107718, 1.005029144,
2188.460539368, 1.005366505,
2188.501402468, 1.005288607,
2188.521834018, 1.005106737,
2188.542265467, 1.005209055,
2188.562697117, 1.005394157,
2188.583128667, 1.005169332,
2188.603560116, 1.005192289,
2188.623991766, 1.005204298,
2188.644423315, 1.005253437,
2188.664854765, 1.005313748,
2188.685286414, 1.005297341,
2188.705717963, 1.005283169,
2188.726149412, 1.005246306,
2188.746581061, 1.005359866,
2188.767012610, 1.005255657,
2188.787444259, 1.005146622,
2188.807875708, 1.005281159,
2188.828307257, 1.005293718,
2188.848738805, 1.005286630,
2188.869170354, 1.005169087,
2188.910033451, 1.005465828,
2188.930464999, 1.005542333,
2188.950896548, 1.005345888,
2188.971328196, 1.005618327,
2188.991759644, 1.005347407,
2189.012191192, 1.005303185,
2189.032622840, 1.005413824,
2189.053054288, 1.005466595,
2189.134780579, 1.005277403,
2189.196075221, 1.005497735,
2189.216506769, 1.005507643,
2189.236938216, 1.005453431,
2189.257369863, 1.005464531,
2189.277801410, 1.005378213,
2189.298232957, 1.005547572,
2189.318664504, 1.005444395,
2189.339096051, 1.005480995,
2189.359527598, 1.005400729,
2189.379959145, 1.005578885,
2189.400390692, 1.005993942,
2189.420822338, 1.005348310,
2189.441253885, 1.005439991,
2189.461685331, 1.005472379,
2189.482116978, 1.005676935,
2189.502548524, 1.005634343,
2189.522979971, 1.005761039,
2189.543411617, 1.005668764,
2189.563843163, 1.005458403,
2189.584274609, 1.005516729,
2189.604706255, 1.005614189,
2189.625137701, 1.005554550,
2189.645569247, 1.005653645,
2189.666000893, 1.005534744,
2189.686432339, 1.005476269,
2189.706863984, 1.005562151,
2189.727295530, 1.005505825,
2189.747726976, 1.005739817,
2189.768158621, 1.005584962,
2189.788590167, 1.005956701,
2189.809021712, 1.005803034,
2189.829453257, 1.005788191,
2189.849884803, 1.005678376,
2189.870316348, 1.005841595,
2189.890747893, 1.005725071,
2189.911179438, 1.005614387,
2189.931610983, 1.005612359,
2189.952042628, 1.005741883,
2189.972474073, 1.005763538,
2189.992905718, 1.005628555,
2190.013337263, 1.005750717,
2190.054200352, 1.005778814,
2190.074631897, 1.005817457,
2190.095063341, 1.005768879,
2190.115494986, 1.005744640,
2190.135926530, 1.005732727,
2190.156357975, 1.005525437,
2190.197221163, 1.005746146,
2190.217652607, 1.006500183,
2190.238084252, 1.005887359,
2190.258515696, 1.005760729,
2190.278947340, 1.005754322,
2190.299378884, 1.005672273,
2190.319810328, 1.005844832,
2190.340241972, 1.005639741,
2190.381105059, 1.005769540,
2190.401536603, 1.005673634,
2190.421968147, 1.005703923,
2190.442399690, 1.005750565,
2190.462831234, 1.005874074,
2190.483262777, 1.005828810,
2190.503694321, 1.005713530,
2190.524125964, 1.005939472,
2190.544557407, 1.005852379,
2190.564989051, 1.005869553,
2190.585420594, 1.005892857,
2190.605852037, 1.005886020,
2190.646715223, 1.006082654,
2190.667146666, 1.005901140,
2190.687578309, 1.006017915,
2190.708009852, 1.006031540,
2190.728441295, 1.006163765,
2190.748872938, 1.005832374,
2190.769304481, 1.006163844,
2190.789736023, 1.006039660,
2190.810167566, 1.006058114,
2190.830599108, 1.005975070,
2190.871462194, 1.005966394,
2190.912325378, 1.006072527,
2190.932756821, 1.006105550,
2190.953188363, 1.006090487,
2190.973620005, 1.005910655,
2190.994051448, 1.006174713,
2191.014482990, 1.005859015,
2191.034914632, 1.006068966,
2191.055346074, 1.006189528,
2191.075777616, 1.006257255,
2191.096209258, 1.006107981,
2191.137072342, 1.006120977,
2191.157503884, 1.006197538,
2191.177935325, 1.006268597,
2191.198366967, 1.006328553,
2191.218798509, 1.006246210,
2191.239229951, 1.006186615,
2191.259661592, 1.006267536,
2191.280093134, 1.006225603,
2191.300524575, 1.006274688,
2191.320956217, 1.006294369,
2191.341387758, 1.006069014,
2191.361819300, 1.006246779,
2191.382250841, 1.006234353,
2191.402682382, 1.006459174,
2191.423114024, 1.006095774,
2191.443545565, 1.006333793,
2191.504840188, 1.006298204,
2191.525271630, 1.006299714,
2191.545703271, 1.006422923,
2191.586566253, 1.006309435,
2191.627429334, 1.006223146,
2191.647860875, 1.006375666,
2191.668292516, 1.006312585,
2191.688724057, 1.006475785,
2191.709155597, 1.006332158,
2191.729587138, 1.006278886,
2191.750018579, 1.006384408,
2191.770450219, 1.006427274,
2191.790881760, 1.006571020,
2191.811313201, 1.006414646,
2191.852176382, 1.006507661,
2191.872607922, 1.006405548,
2191.893039462, 1.006594795,
2191.913471003, 1.006505730,
2191.933902643, 1.006425541,
2191.954334083, 1.006563561,
2191.974765624, 1.006609097,
2191.995197264, 1.006635234,
2192.015628804, 1.006522644,
2192.036060244, 1.006651845,
2192.056491884, 1.006485327,
2192.076923424, 1.006597506,
2192.117786505, 1.006560249,
2192.138218044, 1.006607669,
2192.158649484, 1.006468959,
2192.179081124, 1.006507150,
2192.199512664, 1.006617500,
2192.219944304, 1.006506292,
2192.240375744, 1.006591445,
2192.260807284, 1.006347873,
2192.281238924, 1.006679286,
2192.342533543, 1.006703849,
2192.362964982, 1.006855283,
2192.383396522, 1.006696018,
2192.403828062, 1.006755804,
2192.424259601, 1.006727064,
2192.444691141, 1.006890664,
2192.465122680, 1.006702730,
2192.485554220, 1.007234043,
2192.505985859, 1.006728018,
2192.526417399, 1.006755741,
2192.546848838, 1.006836030,
2192.567280477, 1.006662851,
2192.608143456, 1.006538528,
2192.628575095, 1.006873421,
2192.649006635, 1.006678500,
2192.669438074, 1.006768175,
2192.689869713, 1.006867738,
2192.710301252, 1.006955121,
2192.730732891, 1.006883649,
2192.771595870, 1.006835570,
2192.792027509, 1.006793138,
2192.812458948, 1.007020109,
2192.853322126, 1.006947567,
2192.894185104, 1.006943927,
2192.914616743, 1.007021259,
2192.935048182, 1.006871088,
2192.955479721, 1.006914331,
2192.975911360, 1.006789924,
2192.996342799, 1.007062960,
2193.016774437, 1.006997355,
2193.037205976, 1.006869005,
2193.057637515, 1.007013639,
2193.098500593, 1.006891694,
2193.118932031, 1.006955451,
2193.139363670, 1.007092929,
2193.159795209, 1.006832034,
2193.180226648, 1.006835268,
2193.200658286, 1.006602971,
2193.221089825, 1.006629292,
2193.241521464, 1.006824074,
2193.261952902, 1.006740298,
2193.282384441, 1.006853815,
2193.302816079, 1.006670555,
2193.343679057, 1.006790914,
2193.364110695, 1.006916016,
2193.384542134, 1.006759346,
2193.404973672, 1.007001098,
2193.425405311, 1.006959038,
2193.445836749, 1.006694013,
2193.466268288, 1.006808074,
2193.486699926, 1.006621385,
2193.507131464, 1.006828138,
2193.527563003, 1.006770105,
2193.547994541, 1.006603268,
2193.588857618, 1.007406762,
2193.609289156, 1.006879078,
2193.629720695, 1.006953371,
2193.650152333, 1.006933851,
2193.670583771, 1.006905197,
2193.691015310, 1.007193946,
2193.711446948, 1.006815239,
2193.731878386, 1.006864112,
2193.752309925, 1.007017636,
2193.772741463, 1.006985999,
2193.793173001, 1.006776363,
2193.834036078, 1.006952214,
2193.854467616, 1.007024096,
2193.874899254, 1.006986620,
2193.895330692, 1.007305357,
2193.915762231, 1.007109057,
2193.936193869, 1.007096794,
2193.956625307, 1.007278014,
2193.977056845, 1.006988437,
2193.997488483, 1.007356740,
2194.017919922, 1.007101206,
2194.038351560, 1.007257053,
2194.079214636, 1.006982962,
2194.099646174, 1.007276066,
2194.120077712, 1.007072554,
2194.140509251, 1.007053818,
2194.160940889, 1.007311290,
2194.181372327, 1.007061584,
2194.201803865, 1.007089460,
2194.222235503, 1.007104859,
2194.283530117, 1.007012821,
2194.303961555, 1.007119410,
2194.324393193, 1.007046038,
2194.344824732, 1.007197418,
2194.365256170, 1.007210655,
2194.406119246, 1.007049138,
2194.426550784, 1.007176307,
2194.446982422, 1.007108366,
2194.467413860, 1.007105871,
2194.487845398, 1.006417895,
2194.508277036, 1.007351842,
2194.528708574, 1.006440171,
2194.569571650, 1.007477320,
2194.590003188, 1.007305811,
2194.610434727, 1.007285025,
2194.630866265, 1.007194721,
2194.651297803, 1.007108383,
2194.671729441, 1.007262583,
2194.692160879, 1.007188403,
2194.712592417, 1.007078713,
2194.733024055, 1.006793727,
2194.753455493, 1.007453781,
2194.814750107, 1.007297793,
2194.835181745, 1.007351895,
2194.855613283, 1.007136097,
2194.876044722, 1.007603855,
2194.896476360, 1.007296677,
2194.916907898, 1.007363972,
2194.937339336, 1.007401446,
2194.957770974, 1.007329454,
2194.978202512, 1.007185288,
2194.998634050, 1.007358454,
2195.019065588, 1.007448243,
2195.080360203, 1.007391594,
2195.100791741, 1.007539355,
2195.121223279, 1.007250650,
2195.141654817, 1.007189296,
2195.182517894, 1.007348358,
2195.202949432, 1.007420887,
2195.223380970, 1.007362346,
2195.243812608, 1.007465990,
2195.264244047, 1.007358959,
2195.284675685, 1.007602286,
2195.305107223, 1.007819973,
2195.325538661, 1.007721952,
2195.345970300, 1.007553969,
2195.366401838, 1.007658133,
2195.386833276, 1.007616131,
2195.407264914, 1.007813677,
2195.427696453, 1.007756069,
2195.468559529, 1.007797017,
2195.488991068, 1.007833977,
2195.509422706, 1.007723483,
2195.550285683, 1.007855413,
2195.570717321, 1.008005682,
2195.591148760, 1.007754384,
2195.611580298, 1.007994347,
2195.632011936, 1.008137936,
2195.652443375, 1.007968787,
2195.672874913, 1.007878886,
2195.693306552, 1.008066490,
2195.713738090, 1.007892194,
2195.734169629, 1.008054007,
2195.754601167, 1.007894197,
2195.795464244, 1.007831516,
2195.815895783, 1.008089002,
2195.836327222, 1.007943595,
2195.856758860, 1.008161646,
2195.877190399, 1.007815455,
2195.897621837, 1.008001692,
2195.918053476, 1.007859011,
2195.938485015, 1.008053525,
2195.958916653, 1.008046677,
2195.979348092, 1.008125461,
2195.999779631, 1.008364180,
2196.040642708, 1.007998815,
2196.061074247, 1.008007218,
2196.081505886, 1.008160777,
2196.101937325, 1.008323397,
2196.122368864, 1.008277836,
2196.142800503, 1.008323905,
2196.163231941, 1.008256732,
2196.183663480, 1.008341230,
2196.204095119, 1.008181566,
2196.224526658, 1.008020720,
2196.244958197, 1.008981982,
2196.285821275, 1.008335386,
2196.306252814, 1.008405215,
2196.326684353, 1.008408800,
2196.367547532, 1.008490969,
2196.387978971, 1.008631378,
2196.408410510, 1.008427561,
2196.428842049, 1.008541130,
2196.449273588, 1.008347647,
2196.469705227, 1.009298205,
2196.530999845, 1.008382891,
2196.551431285, 1.008676476,
2196.571862824, 1.008644791,
2196.592294463, 1.008650685,
2196.612725903, 1.008727855,
2196.633157442, 1.008673598,
2196.653589082, 1.008644710,
2196.674020521, 1.008610605,
2196.694452161, 1.008585276,
2196.714883700, 1.009352753,
2196.735315240, 1.008628851,
2196.776178319, 1.008531239,
2196.796609859, 1.008754174,
2196.817041399, 1.008672447,
2196.837472938, 1.008897124,
2196.857904478, 1.008825018,
2196.878336118, 1.008836327,
2196.898767558, 1.008766766,
2196.939630737, 1.009335065,
2196.960062177, 1.008633355,
2196.980493817, 1.005693435,
2197.021356797, 1.008618325,
2197.041788437, 1.008721703,
2197.082651417, 1.008832924,
2197.103083058, 1.009018751,
2197.123514598, 1.008989613,
2197.143946238, 1.009118086,
2197.164377678, 1.008923648,
2197.184809119, 1.008736314,
2197.205240759, 1.008767219,
2197.225672299, 1.008809212,
2197.266535380, 1.008815076,
2197.286966920, 1.008799805,
2197.307398461, 1.008860603,
2197.348261542, 1.008983933,
2197.368693183, 1.008718962,
2197.389124723, 1.008810569,
2197.409556164, 1.008967292,
2197.429987805, 1.008950515,
2197.450419345, 1.009008892,
2197.470850786, 1.009292641,
2197.593440232, 1.008903512,
2197.613871673, 1.008910622,
2197.634303214, 1.008894134,
2197.654734855, 1.009065406,
2197.675166297, 1.009207026,
2197.695597838, 1.009093869,
2197.716029479, 1.009022720,
2197.756892462, 1.009112361,
2197.777324103, 1.009272519,
2197.797755545, 1.009231527,
2197.818187186, 1.009209092,
2197.838618628, 1.009361028,
2197.859050269, 1.009094819,
2197.879481811, 1.009174418,
2197.899913252, 1.009203043,
2197.920344794, 1.009271138,
2197.940776436, 1.009167280,
2197.961207978, 1.009248128,
2198.002071061, 1.009121127,
2198.022502603, 1.009195875,
2198.042934145, 1.009271794,
2198.063365687, 1.009298290,
2198.083797229, 1.009188499,
2198.104228871, 1.009487727,
2198.124660314, 1.009314243,
2198.145091856, 1.009086316,
2198.165523498, 1.009373063,
2198.185954940, 1.009360385,
2198.206386483, 1.009230176,
2198.267681210, 1.009326037,
2198.288112753, 1.009421388,
2198.308544195, 1.009710951,
2198.328975838, 1.009418609,
2198.349407381, 1.009176764,
2198.369838923, 1.009418929,
2198.410702009, 1.009434337,
2198.431133552, 1.009386799,
2198.451565095, 1.009126870,
2198.492428181, 1.009209680,
2198.512859724, 1.009458806,
2198.533291267, 1.009345334,
2198.553722810, 1.009296425,
2198.574154354, 1.009411360,
2198.594585897, 1.009503972,
2198.615017540, 1.009461839,
2198.635448984, 1.009440528,
2198.676312171, 1.009229517,
2198.696743614, 1.009412049,
2198.737606802, 1.009564865,
2198.758038245, 1.009411597,
2198.778469889, 1.009467409,
2198.798901433, 1.009419421,
2198.819332877, 1.009562229,
2198.839764521, 1.009309602,
2198.860196065, 1.009491769,
2198.880627509, 1.009407481,
2198.901059153, 1.009461798,
2198.921490697, 1.009288627,
2198.941922342, 1.009498558,
2199.003216975, 1.009574075,
2199.023648519, 1.009424710,
2199.044079964, 1.009418623,
2199.064511609, 1.009533979,
2199.084943153, 1.009465771,
2199.105374698, 1.009435779,
2199.125806243, 1.009440610,
2199.146237788, 1.009420630,
2199.166669333, 1.009559548,
2199.187100877, 1.009445824,
2199.227963968, 1.009455562,
2199.248395513, 1.009385397,
2199.268826958, 1.009609724,
2199.289258603, 1.009492047,
2199.309690149, 1.009440556,
2199.330121794, 1.009419353,
2199.350553240, 1.009556416,
2199.370984785, 1.009442328,
2199.391416431, 1.009435989,
2199.411847876, 1.009521794,
2199.432279422, 1.009594567,
2199.452711068, 1.009585192,
2199.473142514, 1.009581565,
2199.493574060, 1.009548171,
2199.514005706, 1.009563774,
2199.534437152, 1.009640939,
2199.554868798, 1.009471740,
2199.575300344, 1.009554488,
2199.595731890, 1.009698434,
2199.616163437, 1.009655932,
2199.636594983, 1.009602821,
2199.657026529, 1.009622772,
2199.677458076, 1.009601181,
2199.718321169, 1.009610886,
2199.759184263, 1.009489179,
2199.779615910, 1.009785677,
2199.800047457, 1.009666239,
2199.820478904, 1.009631461,
2199.840910551, 1.009667799,
2199.861341998, 1.009656013,
2199.881773545, 1.009613718,
2199.902205192, 1.009666656,
2199.922636640, 1.009723124,
2199.963499835, 1.009636694,
2199.983931282, 1.009581961,
2200.004362930, 1.009595200,
2200.024794478, 1.009610943,
2200.045225925, 1.009619763,
2200.065657573, 1.009932151,
2200.086089121, 1.009781983,
2200.106520669, 1.009595606,
2200.126952217, 1.009690143,
2200.147383765, 1.009730400,
2200.167815414, 1.009825047,
2200.208678410, 1.009661037,
2200.229110059, 1.009730231,
2200.249541607, 1.010000613,
2200.269973056, 1.009822707,
2200.290404705, 1.009929753,
2200.310836253, 1.009997876,
2200.331267702, 1.009834091,
2200.351699351, 1.009875987,
2200.392562549, 1.009847681,
2200.412993998, 1.009611989,
2200.453857197, 1.009718240,
2200.474288646, 1.009632134,
2200.494720196, 1.009729914,
2200.515151745, 1.009517061,
2200.535583295, 1.009916121,
2200.556014845, 1.009940566,
2200.576446394, 1.009783825,
2200.596877944, 1.009802189,
2200.617309594, 1.009984246,
2200.637741044, 1.009728304,
2200.658172594, 1.009894234,
2200.699035695, 1.009779388,
2200.719467245, 1.009771693,
2200.739898895, 1.009711916,
2200.760330346, 1.009799175,
2200.780761896, 1.009427525,
2200.801193547, 1.009838061,
2200.821625098, 1.009861727,
2200.842056649, 1.009811638,
2200.862488200, 1.010031435,
2200.882919751, 1.009821692,
2200.903351402, 1.009944087,
2200.944214404, 1.009784728,
2200.964646055, 1.009915849,
2200.985077507, 1.009745144,
2201.005509158, 1.009826651,
2201.025940710, 1.009798721,
2201.046372162, 1.009866879,
2201.066803813, 1.009748043,
2201.087235365, 1.009852456,
2201.107666817, 1.009822395,
2201.128098469, 1.009778685,
2201.148530021, 1.009786081,
2201.189393126, 1.009935651,
2201.209824678, 1.009867143,
2201.230256231, 1.010008311,
2201.250687783, 1.009808635,
2201.271119336, 1.009724624,
2201.291550889, 1.009781234,
2201.311982441, 1.009719675,
2201.332413994, 1.009888445,
2201.352845547, 1.009900802,
2201.373277100, 1.009798309,
2201.393708654, 1.009798836,
2201.434571760, 1.009519451,
2201.455003414, 1.009839455,
2201.475434967, 1.009875722,
2201.516298075, 1.009915305,
2201.536729628, 1.009778615,
2201.557161082, 1.009897439,
2201.577592736, 1.009937249,
2201.598024290, 1.009888516,
2201.618455745, 1.009789916,
2201.659318953, 1.009933025,
2201.679750608, 1.009900340,
2201.700182062, 1.009812820,
2201.720613617, 1.009882933,
2201.741045272, 1.009828135,
2201.761476726, 1.009845102,
2201.781908281, 1.009790842,
2201.802339936, 1.009815362,
2201.822771392, 1.009825870,
2201.843203047, 1.009969421,
2201.884066058, 1.009808658,
2201.924929169, 1.009884377,
2201.945360724, 1.009950867,
2201.965792380, 1.009658952,
2201.986223936, 1.009933846,
2202.006655392, 1.009716831,
2202.027087048, 1.009909444,
2202.047518605, 1.009973814,
2202.067950161, 1.009717071,
2202.088381717, 1.009885195,
2202.108813274, 1.009822688,
2202.129244930, 1.010494894,
2202.170107944, 1.009719280,
2202.190539601, 1.010017747,
2202.210971058, 1.009910451,
2202.231402615, 1.009658911,
2202.251834272, 1.009902502,
2202.272265730, 1.009740638,
2202.292697387, 1.009937124,
2202.313128945, 1.009841325,
2202.333560402, 1.009847114,
2202.353992060, 1.009925567,
2202.415286734, 1.010031933,
2202.435718292, 1.009847261,
2202.456149950, 1.009859727,
2202.476581408, 1.009760315,
2202.497012967, 1.010036903,
2202.537876084, 1.009869014,
2202.558307643, 1.009901738,
2202.578739202, 1.009942690,
2202.599170761, 1.009912479,
2202.680897098, 1.009908531,
2202.701328657, 1.009770751,
2202.721760117, 1.009693293,
2202.742191777, 1.009814952,
2202.762623337, 1.009917543,
2202.783054797, 1.009936839,
2202.803486457, 1.009977675,
2202.823918017, 1.009981039,
2202.844349477, 1.009980591,
2202.864781138, 1.009885677,
2202.946507380, 1.010057398,
2202.966939041, 1.009878648,
2202.987370502, 1.009826712,
2203.007802063, 1.009942212,
2203.028233725, 1.009891376,
2203.048665186, 1.010080025,
2203.069096848, 1.009968828,
2203.089528409, 1.009950405,
2203.109959971, 1.009953345,
2203.150823095, 1.009997325,
2203.171254657, 1.009976965,
2203.191686219, 1.009872682,
2203.212117781, 1.009867109,
2203.232549344, 1.010150450,
2203.252980906, 1.009879395,
2203.273412469, 1.010029466,
2203.293844132, 1.009956806,
2203.314275595, 1.010138204,
2203.334707158, 1.010029565,
2203.355138821, 1.010018072,
2203.416433511, 1.009876746,
2203.436864974, 1.010030680,
2203.457296538, 1.010011987,
2203.477728202, 1.010068155,
2203.498159666, 1.009811641,
2203.518591330, 1.009982429,
2203.539022894, 1.010031913,
2203.559454358, 1.009727522,
2203.579886023, 1.010017513,
2203.600317587, 1.009783999,
2203.641180717, 1.010076513,
2203.661612282, 1.009867726,
2203.682043947, 1.010175516,
2203.702475412, 1.009860441,
2203.722906977, 1.010090023,
2203.743338643, 1.010340746,
2203.763770208, 1.010139154,
2203.784201674, 1.010004869,
2203.804633339, 1.009965710,
2203.825064905, 1.010042021,
2203.845496371, 1.009833202,
2203.886359604, 1.009961684,
2203.906791170, 1.010012352,
2203.927222737, 1.010003821,
2203.947654203, 1.009978552,
2203.968085870, 1.009985160,
2203.988517437, 1.009814124,
2204.008948904, 1.010015074,
2204.049812138, 1.010040281,
2204.070243605, 1.010007713,
2204.131538508, 1.010183422,
2204.151969976, 1.009912919,
2204.172401544, 1.009938870,
2204.192833212, 1.010292619,
2204.213264681, 1.010026149,
2204.233696249, 1.009927627,
2204.254127917, 1.009803770,
2204.274559486, 1.009913371,
2204.294991055, 1.010010066,
2204.315422624, 1.009986140,
2204.335854193, 1.010127269,
2204.376717331, 1.010044933,
2204.417580470, 1.010133774,
2204.438012040, 1.010120594,
2204.458443610, 1.010192735,
2204.478875280, 1.009867002,
2204.499306750, 1.010099321,
2204.519738420, 1.010164549,
2204.540169890, 1.010081683,
2204.560601461, 1.010087485,
2204.621896173, 1.009927228,
2204.642327844, 1.010219363,
2204.662759315, 1.009951996,
2204.683190986, 1.009979523,
2204.703622558, 1.010116495,
2204.724054029, 1.009944060,
2204.744485701, 1.010052153,
2204.764917273, 1.009902369,
2204.785348745, 1.010271240,
2204.805780417, 1.009997072,
2204.826211989, 1.010157355,
2204.867075134, 1.009970617,
2204.887506706, 1.010332654,
2204.907938379, 1.010160769,
2204.928369952, 1.010171484,
2204.948801425, 1.010004151,
2204.969233098, 1.009908273,
2204.989664672, 1.010036564,
2205.010096145, 1.010190531,
2205.030527819, 1.010035580,
2205.050959392, 1.009943318,
2205.071390866, 1.010039046,
2205.112254114, 1.010037872,
2205.132685789, 1.010031597,
2205.153117263, 1.010150992,
2205.173548838, 1.010099297,
2205.193980412, 1.010289630,
2205.214411987, 1.009990160,
2205.234843562, 1.010160432,
2205.255275137, 1.010088361,
2205.275706712, 1.010136815,
2205.296138388, 1.010161183,
2205.316569863, 1.010008894,
2205.357433115, 1.010114497,
2205.377864591, 1.010051451,
2205.398296167, 1.010076181,
2205.418727843, 1.010200571,
2205.439159320, 1.009929688,
2205.459590896, 1.010022735,
2205.480022573, 1.010248225,
2205.500454150, 1.010194487,
2205.520885727, 1.009972853,
2205.541317304, 1.010025533,
2205.561748881, 1.010076669,
2205.602612036, 1.009750018,
2205.623043614, 1.010094771,
2205.643475292, 1.010150637,
2205.663906770, 1.010063179,
2205.684338348, 1.010071415,
2205.704770026, 1.010096363,
2205.725201505, 1.010001319,
2205.745633183, 1.010082736,
2205.766064762, 1.010063512,
2205.786496241, 1.010032538,
2205.847790979, 1.009994744,
2205.868222658, 1.010069170,
2205.888654238, 1.010159137,
2205.909085818, 1.009922742,
2205.929517398, 1.010226866,
2205.949948878, 1.010022274,
2205.970380558, 1.010069720,
2205.990812138, 1.010210555,
2206.011243719, 1.010084669,
2206.052106880, 1.010100556,
2206.113401624, 1.010066156,
2206.154264887, 1.010025157,
2206.174696369, 1.010045423,
2206.195128051, 1.010049164,
2206.215559633, 1.010011427,
2206.235991115, 1.010102416,
2206.256422797, 1.009968147,
2206.276854380, 1.009987784,
2206.338149129, 1.009977724,
2206.358580812, 1.010034313,
2206.379012295, 1.010199131,
2206.399443878, 1.009940462,
2206.419875562, 1.010246908,
2206.440307046, 1.010117434,
2206.481170314, 1.010071508,
2206.501601798, 1.010269422,
2206.542465067, 1.010054780,
2206.583328237, 1.010122630,
2206.603759722, 1.010140423,
2206.624191307, 1.010182504,
2206.644622993, 1.010244749,
2206.665054478, 1.010097448,
2206.685486064, 1.010291622,
2206.705917750, 1.010094152,
2206.726349336, 1.010109584,
2206.746780922, 1.010338301,
2206.767212508, 1.010387534,
2206.787644095, 1.010209426,
2206.828507268, 1.009945352,
2206.848938855, 1.010076399,
2206.869370542, 1.010156469,
2206.889802030, 1.009986036,
2206.910233717, 1.010165692,
2206.930665305, 1.010043814,
2206.951096793, 1.010027019,
2206.971528481, 1.010119415,
2206.991960069, 1.009939352,
2207.012391557, 1.010004156,
2207.032823245, 1.010151236,
2207.073686323, 1.010141571,
2207.114549601, 1.010043378,
2207.134981290, 1.010221645,
2207.155412780, 1.010038906,
2207.175844369, 1.010232492,
2207.196276059, 1.010144325,
2207.216707549, 1.010034332,
2207.237139139, 1.010179401,
2207.257570730, 1.010202752,
2207.278002420, 1.010136045,
2207.318865601, 1.010212533,
2207.339297092, 1.010274241,
2207.359728784, 1.010177506,
2207.380160375, 1.010407742,
2207.400591866, 1.010226867,
2207.421023558, 1.010203133,
2207.441455150, 1.010158244,
2207.461886642, 1.010340445,
2207.482318334, 1.010154300,
2207.502749926, 1.010110953,
2207.523181619, 1.010877546,
2207.564044704, 1.010309314,
2207.584476397, 1.010178813,
2207.604907891, 1.010111376,
2207.625339484, 1.010196054,
2207.645771177, 1.010287824,
2207.666202671, 1.010101216,
2207.686634265, 1.010337404,
2207.707065959, 1.010011616,
2207.727497453, 1.010359755,
2207.747929148, 1.010268380,
2207.768360742, 1.010076936,
2207.809223932, 1.010244509,
2207.829655527, 1.010136956,
2207.850087122, 1.010265159,
2207.870518718, 1.010186413,
2207.890950313, 1.010080793,
2207.911381909, 1.010363809,
2207.931813505, 1.010195651,
2207.952245101, 1.010285913,
2207.972676698, 1.010036124,
2207.993108294, 1.010136511,
2208.013539891, 1.010280213,
2208.054403085, 1.010231797,
2208.074834682, 1.010135665,
2208.095266380, 1.010318087,
2208.115697877, 1.010362794,
2208.136129575, 1.010277091,
2208.156561173, 1.010089572,
2208.176992671, 1.010287272,
2208.197424369, 1.010170138,
2208.217855968, 1.010200355,
2208.238287466, 1.010221999,
2208.258719165, 1.010391398,
2208.299582263, 1.010337144,
2208.320013963, 1.010268729,
2208.340445562, 1.010174960,
2208.360877262, 1.010283160,
2208.381308762, 1.010505990,
2208.401740362, 1.010290734,
2208.422172063, 1.010384478,
2208.442603563, 1.010309860,
2208.463035164, 1.010410938,
2208.483466865, 1.010283169,
2208.503898466, 1.010845387,
2208.544761668, 1.010183988,
2208.565193270, 1.010246719,
2208.585624872, 1.010450222,
2208.606056474, 1.010273606,
2208.646919678, 1.010471771,
2208.667351281, 1.010230832,
2208.708214486, 1.010356283,
2208.749077793, 1.010692292,
2208.789940900, 1.010347063,
2208.810372603, 1.010230459,
2208.830804107, 1.010371837,
2208.851235712, 1.010294534,
2208.871667416, 1.010327683,
2208.892098921, 1.010415717,
2208.912530625, 1.010468756,
2208.932962230, 1.010284104,
2208.953393736, 1.010222131,
2208.973825441, 1.010328616,
2208.994257046, 1.010309881,
2209.035120258, 1.010531182,
2209.055551864, 1.010488349,
2209.075983470, 1.010410937,
2209.096415077, 1.010591837,
2209.116846684, 1.010482894,
2209.137278391, 1.010544092,
2209.157709998, 1.010538480,
2209.178141505, 1.010488455,
2209.198573212, 1.010653270,
2209.219004820, 1.010418709,
2209.239436328, 1.011812387,
2209.280299544, 1.010498028,
2209.300731252, 1.010665229,
2209.321162861, 1.010510698,
2209.341594370, 1.010377566,
2209.362026079, 1.010345085,
2209.382457688, 1.010284381,
2209.402889198, 1.010340081,
2209.423320907, 1.010310849,
2209.443752517, 1.010336856,
2209.464184027, 1.010345698,
2209.525479058, 1.010831281,
2209.545910569, 1.010503538,
2209.566342180, 1.010614062,
2209.586773891, 1.010521246,
2209.607205402, 1.010419071,
2209.627637014, 1.010616758,
2209.648068726, 1.010539357,
2209.668500338, 1.010635307,
2209.688931950, 1.010664902,
2209.709363562, 1.010477571,
2209.729795175, 1.010296359,
2209.770658400, 1.010554333,
2209.791090014, 1.010559548,
2209.811521727, 1.010487379,
2209.831953241, 1.010557752,
2209.852384854, 1.010575033,
2209.872816468, 1.010689529,
2209.893248082, 1.010556953,
2209.913679797, 1.010653412,
2209.934111311, 1.010688649,
2209.974974641, 1.010610203,
2210.015837772, 1.010723155,
2210.036269487, 1.010665663,
2210.056701003, 1.010684525,
2210.077132719, 1.010433826,
2210.097564335, 1.010774777,
2210.117995852, 1.010636350,
2210.138427568, 1.010838648,
2210.158859185, 1.010735098,
2210.179290802, 1.010653583,
2210.199722420, 1.010661918,
2210.220154037, 1.010597432,
2210.261017273, 1.010524923,
2210.281448891, 1.010546993,
2210.301880609, 1.010587934,
2210.322312127, 1.010671031,
2210.342743746, 1.010556005,
2210.363175465, 1.010638081,
2210.383607084, 1.010588979,
2210.404038603, 1.010512093,
2210.424470323, 1.010572748,
2210.444901943, 1.010650025,
2210.465333663, 1.010848779,
2210.485765183, 1.010556383,
2210.506196803, 1.010569204,
2210.526628424, 1.010479152,
2210.547060044, 1.010631802,
2210.567491665, 1.010651980,
2210.587923387, 1.010703272,
2210.608354908, 1.010711733,
2210.628786530, 1.010554263,
2210.649218151, 1.010668009,
2210.669649774, 1.009304448,
2210.690081496, 1.012000167,
2210.751376364, 1.010626316,
2210.771807887, 1.010636167,
2210.792239510, 1.010566423,
2210.812671234, 1.010587417,
2210.833102858, 1.010507969,
2210.853534482, 1.010551906,
2210.873966106, 1.010606552,
2210.894397730, 1.010527975,
2210.914829355, 1.010565398,
2210.935260980, 1.010673460,
2210.955692605, 1.010484882,
2210.996555855, 1.010654381,
2211.016987481, 1.010739094,
2211.037419207, 1.010767084,
2211.057850733, 1.010640891,
2211.078282460, 1.010614950,
2211.098714086, 1.010560627,
2211.119145613, 1.010822185,
2211.139577340, 1.010705744,
2211.160008967, 1.010754495,
2211.180440494, 1.010658278,
2211.200872222, 1.010640377,
2211.241735478, 1.010679340,
2211.262167106, 1.010537816,
2211.282598635, 1.010669680,
2211.323461993, 1.010733401,
2211.343893522, 1.010674118,
2211.364325251, 1.010673334,
2211.384756881, 1.010964318,
2211.405188511, 1.010813198,
2211.425620141, 1.010661585,
2211.446051771, 1.010731739,
2211.486915032, 1.010781213,
2211.507346663, 1.010615777,
2211.527778394, 1.010730337,
2211.548210026, 1.010752651,
2211.589073289, 1.010838456,
2211.609504921, 1.010863934,
2211.629936554, 1.010714055,
2211.650368186, 1.010777331,
2211.670799819, 1.010763068,
2211.691231552, 1.010683842,
2211.732094718, 1.010739451,
2211.752526452, 1.010741067,
2211.772957986, 1.010690790,
2211.793389620, 1.010745357,
2211.813821354, 1.010840750,
2211.834252889, 1.010668869,
2211.854684624, 1.010678653,
2211.875116259, 1.010717019,
2211.895547794, 1.010674832,
2211.915979530, 1.010887184,
2211.936411065, 1.010839141,
2211.977274437, 1.010320551,
2211.997705974, 1.010783535,
2212.018137710, 1.010787521,
2212.038569347, 1.010775693,
2212.059000984, 1.010808902,
2212.079432622, 1.010692910,
2212.099864259, 1.010619383,
2212.120295897, 1.010955761,
2212.140727535, 1.010788801,
2212.161159173, 1.010765090,
2212.181590812, 1.010791298,
2212.202022551, 1.010724729,
2212.222454089, 1.010803532,
2212.242885829, 1.010795634,
2212.263317468, 1.010599965,
2212.283749008, 1.010827410,
2212.304180748, 1.010620655,
2212.324612388, 1.010749128,
2212.345043928, 1.010777967,
2212.365475669, 1.010712736,
2212.385907309, 1.010795360,
2212.406339050, 1.010961927,
2212.426770592, 1.010792197,
2212.467633975, 1.010683373,
2212.488065517, 1.010609449,
2212.508497159, 1.010834087,
2212.528928902, 1.010839218,
2212.549360444, 1.011005274,
2212.590223730, 1.010730017,
2212.610655374, 1.010775263,
2212.631087117, 1.010772218,
2212.651518661, 1.010755748,
2212.671950305, 1.010722816,
2212.712813694, 1.010855749,
2212.733245239, 1.010850880,
2212.753676984, 1.010907827,
2212.774108629, 1.010681103,
2212.794540175, 1.010645722,
2212.814971921, 1.010667092,
2212.835403567, 1.010584041,
2212.855835313, 1.010719198,
2212.876266860, 1.010769136,
2212.896698506, 1.010780389,
2212.917130253, 1.010610432,
2212.957993448, 1.010740319,
2212.978425196, 1.010637406,
2212.998856744, 1.010814410,
2213.019288492, 1.010877986,
2213.039720140, 1.010795973,
2213.060151689, 1.010745929,
2213.080583438, 1.010790466,
2213.121446636, 1.010970709,
2213.141878386, 1.010835841,
2213.162310036, 1.010732289,
2213.203173336, 1.010879437,
2213.223604987, 1.010862272,
2213.244036638, 1.010829889,
2213.264468289, 1.010754728,
