BJD - 2454833, Corrected Flux
2146.452720842, 0.994351812,
2146.514017480, 0.993916028,
2146.534449792, 0.993951366,
2146.554881903, 0.993812684,
2146.575314113, 0.993767052,
2146.595746423, 0.993723837,
2146.616178532, 0.993692646,
2146.636610741, 0.993685960,
2146.657042949, 0.993750996,
2146.677475157, 0.993879468,
2146.697907464, 0.994044080,
2146.718339572, 0.994211346,
2146.759204083, 0.994587949,
2146.779636289, 0.994708511,
2146.800068393, 0.994627790,
2146.820500697, 0.994540559,
2146.840932901, 0.994374472,
2146.861365004, 0.994195653,
2146.881797306, 0.993964996,
2146.902229508, 0.993737360,
2146.922661610, 0.993568148,
2146.963526111, 0.993716850,
2146.983958212, 0.993862473,
2147.004390511, 0.993988572,
2147.024822710, 0.994079857,
2147.045254808, 0.994068097,
2147.065687106, 0.994011686,
2147.086119303, 0.994095385,
2147.106551500, 0.994300995,
2147.126983696, 0.994383749,
2147.147415892, 0.994542440,
2147.167848188, 0.994584349,
2147.188280282, 0.994724943,
2147.208712476, 0.994803540,
2147.229144770, 0.994842396,
2147.249576963, 0.995173476,
2147.290441348, 0.994928136,
2147.310873540, 0.994470971,
2147.331305631, 0.994341835,
2147.351737921, 0.994280732,
2147.372170011, 0.994136105,
2147.392602201, 0.994207862,
2147.413034490, 0.994365396,
2147.494763141, 0.994301452,
2147.515195327, 0.994653608,
2147.535627613, 0.994474506,
2147.556059699, 0.994322866,
2147.576491883, 0.994252447,
2147.596924168, 0.994178240,
2147.617356351, 0.994083572,
2147.637788435, 0.993963809,
2147.658220718, 0.993921983,
2147.678652900, 0.993983402,
2147.699085081, 0.993873759,
2147.719517263, 0.993962813,
2147.739949444, 0.994182803,
2147.760381724, 0.994368669,
2147.780813804, 0.994273945,
2147.801245982, 0.994092299,
2147.821678261, 0.993925493,
2147.842110340, 0.993684747,
2147.862542517, 0.993445293,
2147.882974794, 0.993206501,
2147.903406871, 0.993019075,
2147.923839047, 0.992972240,
2147.944271322, 0.992932400,
2147.985135572, 0.992974722,
2148.005567846, 0.993099106,
2148.025999919, 0.993335978,
2148.046432093, 0.993714461,
2148.066864365, 0.994234963,
2148.087296537, 0.994706978,
2148.107728608, 0.995049047,
2148.128160879, 0.995042683,
2148.148592949, 0.995095587,
2148.209889458, 0.994626184,
2148.230321626, 0.994576743,
2148.250753894, 0.994564700,
2148.291618228, 0.994830401,
2148.312050395, 0.994778648,
2148.332482460, 0.994715246,
2148.352914726, 0.994569633,
2148.393778954, 0.993938778,
2148.414211218, 0.993754737,
2148.434643382, 0.993840401,
2148.475507707, 0.993755621,
2148.495939868, 0.993897367,
2148.516372029, 0.993571328,
2148.536804190, 0.993347512,
2148.557236350, 0.993358857,
2148.577668510, 0.993950335,
2148.618532828, 0.994870629,
2148.638964986, 0.994786456,
2148.679829301, 0.994574088,
2148.700261457, 0.994424632,
2148.720693713, 0.994496853,
2148.741125769, 0.994530640,
2148.761557924, 0.994511422,
2148.781990179, 0.994358025,
2148.802422233, 0.994255668,
2148.822854386, 0.994170300,
2148.843286639, 0.994216358,
2148.863718692, 0.993933496,
2148.884150944, 0.993898530,
2148.904582995, 0.993883062,
2148.925015146, 0.994148461,
2148.945447397, 0.994309115,
2148.965879447, 0.994461029,
2148.986311597, 0.994436448,
2149.006743845, 0.994608752,
2149.027175994, 0.994719995,
2149.047608042, 0.994765563,
2149.068040289, 0.994729313,
2149.088472436, 0.994474482,
2149.108904483, 0.994332531,
2149.129336728, 0.993997628,
2149.170200919, 0.993910695,
2149.211065307, 0.994232797,
2149.231497351, 0.994261092,
2149.251929593, 0.994395772,
2149.272361736, 0.994446862,
2149.292793878, 0.994326026,
2149.313226019, 0.994339086,
2149.333658160, 0.994301150,
2149.354090301, 0.994396444,
2149.374522440, 0.994603773,
2149.456250995, 0.994573033,
2149.476683232, 0.994640311,
2149.497115369, 0.994651561,
2149.517547406, 0.994609589,
2149.537979641, 0.994332787,
2149.558411777, 0.994184274,
2149.578843812, 0.994253103,
2149.599276046, 0.994112141,
2149.619708080, 0.994173840,
2149.640140213, 0.994271840,
2149.660572446, 0.994286402,
2149.681004478, 0.994219954,
2149.701436610, 0.994011663,
2149.721868842, 0.993976661,
2149.742300872, 0.993776109,
2149.762733003, 0.993709987,
2149.783165233, 0.993868294,
2149.803597262, 0.993867802,
2149.824029391, 0.993965198,
2149.844461619, 0.993890612,
2149.864893747, 0.993946627,
2149.885325774, 0.994170249,
2149.905758001, 0.994363146,
2149.946622153, 0.994311359,
2149.967054379, 0.994568421,
2149.987486503, 0.994900943,
2150.007918528, 0.995047368,
2150.028350752, 0.995117677,
2150.048782875, 0.994923739,
2150.069215097, 0.994656340,
2150.089647120, 0.994283125,
2150.110079242, 0.994018622,
2150.130511463, 0.993813096,
2150.150943484, 0.993709464,
2150.171375605, 0.993574281,
2150.191807824, 0.993696836,
2150.212239843, 0.993722097,
2150.232671963, 0.993698855,
2150.273536299, 0.993554661,
2150.293968316, 0.993584947,
2150.314400533, 0.993703797,
2150.334832649, 0.993945431,
2150.355264665, 0.994070702,
2150.375696880, 0.993998663,
2150.396128895, 0.993889291,
2150.416561010, 0.993888951,
2150.436993224, 0.993850884,
2150.457425237, 0.993736045,
2150.477857350, 0.993600307,
2150.498289562, 0.993799086,
2150.518721574, 0.993850843,
2150.559585897, 0.993967281,
2150.580017907, 0.993881074,
2150.600450017, 0.993814823,
2150.620882226, 0.993993086,
2150.682178552, 0.994314106,
2150.702610659, 0.994392348,
2150.723042766, 0.994410809,
2150.743474873, 0.994485602,
2150.763906979, 0.994650520,
2150.784339184, 0.994547480,
2150.804771189, 0.994448311,
2150.825203293, 0.994375621,
2150.845635498, 0.994125742,
2150.866067501, 0.993878065,
2150.886499604, 0.993893078,
2150.906931806, 0.993988187,
2150.927363809, 0.994143252,
2150.947795910, 0.994190580,
2150.968228111, 0.994048387,
2150.988660112, 0.993981024,
2151.009092212, 0.993863743,
2151.029524312, 0.993451163,
2151.049956410, 0.993127813,
2151.070388509, 0.992874781,
2151.090820707, 0.992857544,
2151.111252705, 0.992861725,
2151.131684802, 0.993004081,
2151.152116999, 0.993173664,
2151.172548995, 0.993341164,
2151.192981091, 0.993501388,
2151.213413286, 0.993921920,
2151.233845281, 0.994076782,
2151.274709568, 0.994078024,
2151.295141562, 0.993886992,
2151.315573755, 0.993715694,
2151.336005847, 0.993615042,
2151.356437838, 0.993646502,
2151.376870030, 0.993868145,
2151.397302120, 0.993716558,
2151.438166301, 0.993370410,
2151.458598390, 0.993213211,
2151.499462567, 0.993277563,
2151.519894655, 0.993407893,
2151.540326743, 0.993514459,
2151.560758829, 0.993648594,
2151.581190916, 0.993743713,
2151.601623001, 0.993757809,
2151.622055187, 0.993896225,
2151.642487172, 0.994108050,
2151.662919257, 0.994306907,
2151.683351440, 0.994331628,
2151.703783424, 0.994284366,
2151.724215507, 0.994255483,
2151.744647689, 0.994181222,
2151.785511753, 0.994367360,
2151.805943934, 0.994348153,
2151.826375914, 0.994320744,
2151.846807994, 0.994382260,
2151.867240074, 0.994631223,
2151.908104332, 0.994370787,
2151.928536310, 0.994698826,
2151.948968388, 0.994769298,
2151.969400565, 0.994737114,
2151.989832642, 0.994807064,
2152.010264618, 0.995007713,
2152.030696794, 0.995138166,
2152.051128869, 0.995328809,
2152.071560844, 0.995490398,
2152.091993018, 0.995424842,
2152.112425092, 0.995125263,
2152.153289238, 0.994436415,
2152.173721311, 0.994281312,
2152.194153282, 0.994022032,
2152.214585454, 0.994009099,
2152.235017525, 0.993995246,
2152.255449495, 0.994159241,
2152.275881665, 0.994418523,
2152.296313735, 0.994877689,
2152.316745704, 0.995304504,
2152.337177872, 0.995702399,
2152.357609941, 0.995990011,
2152.378042008, 0.996173622,
2152.398474075, 0.996200876,
2152.418906142, 0.996182729,
2152.459770373, 0.996219578,
2152.480202339, 0.996224262,
2152.500634503, 0.995957095,
2152.521066568, 0.995577681,
2152.561930695, 0.995330861,
2152.582362758, 0.995214844,
2152.602794720, 0.995191697,
2152.623226881, 0.995300291,
2152.643658843, 0.995112254,
2152.664090904, 0.995041390,
2152.684523064, 0.995046997,
2152.704955024, 0.995280557,
2152.725387084, 0.995369268,
2152.745819243, 0.995369801,
2152.766251201, 0.995560837,
2152.786683259, 0.995585015,
2152.807115417, 0.995747707,
2152.847979430, 0.995844266,
2152.868411586, 0.995630942,
2152.888843642, 0.995553729,
2152.909275597, 0.995381028,
2152.950139806, 0.995417328,
2152.970571760, 0.995658466,
2152.991003913, 0.995686338,
2153.011435966, 0.995719586,
2153.031867918, 0.995817020,
2153.052300070, 0.995991266,
2153.072732122, 0.995658481,
2153.093164272, 0.995049971,
2153.113596223, 0.995412296,
2153.134028273, 0.995936842,
2153.174892371, 0.996492298,
2153.195324420, 0.995905862,
2153.215756568, 0.995644053,
2153.236188515, 0.995851126,
2153.256620562, 0.995796310,
2153.277052610, 0.995687238,
2153.297484756, 0.995674305,
2153.317916701, 0.995863619,
2153.338348746, 0.996095055,
2153.379212835, 0.995399188,
2153.399644979, 0.995579565,
2153.420076923, 0.995747122,
2153.440508966, 0.995699368,
2153.460941108, 0.995513434,
2153.481373050, 0.995213248,
2153.501805091, 0.994914158,
2153.522237232, 0.994794779,
2153.542669173, 0.994615078,
2153.583533352, 0.994832708,
2153.603965292, 0.994941857,
2153.644829468, 0.995455505,
2153.665261506, 0.995729814,
2153.685693544, 0.996056592,
2153.706125581, 0.996259390,
2153.726557617, 0.996364406,
2153.746989653, 0.996385890,
2153.767421688, 0.996619339,
2153.808285857, 0.996495574,
2153.828717791, 0.996386192,
2153.890013891, 0.996324668,
2153.930878054, 0.995848388,
2153.951309985, 0.995598966,
2153.971742016, 0.995434381,
2153.992174146, 0.995281209,
2154.012606076, 0.995265182,
2154.033038106, 0.995249634,
2154.053470134, 0.995341898,
2154.073902163, 0.995603936,
2154.094334191, 0.995675907,
2154.114766218, 0.995891180,
2154.155630272, 0.996080587,
2154.176062298, 0.996173516,
2154.196494323, 0.996342420,
2154.216926349, 0.996249992,
2154.237358473, 0.996216273,
2154.257790397, 0.996101651,
2154.278222521, 0.996040782,
2154.298654544, 0.995922814,
2154.319086467, 0.995834255,
2154.339518590, 0.995687588,
2154.380382533, 0.995637121,
2154.421246674, 0.995636789,
2154.441678594, 0.995653392,
2154.462110714, 0.995676822,
2154.482542733, 0.995682793,
2154.502974752, 0.995518953,
2154.523406770, 0.995850100,
2154.543838788, 0.996047487,
2154.564270805, 0.995916338,
2154.584702822, 0.995767005,
2154.605134838, 0.995539548,
2154.625566854, 0.995243070,
2154.645998970, 0.994992358,
2154.666430885, 0.994846291,
2154.686862899, 0.994805938,
2154.707295013, 0.994696975,
2154.727726927, 0.994602368,
2154.748158940, 0.994694866,
2154.768590953, 0.995023455,
2154.789022965, 0.995393076,
2154.809455077, 0.995602302,
2154.829886988, 0.995655803,
2154.850318999, 0.995662301,
2154.870751109, 0.995576675,
2154.891183019, 0.995325327,
2154.911615029, 0.995184662,
2154.932047138, 0.994958249,
2154.952479046, 0.994863724,
2154.993343162, 0.994842618,
2155.013775069, 0.994974530,
2155.034207076, 0.995144430,
2155.075071188, 0.995452360,
2155.095503093, 0.995262891,
2155.115935199, 0.995341407,
2155.136367203, 0.995373730,
2155.177231211, 0.995566708,
2155.218095116, 0.995586309,
2155.238527218, 0.995582510,
2155.258959220, 0.995449195,
2155.279391121, 0.995531724,
2155.299823222, 0.995584670,
2155.320255223, 0.995806605,
2155.340687223, 0.995980373,
2155.361119222, 0.996021744,
2155.381551221, 0.995575822,
2155.442847216, 0.995141044,
2155.483711209, 0.994973181,
2155.504143206, 0.995136625,
2155.524575202, 0.995522675,
2155.565439192, 0.995820662,
2155.585871286, 0.995853723,
2155.606303180, 0.996142803,
2155.626735174, 0.996538191,
2155.647167267, 0.996949335,
2155.667599160, 0.997249416,
2155.688031152, 0.997430313,
2155.708463244, 0.997596185,
2155.728895135, 0.997687212,
2155.749327126, 0.997403989,
2155.769759217, 0.997397893,
2155.851487074, 0.997459038,
2155.871919062, 0.996940320,
2155.892351150, 0.996592296,
2155.912783137, 0.996297682,
2155.933215024, 0.996212408,
2155.953647110, 0.996240847,
2155.974079096, 0.996469884,
2155.994511081, 0.998019911,
2156.014943067, 0.997242039,
2156.035375051, 0.997663817,
2156.055807135, 0.997749636,
2156.076239019, 0.997938734,
2156.096671003, 0.997997563,
2156.117103085, 0.997948148,
2156.137534968, 0.998076017,
2156.157966950, 0.997935227,
2156.178399031, 0.997682585,
2156.198830912, 0.997296542,
2156.219262893, 0.997002112,
2156.239694973, 0.996795442,
2156.280558832, 0.996471496,
2156.300990811, 0.996524793,
2156.321422789, 0.996633055,
2156.403150698, 0.997792642,
2156.423582774, 0.998085296,
2156.444014650, 0.998358294,
2156.464446625, 0.998589206,
2156.484878700, 0.998506120,
2156.505310575, 0.998132223,
2156.525742548, 0.997940959,
2156.546174622, 0.997846235,
2156.566606495, 0.997859878,
2156.587038567, 0.997762111,
2156.607470540, 0.997666437,
2156.627902411, 0.997637420,
2156.648334483, 0.997738378,
2156.668766454, 0.997880560,
2156.689198324, 0.998098923,
2156.750494333, 0.998342839,
2156.770926301, 0.998258188,
2156.791358269, 0.998304788,
2156.811790237, 0.998404562,
2156.832222204, 0.998361680,
2156.852654171, 0.998286546,
2156.873086138, 0.998124236,
2156.893518204, 0.998018669,
2156.913950069, 0.997885507,
2156.954814099, 0.998164679,
2156.975245963, 0.998154345,
2156.995677927, 0.998301352,
2157.016109891, 0.998445000,
2157.036541853, 0.998584822,
2157.056973816, 0.998610681,
2157.077405778, 0.998574213,
2157.097837740, 0.998641658,
2157.118269701, 0.998683676,
2157.138701661, 0.998645803,
2157.159133622, 0.998756949,
2157.179565682, 0.998606964,
2157.199997541, 0.998477514,
2157.220429500, 0.998257270,
2157.240861559, 0.998094550,
2157.302157432, 0.999051091,
2157.322589389, 0.998874931,
2157.343021245, 0.998651910,
2157.363453301, 0.998547511,
2157.383885256, 0.998599492,
2157.404317112, 0.998617954,
2157.445181120, 0.998764098,
2157.465612974, 0.998894239,
2157.486045027, 0.999034054,
2157.506476980, 0.998932954,
2157.526908833, 0.998784320,
2157.547340885, 0.998870365,
2157.567772836, 0.998824675,
2157.588204788, 0.998642964,
2157.608636738, 0.998590100,
2157.629068689, 0.998492457,
2157.649500639, 0.998721679,
2157.669932588, 0.998800289,
2157.690364537, 0.998818196,
2157.710796486, 0.998901218,
2157.731228434, 0.999001094,
2157.812956222, 0.999076340,
2157.833388268, 0.999126616,
2157.853820113, 0.999125297,
2157.874252059, 0.999116707,
2157.894684103, 0.999244387,
2157.915115948, 0.999374461,
2157.935547892, 0.999352180,
2157.955979935, 0.999327109,
2157.976411778, 0.999113887,
2157.996843720, 0.999090592,
2158.017275763, 0.999111578,
2158.037707604, 0.999462736,
2158.058139546, 0.999779263,
2158.078571586, 0.999979604,
2158.099003527, 1.000102990,
2158.119435367, 1.000218915,
2158.160299346, 1.000204726,
2158.180731184, 1.000149409,
2158.201163223, 1.000195375,
2158.221595160, 1.000046523,
2158.242026998, 0.999913893,
2158.262459035, 0.999527474,
2158.282890971, 0.999297107,
2158.303322807, 0.998851258,
2158.323754843, 0.998759821,
2158.344186778, 0.998642827,
2158.364618813, 0.998598258,
2158.385050648, 0.998649331,
2158.405482582, 0.998726074,
2158.425914615, 0.998797889,
2158.446346449, 0.998875561,
2158.466778381, 0.998863785,
2158.487210414, 0.998971641,
2158.507642246, 0.998613087,
2158.528074177, 0.998435968,
2158.548506108, 0.998337684,
2158.568938039, 0.998158912,
2158.589369969, 0.998192600,
2158.609801999, 0.998335177,
2158.630233828, 0.998538062,
2158.650665757, 0.998633707,
2158.671097785, 0.998677676,
2158.711961541, 0.998256867,
2158.793689348, 0.998367263,
2158.814121173, 0.998376049,
2158.834553098, 0.998509474,
2158.854985123, 0.998599260,
2158.875416947, 0.998511025,
2158.895848971, 0.998518484,
2158.916280895, 0.998280440,
2158.936712818, 0.998059457,
2158.957144740, 0.997803035,
2158.977576662, 0.997671916,
2158.998008584, 0.997738736,
2159.018440505, 0.997678712,
2159.038872426, 0.997801811,
2159.059304347, 0.998219667,
2159.079736367, 0.998467075,
2159.100168187, 0.998623861,
2159.120600106, 0.998694183,
2159.141032125, 0.998928625,
2159.161463943, 0.999111970,
2159.181895861, 0.999270065,
2159.202327879, 0.999188839,
2159.222759696, 0.998936657,
2159.243191613, 0.998768194,
2159.263623529, 0.998689466,
2159.284055445, 0.998641856,
2159.304487361, 0.998571185,
2159.324919275, 0.998533538,
2159.345351190, 0.998642332,
2159.386215018, 0.998826788,
2159.406646932, 0.999176131,
2159.427078845, 0.999270127,
2159.447510858, 0.999427646,
2159.467942670, 0.999250111,
2159.549670414, 0.999033663,
2159.570102324, 0.998814149,
2159.590534134, 0.998418523,
2159.610966143, 0.998180925,
2159.631398052, 0.998138017,
2159.651829861, 0.998283334,
2159.672261868, 0.998494450,
2159.692693776, 0.998779185,
2159.713125583, 0.998844229,
2159.753989497, 0.998989190,
2159.774421403, 0.998795763,
2159.794853308, 0.998682105,
2159.815285213, 0.998576814,
2159.835717118, 0.998500806,
2159.856149022, 0.998463495,
2159.876580926, 0.998418140,
2159.897012830, 0.998591591,
2159.917444833, 0.998475802,
2159.937876636, 0.998310229,
2159.958308538, 0.998141892,
2159.978740440, 0.998093439,
2159.999172341, 0.998126513,
2160.019604142, 0.998231758,
2160.040036143, 0.998352094,
2160.060468043, 0.998355453,
2160.101331842, 0.998092117,
2160.121763741, 0.998381814,
2160.142195740, 0.998509141,
2160.162627538, 0.998479404,
2160.183059436, 0.998386514,
2160.203491433, 0.998113149,
2160.223923230, 0.998011899,
2160.244355127, 0.998010265,
2160.264787123, 0.998047036,
2160.285219019, 0.998226711,
2160.305650814, 0.998445518,
2160.326082809, 0.998421538,
2160.346514703, 0.998024612,
2160.366946498, 0.997819084,
2160.387378491, 0.997754547,
2160.407810385, 0.997905417,
2160.428242178, 0.998139787,
2160.448674170, 0.998247024,
2160.469106062, 0.998201793,
2160.489537854, 0.998151649,
2160.509969845, 0.998070221,
2160.530401736, 0.997759658,
2160.550833526, 0.997268614,
2160.591697406, 0.996595262,
2160.612129295, 0.996581494,
2160.632561184, 0.996916439,
2160.652993073, 0.997519105,
2160.673425061, 0.998013234,
2160.734720722, 0.998558795,
2160.755152509, 0.998527180,
2160.775584395, 0.998524255,
2160.796016281, 0.998353908,
2160.816448166, 0.998152342,
2160.836880051, 0.998220861,
2160.857312035, 0.998273637,
2160.877743819, 0.998222961,
2160.898175703, 0.998022444,
2160.918607686, 0.997712495,
2160.939039469, 0.997549787,
2160.959471351, 0.997594443,
2160.979903333, 0.997535378,
2161.000335115, 0.997521499,
2161.020766996, 0.996941642,
2161.041198977, 0.996495387,
2161.061630757, 0.996859995,
2161.082062637, 0.997085619,
2161.102494617, 0.997298733,
2161.122926496, 0.997394224,
2161.184222132, 0.997423508,
2161.204653909, 0.997192144,
2161.225085886, 0.997245005,
2161.245517763, 0.997344369,
2161.265949539, 0.997375764,
2161.286381516, 0.997145251,
2161.306813391, 0.996925328,
2161.327245366, 0.996757434,
2161.368109016, 0.997046238,
2161.388540990, 0.997417665,
2161.470268382, 0.997538417,
2161.490700254, 0.997788515,
2161.511132126, 0.997999254,
2161.531563997, 0.998501512,
2161.551995868, 0.999436418,
2161.572427739, 0.999591871,
2161.592859609, 0.999119828,
2161.613291479, 0.998827211,
2161.633723348, 0.999091054,
2161.654155217, 0.998943826,
2161.674587085, 0.998748112,
2161.735882689, 0.997781679,
2161.776746422, 0.996661581,
2161.797178288, 0.996456316,
2161.817610254, 0.996651372,
2161.838042020, 0.996866775,
2161.858473985, 0.997068818,
2161.878905849, 0.997126531,
2161.899337613, 0.997216478,
2161.919769577, 0.997440386,
2161.940201441, 0.997636547,
2161.960633304, 0.997913187,
2161.981065166, 0.997538703,
2162.001497029, 0.997033357,
2162.021928891, 0.997027973,
2162.042360752, 0.997015015,
2162.062792613, 0.996795556,
2162.083224474, 0.996727281,
2162.103656334, 0.996598865,
2162.124088194, 0.996402991,
2162.144520054, 0.996375828,
2162.205815630, 0.996839489,
2162.226247488, 0.996922007,
2162.246679346, 0.997234417,
2162.267111103, 0.997377223,
2162.287543060, 0.997384973,
2162.307974916, 0.997132848,
2162.328406673, 0.996766596,
2162.348838628, 0.996365091,
2162.369270484, 0.996165036,
2162.389702338, 0.995960071,
2162.410134193, 0.996083233,
2162.430566047, 0.995851463,
2162.450998001, 0.995628514,
2162.471429754, 0.995530109,
2162.491861607, 0.995785741,
2162.512293560, 0.996075225,
2162.532725412, 0.996367470,
2162.553157164, 0.996510790,
2162.573589115, 0.996738958,
2162.594020966, 0.996608308,
2162.614452717, 0.996558715,
2162.634884667, 0.996408789,
2162.655316517, 0.996076267,
2162.696180216, 0.995993101,
2162.716612065, 0.995671976,
2162.737043813, 0.995479065,
2162.757475761, 0.995654220,
2162.777907609, 0.996228209,
2162.798339456, 0.996751480,
2162.818771303, 0.997238675,
2162.839203149, 0.997715683,
2162.859634995, 0.998017290,
2162.900498686, 0.998501693,
2162.920930531, 0.998340107,
2162.941362376, 0.998893948,
2162.961794220, 0.999099299,
2162.982226064, 0.999019762,
2163.002657907, 0.998679187,
2163.023089751, 0.997803476,
2163.043521693, 0.997127709,
2163.063953435, 0.996890038,
2163.084385277, 0.997136676,
2163.186544481, 0.996366193,
2163.206976321, 0.996150291,
2163.227408260, 0.996075571,
2163.247839999, 0.996166927,
2163.268271837, 0.996331956,
2163.288703776, 0.996694243,
2163.309135514, 0.997220615,
2163.329567351, 0.997506129,
2163.349999288, 0.997221137,
2163.370431125, 0.997047993,
2163.390862861, 0.997393216,
2163.411294797, 0.997570897,
2163.431726632, 0.997780452,
2163.452158367, 0.998122478,
2163.472590302, 0.997622119,
2163.493022136, 0.997400382,
2163.513453870, 0.997430649,
2163.533885804, 0.997644729,
2163.554317637, 0.998163015,
2163.595181303, 0.998207191,
2163.615613135, 0.998176734,
2163.697340460, 0.997125941,
2163.717772290, 0.997417922,
2163.738204120, 0.999284254,
2163.758635949, 0.998008352,
2163.779067779, 0.998306427,
2163.799499607, 0.998324841,
2163.819931436, 0.998382431,
2163.840363264, 0.998377019,
2163.860795091, 0.998183955,
2163.881227019, 0.998198127,
2163.922090572, 0.997900235,
2163.942522498, 0.997671417,
2163.962954224, 0.997665185,
2163.983386050, 0.997822039,
2164.003817975, 0.998235989,
2164.024249700, 0.998192500,
2164.085545172, 0.998463465,
2164.105976995, 0.998570427,
2164.126408918, 0.998545850,
2164.146840640, 0.998404938,
2164.167272562, 0.998433605,
2164.187704384, 0.998329500,
2164.208136205, 0.998448693,
2164.228568027, 0.998257070,
2164.248999847, 0.998307263,
2164.269431667, 0.998261421,
2164.289863588, 0.998377163,
2164.330727126, 0.998662122,
2164.351159045, 0.998832912,
2164.432886217, 0.998790071,
2164.453318034, 0.998888148,
2164.473749850, 0.999029395,
2164.494181667, 0.999343642,
2164.514613383, 0.999412248,
2164.535045298, 0.999313611,
2164.555477113, 0.999264807,
2164.575908928, 0.999212535,
2164.596340743, 0.999181196,
2164.637204371, 0.999337882,
2164.657636184, 0.999366309,
2164.678067997, 0.999227193,
2164.698499910, 0.999256961,
2164.718931722, 0.999493087,
2164.739363434, 0.999770755,
2164.759795346, 1.000027451,
2164.780227157, 0.999955084,
2164.800658868, 0.999973197,
2164.821090778, 0.999974785,
2164.902818016, 0.999036258,
2164.923249725, 0.998811695,
2164.943681633, 0.998781945,
2164.964113441, 0.998739037,
2164.984545149, 0.998827051,
2165.004977056, 0.999035474,
2165.025408863, 0.999106009,
2165.045840670, 0.999253128,
2165.066272476, 0.999387609,
2165.086704282, 0.999471930,
2165.107136087, 0.999502257,
2165.127567892, 0.999380737,
2165.147999697, 0.999278596,
2165.168431501, 0.999089976,
2165.188863405, 0.999224501,
2165.209295109, 0.999057684,
2165.229727012, 0.999032027,
2165.250158715, 0.998960473,
2165.270590518, 0.999245228,
2165.291022420, 0.999342665,
2165.331885924, 0.999548939,
2165.393181326, 0.999598560,
2165.413613226, 0.999619275,
2165.434044926, 0.999707580,
2165.454476725, 0.999593691,
2165.474908625, 0.999480689,
2165.495340323, 0.999153909,
2165.515772122, 0.998858201,
2165.536204020, 0.999100838,
2165.556635817, 0.999085685,
2165.597499411, 0.999292544,
2165.638362904, 0.999472793,
2165.658794800, 0.999759296,
2165.679226596, 0.999702946,
2165.699658291, 0.999722034,
2165.720090186, 0.999806474,
2165.740521980, 0.999881577,
2165.760953874, 0.999935607,
2165.781385568, 0.999984234,
2165.801817361, 1.000101311,
2165.822249255, 1.000033655,
2165.842680947, 0.999918460,
2165.863112740, 0.999683974,
2165.883544532, 0.999619083,
2165.903976323, 0.999674884,
2165.924408115, 0.999827804,
2165.944839906, 0.999889197,
2165.965271696, 0.999866995,
2165.985703487, 0.999650026,
2166.006135277, 0.999405700,
2166.026567066, 0.999336994,
2166.046998855, 0.999388676,
2166.067430744, 0.999562496,
2166.087862433, 0.999577858,
2166.108294221, 0.999572139,
2166.128726109, 0.999629352,
2166.149157796, 0.999727367,
2166.169589584, 0.999931991,
2166.190021471, 1.000069499,
2166.210453157, 1.000389626,
2166.230884943, 1.000573445,
2166.251316829, 1.000897247,
2166.271748514, 1.000945804,
2166.292180399, 1.000728185,
2166.312612184, 1.000598557,
2166.333043868, 1.000591118,
2166.373907536, 0.999760729,
2166.394339320, 0.999487558,
2166.435202885, 0.999148380,
2166.455634668, 0.999283030,
2166.476066450, 0.999307633,
2166.496498231, 0.999704976,
2166.516930013, 1.000119815,
2166.537361893, 1.000227938,
2166.557793574, 0.999994704,
2166.578225355, 0.999871438,
2166.619088914, 0.999788772,
2166.639520693, 0.999854320,
2166.659952472, 0.999799059,
2166.680384251, 0.999624604,
2166.700816029, 0.999702264,
2166.721247807, 0.999782497,
2166.741679584, 0.999735908,
2166.762111362, 0.999542376,
2166.782543139, 0.999536871,
2166.802974915, 0.999645867,
2166.823406791, 0.999856400,
2166.864270243, 0.999865192,
2166.905133893, 0.999482728,
2166.925565567, 0.999502369,
2166.945997441, 0.999445727,
2166.966429215, 0.999458894,
2166.986860889, 0.999381224,
2167.007292762, 0.999525519,
2167.027724535, 0.999636929,
2167.048156207, 0.999646865,
2167.109451523, 0.999727539,
2167.150315164, 0.999941024,
2167.170746835, 1.000048917,
2167.191178705, 0.999903169,
2167.211610475, 0.999808853,
2167.232042244, 0.999939143,
2167.252474013, 0.999964403,
2167.293337550, 0.999702758,
2167.354632954, 0.999638287,
2167.375064621, 0.999918143,
2167.395496388, 0.999830705,
2167.415928254, 1.000150476,
2167.436359920, 1.000594099,
2167.497655217, 1.000817302,
2167.518086981, 1.000885538,
2167.538518846, 1.000567160,
2167.558950510, 1.000533684,
2167.599814137, 1.000490894,
2167.620245801, 1.000073240,
2167.640677563, 0.999701999,
2167.661109426, 0.999379823,
2167.681541088, 0.999044871,
2167.701972850, 0.998590660,
2167.722404711, 0.998699857,
2167.742836472, 0.999034161,
2167.763268133, 0.999363958,
2167.783699994, 0.999595124,
2167.804131754, 0.999810065,
2167.844995273, 1.000264377,
2167.865427032, 1.000466805,
2167.885858891, 1.000779632,
2167.926722308, 1.000720638,
2167.947154166, 1.000523301,
2167.967585823, 1.000632528,
2167.988017581, 1.000590837,
2168.008449437, 1.000087403,
2168.028881094, 0.999919501,
2168.049312850, 0.999932208,
2168.090176362, 0.999143489,
2168.110608117, 0.999103367,
2168.131039872, 0.998933010,
2168.151471627, 0.998877141,
2168.171903381, 0.998981867,
2168.192335135, 0.999135501,
2168.212766888, 0.999325010,
2168.233198642, 0.999497445,
2168.253630495, 0.999873492,
2168.274062147, 1.000346101,
2168.294493900, 1.000417580,
2168.335357603, 1.000110991,
2168.355789355, 1.000109840,
2168.376221206, 1.000088679,
2168.396652957, 1.000015304,
2168.417084807, 1.000126308,
2168.437516457, 1.000028278,
2168.457948207, 0.999682015,
2168.478380056, 1.000065307,
2168.498811705, 1.000160999,
2168.519243454, 1.000005312,
2168.580538699, 1.000013937,
2168.600970546, 1.000068055,
2168.621402294, 1.000040136,
2168.641833940, 0.999708203,
2168.662265787, 0.999775827,
2168.682697533, 0.999796473,
2168.703129179, 0.999997718,
2168.723561025, 1.000111675,
2168.743992770, 1.000250984,
2168.764424415, 1.000468858,
2168.784856260, 1.000363927,
2168.825719648, 1.001272933,
2168.846151492, 1.001484728,
2168.866583135, 1.001116608,
2168.887014878, 1.000952832,
2168.907446721, 1.000588619,
2168.927878363, 1.000760359,
2168.948310206, 1.000473228,
2168.968741947, 1.000199800,
2169.009605430, 1.000188628,
2169.030037171, 1.000173302,
2169.070900652, 1.001212937,
2169.091332391, 1.001363740,
2169.111764131, 1.001525272,
2169.132195870, 1.001308447,
2169.152627609, 1.001188868,
2169.173059348, 1.001311142,
2169.193491186, 1.001285808,
2169.213922824, 1.001291708,
2169.234354562, 1.001149291,
2169.254786399, 1.001472755,
2169.275218037, 1.001475790,
2169.316081610, 1.001816506,
2169.336513246, 1.001933835,
2169.356944982, 1.001909542,
2169.377376817, 1.001870365,
2169.397808453, 1.001668896,
2169.418240288, 1.001559200,
2169.438672022, 1.001453668,
2169.459103756, 1.001617899,
2169.479535490, 1.001515686,
2169.499967124, 1.001671545,
2169.520398958, 1.001673022,
2169.561262423, 1.001752898,
2169.581694056, 1.001443276,
2169.602125888, 1.001042598,
2169.622557620, 1.001069895,
2169.642989251, 1.000990256,
2169.663421082, 1.000886950,
2169.683852814, 1.000911230,
2169.704284444, 1.000714148,
2169.724716274, 1.000594643,
2169.745148004, 1.000906159,
2169.765579634, 1.000894740,
2169.806443192, 1.000891136,
2169.826874821, 1.001036546,
2169.847306649, 1.000924981,
2169.867738378, 1.000704130,
2169.908601833, 1.000535449,
2169.929033560, 1.000547312,
2169.949465387, 1.000338498,
2169.969897014, 1.000369072,
2169.990328740, 1.000164139,
2170.010760566, 1.000409271,
2170.051623917, 1.000362140,
2170.072055742, 1.000351365,
2170.092487467, 1.000301052,
2170.112919091, 1.000270624,
2170.133350916, 1.000026133,
2170.153782640, 0.999555134,
2170.174214263, 0.999256853,
2170.194646086, 0.999070249,
2170.215077810, 0.999065225,
2170.235509432, 0.998845128,
2170.255941254, 0.999053624,
2170.296804598, 0.999619490,
2170.317236420, 0.999816377,
2170.337668041, 0.999897316,
2170.358099762, 0.999951654,
2170.378531582, 0.999981346,
2170.398963303, 0.999923028,
2170.439826742, 0.999993012,
2170.460258462, 0.999875744,
2170.480690181, 0.999945948,
2170.521553618, 0.999474396,
2170.541985436, 0.999375382,
2170.562417054, 0.999562669,
2170.582848772, 0.999627410,
2170.623712206, 1.000476356,
2170.644143923, 1.000744540,
2170.685007355, 1.000578232,
2170.705439071, 1.000692458,
2170.725870886, 1.000710902,
2170.746302502, 1.000617541,
2170.787166031, 1.001636957,
2170.807597645, 1.001749558,
2170.828029360, 1.001677119,
2170.848461173, 1.001624766,
2170.868892887, 1.001447785,
2170.889324600, 1.001070264,
2170.909756313, 1.001020556,
2170.930188025, 1.001085120,
2170.950619737, 1.000805969,
2170.971051449, 1.000210434,
2171.032346584, 1.000356208,
2171.052778195, 1.000599081,
2171.073210005, 1.000625656,
2171.093641715, 1.000911509,
2171.114073325, 1.001057153,
2171.134505135, 1.001047446,
2171.154936844, 1.001024918,
2171.175368453, 1.000981660,
2171.195800262, 1.000980753,
2171.216231970, 1.001801806,
2171.277527094, 1.001041908,
2171.297958801, 1.001330244,
2171.318390508, 1.001465453,
2171.338822215, 1.001679419,
2171.359254022, 1.001807019,
2171.379685728, 1.001890800,
2171.400117334, 1.001994844,
2171.420549139, 1.001818761,
2171.440980845, 1.001837900,
2171.461412450, 1.001650250,
2171.481844254, 1.001730823,
2171.522707563, 1.002270066,
2171.543139367, 1.002029356,
2171.563571070, 1.001746012,
2171.604434477, 1.001664919,
2171.624866179, 1.001535344,
2171.665729584, 1.001493885,
2171.686161286, 1.001347370,
2171.727024688, 1.001198843,
2171.747456389, 1.001368831,
2171.767887990, 1.001599115,
2171.788319791, 1.001964248,
2171.808751491, 1.002065702,
2171.829183191, 1.002230546,
2171.870046590, 1.002693262,
2171.890478288, 1.002563671,
2171.931341686, 1.002219395,
2171.951773484, 1.001888839,
2171.972205082, 1.001522581,
2172.013068577, 1.001482322,
2172.033500174, 1.001498767,
2172.053931870, 1.001404478,
2172.074363667, 1.001349703,
2172.094795263, 1.001271209,
2172.115226959, 1.001134834,
2172.135658755, 1.001176532,
2172.156090350, 1.001088204,
2172.176522045, 1.001334817,
2172.196953840, 1.001494242,
2172.258248923, 1.001309201,
2172.278680616, 1.001201223,
2172.299112310, 1.001027357,
2172.319544003, 1.000982054,
2172.339975696, 1.000922055,
2172.360407388, 1.000938053,
2172.380839081, 1.000970949,
2172.401270773, 1.001008405,
2172.442134156, 1.001121774,
2172.462565847, 1.001330428,
2172.482997538, 1.001273259,
2172.503429229, 1.001204051,
2172.544292609, 1.001492989,
2172.564724299, 1.001555915,
2172.585155989, 1.002039385,
2172.605587678, 1.002704085,
2172.626019367, 1.002736274,
2172.646451056, 1.002624036,
2172.666882744, 1.002446911,
2172.687314432, 1.002422118,
2172.707746220, 1.002546857,
2172.748609495, 1.002453756,
2172.769041282, 1.001810874,
2172.809904556, 1.001824148,
2172.830336342, 1.001669504,
2172.850768028, 1.001415602,
2172.871199614, 1.001756368,
2172.891631399, 1.002042741,
2172.912063084, 1.002107188,
2172.932494669, 1.002069918,
2172.973358138, 1.001770776,
2172.993789722, 1.001635251,
2173.014221506, 1.001474918,
2173.034653190, 1.001584126,
2173.055084873, 1.001330934,
2173.075516556, 1.000946941,
2173.136811604, 1.000437842,
2173.157243285, 1.000735036,
2173.177674967, 1.000869248,
2173.198106648, 1.001077821,
2173.238970110, 1.000684091,
2173.259401691, 1.000710289,
2173.279833372, 1.000893703,
2173.300265152, 1.001388980,
2173.320696731, 1.001408966,
2173.341128411, 1.001326492,
2173.361560190, 1.001072690,
2173.381991769, 1.002381480,
2173.402423448, 1.000677561,
2173.422855226, 1.000573146,
2173.484150260, 1.000398337,
2173.504581838, 1.000397518,
2173.525013515, 1.000198684,
2173.545445292, 0.999942949,
2173.565876869, 0.999896152,
2173.586308645, 0.999785540,
2173.606740321, 0.999642889,
2173.627171997, 0.999599283,
2173.647603672, 0.999955828,
2173.668035348, 1.000242878,
2173.688467023, 1.000283581,
2173.729330372, 1.000087685,
2173.749762047, 1.000292442,
2173.770193821, 1.000628363,
2173.811057068, 1.001309809,
2173.831488841, 1.001484372,
2173.851920414, 1.001473591,
2173.872352087, 1.001560597,
2173.892783759, 1.001936567,
2173.954078775, 1.001964599,
2173.974510447, 1.001933254,
2173.994942218, 1.001665683,
2174.015373789, 1.001569080,
2174.035805459, 1.001217859,
2174.056237230, 1.000995305,
2174.076668900, 1.000904664,
2174.117532239, 1.000425158,
2174.137963909, 1.000205082,
2174.158395478, 1.000137750,
2174.219690484, 1.000232911,
2174.240122252, 1.000174528,
2174.280985487, 1.000831791,
2174.301417254, 1.000830639,
2174.321848922, 1.000858118,
2174.342280488, 1.000920603,
2174.362712255, 1.000974920,
2174.383143921, 1.000824206,
2174.403575487, 1.000658629,
2174.424007253, 1.000710112,
2174.464870684, 1.000726040,
2174.505733914, 1.000886536,
2174.546597343, 1.001220613,
2174.567028907, 1.001162464,
2174.587460570, 1.001525102,
2174.607892234, 1.001792104,
2174.628323897, 1.002028349,
2174.648755660, 1.001724076,
2174.689618886, 1.001336001,
2174.730482210, 1.001181289,
2174.750913872, 1.001022937,
2174.771345633, 1.001216952,
2174.791777195, 1.001203601,
2174.812208856, 1.001157303,
2174.832640616, 1.001057542,
2174.853072177, 1.001508734,
2174.873503937, 1.001779343,
2174.893935597, 1.001870458,
2174.955230576, 1.002138559,
2174.975662235, 1.002193346,
2174.996093894, 1.002029384,
2175.016525552, 1.001820546,
2175.036957211, 1.001599011,
2175.057388969, 1.001442542,
2175.077820527, 1.001104690,
2175.098252184, 1.001075085,
2175.118683942, 1.000937658,
2175.139115499, 1.000997290,
2175.220842125, 1.000356971,
2175.241273880, 1.000126647,
2175.261705436, 1.000502654,
2175.282137191, 1.001107136,
2175.302568847, 1.001485456,
2175.323000402, 1.001745878,
2175.343432156, 1.001915484,
2175.363863711, 1.001875878,
2175.384295365, 1.001599987,
2175.404727119, 1.001458390,
2175.466022079, 1.001616278,
2175.486453732, 1.001635274,
2175.506885285, 1.001757614,
2175.527317037, 1.001645456,
2175.547748690, 1.001698319,
2175.568180242, 1.001747412,
2175.588611993, 1.001833521,
2175.629475196, 1.001915671,
2175.649906947, 1.002004539,
2175.690770349, 1.002444436,
2175.711201899, 1.002263336,
2175.731633549, 1.002046745,
2175.752065299, 1.001727239,
2175.772496849, 1.001715368,
2175.792928498, 1.001898850,
2175.813360247, 1.001744251,
2175.833791796, 1.001513055,
2175.854223445, 1.001373159,
2175.874655193, 1.001303191,
2175.895086841, 1.001233488,
2175.915518390, 1.001119226,
2175.935950137, 1.001111899,
2175.956381785, 1.001336358,
2175.976813332, 1.001426517,
2175.997245079, 1.001531203,
2176.017676626, 1.001738567,
2176.038108272, 1.001817961,
2176.058540019, 1.001811987,
2176.078971665, 1.001436227,
2176.099403311, 1.001456685,
2176.119834957, 1.001135736,
2176.181129892, 1.001036145,
2176.201561437, 1.001246565,
2176.221993181, 1.001291105,
2176.242424825, 1.001313943,
2176.283288113, 1.001594892,
2176.303719757, 1.001760466,
2176.324151400, 1.002023771,
2176.344583043, 1.002408907,
2176.365014686, 1.002199060,
2176.385446329, 1.002294828,
2176.426309613, 1.001870109,
2176.446741255, 1.001875298,
2176.467172997, 1.001949355,
2176.487604539, 1.001811947,
2176.508036280, 1.001635458,
2176.528467921, 1.001559633,
2176.548899462, 1.001754794,
2176.569331202, 1.002166932,
2176.589762843, 1.002191642,
2176.671489302, 1.001407252,
2176.691921041, 1.001255299,
2176.732784219, 1.001234489,
2176.753215957, 1.001127677,
2176.773647496, 1.001556653,
2176.794079134, 1.001884428,
2176.814510872, 1.002011025,
2176.834942509, 1.002237173,
2176.855374047, 1.002596876,
2176.875805784, 1.002526185,
2176.896237421, 1.002468629,
2176.916669058, 1.002332879,
2176.937100694, 1.002069046,
2176.957532330, 1.002216858,
2176.977964067, 1.002231449,
2176.998395602, 1.002173430,
2177.018827238, 1.001790279,
2177.039258974, 1.001502036,
2177.059690509, 1.001282460,
2177.080122144, 1.001202353,
2177.161848781, 1.001629805,
2177.182280315, 1.001569479,
2177.202711949, 1.001699500,
2177.223143682, 1.001796556,
2177.243575215, 1.001831763,
2177.264006848, 1.001928016,
2177.284438581, 1.002042253,
2177.304870214, 1.002072539,
2177.325301846, 1.002217416,
2177.345733478, 1.002175560,
2177.366165110, 1.002049993,
2177.407028373, 1.002165362,
2177.427460004, 1.001869910,
2177.447891736, 1.001786566,
2177.468323266, 1.001518242,
2177.509186527, 1.001593843,
2177.529618158, 1.001763284,
2177.550049688, 1.001851914,
2177.570481417, 1.002055134,
2177.590913047, 1.002490435,
2177.611344576, 1.002981088,
2177.672639563, 1.004112194,
2177.693071191, 1.004410830,
2177.713502819, 1.004513488,
2177.733934547, 1.004553831,
2177.754366075, 1.004460579,
2177.774797703, 1.004219910,
2177.795229430, 1.003968250,
2177.815661057, 1.003748928,
2177.836092584, 1.003750003,
2177.856524311, 1.003591560,
2177.897387464, 1.002550449,
2177.917819190, 1.002751362,
2177.938250816, 1.002963985,
2177.958682342, 1.002976400,
2177.979114067, 1.003054246,
2177.999545692, 1.003326776,
2178.019977218, 1.003446070,
2178.040408942, 1.003505179,
2178.060840567, 1.003543473,
2178.081272091, 1.003435159,
2178.101703816, 1.003285853,
2178.122135440, 1.003065510,
2178.142567063, 1.003054279,
2178.162998687, 1.002777217,
2178.183430310, 1.002417654,
2178.203861934, 1.002071553,
2178.224293557, 1.001765452,
2178.244725179, 1.001724786,
2178.265156802, 1.001710372,
2178.285588424, 1.001665122,
2178.306020046, 1.001675139,
2178.326451668, 1.001845630,
2178.346883290, 1.001978417,
2178.367314912, 1.001950574,
2178.387746633, 1.002000958,
2178.408178154, 1.002117234,
2178.428609775, 1.002439060,
2178.449041496, 1.002613949,
2178.469473016, 1.002879821,
2178.489904636, 1.003001973,
2178.510336357, 1.003100890,
2178.530767876, 1.003006211,
2178.571631216, 1.002902730,
2178.592062735, 1.002813927,
2178.632926073, 1.002794209,
2178.653357692, 1.002762653,
2178.673789310, 1.002767517,
2178.694220928, 1.002457406,
2178.714652546, 1.002278213,
2178.735084164, 1.001978465,
2178.755515782, 1.001683657,
2178.775947400, 1.001670537,
2178.796379117, 1.001807318,
2178.816810634, 1.001792707,
2178.837242251, 1.001994583,
2178.857673967, 1.002336837,
2178.878105484, 1.002786988,
2178.898537200, 1.002950673,
2178.918968716, 1.003122324,
2178.939400332, 1.002999686,
2178.980263563, 1.002370620,
2179.000695178, 1.002044654,
2179.021126894, 1.001716655,
2179.041558408, 1.001604568,
2179.061990023, 1.001284077,
2179.123284866, 1.002763921,
2179.143716580, 1.002495461,
2179.164148094, 1.002486122,
2179.184579707, 1.002289344,
2179.205011420, 1.001573539,
2179.245874547, 1.001436619,
2179.266306259, 1.001608949,
2179.286737872, 1.001736077,
2179.307169584, 1.001633656,
2179.327601096, 1.001569732,
2179.368464420, 1.001569073,
2179.388895931, 1.001620992,
2179.409327543, 1.001672260,
2179.470622376, 1.002200070,
2179.491054086, 1.002422960,
2179.511485597, 1.002588108,
2179.531917207, 1.002747113,
2179.552348917, 1.002622172,
2179.572780427, 1.002718477,
2179.593212037, 1.002574526,
2179.613643746, 1.002517747,
2179.634075255, 1.002382430,
2179.654506964, 1.002452677,
2179.674938573, 1.002359848,
2179.695370082, 1.002467646,
2179.715801790, 1.002518995,
2179.736233399, 1.002433324,
2179.756664907, 1.002459398,
2179.777096615, 1.002485835,
2179.797528223, 1.002494488,
2179.817959730, 1.002731039,
2179.838391438, 1.002884815,
2179.858823045, 1.002947289,
2179.879254552, 1.002878275,
2179.899686259, 1.002829068,
2179.920117865, 1.002823752,
2179.940549372, 1.002661709,
2179.960981078, 1.002565946,
2179.981412684, 1.002351197,
2180.001844390, 1.002207222,
2180.042707501, 1.002097100,
2180.063139207, 1.002058660,
2180.124434021, 1.002076872,
2180.144865626, 1.002137614,
2180.165297131, 1.002131338,
2180.185728835, 1.002400313,
2180.206160439, 1.002674479,
2180.226591943, 1.002820491,
2180.247023646, 1.002841481,
2180.267455250, 1.002739240,
2180.287886753, 1.002645204,
2180.308318456, 1.002617831,
2180.349181562, 1.003591121,
2180.369613265, 1.002542135,
2180.390044767, 1.002677532,
2180.410476469, 1.003139816,
2180.430908071, 1.003110798,
2180.451339573, 1.003051248,
2180.471771275, 1.003064682,
2180.492202876, 1.002921109,
2180.512634478, 1.002794632,
2180.533066079, 1.003017577,
2180.553497680, 1.003048920,
2180.573929281, 1.003227510,
2180.594360881, 1.003318365,
2180.635224082, 1.003251577,
2180.655655782, 1.003388163,
2180.676087282, 1.003560504,
2180.696518882, 1.003611229,
2180.716950581, 1.003575560,
2180.737382081, 1.003483549,
2180.757813780, 1.004128177,
2180.798676878, 1.003352865,
2180.819108576, 1.003219121,
2180.839540175, 1.003119307,
2180.859971673, 1.003152946,
2180.880403371, 1.003081339,
2180.900834970, 1.003107401,
2180.921266467, 1.003288092,
2180.941698165, 1.003378054,
2180.962129762, 1.003215807,
2180.982561360, 1.002998965,
2181.023424554, 1.002985681,
2181.043856150, 1.003017366,
2181.064287747, 1.003006910,
2181.105150940, 1.003319997,
2181.125582536, 1.003499755,
2181.146014132, 1.003593054,
2181.166445727, 1.003744822,
2181.186877323, 1.003898132,
2181.207308918, 1.004027031,
2181.227740614, 1.004339100,
2181.248172109, 1.004378239,
2181.268603704, 1.004178330,
2181.329898487, 1.003698840,
2181.370761676, 1.003016210,
2181.391193269, 1.002973042,
2181.411624963, 1.002969095,
2181.452488050, 1.003227438,
2181.472919743, 1.003582601,
2181.493351336, 1.003705477,
2181.513782929, 1.003693510,
2181.534214522, 1.003830030,
2181.554646114, 1.003824158,
2181.575077707, 1.004281142,
2181.595509299, 1.004425535,
2181.615940891, 1.004426326,
2181.636372483, 1.004067010,
2181.656804075, 1.003753283,
2181.677235666, 1.003660611,
2181.697667358, 1.003663254,
2181.718098849, 1.003610665,
2181.779393621, 1.003735159,
2181.820256802, 1.003845174,
2181.840688392, 1.003692041,
2181.881551573, 1.003299177,
2181.901983162, 1.003179355,
2181.942846341, 1.003403109,
2181.963277931, 1.003554829,
2181.983709620, 1.003771689,
2182.004141109, 1.003858459,
2182.024572697, 1.003835892,
2182.045004386, 1.003847132,
2182.065435975, 1.003748315,
2182.085867463, 1.003675821,
2182.106299151, 1.003764814,
2182.126730739, 1.003913859,
2182.147162227, 1.004070591,
2182.167593915, 1.004182399,
2182.188025502, 1.003782172,
2182.208457189, 1.003457895,
2182.249320264, 1.002709070,
2182.290183437, 1.001620997,
2182.310615024, 1.001072650,
2182.331046710, 1.001048641,
2182.351478196, 1.001237440,
2182.371909783, 1.001535441,
2182.392341468, 1.001853053,
2182.412772954, 1.002201195,
2182.433204540, 1.002445233,
2182.453636125, 1.002547260,
2182.474067711, 1.002697915,
2182.494499296, 1.002760401,
2182.514930981, 1.002702203,
2182.535362466, 1.002932695,
2182.555794151, 1.003056960,
2182.596657220, 1.002452901,
2182.637520488, 1.002767193,
2182.657951972, 1.003329284,
2182.678383656, 1.003578676,
2182.698815239, 1.003486742,
2182.719246723, 1.003440862,
2182.739678406, 1.003449677,
2182.760109989, 1.003515620,
2182.800973155, 1.003518682,
2182.821404738, 1.003549833,
2182.841836220, 1.003268819,
2182.882699485, 1.003487603,
2182.903131167, 1.003184009,
2182.923562649, 1.003444736,
2182.943994231, 1.003659316,
2182.964425913, 1.003854516,
2182.984857394, 1.003848360,
2183.005288976, 1.003763115,
2183.025720657, 1.003553798,
2183.046152238, 1.003510366,
2183.066583719, 1.003504253,
2183.087015400, 1.003364895,
2183.107446981, 1.003521307,
2183.127878461, 1.003439685,
2183.148310142, 1.003247736,
2183.168741622, 1.003090001,
2183.189173202, 1.003213867,
2183.230036362, 1.003561237,
2183.250468041, 1.003790996,
2183.291331100, 1.003913858,
2183.311762779, 1.003653988,
2183.332194358, 1.003750715,
2183.352625837, 1.004000958,
2183.373057516, 1.004010620,
2183.393489095, 1.003730828,
2183.413920673, 1.003341479,
2183.434352252, 1.003191138,
2183.454783830, 1.003130601,
2183.475215408, 1.003377862,
2183.495646986, 1.003521626,
2183.536510141, 1.003776240,
2183.556941819, 1.003793826,
2183.577373296, 1.003691166,
2183.597804973, 1.003912036,
2183.618236550, 1.004155979,
2183.638668027, 1.004391963,
2183.659099704, 1.004324784,
2183.679531281, 1.004347765,
2183.699962757, 1.004244984,
2183.720394434, 1.004158963,
2183.781689162, 1.003630957,
2183.802120738, 1.003483099,
2183.822552214, 1.003331006,
2183.842983889, 1.003144761,
2183.863415465, 1.002940674,
2183.883847040, 1.002956085,
2183.904278615, 1.002800742,
2183.924710190, 1.002540111,
2183.945141765, 1.002448306,
2183.986004914, 1.002380402,
2184.006436489, 1.002419252,
2184.026868063, 1.002354469,
2184.047299637, 1.002253759,
2184.067731311, 1.002180639,
2184.088162785, 1.001999460,
2184.108594359, 1.002145362,
2184.129026033, 1.002443342,
2184.169889080, 1.002878854,
2184.190320753, 1.003006255,
2184.210752226, 1.002858495,
2184.272046945, 1.003005933,
2184.312910190, 1.002859838,
2184.333341662, 1.002497378,
2184.353773334, 1.002196636,
2184.374204906, 1.002412851,
2184.394636478, 1.002648356,
2184.415068050, 1.002861892,
2184.435499622, 1.002878971,
2184.455931193, 1.002818690,
2184.476362765, 1.002822744,
2184.496794336, 1.002980877,
2184.517225907, 1.003049704,
2184.537657578, 1.003082829,
2184.558089049, 1.003129029,
2184.578520620, 1.003377295,
2184.598952291, 1.003192665,
2184.619383761, 1.003250678,
2184.639815432, 1.003090137,
2184.660246902, 1.002880160,
2184.680678472, 1.003176862,
2184.701110142, 1.003017055,
2184.721541612, 1.003138590,
2184.741973182, 1.003157155,
2184.762404851, 1.003005934,
2184.782836321, 1.002704284,
2184.803267890, 1.002322224,
2184.823699560, 1.002015525,
2184.844131029, 1.001949665,
2184.864562598, 1.001871463,
2184.884994267, 1.001675922,
2184.925857304, 1.001403773,
2185.007583678, 1.002746966,
2185.028015246, 1.003365041,
2185.048446913, 1.003735085,
2185.068878381, 1.004086153,
2185.089309949, 1.004246387,
2185.109741617, 1.004252923,
2185.130173084, 1.003445205,
2185.150604651, 1.002852675,
2185.171036318, 1.002562491,
2185.191467786, 1.002590365,
2185.211899353, 1.002832368,
2185.252762486, 1.002441050,
2185.293625719, 1.002263296,
2185.314057186, 1.002440204,
2185.334488852, 1.002748484,
2185.354920318, 1.003015045,
2185.395783550, 1.003199591,
2185.416215116, 1.003775773,
2185.436646581, 1.003933305,
2185.497941277, 1.003886043,
2185.518372943, 1.003620340,
2185.538804508, 1.003364883,
2185.559235973, 1.002805774,
2185.579667638, 1.002550727,
2185.600099202, 1.002462183,
2185.620530867, 1.002487538,
2185.640962332, 1.002558146,
2185.661393896, 1.002625129,
2185.681825560, 1.002602625,
2185.702257024, 1.003103156,
2185.722688588, 1.003328347,
2185.743120252, 1.003489490,
2185.763551716, 1.003815588,
2185.783983280, 1.003881968,
2185.804414943, 1.003669895,
2185.824846407, 1.003423115,
2185.845277970, 1.003238740,
2185.865709634, 1.003301936,
2185.886141197, 1.003286841,
2185.927004323, 1.003525534,
2185.947435886, 1.003463548,
2185.967867448, 1.003226786,
2186.008730573, 1.002751224,
2186.029162136, 1.002758421,
2186.049593698, 1.002996816,
2186.070025160, 1.003550866,
2186.090456822, 1.003597029,
2186.110888384, 1.003638673,
2186.131319846, 1.003817815,
2186.151751508, 1.004120716,
2186.172183069, 1.004294781,
2186.192614531, 1.004111854,
2186.213046192, 1.003736329,
2186.233477754, 1.003468646,
2186.253909315, 1.003379031,
2186.274340876, 1.003050107,
2186.294772437, 1.002906928,
2186.315204098, 1.002910428,
2186.356067119, 1.002957022,
2186.376498780, 1.003127829,
2186.396930240, 1.003358797,
2186.417361801, 1.003967804,
2186.437793461, 1.003857613,
2186.458225021, 1.003926781,
2186.478656481, 1.004019265,
2186.499088141, 1.003979600,
2186.519519701, 1.003851919,
2186.539951161, 1.003667952,
2186.560382820, 1.003659886,
2186.580814380, 1.003866526,
2186.601246039, 1.004032279,
2186.621677498, 1.004039740,
2186.642109058, 1.003850731,
2186.662540717, 1.003838232,
2186.723835294, 1.003820953,
2186.744266852, 1.004032574,
2186.764698411, 1.004193212,
2186.785129969, 1.004235132,
2186.805561528, 1.004040733,
2186.825993086, 1.004049043,
2186.846424644, 1.003896963,
2186.866856203, 1.003731798,
2186.887287761, 1.003622230,
2186.907719319, 1.003381068,
2186.928150876, 1.003459558,
2186.948582534, 1.003504526,
2186.969014092, 1.003501567,
2186.989445549, 1.003532950,
2187.009877207, 1.003614369,
2187.030308764, 1.003651573,
2187.050740221, 1.003798099,
2187.071171879, 1.004060885,
2187.091603436, 1.004371990,
2187.112034893, 1.004539570,
2187.132466549, 1.004598085,
2187.152898106, 1.004583712,
2187.173329563, 1.004465002,
2187.214192776, 1.004354265,
2187.234624232, 1.004349276,
2187.255055889, 1.004346830,
2187.275487445, 1.004303052,
2187.295919101, 1.004421532,
2187.316350557, 1.004229244,
2187.336782113, 1.004044369,
2187.357213769, 1.003864398,
2187.377645225, 1.003867236,
2187.398076780, 1.003914342,
2187.418508436, 1.003759049,
2187.438939891, 1.003784616,
2187.459371447, 1.003666077,
2187.479803102, 1.003546665,
2187.500234557, 1.003528316,
2187.520666112, 1.003663241,
2187.541097767, 1.004039151,
2187.561529222, 1.004421048,
2187.581960877, 1.004573574,
2187.602392432, 1.004732822,
2187.622823887, 1.004897393,
2187.684118550, 1.004710295,
2187.704550204, 1.004557869,
2187.724981759, 1.004416277,
2187.745413213, 1.004522063,
2187.765844867, 1.004375550,
2187.786276421, 1.004545224,
2187.806707975, 1.004443240,
2187.827139529, 1.004686462,
2187.847571082, 1.004680188,
2187.868002736, 1.004440562,
2187.888434189, 1.004282776,
2187.908865743, 1.004088246,
2187.929297396, 1.004012718,
2187.949728950, 1.003797409,
2187.970160403, 1.003790076,
2187.990592056, 1.003850450,
2188.011023609, 1.004124458,
2188.031455062, 1.004399188,
2188.072318268, 1.004484902,
2188.092749720, 1.004368680,
2188.113181373, 1.004127547,
2188.133612925, 1.003934184,
2188.154044378, 1.003727383,
2188.174476030, 1.003703230,
2188.215339135, 1.003399472,
2188.235770687, 1.003409826,
2188.256202139, 1.003206517,
2188.297065343, 1.002787259,
2188.317496895, 1.002816894,
2188.337928446, 1.002609928,
2188.358359998, 1.002739360,
2188.378791550, 1.002841686,
2188.419654653, 1.003035869,
2188.440086204, 1.002994360,
2188.460517855, 1.003382766,
2188.480949306, 1.003398794,
2188.501380958, 1.003742867,
2188.521812509, 1.004104429,
2188.542243960, 1.004252675,
2188.562675610, 1.004456690,
2188.583107161, 1.004249715,
2188.603538612, 1.004091030,
2188.623970263, 1.003739264,
2188.644401813, 1.003319265,
2188.664833264, 1.002983242,
2188.685264914, 1.002733758,
2188.705696465, 1.002601568,
2188.726127915, 1.002312105,
2188.746559565, 1.002313450,
2188.766991115, 1.002117369,
2188.787422765, 1.002091174,
2188.807854215, 1.002132290,
2188.828285765, 1.002332925,
2188.848717315, 1.002437465,
2188.869148865, 1.002523242,
2188.889580414, 1.002685542,
2188.910011964, 1.002990723,
2188.930443514, 1.003327710,
2188.971306712, 1.003820636,
2188.991738162, 1.004205690,
2189.012169711, 1.004626591,
2189.032601360, 1.004938780,
2189.053032809, 1.004968911,
2189.114327456, 1.003617870,
2189.134759105, 1.003613190,
2189.196053751, 1.003766296,
2189.216485300, 1.003711051,
2189.236916749, 1.003757547,
2189.257348397, 1.003494210,
2189.277779945, 1.003374436,
2189.298211494, 1.003381050,
2189.318643042, 1.003262206,
2189.339074590, 1.003566328,
2189.359506138, 1.003812647,
2189.379937686, 1.004045081,
2189.400369234, 1.004202447,
2189.420800882, 1.004458763,
2189.441232430, 1.004427904,
2189.461663878, 1.004368800,
2189.482095525, 1.004306915,
2189.502527073, 1.004179825,
2189.522958521, 1.004295287,
2189.543390168, 1.004197241,
2189.563821716, 1.004397111,
2189.584253163, 1.004583532,
2189.604684810, 1.005075138,
2189.625116258, 1.005440313,
2189.645547805, 1.005955965,
2189.665979452, 1.005594015,
2189.686410899, 1.004853726,
2189.706842546, 1.004358152,
2189.727274093, 1.004039491,
2189.747705540, 1.004004963,
2189.788568734, 1.003897049,
2189.809000281, 1.004103014,
2189.829431827, 1.004253363,
2189.849863374, 1.004088187,
2189.870294920, 1.003997208,
2189.890726467, 1.003721584,
2189.911158013, 1.003641664,
2189.931589560, 1.003439026,
2189.992884298, 1.003361941,
2190.013315844, 1.003341763,
2190.033747291, 1.003316714,
2190.054178937, 1.003307693,
2190.074610483, 1.003004244,
2190.095041928, 1.002954543,
2190.115473574, 1.002959782,
2190.135905120, 1.003109678,
2190.156336566, 1.003151985,
2190.176768212, 1.003170961,
2190.197199757, 1.003289425,
2190.217631203, 1.003490242,
2190.238062848, 1.003693080,
2190.258494294, 1.003933861,
2190.278925939, 1.003873857,
2190.299357485, 1.003673957,
2190.319788930, 1.003671356,
2190.340220575, 1.003432341,
2190.381083666, 1.003398149,
2190.401515211, 1.003477731,
2190.421946756, 1.003392801,
2190.442378301, 1.003302839,
2190.462809846, 1.003003705,
2190.483241390, 1.002913909,
2190.503672935, 1.002783074,
2190.524104580, 1.002896997,
2190.544536025, 1.003087964,
2190.564967670, 1.003399843,
2190.585399214, 1.003534597,
2190.646693848, 1.003408233,
2190.667125292, 1.003501945,
2190.687556937, 1.003527467,
2190.707988481, 1.003299015,
2190.728419925, 1.003259171,
2190.748851570, 1.003150349,
2190.769283114, 1.003206583,
2190.789714658, 1.003351326,
2190.810146202, 1.002990570,
2190.830577746, 1.002682550,
2190.871440834, 1.001973616,
2190.891872378, 1.002008187,
2190.912304022, 1.002650162,
2190.932735466, 1.003192227,
2190.953167010, 1.003603405,
2190.973598653, 1.003594312,
2190.994030097, 1.003169736,
2191.014461641, 1.002754201,
2191.034893284, 1.002621785,
2191.055324728, 1.002974882,
2191.075756271, 1.002871633,
2191.096187915, 1.002566717,
2191.137051002, 1.003206256,
2191.157482545, 1.002875848,
2191.177913988, 1.002896327,
2191.198345632, 1.003223520,
2191.218777175, 1.003585003,
2191.239208618, 1.003852957,
2191.259640261, 1.003815948,
2191.280071804, 1.003998616,
2191.300503247, 1.003946892,
2191.361797976, 1.003772208,
2191.382229519, 1.003587402,
2191.402661062, 1.003321876,
2191.423092705, 1.002987069,
2191.443524248, 1.003132641,
2191.463955690, 1.003059601,
2191.484387333, 1.003074063,
2191.504818876, 1.003258713,
2191.525250318, 1.003484238,
2191.545681961, 1.003607313,
2191.566113503, 1.003794051,
2191.586544946, 1.003920119,
2191.627408031, 1.005223728,
2191.647839573, 1.005024131,
2191.668271216, 1.004074885,
2191.688702758, 1.003406749,
2191.709134300, 1.003279929,
2191.729565843, 1.003646320,
2191.749997285, 1.003832117,
2191.770428927, 1.003968375,
2191.790860469, 1.003835437,
2191.811291911, 1.003206175,
2191.852155095, 1.002415765,
2191.872586637, 1.002523554,
2191.893018179, 1.002675615,
2191.913449721, 1.002795022,
2191.933881363, 1.002650759,
2191.954312805, 1.002542741,
2191.974744347, 1.002632141,
2191.995175989, 1.003187540,
2192.015607531, 1.003319591,
2192.036038973, 1.003387206,
2192.056470614, 1.003167131,
2192.076902156, 1.002966292,
2192.117765239, 1.002818248,
2192.138196781, 1.002862658,
2192.158628223, 1.002921684,
2192.179059864, 1.003220168,
2192.199491406, 1.003445377,
2192.219923047, 1.002261115,
2192.240354489, 1.001619484,
2192.260786030, 1.002243696,
2192.342512296, 1.003214277,
2192.362943737, 1.003444030,
2192.383375278, 1.003870413,
2192.403806820, 1.003948162,
2192.444669902, 1.004114919,
2192.465101443, 1.004315965,
2192.485532984, 1.003916093,
2192.505964626, 1.003487116,
2192.526396167, 1.003339522,
2192.567259249, 1.002986302,
2192.608122231, 1.002651924,
2192.628553872, 1.003788300,
2192.648985413, 1.004129459,
2192.669416854, 1.003508066,
2192.710280036, 1.003930064,
2192.730711677, 1.003445321,
2192.751143117, 1.002958655,
2192.771574658, 1.003207592,
2192.792006299, 1.002595665,
2192.853300921, 1.002239728,
2192.873732362, 1.002459399,
2192.894163903, 1.003529788,
2192.914595544, 1.002157521,
2192.935026984, 1.002171569,
2192.955458525, 1.003145267,
2192.975890166, 1.003538220,
2192.996321606, 1.002923199,
2193.037184787, 1.003280723,
2193.057616328, 1.002899568,
2193.098479409, 1.003202049,
2193.118910850, 1.003044759,
2193.159774031, 1.002941523,
2193.180205471, 1.003159358,
2193.200637112, 1.003040578,
2193.221068652, 1.002977456,
2193.241500292, 1.002952294,
2193.261931733, 1.003145669,
2193.282363273, 1.003210137,
2193.302794914, 1.003098530,
2193.343657894, 1.002770108,
2193.364089535, 1.002903827,
2193.384520975, 1.002378159,
2193.404952515, 1.001971473,
2193.425384156, 1.001732622,
2193.445815596, 1.001935497,
2193.466247136, 1.001994545,
2193.486678777, 1.002276973,
2193.507110317, 1.002701848,
2193.527541857, 1.002925365,
2193.547973397, 1.003078992,
2193.588836478, 1.003765940,
2193.609268018, 1.004415897,
2193.629699558, 1.004617972,
2193.650131198, 1.004539804,
2193.670562638, 1.004972416,
2193.711425819, 1.005015180,
2193.731857259, 1.004551493,
2193.752288799, 1.004202393,
2193.772720339, 1.004012006,
2193.793151879, 1.003542676,
2193.834014960, 1.003087073,
2193.854446500, 1.003011506,
2193.874878140, 1.002960222,
2193.895309580, 1.002197467,
2193.915741120, 1.001780737,
2193.936172760, 1.001978233,
2193.956604200, 1.001833140,
2193.977035740, 1.002304981,
2193.997467380, 1.002982353,
2194.017898820, 1.003018626,
2194.079193540, 1.003822331,
2194.099625080, 1.004077603,
2194.120056621, 1.004153921,
2194.140488161, 1.004227817,
2194.160919801, 1.004874595,
2194.181351241, 1.004408298,
2194.201782781, 1.004550401,
2194.242645861, 1.004369243,
2194.303940481, 1.004613731,
2194.324372121, 1.004343698,
2194.365235101, 1.004218374,
2194.385666741, 1.004100022,
2194.426529721, 1.003833104,
2194.446961361, 1.003989193,
2194.467392801, 1.003861277,
2194.487824341, 1.003947561,
2194.508255981, 1.003926998,
2194.569550601, 1.004275077,
2194.589982141, 1.004493828,
2194.610413681, 1.004344573,
2194.630845221, 1.004281011,
2194.651276761, 1.004286601,
2194.671708401, 1.004004485,
2194.692139841, 1.004350448,
2194.712571381, 1.004033202,
2194.733003021, 1.003849487,
2194.753434462, 1.003713827,
2194.773866102, 1.004167737,
2194.814729082, 1.003560703,
2194.835160722, 1.003995385,
2194.855592262, 1.003636473,
2194.876023702, 1.004538237,
2194.896455342, 1.004311321,
2194.916886882, 1.003979396,
2194.937318322, 1.004049076,
2194.957749963, 1.004014310,
2194.978181503, 1.004054082,
2195.019044583, 1.004214575,
2195.080339204, 1.004150608,
2195.100770744, 1.004119111,
2195.121202284, 1.003970755,
2195.141633824, 1.003819997,
2195.162065364, 1.004053352,
2195.182496905, 1.004312158,
2195.202928445, 1.004209850,
2195.243791625, 1.003528404,
2195.264223066, 1.003871793,
2195.284654706, 1.003782116,
2195.305086246, 1.004020397,
2195.325517687, 1.004413533,
2195.345949327, 1.004830019,
2195.366380867, 1.004704118,
2195.386812308, 1.004775445,
2195.427675488, 1.005378645,
2195.448106929, 1.005085136,
2195.468538569, 1.004810498,
2195.488970110, 1.004697034,
2195.509401750, 1.004442770,
2195.550264731, 1.004380414,
2195.570696371, 1.004705387,
2195.591127812, 1.004698607,
2195.611559352, 1.004395206,
2195.631990993, 1.004515985,
2195.652422434, 1.004982189,
2195.672853974, 1.005296406,
2195.693285615, 1.005696540,
2195.713717155, 1.005909219,
2195.734148696, 1.006116285,
2195.754580237, 1.006734705,
2195.795443318, 1.006202146,
2195.815874859, 1.006410853,
2195.836306299, 1.006101516,
2195.856737940, 1.005457827,
2195.877169481, 1.004936737,
2195.897600922, 1.004691433,
2195.918032562, 1.004433920,
2195.938464103, 1.004366997,
2195.958895744, 1.004063639,
2195.979327185, 1.004051585,
2196.040621808, 1.004274046,
2196.061053349, 1.004061014,
2196.081484990, 1.003964673,
2196.101916431, 1.004162263,
2196.122347972, 1.004034130,
2196.142779613, 1.004052514,
2196.163211054, 1.003838801,
2196.183642595, 1.004385595,
2196.204074236, 1.004360873,
2196.224505777, 1.004647042,
2196.244937318, 1.004744611,
2196.285800401, 1.005158024,
2196.306231942, 1.004970544,
2196.326663483, 1.005241127,
2196.347095024, 1.005442992,
2196.367526666, 1.005469574,
2196.387958107, 1.005213744,
2196.408389648, 1.005337214,
2196.428821190, 1.005394524,
2196.449252731, 1.005055849,
2196.469684373, 1.004768069,
2196.490115814, 1.004912191,
2196.530978997, 1.004118043,
2196.551410439, 1.003621914,
2196.571841980, 1.003416716,
2196.592273622, 1.003459902,
2196.612705064, 1.003601046,
2196.633136605, 1.003744162,
2196.653568247, 1.004379138,
2196.673999689, 1.004995144,
2196.714862872, 1.005640091,
2196.776157498, 1.005640636,
2196.796589040, 1.005261878,
2196.817020582, 1.004946532,
2196.837452124, 1.004549424,
2196.878315308, 1.003767679,
2196.898746750, 1.003826691,
2196.939609934, 1.003656962,
2196.960041377, 1.003970881,
2196.980473019, 1.005192009,
2197.021336003, 1.003825520,
2197.041767646, 1.004009957,
2197.062199188, 1.004345792,
2197.082630631, 1.004940602,
2197.103062273, 1.005023328,
2197.123493816, 1.005207163,
2197.143925458, 1.005376951,
2197.164356901, 1.005136174,
2197.184788343, 1.005466264,
2197.205219986, 1.004993625,
2197.225651528, 1.005371465,
2197.266514614, 1.004653784,
2197.286946157, 1.004443972,
2197.307377700, 1.004445394,
2197.327809242, 1.004668864,
2197.348240785, 1.005035653,
2197.368672428, 1.005016190,
2197.389103971, 1.004716242,
2197.409535414, 1.004450510,
2197.429967057, 1.005145669,
2197.470830044, 1.005621633,
2197.593419504, 1.004298483,
2197.613850947, 1.003757201,
2197.634282490, 1.003310829,
2197.654714134, 1.003878623,
2197.675145578, 1.004082844,
2197.695577121, 1.004054722,
2197.756871752, 1.004945250,
2197.797734840, 1.005088190,
2197.818166484, 1.005051135,
2197.838597928, 1.005168282,
2197.859029572, 1.005433995,
2197.879461116, 1.005120033,
2197.899892560, 1.004943877,
2197.920324104, 1.005006609,
2197.940755748, 1.004910380,
2197.961187292, 1.004956646,
2198.002050381, 1.004528936,
2198.022481925, 1.004361273,
2198.042913470, 1.003971017,
2198.063345014, 1.003646712,
2198.083776559, 1.003732065,
2198.104208203, 1.003758449,
2198.124639648, 1.003504830,
2198.145071192, 1.003558954,
2198.165502837, 1.003658560,
2198.185934282, 1.003636051,
2198.247228916, 1.004231967,
2198.267660561, 1.003981151,
2198.288092106, 1.003942707,
2198.308523551, 1.003882277,
2198.328955196, 1.003543518,
2198.349386742, 1.003739416,
2198.390249832, 1.003264186,
2198.410681377, 1.003165601,
2198.431112923, 1.003098588,
2198.492407559, 1.004389194,
2198.512839105, 1.004636002,
2198.533270651, 1.004554478,
2198.553702196, 1.004916479,
2198.574133742, 1.004902157,
2198.594565288, 1.004651606,
2198.614996934, 1.004778379,
2198.635428380, 1.004517478,
2198.655859926, 1.004377162,
2198.696723018, 1.003867521,
2198.737586210, 1.004518876,
2198.758017656, 1.004874631,
2198.778449303, 1.004867069,
2198.798880849, 1.004899742,
2198.819312296, 1.005100328,
2198.839743942, 1.004888856,
2198.860175489, 1.004867133,
2198.880606935, 1.004666633,
2198.921470129, 1.004393308,
2198.941901776, 1.004161400,
2199.023627963, 1.004234314,
2199.044059411, 1.003918760,
2199.064491058, 1.004168575,
2199.105354152, 1.004496438,
2199.125785700, 1.004573280,
2199.146217247, 1.004765225,
2199.166648795, 1.004946961,
2199.227943437, 1.005350835,
2199.248374985, 1.005020635,
2199.268806433, 1.005156273,
2199.289238081, 1.005296159,
2199.309669629, 1.005403639,
2199.330101277, 1.005374083,
2199.350532725, 1.005745235,
2199.370964273, 1.006014917,
2199.391395921, 1.006073868,
2199.411827370, 1.006105532,
2199.452690566, 1.006104009,
2199.473122015, 1.005836513,
2199.493553563, 1.005789088,
2199.513985212, 1.005877051,
2199.534416661, 1.005948387,
2199.554848309, 1.005600196,
2199.575279858, 1.005248948,
2199.595711407, 1.005549715,
2199.616142956, 1.005529961,
2199.636574505, 1.005166658,
2199.657006054, 1.005002087,
2199.718300702, 1.005995011,
2199.738732351, 1.006591855,
2199.759163801, 1.006492680,
2199.779595450, 1.006376581,
2199.800027000, 1.006541761,
2199.820458450, 1.005963725,
2199.840890099, 1.005525172,
2199.861321549, 1.005351979,
2199.881753099, 1.005142783,
2199.902184749, 1.004954510,
2199.963479399, 1.005144287,
2199.983910850, 1.005094087,
2200.004342500, 1.004592654,
2200.024774050, 1.004678798,
2200.045205501, 1.004617174,
2200.065637151, 1.004272288,
2200.106500253, 1.004906374,
2200.126931804, 1.005158644,
2200.147363354, 1.005274199,
2200.167795005, 1.005565464,
2200.249521210, 1.005250266,
2200.269952661, 1.005031363,
2200.290384313, 1.004762428,
2200.310815864, 1.005262996,
2200.331247316, 1.004557695,
2200.372110519, 1.005131010,
2200.412973623, 1.004562487,
2200.453836827, 1.004182938,
2200.474268279, 1.004240291,
2200.494699831, 1.003918002,
2200.515131383, 1.003613744,
2200.555994488, 1.003021697,
2200.576426041, 1.003066938,
2200.596857593, 1.003386846,
2200.617289246, 1.003255006,
2200.637720699, 1.004085927,
2200.658152252, 1.004008444,
2200.699015358, 1.004580790,
2200.719446911, 1.004398465,
2200.739878564, 1.004689672,
2200.760310017, 1.004680507,
2200.780741571, 1.004887995,
2200.801173224, 1.004738952,
2200.821604778, 1.004562007,
2200.842036331, 1.004575443,
2200.862467885, 1.004368535,
2200.882899439, 1.004502707,
2200.903331093, 1.004642434,
2200.964625755, 1.005080987,
2200.985057209, 1.005035083,
2201.005488863, 1.005107729,
2201.046351872, 1.005113040,
2201.066783527, 1.005027377,
2201.087215082, 1.005264752,
2201.107646536, 1.005520971,
2201.128078191, 1.005312222,
2201.148509746, 1.005588195,
2201.189372856, 1.006538256,
2201.209804412, 1.004630258,
2201.230235967, 1.004907816,
2201.250667522, 1.005090276,
2201.271099078, 1.004919353,
2201.311962189, 1.005030296,
2201.352825301, 1.004686980,
2201.373256857, 1.004639807,
2201.434551525, 1.004057619,
2201.454983181, 1.004657835,
2201.475414738, 1.005176972,
2201.516277851, 1.005222074,
2201.536709408, 1.004857305,
2201.557140865, 1.005228188,
2201.577572521, 1.005186410,
2201.598004078, 1.005138644,
2201.618435535, 1.005279583,
2201.659298750, 1.005091739,
2201.679730407, 1.004850474,
2201.700161865, 1.004732366,
2201.720593422, 1.004545019,
2201.741025080, 1.004290161,
2201.761456538, 1.004428243,
2201.781888096, 1.004637493,
2201.802319754, 1.004815475,
2201.822751212, 1.005061572,
2201.843182870, 1.004959376,
2201.863614428, 1.005045451,
2201.924909004, 1.004753340,
2201.945340562, 1.004577163,
2201.965772221, 1.004597919,
2201.986203780, 1.004568457,
2202.006635239, 1.004452114,
2202.027066898, 1.004688570,
2202.047498457, 1.004591209,
2202.067930016, 1.004679601,
2202.088361576, 1.004574726,
2202.108793135, 1.004439076,
2202.190519474, 1.004314091,
2202.210950934, 1.004567436,
2202.231382494, 1.004269475,
2202.251814154, 1.004562249,
2202.272245615, 1.004560156,
2202.292677275, 1.004744880,
2202.313108836, 1.004548071,
2202.333540296, 1.004556546,
2202.353971957, 1.004325787,
2202.415266640, 1.004650251,
2202.435698201, 1.004417182,
2202.456129862, 1.004200199,
2202.476561324, 1.004375408,
2202.496992885, 1.004283871,
2202.517424447, 1.004353712,
2202.537856008, 1.004368525,
2202.558287570, 1.004590136,
2202.578719132, 1.004663831,
2202.660445381, 1.004444004,
2202.680877043, 1.004450076,
2202.701308606, 1.004410784,
2202.721740069, 1.004310730,
2202.742171731, 1.004506373,
2202.762603294, 1.004536064,
2202.783034757, 1.004574942,
2202.823897984, 1.004762120,
2202.844329447, 1.004980172,
2202.864761110, 1.004985574,
2202.926055801, 1.005731768,
2202.946487365, 1.005891760,
2202.966919029, 1.006039309,
2202.987350494, 1.006144495,
2203.007782058, 1.005993398,
2203.028213722, 1.005885573,
2203.048645187, 1.005774521,
2203.069076851, 1.005439375,
2203.089508416, 1.005025104,
2203.109939981, 1.004993283,
2203.150803111, 1.004092849,
2203.171234676, 1.004234007,
2203.191666241, 1.004214796,
2203.212097807, 1.004204940,
2203.232529372, 1.004274391,
2203.252960938, 1.004291775,
2203.273392504, 1.004341829,
2203.293824170, 1.004758854,
2203.334687202, 1.005347209,
2203.355118868, 1.005263666,
2203.395981901, 1.005500711,
2203.416413567, 1.005372492,
2203.436845034, 1.005358964,
2203.457276601, 1.005278957,
2203.477708268, 1.005209979,
2203.498139735, 1.005275173,
2203.518571402, 1.005159442,
2203.539002970, 1.005002336,
2203.579866105, 1.004657473,
2203.600297672, 1.004785993,
2203.641160808, 1.004870788,
2203.661592376, 1.005046757,
2203.682024044, 1.005253806,
2203.702455513, 1.005540887,
2203.722887081, 1.005589922,
2203.743318750, 1.005903682,
2203.763750318, 1.005853189,
2203.784181787, 1.005598815,
2203.804613456, 1.005436114,
2203.825045025, 1.005367045,
2203.845476494, 1.005004834,
2203.886339733, 1.004836905,
2203.906771303, 1.004884365,
2203.927202872, 1.005048827,
2203.947634342, 1.005562411,
2203.968066012, 1.005607309,
2203.988497582, 1.005765769,
2204.008929052, 1.005915608,
2204.029360723, 1.006367909,
2204.049792293, 1.006513116,
2204.070223764, 1.006532882,
2204.151950147, 1.006687699,
2204.172381719, 1.006687302,
2204.192813390, 1.006779269,
2204.213244861, 1.006619935,
2204.233676433, 1.006674707,
2204.254108105, 1.006821930,
2204.274539677, 1.006696115,
2204.315402821, 1.006545490,
2204.376697538, 1.005830923,
2204.417560683, 1.006211093,
2204.437992256, 1.006233739,
2204.478855503, 1.006127568,
2204.499286976, 1.006353638,
2204.519718649, 1.006450321,
2204.540150123, 1.006383622,
2204.560581697, 1.006531067,
2204.581013371, 1.006423200,
2204.621876419, 1.005894116,
2204.642308093, 1.005655310,
2204.662739568, 1.005016604,
2204.703602817, 1.005698262,
2204.724034292, 1.006017102,
2204.744465967, 1.006444338,
2204.764897542, 1.006489973,
2204.805760692, 1.006151688,
2204.826192268, 1.006008232,
2204.867055419, 1.005699147,
2204.887486995, 1.005837590,
2204.907918671, 1.005901198,
2204.928350248, 1.005756216,
2204.948781724, 1.005647816,
2204.969213401, 1.005549289,
2204.989644977, 1.005507683,
2205.010076454, 1.005201931,
2205.030508131, 1.004909253,
2205.050939708, 1.004805361,
2205.071371185, 1.004847094,
2205.112234440, 1.003994942,
2205.132666118, 1.004625466,
2205.153097595, 1.004964021,
2205.173529173, 1.005163497,
2205.193960751, 1.005456488,
2205.214392330, 1.005527097,
2205.234823908, 1.005413099,
2205.255255486, 1.005738465,
2205.275687065, 1.005669393,
2205.357413481, 1.005357696,
2205.377844960, 1.005268703,
2205.398276540, 1.005234211,
2205.418708220, 1.004978664,
2205.439139699, 1.004344374,
2205.459571279, 1.004405604,
2205.480002960, 1.004536183,
2205.500434540, 1.004203718,
2205.520866120, 1.004029890,
2205.541297701, 1.004066393,
2205.561729281, 1.004228905,
2205.602592443, 1.004819800,
2205.643455706, 1.004172487,
2205.663887187, 1.004434015,
2205.684318769, 1.004626874,
2205.704750450, 1.004895670,
2205.725181932, 1.004995425,
2205.745613614, 1.005908679,
2205.766045196, 1.006470078,
2205.786476679, 1.006799136,
2205.806908361, 1.007071291,
2205.847771427, 1.006872242,
2205.888634693, 1.006442795,
2205.909066276, 1.005828969,
2205.929497859, 1.006066769,
2205.949929343, 1.006069302,
2205.970361027, 1.005974781,
2205.990792611, 1.005996739,
2206.011224195, 1.006323214,
2206.031655779, 1.006375367,
2206.052087363, 1.006312197,
2206.113382117, 1.006629942,
2206.133813802, 1.006302492,
2206.154245387, 1.006139146,
2206.174676872, 1.005475810,
2206.195108558, 1.005161234,
2206.215540143, 1.004942426,
2206.235971629, 1.004197908,
2206.256403315, 1.005064157,
2206.276834901, 1.005063417,
2206.338129660, 1.004185479,
2206.378992834, 1.004776804,
2206.399424420, 1.004932695,
2206.419856108, 1.005296001,
2206.440287595, 1.005133876,
2206.460719182, 1.005044841,
2206.501582358, 1.005176957,
2206.522014046, 1.006067761,
2206.542445634, 1.006065333,
2206.583308811, 1.005558958,
2206.603740299, 1.005427860,
2206.624171888, 1.005390458,
2206.665035066, 1.004620408,
2206.685466655, 1.004647639,
2206.705898345, 1.004139075,
2206.746761524, 1.004725576,
2206.767193114, 1.004865507,
2206.787624704, 1.005468772,
2206.828487885, 1.004045779,
2206.848919475, 1.004266882,
2206.869351166, 1.004396413,
2206.889782657, 1.004465481,
2206.910214348, 1.004711675,
2206.930645939, 1.004887099,
2206.951077430, 1.005405575,
2206.971509122, 1.005859492,
2206.991940714, 1.005866805,
2207.012372206, 1.005983554,
2207.032803898, 1.006307867,
2207.073666982, 1.006387907,
2207.094098675, 1.006232230,
2207.114530268, 1.005955538,
2207.134961960, 1.005763285,
2207.155393454, 1.007124576,
2207.175825047, 1.005518496,
2207.196256740, 1.005406944,
2207.216688234, 1.005365260,
2207.237119828, 1.005809437,
2207.257551421, 1.006103612,
2207.277983115, 1.005797298,
2207.318846304, 1.006101473,
2207.339277799, 1.005920329,
2207.359709494, 1.005933455,
2207.380141089, 1.006102148,
2207.400572584, 1.006089156,
2207.421004279, 1.005708517,
2207.441435874, 1.005336235,
2207.461867370, 1.005208130,
2207.482299066, 1.005019581,
2207.502730662, 1.004677697,
2207.523162358, 1.004528485,
2207.564025451, 1.004762594,
2207.584457148, 1.004709629,
2207.604888644, 1.005253868,
2207.625320241, 1.005558595,
2207.645751939, 1.005691562,
2207.666183436, 1.005853405,
2207.686615034, 1.006096808,
2207.707046731, 1.006289692,
2207.727478229, 1.006187046,
2207.747909927, 1.006262579,
2207.768341525, 1.006527865,
2207.829636321, 1.006173366,
2207.850067920, 1.006168745,
2207.870499519, 1.006058476,
2207.890931119, 1.005912885,
2207.911362718, 1.005673136,
2207.931794318, 1.006081840,
2207.952225918, 1.006033146,
2207.972657518, 1.006119933,
2207.993089118, 1.006071468,
2208.013520719, 1.006279763,
2208.054383920, 1.006927158,
2208.074815521, 1.006550571,
2208.095247222, 1.006612617,
2208.115678723, 1.006972209,
2208.136110425, 1.006839805,
2208.156542026, 1.006445345,
2208.176973528, 1.006423760,
2208.197405230, 1.006605453,
2208.217836833, 1.006399173,
2208.238268335, 1.006384169,
2208.258700038, 1.006557817,
2208.299563143, 1.006952624,
2208.319994846, 1.007031724,
2208.340426450, 1.006898828,
2208.360858153, 1.007428953,
2208.381289657, 1.007733895,
2208.401721261, 1.007771955,
2208.422152965, 1.007816202,
2208.442584469, 1.007801259,
2208.463016074, 1.007721859,
2208.483447778, 1.007479833,
2208.544742593, 1.007106631,
2208.565174199, 1.006671911,
2208.585605804, 1.006234974,
2208.606037410, 1.006615652,
2208.646900622, 1.006430437,
2208.667332228, 1.006627113,
2208.687763735, 1.006756851,
2208.708195442, 1.006361008,
2208.728627048, 1.006619952,
2208.749058755, 1.006605017,
2208.789921870, 1.006832955,
2208.810353578, 1.006867750,
2208.830785086, 1.007201558,
2208.851216694, 1.007483475,
2208.871648402, 1.007689293,
2208.892079910, 1.007495146,
2208.912511619, 1.007095511,
2208.953374737, 1.006436898,
2208.973806446, 1.006249050,
2208.994238055, 1.006050399,
2209.035101275, 1.006138817,
2209.055532885, 1.006362511,
2209.075964495, 1.006428492,
2209.096396105, 1.006542599,
2209.116827716, 1.006612992,
2209.137259426, 1.006690984,
2209.157691037, 1.006449461,
2209.178122548, 1.005953176,
2209.198554260, 1.005693185,
2209.218985871, 1.005482524,
2209.239417383, 1.005424588,
2209.280280607, 1.005418949,
2209.300712319, 1.005384406,
2209.321143932, 1.005382314,
2209.341575444, 1.005529642,
2209.362007157, 1.006036200,
2209.382438770, 1.006149491,
2209.402870284, 1.006210517,
2209.423301997, 1.006117978,
2209.443733611, 1.005919529,
2209.464165125, 1.005692105,
2209.484596839, 1.005202497,
2209.525460167, 1.005076146,
2209.545891682, 1.004979138,
2209.566323297, 1.004776923,
2209.586755012, 1.004979787,
2209.607186527, 1.005000459,
2209.627618143, 1.005266151,
2209.648049859, 1.005432332,
2209.668481474, 1.005475293,
2209.688913091, 1.005861598,
2209.709344707, 1.006184176,
2209.729776323, 1.006497385,
2209.770639557, 1.007057033,
2209.791071174, 1.007074500,
2209.811502891, 1.007270722,
2209.852366027, 1.007072973,
2209.893229263, 1.006449723,
2209.913660981, 1.006092330,
2209.934092499, 1.005845767,
2209.954524118, 1.005683882,
2210.015818976, 1.005653566,
2210.036250695, 1.005457510,
2210.056682215, 1.005729231,
2210.077113935, 1.006009686,
2210.097545555, 1.006204150,
2210.117977076, 1.005896179,
2210.138408796, 1.005873208,
2210.158840417, 1.005708591,
2210.179272038, 1.005535299,
2210.199703659, 1.005538132,
2210.220135281, 1.005504920,
2210.260998524, 1.005826107,
2210.281430146, 1.005496250,
2210.301861868, 1.005407491,
2210.322293391, 1.005367748,
2210.342725014, 1.005353551,
2210.363156736, 1.005671729,
2210.383588360, 1.005378071,
2210.404019883, 1.004956662,
2210.424451606, 1.004590830,
2210.444883230, 1.004408649,
2210.506178103, 1.004095705,
2210.526609727, 1.004061200,
2210.567472977, 1.004629050,
2210.608336228, 1.005058501,
2210.628767853, 1.005230713,
2210.649199479, 1.005249898,
2210.669631105, 1.005235131,
2210.690062832, 1.005222782,
2210.710494358, 1.005257624,
2210.751357712, 1.006337663,
2210.771789239, 1.006219559,
2210.792220866, 1.005847712,
2210.812652594, 1.005745769,
2210.833084222, 1.005579017,
2210.853515850, 1.005439047,
2210.873947478, 1.005278387,
2210.894379107, 1.005173907,
2210.914810735, 1.005220709,
2210.935242364, 1.005344353,
2210.996537252, 1.005791106,
2211.016968882, 1.005957640,
2211.037400612, 1.006206641,
2211.057832142, 1.006281034,
2211.078263873, 1.006214264,
2211.119127034, 1.005584446,
2211.139558765, 1.005421873,
2211.180421928, 1.005420002,
2211.200853660, 1.005482108,
2211.241716924, 1.005898335,
2211.262148557, 1.005974586,
2211.282580089, 1.005944632,
2211.303011822, 1.005953189,
2211.323443455, 1.005858009,
2211.343874989, 1.005898053,
2211.364306722, 1.005998114,
2211.384738356, 1.005934333,
2211.405169990, 1.005768964,
2211.425601624, 1.005433066,
2211.446033258, 1.005402851,
2211.486896528, 1.005704437,
2211.507328163, 1.005436577,
2211.527759898, 1.005435600,
2211.548191534, 1.005318842,
2211.568623069, 1.005244297,
2211.589054805, 1.005299713,
2211.609486442, 1.005210358,
2211.629918078, 1.005128781,
2211.650349715, 1.005138639,
2211.670781352, 1.005055563,
2211.691213089, 1.005098336,
2211.732076264, 1.005603371,
2211.752508002, 1.005431546,
2211.772939540, 1.005018074,
2211.793371178, 1.004556030,
2211.813802917, 1.004488443,
2211.834234455, 1.004491048,
2211.854666194, 1.004608528,
2211.875097833, 1.004619437,
2211.895529373, 1.004579186,
2211.915961113, 1.004661865,
2211.936392653, 1.004650471,
2211.977256033, 1.005399472,
2211.997687574, 1.005761724,
2212.018119314, 1.005869473,
2212.038550956, 1.005779030,
2212.058982597, 1.005835902,
2212.079414238, 1.005941431,
2212.099845880, 1.006150442,
2212.140709164, 1.006262337,
2212.161140807, 1.005887343,
2212.202004192, 1.005768679,
2212.222435736, 1.005970749,
2212.242867479, 1.005968136,
2212.263299123, 1.005918230,
2212.304162410, 1.006391602,
2212.324594055, 1.006423143,
2212.345025600, 1.006386512,
2212.365457344, 1.006354279,
2212.385888989, 1.006385704,
2212.406320735, 1.006287464,
2212.426752280, 1.006352727,
2212.488047218, 1.007445715,
2212.508478865, 1.007400556,
2212.528910611, 1.007105558,
2212.549342158, 1.007152654,
2212.569773805, 1.006991836,
2212.590205453, 1.006812524,
2212.610637101, 1.006752260,
2212.631068848, 1.006586749,
2212.651500397, 1.006358688,
2212.671932045, 1.006103679,
2212.712795442, 1.006182137,
2212.733226992, 1.005976260,
2212.753658741, 1.005783773,
2212.774090391, 1.005987450,
2212.794521940, 1.006076796,
2212.814953690, 1.006273558,
2212.835385341, 1.006596964,
2212.855817091, 1.006779834,
2212.876248642, 1.006962117,
2212.896680293, 1.007005358,
2212.917112045, 1.006996358,
2212.978407000, 1.006679601,
2212.998838552, 1.006673232,
2213.019270305, 1.006609889,
2213.039701957, 1.006438077,
2213.060133510, 1.006227545,
2213.080565264, 1.006149341,
2213.100996917, 1.005896769,
2213.121428471, 1.006032005,
2213.141860225, 1.006118149,
2213.162291879, 1.006071357,
2213.203155188, 1.006056907,
2213.223586843, 1.006079654,
2213.244018498, 1.006490990,
2213.264450154, 1.006766121,
