BJD - 2454833, Corrected Flux
2146.452450805, 0.996089045,
2146.472883013, 0.996058627,
2146.513747126, 0.996114701,
2146.534179332, 0.995864609,
2146.554611339, 0.996171516,
2146.575043444, 0.996175677,
2146.595475649, 0.995881298,
2146.615907653, 0.995813315,
2146.636339757, 0.995917348,
2146.656771860, 0.996121650,
2146.677203963, 0.995802186,
2146.697636165, 0.995488149,
2146.718068166, 0.995798858,
2146.738500268, 0.995894586,
2146.758932469, 0.995659243,
2146.779364569, 0.996096616,
2146.799796569, 0.996989230,
2146.820228768, 0.995604411,
2146.840660867, 0.995775787,
2146.861092865, 0.995790087,
2146.881525064, 0.995779890,
2146.901957161, 0.995666528,
2146.922389158, 0.995500206,
2146.942821354, 0.995575350,
2146.963253450, 0.995529089,
2146.983685445, 0.995509577,
2147.004117640, 0.995144504,
2147.024549735, 0.995231878,
2147.044981729, 0.995478822,
2147.065413922, 0.995154683,
2147.085846015, 0.995389135,
2147.106278107, 0.995267955,
2147.126710200, 0.995527781,
2147.147142291, 0.995164807,
2147.167574482, 0.995091753,
2147.188006472, 0.995178908,
2147.208438562, 0.995258462,
2147.228870752, 0.994829963,
2147.249302841, 0.995147944,
2147.269734830, 0.995247591,
2147.290167018, 0.994863242,
2147.310599105, 0.995281928,
2147.331031092, 0.994896362,
2147.351463279, 0.995230007,
2147.371895265, 0.995083869,
2147.392327351, 0.994987135,
2147.412759536, 0.994812614,
2147.433191521, 0.995254002,
2147.453623605, 0.995054706,
2147.494487771, 0.995121358,
2147.514919854, 0.994990642,
2147.535352036, 0.994924602,
2147.555784018, 0.994810793,
2147.576216099, 0.995157637,
2147.596648280, 0.995146151,
2147.617080360, 0.994770925,
2147.637512340, 0.994999545,
2147.657944520, 0.995032268,
2147.678376598, 0.994782196,
2147.698808676, 0.994940806,
2147.719240754, 0.994792603,
2147.739672832, 0.994800548,
2147.760105009, 0.994611826,
2147.780536985, 0.994879618,
2147.800969061, 0.994799914,
2147.821401236, 0.994788968,
2147.841833211, 0.995463852,
2147.862265286, 0.994743081,
2147.903129434, 0.994499678,
2147.923561506, 0.994469605,
2147.943993679, 0.994664215,
2147.984857723, 0.994811241,
2148.005289893, 0.994505572,
2148.025721864, 0.994611069,
2148.046153934, 0.994851326,
2148.066586104, 0.994871311,
2148.087018173, 0.994943368,
2148.107450142, 0.994863335,
2148.127882310, 0.994848863,
2148.148314278, 0.994787035,
2148.168746345, 0.995040177,
2148.189178512, 0.994498734,
2148.209610478, 0.994424716,
2148.230042543, 0.994993139,
2148.250474709, 0.994764600,
2148.270906674, 0.994706249,
2148.291338838, 0.994787884,
2148.311770902, 0.994528023,
2148.332202865, 0.994665878,
2148.352635028, 0.994372036,
2148.373067090, 0.994390079,
2148.393499053, 0.994556304,
2148.413931214, 0.994567020,
2148.434363275, 0.996288497,
2148.475227395, 0.994943182,
2148.495659455, 0.994990591,
2148.516091514, 0.994976090,
2148.536523573, 0.995022309,
2148.556955631, 0.994964466,
2148.577387689, 0.994847055,
2148.597819846, 0.994960001,
2148.618251803, 0.994781554,
2148.638683859, 0.994519081,
2148.659116014, 0.994840242,
2148.679547970, 0.994510360,
2148.699980024, 0.994726553,
2148.720412179, 0.994715722,
2148.740844133, 0.994943389,
2148.761276186, 0.994464987,
2148.781708339, 0.994386492,
2148.802140291, 0.994673692,
2148.822572343, 0.994803380,
2148.843004494, 0.994658535,
2148.863436446, 0.994750045,
2148.904300546, 0.994412496,
2148.924732596, 0.994445937,
2148.945164745, 0.994430114,
2148.965596693, 0.994332732,
2148.986028741, 0.994578598,
2149.006460889, 0.994236233,
2149.026892936, 0.994514767,
2149.047324883, 0.994569479,
2149.067757029, 0.994579633,
2149.088189075, 0.994376679,
2149.108621020, 0.994783592,
2149.149485210, 0.994817464,
2149.169917153, 0.994507567,
2149.190349297, 0.994753349,
2149.210781339, 0.994370031,
2149.231213282, 0.994602864,
2149.251645424, 0.994672364,
2149.292509507, 0.994677719,
2149.312941547, 0.994682598,
2149.333373587, 0.994923744,
2149.353805627, 0.994731903,
2149.374237666, 0.994680991,
2149.394669705, 0.994645501,
2149.415101743, 0.994797649,
2149.455965818, 0.995201485,
2149.476397955, 0.994504948,
2149.496829991, 0.994778587,
2149.517261927, 0.994722606,
2149.537694062, 0.994615190,
2149.558126097, 0.994886124,
2149.578558032, 0.994566171,
2149.598990166, 0.994418371,
2149.619422099, 0.994611945,
2149.639854132, 0.994570268,
2149.660286265, 0.994760779,
2149.680718197, 0.994864779,
2149.701150229, 0.994489948,
2149.721582360, 0.994110076,
2149.742014290, 0.994589719,
2149.762446321, 0.994971842,
2149.782878451, 0.994943939,
2149.803310380, 0.994813397,
2149.823742409, 0.994621137,
2149.844174537, 0.995079251,
2149.864606565, 0.994800011,
2149.885038492, 0.994709040,
2149.905470619, 0.994640405,
2149.946334572, 0.994577912,
2149.966766697, 0.994605624,
2149.987198722, 0.994439549,
2150.007630647, 0.994960587,
2150.028062771, 0.994913838,
2150.048494795, 0.994790732,
2150.068926918, 0.994728164,
2150.089358841, 0.994751150,
2150.109790863, 0.994486348,
2150.130222985, 0.994603703,
2150.150654907, 0.994886816,
2150.171086928, 0.994323204,
2150.191519048, 0.994568261,
2150.211950968, 0.994710979,
2150.232382988, 0.994680659,
2150.252815107, 0.994861293,
2150.273247125, 0.994769629,
2150.293679043, 0.994713487,
2150.314111161, 0.994452049,
2150.334543178, 0.994633903,
2150.354975095, 0.994804343,
2150.375407211, 0.995030549,
2150.395839127, 0.994772238,
2150.416271143, 0.994963254,
2150.436703257, 0.994825008,
2150.457135172, 0.995175625,
2150.477567186, 0.994812014,
2150.497999299, 0.994874083,
2150.518431212, 0.994902970,
2150.538863225, 0.994740916,
2150.559295337, 0.994508692,
2150.579727249, 0.994870511,
2150.600159260, 0.994968404,
2150.620591371, 0.994830666,
2150.641023281, 0.995140911,
2150.681887401, 0.994679729,
2150.702319410, 0.994048709,
2150.722751418, 0.994452087,
2150.743183426, 0.994303819,
2150.763615434, 0.994558390,
2150.784047541, 0.994410590,
2150.804479447, 0.994649867,
2150.824911453, 0.994548981,
2150.845343559, 0.994344563,
2150.865775464, 0.994489515,
2150.886207469, 0.994376850,
2150.906639574, 0.994372592,
2150.927071477, 0.994438163,
2150.947503481, 0.994708148,
2150.967935584, 0.994838984,
2150.988367486, 0.994268021,
2151.008799489, 0.994361496,
2151.029231490, 0.994478618,
2151.049663491, 0.994377761,
2151.070095492, 0.994612034,
2151.090527592, 0.993894261,
2151.131391491, 0.994556935,
2151.151823590, 0.994520385,
2151.172255488, 0.994771780,
2151.192687487, 0.994416868,
2151.213119584, 0.994622676,
2151.233551481, 0.994592593,
2151.253983578, 0.994572404,
2151.274415574, 0.994347620,
2151.294847469, 0.994695473,
2151.315279565, 0.994898539,
2151.335711559, 0.994581216,
2151.356143454, 0.994593377,
2151.376575548, 0.994641906,
2151.397007541, 0.994989458,
2151.417439434, 0.994704332,
2151.437871527, 0.994743261,
2151.458303519, 0.994712097,
2151.478735410, 0.994946703,
2151.499167502, 0.994453139,
2151.519599492, 0.994640668,
2151.540031483, 0.994562692,
2151.560463472, 0.994634047,
2151.580895462, 0.994960106,
2151.601327450, 0.994885822,
2151.621759539, 0.994861548,
2151.642191427, 0.994908547,
2151.662623414, 0.995196150,
2151.683055501, 0.994642898,
2151.703487388, 0.994775021,
2151.723919374, 0.994957691,
2151.744351460, 0.994899278,
2151.785215331, 0.995342642,
2151.805647415, 0.994871768,
2151.826079299, 0.994919672,
2151.846511282, 0.994774171,
2151.866943265, 0.995096549,
2151.907807330, 0.994806974,
2151.928239212, 0.994883807,
2151.948671193, 0.994901251,
2151.969103274, 0.994728440,
2151.989535254, 0.994884773,
2152.009967134, 0.994908209,
2152.030399213, 0.994807870,
2152.050831192, 0.995116791,
2152.071263071, 0.995161407,
2152.091695149, 0.995639837,
2152.112127127, 0.995064906,
2152.132559004, 0.995317312,
2152.152991081, 0.995290159,
2152.173423057, 0.995328479,
2152.193854933, 0.995367414,
2152.214287009, 0.995333287,
2152.255150859, 0.995313065,
2152.275582932, 0.995286961,
2152.296014906, 0.994811477,
2152.316446779, 0.994977089,
2152.336878852, 0.995519211,
2152.357310824, 0.995192105,
2152.377742796, 0.995355135,
2152.398174768, 0.995188633,
2152.418606739, 0.995503767,
2152.439038709, 0.995334785,
2152.459470780, 0.995400280,
2152.479902649, 0.995515584,
2152.500334718, 0.995328293,
2152.520766687, 0.995171149,
2152.541198556, 0.995283964,
2152.561630623, 0.995337612,
2152.582062591, 0.995244724,
2152.602494458, 0.995331235,
2152.622926525, 0.995190142,
2152.643358391, 0.995497301,
2152.663790356, 0.995208121,
2152.684222422, 0.995537771,
2152.704654286, 0.995428205,
2152.725086251, 0.994957353,
2152.745518315, 0.994822703,
2152.765950178, 0.995260637,
2152.786382141, 0.995419550,
2152.806814204, 0.995445472,
2152.827246166, 0.995004969,
2152.847678028, 0.995215859,
2152.868110089, 0.995618251,
2152.888542050, 0.995600277,
2152.908973910, 0.995807564,
2152.929405970, 0.995434648,
2152.949837930, 0.995615636,
2152.970269789, 0.996003326,
2152.990701848, 0.995488862,
2153.011133806, 0.995410279,
2153.051997721, 0.995490551,
2153.092861735, 0.995517590,
2153.113293590, 0.995700603,
2153.133725546, 0.995402583,
2153.154157601, 0.995260215,
2153.174589456, 0.995852850,
2153.195021410, 0.995672932,
2153.215453464, 0.995356608,
2153.235885317, 0.995413432,
2153.256317270, 0.995788816,
2153.276749223, 0.995560900,
2153.297181275, 0.995662213,
2153.317613127, 0.995513874,
2153.338045078, 0.995305859,
2153.378908979, 0.995536009,
2153.399341029, 0.995575080,
2153.419772879, 0.995908290,
2153.440204828, 0.995797529,
2153.460636876, 0.995441951,
2153.481068724, 0.995596025,
2153.501500672, 0.995467791,
2153.521932720, 0.995411851,
2153.542364567, 0.995893274,
2153.562796513, 0.995640161,
2153.583228559, 0.995620419,
2153.603660404, 0.995810232,
2153.624092349, 0.995537515,
2153.644524395, 0.995286570,
2153.664956339, 0.995832194,
2153.685388283, 0.995603762,
2153.705820226, 0.995571450,
2153.726252169, 0.995487015,
2153.746684111, 0.995924953,
2153.767116054, 0.995637173,
2153.787547995, 0.995679104,
2153.807980037, 0.995694609,
2153.828411878, 0.995606181,
2153.889707697, 0.995624297,
2153.910139637, 0.995625681,
2153.930571675, 0.995589784,
2153.951003513, 0.995570595,
2153.971435451, 0.995951971,
2153.991867489, 0.995523095,
2154.012299326, 0.995703816,
2154.032731262, 0.995708172,
2154.053163198, 0.995802008,
2154.073595134, 0.995578157,
2154.094027069, 0.995824919,
2154.114459004, 0.995857284,
2154.134890939, 0.995926395,
2154.155322872, 0.995831691,
2154.175754806, 0.995759770,
2154.196186739, 0.996055394,
2154.216618672, 0.995887665,
2154.237050704, 0.995670469,
2154.257482536, 0.995926963,
2154.277914567, 0.995518274,
2154.318778329, 0.995903001,
2154.339210359, 0.995475890,
2154.359642289, 0.995633891,
2154.380074118, 0.996060966,
2154.400506147, 0.996188010,
2154.420938075, 0.996365199,
2154.441369903, 0.995833739,
2154.461801931, 0.998092934,
2154.482233858, 0.996197897,
2154.523097711, 0.996020804,
2154.543529637, 0.996014072,
2154.563961563, 0.995876993,
2154.584393488, 0.995873469,
2154.604825412, 0.996108387,
2154.625257336, 0.995977118,
2154.645689360, 0.995869374,
2154.666121184, 0.995949603,
2154.686553106, 0.995453857,
2154.706985129, 0.995769076,
2154.727416951, 0.996077987,
2154.747848873, 0.995808133,
2154.768280794, 0.996027025,
2154.788712715, 0.996126193,
2154.809144735, 0.995962391,
2154.829576555, 0.996213686,
2154.850008475, 0.995926107,
2154.870440494, 0.999672245,
2154.890872313, 0.996258179,
2154.911304231, 0.995839166,
2154.931736249, 0.995788276,
2154.972599983, 0.996074888,
2154.993032000, 0.996124606,
2155.013463816, 0.995894509,
2155.033895732, 0.995764379,
2155.054327747, 0.996001300,
2155.074759662, 0.995807785,
2155.095191477, 0.996036832,
2155.115623490, 0.995715831,
2155.136055404, 0.995937476,
2155.156487218, 0.995678765,
2155.176919231, 0.995879534,
2155.197351143, 0.995731535,
2155.217782955, 0.995640403,
2155.238214967, 0.995668544,
2155.258646878, 0.995901681,
2155.279078688, 0.995312646,
2155.299510699, 0.995809008,
2155.319942608, 0.995694384,
2155.340374518, 0.995808506,
2155.360806427, 0.995833586,
2155.401670344, 0.995606839,
2155.422102152, 0.995756107,
2155.442534059, 0.995610474,
2155.462966066, 0.995187715,
2155.483397873, 0.996117798,
2155.503829779, 0.995284600,
2155.524261685, 0.995178937,
2155.544693590, 0.995080453,
2155.565125495, 0.995514831,
2155.585557500, 0.994975528,
2155.605989304, 0.995230214,
2155.626421207, 0.995106747,
2155.646853211, 0.995104314,
2155.667285014, 0.994963758,
2155.687716916, 0.994917202,
2155.708148918, 0.995351458,
2155.728580720, 0.995540915,
2155.749012621, 0.995114692,
2155.769444622, 0.995640538,
2155.789876422, 0.994921887,
2155.851172121, 0.994948423,
2155.871604019, 0.994949106,
2155.892036018, 0.994903754,
2155.912467916, 0.994950479,
2155.932899713, 0.995017886,
2155.953331711, 0.994758766,
2155.973763607, 0.995048700,
2155.994195503, 0.994867278,
2156.014627399, 0.994921931,
2156.035059295, 0.994648014,
2156.055491290, 0.994714003,
2156.075923085, 0.995177034,
2156.096354979, 0.995184798,
2156.116786973, 0.995641299,
2156.137218766, 0.995188609,
2156.157650659, 0.995046904,
2156.178082652, 0.995356293,
2156.198514444, 0.995110352,
2156.218946336, 0.995157633,
2156.239378327, 0.995217034,
2156.280242008, 0.995175608,
2156.300673899, 0.995230519,
2156.321105789, 0.995116858,
2156.402833343, 0.995180596,
2156.423265331, 0.995027191,
2156.443697118, 0.995168678,
2156.464129005, 0.995081362,
2156.484560992, 0.995330974,
2156.504992778, 0.994952934,
2156.525424664, 0.995147114,
2156.545856649, 0.995567954,
2156.566288434, 0.995071446,
2156.586720418, 0.995175701,
2156.607152302, 0.995120271,
2156.627584086, 0.995108424,
2156.648016069, 0.995285347,
2156.668447952, 0.995171802,
2156.688879735, 0.995758634,
2156.709311716, 0.995398231,
2156.729743598, 0.995426850,
2156.750175479, 0.995243539,
2156.770607361, 0.995268666,
2156.791039241, 0.995829819,
2156.811471121, 0.995191399,
2156.831903001, 0.994991598,
2156.852334880, 0.995255605,
2156.872766758, 0.995168113,
2156.893198737, 0.995203952,
2156.913630515, 0.995393071,
2156.934062393, 0.994975205,
2156.954494370, 0.995070397,
2156.974926147, 0.995280883,
2156.995358023, 0.995218549,
2157.015789899, 0.995598367,
2157.036221775, 0.995738259,
2157.056653650, 0.995462590,
2157.077085525, 0.995232543,
2157.097517400, 0.995152184,
2157.117949273, 0.995025443,
2157.138381147, 0.995607924,
2157.158813020, 0.995276012,
2157.179244993, 0.995223046,
2157.220108638, 0.995479540,
2157.240540610, 0.995209836,
2157.301836222, 0.995563543,
2157.322268092, 0.995252165,
2157.342699862, 0.995252414,
2157.363131831, 0.995337219,
2157.383563700, 0.995388477,
2157.403995468, 0.995646647,
2157.424427436, 0.995015873,
2157.465291071, 0.995388562,
2157.485723038, 0.995766357,
2157.506154905, 0.995568799,
2157.526586671, 0.995444671,
2157.547018636, 0.995640366,
2157.567450502, 0.995850986,
2157.587882367, 0.995528938,
2157.608314231, 0.995370019,
2157.628746095, 0.995263739,
2157.649177959, 0.995379242,
2157.669609822, 0.995247286,
2157.690041685, 0.995494056,
2157.710473548, 0.995494411,
2157.730905410, 0.995528038,
2157.812632855, 0.995508270,
2157.833064815, 0.995554113,
2157.853496575, 0.995606972,
2157.873928434, 0.995761294,
2157.894360393, 0.995664668,
2157.914792152, 0.995888406,
2157.935224010, 0.995529067,
2157.955655968, 0.995335952,
2157.976087726, 0.995472401,
2157.996519583, 0.995557793,
2158.016951539, 0.995723706,
2158.037383296, 0.995737484,
2158.057815152, 0.995860045,
2158.078247107, 0.995846547,
2158.098678962, 0.995715375,
2158.119110717, 0.995593670,
2158.139542671, 0.996013105,
2158.159974525, 0.996123075,
2158.180406279, 0.995759366,
2158.200838232, 0.995725616,
2158.221270085, 0.995757116,
2158.241701837, 0.995932855,
2158.262133789, 0.995779667,
2158.282565641, 0.995902383,
2158.302997392, 0.995761646,
2158.323429343, 0.995839991,
2158.343861193, 0.996122683,
2158.364293143, 0.995951662,
2158.384724893, 0.995770891,
2158.405156743, 0.995487139,
2158.425588691, 0.995842913,
2158.446020440, 0.995719414,
2158.466452288, 0.996128419,
2158.486884236, 0.995774125,
2158.507315983, 0.995811892,
2158.527747830, 0.995431268,
2158.568611523, 0.996021769,
2158.589043369, 0.995837274,
2158.609475314, 0.995416520,
2158.629907060, 0.995890513,
2158.650338904, 0.995867601,
2158.670770848, 0.995762045,
2158.711634436, 0.995933286,
2158.732066379, 0.995568674,
2158.772929964, 0.995138557,
2158.793361906, 0.995580454,
2158.813793648, 0.995965487,
2158.834225489, 0.995758444,
2158.854657430, 0.995991893,
2158.875089171, 0.995935689,
2158.895521111, 0.995805165,
2158.915952951, 0.995927722,
2158.936384790, 0.995813518,
2158.956816629, 0.995688635,
2158.977248467, 0.995624710,
2158.997680306, 0.995714934,
2159.018112143, 0.995843714,
2159.038543981, 0.996080323,
2159.058975818, 0.995771943,
2159.079407754, 0.995799880,
2159.099839491, 0.995923876,
2159.120271327, 0.996221344,
2159.140703262, 0.995845591,
2159.161134997, 0.996290371,
2159.181566832, 0.995915798,
2159.201998767, 0.995845704,
2159.222430501, 0.995948392,
2159.242862334, 0.995742266,
2159.263294168, 0.995978709,
2159.283726001, 0.995804119,
2159.304157833, 0.995984155,
2159.324589665, 0.996531839,
2159.345021497, 0.996157320,
2159.365453328, 0.996040697,
2159.385885160, 0.996199058,
2159.406316990, 0.995986699,
2159.426748820, 0.996349998,
2159.447180750, 0.996344767,
2159.508476238, 0.995971275,
2159.528907966, 0.996065955,
2159.549339894, 0.995945029,
2159.569771722, 0.995913961,
2159.590203449, 0.995840981,
2159.610635376, 0.995775654,
2159.631067202, 0.996273171,
2159.671930854, 0.996384944,
2159.692362680, 0.996246278,
2159.753658154, 0.996086939,
2159.774089978, 0.996072168,
2159.794521801, 0.995998558,
2159.814953624, 0.995939942,
2159.835385447, 0.996075543,
2159.876249092, 0.996080401,
2159.896680913, 0.996092634,
2159.917112835, 0.996168710,
2159.937544556, 0.995737130,
2159.957976376, 0.996045267,
2159.998840016, 0.995800568,
2160.019271736, 0.995992087,
2160.039703655, 0.996291629,
2160.060135474, 0.996463290,
2160.080567392, 0.995966326,
2160.100999110, 0.995914667,
2160.121430927, 0.996207111,
2160.141862845, 0.995847758,
2160.162294562, 0.995914445,
2160.182726378, 0.995689756,
2160.203158294, 0.995757668,
2160.223590010, 0.995962916,
2160.244021825, 0.996071042,
2160.264453741, 0.995820897,
2160.284885555, 0.996022253,
2160.325749184, 0.997285150,
2160.346180997, 0.996295274,
2160.366612710, 0.996241166,
2160.387044623, 0.996510605,
2160.407476436, 0.996337170,
2160.427908148, 0.996402161,
2160.448340059, 0.996229099,
2160.468771871, 0.996318458,
2160.489203582, 0.996178946,
2160.530067303, 0.996371789,
2160.550499013, 0.996312257,
2160.570930922, 0.996421280,
2160.591362731, 0.996125851,
2160.611794540, 0.996312037,
2160.632226349, 0.996218886,
2160.652658157, 0.996134066,
2160.673090065, 0.996242152,
2160.734385486, 0.996099325,
2160.754817192, 0.996104882,
2160.775248998, 0.996362708,
2160.795680804, 0.996437790,
2160.816112609, 0.996163608,
2160.856976318, 0.996172466,
2160.877408022, 0.996327928,
2160.897839826, 0.996070058,
2160.918271730, 0.996243666,
2160.938703433, 0.996338730,
2160.959135235, 0.996482463,
2160.979567138, 0.996340124,
2160.999998839, 0.996361853,
2161.020430641, 0.996613516,
2161.040862542, 0.996266011,
2161.061294243, 0.996193585,
2161.081726044, 0.996724416,
2161.102157944, 0.996447517,
2161.122589744, 0.996590745,
2161.143021443, 0.996603734,
2161.163453342, 0.996731500,
2161.183885141, 0.996602896,
2161.204316840, 0.996581247,
2161.224748737, 0.996623249,
2161.245180535, 0.996478960,
2161.265612233, 0.996268815,
2161.286044130, 0.996237163,
2161.306475926, 0.996286960,
2161.326907822, 0.995696162,
2161.347339518, 0.996502488,
2161.367771314, 0.996570131,
2161.388203209, 0.997576757,
2161.408634904, 0.996879452,
2161.429066698, 0.995442923,
2161.469930286, 0.996622137,
2161.490362080, 0.996490931,
2161.510793873, 0.996518123,
2161.531225665, 0.996794113,
2161.551657458, 0.996662952,
2161.572089250, 0.996733689,
2161.592521041, 0.996374725,
2161.612952833, 0.996534936,
2161.633384624, 0.996918128,
2161.653816414, 0.996567439,
2161.674248204, 0.996595495,
2161.735543573, 0.996557422,
2161.755975462, 0.996478035,
2161.776407150, 0.996730692,
2161.796838938, 0.996583854,
2161.817270826, 0.996719185,
2161.837702514, 0.996565473,
2161.858134401, 0.997344759,
2161.878566187, 0.996670260,
2161.898997874, 0.996753615,
2161.919429760, 0.996676543,
2161.939861545, 0.996968245,
2161.960293331, 0.996739224,
2161.980725116, 0.996515948,
2162.001156901, 0.996948162,
2162.021588685, 0.996846938,
2162.042020469, 0.996741716,
2162.062452252, 0.997009996,
2162.082884035, 0.996744500,
2162.103315818, 0.996967349,
2162.123747601, 0.996949676,
2162.144179383, 0.996718383,
2162.164611265, 0.996866620,
2162.205474728, 0.996771605,
2162.225906509, 0.997138394,
2162.246338289, 0.997142843,
2162.266769969, 0.997280754,
2162.287201849, 0.997426503,
2162.307633628, 0.997129321,
2162.328065307, 0.997078497,
2162.348497186, 0.996963256,
2162.368928964, 0.997319532,
2162.389360742, 0.997170936,
2162.409792520, 0.996908819,
2162.430224297, 0.997034728,
2162.450656174, 0.997096712,
2162.471087851, 0.997002116,
2162.491519628, 0.997584530,
2162.511951504, 0.997146963,
2162.532383279, 0.996712977,
2162.552814954, 0.996984370,
2162.573246829, 0.997009639,
2162.593678604, 0.997667918,
2162.634542152, 0.997301391,
2162.654973926, 0.996952909,
2162.695837472, 0.997174234,
2162.716269244, 0.997215287,
2162.736700917, 0.997439211,
2162.757132789, 0.997575731,
2162.777564560, 0.997319865,
2162.797996331, 0.996999433,
2162.818428102, 0.997025505,
2162.838859873, 0.997534642,
2162.859291643, 0.997346204,
2162.879723413, 0.997220190,
2162.900155182, 0.997146419,
2162.920586951, 0.997250266,
2162.941018720, 0.996939199,
2162.961450489, 0.997263151,
2162.981882257, 0.996650918,
2163.002314025, 0.996847496,
2163.022745792, 0.997016699,
2163.043177659, 0.997204332,
2163.063609326, 0.997518023,
2163.084041092, 0.997349048,
2163.104472958, 0.997286777,
2163.124904624, 0.997515057,
2163.186199920, 0.997145467,
2163.206631684, 0.997290244,
2163.227063548, 0.997577553,
2163.267926975, 0.996974903,
2163.288358838, 0.996964831,
2163.308790501, 0.997225942,
2163.329222264, 0.997220462,
2163.349654126, 0.997335182,
2163.370085887, 0.997402065,
2163.390517549, 0.997292744,
2163.410949410, 0.997625440,
2163.431381171, 0.997349669,
2163.451812831, 0.997322167,
2163.472244691, 0.997675798,
2163.492676451, 0.997411629,
2163.513108111, 0.997272204,
2163.533539970, 0.997412979,
2163.553971728, 0.997692751,
2163.574403587, 0.997544352,
2163.594835245, 0.997914313,
2163.615267003, 0.998205057,
2163.696994030, 0.997379783,
2163.717425786, 0.997342097,
2163.737857542, 0.997441395,
2163.778721053, 0.997536659,
2163.799152808, 0.998512986,
2163.819584562, 0.997510270,
2163.840016316, 0.997681932,
2163.860448070, 0.997881420,
2163.880879924, 0.997512940,
2163.921743329, 0.997633213,
2163.942175182, 0.998244198,
2163.962606834, 0.998231337,
2163.983038586, 0.998202261,
2164.003470437, 0.998213230,
2164.023902089, 0.998126980,
2164.044333840, 0.997570298,
2164.064765690, 0.997970485,
2164.085197340, 0.998070181,
2164.105629090, 0.997929136,
2164.126060940, 0.997765014,
2164.146492589, 0.997852232,
2164.166924438, 0.998295321,
2164.187356186, 0.998039645,
2164.207787935, 0.997966949,
2164.228219683, 0.998196210,
2164.248651430, 0.997935354,
2164.269083177, 0.997653355,
2164.289515024, 0.998104874,
2164.309946671, 0.997999607,
2164.330378417, 0.997923095,
2164.350810263, 0.997486395,
2164.371241909, 0.997360052,
2164.412105399, 0.998421191,
2164.432537144, 0.998375167,
2164.452968888, 0.998157271,
2164.473400632, 0.998012968,
2164.493832376, 0.998319691,
2164.514264020, 0.998257605,
2164.534695863, 0.998232450,
2164.555127605, 0.998478360,
2164.575559348, 0.998298304,
2164.595991090, 0.998051094,
2164.616422832, 0.998336855,
2164.636854573, 0.998190926,
2164.657286314, 0.998415299,
2164.677718055, 0.998193741,
2164.698149896, 0.998539149,
2164.718581636, 0.998347395,
2164.739013276, 0.998225768,
2164.759445115, 0.998419591,
2164.779876855, 0.998321334,
2164.800308494, 0.998145237,
2164.820740332, 0.998241455,
2164.841172070, 0.998430602,
2164.861603708, 0.998187573,
2164.902467283, 0.998545276,
2164.922898921, 0.998528592,
2164.943330757, 0.998536467,
2164.963762494, 0.998551697,
2164.984194130, 0.998641177,
2165.004625965, 0.998479917,
2165.025057701, 0.998468350,
2165.045489436, 0.998405298,
2165.065921171, 0.998362688,
2165.086352905, 0.998421394,
2165.106784639, 0.998860548,
2165.127216373, 0.998572692,
2165.147648107, 0.998793991,
2165.168079840, 0.998835471,
2165.208943306, 0.998474919,
2165.229375138, 0.998614516,
2165.249806770, 0.998741374,
2165.270238502, 0.999168180,
2165.290670333, 0.998625698,
2165.311101964, 0.998577841,
2165.331533694, 0.998730727,
2165.351965525, 0.998960858,
2165.413260714, 0.998678729,
2165.433692344, 0.998976605,
2165.454124073, 0.998877810,
2165.474555901, 0.998892466,
2165.494987529, 0.998859597,
2165.515419257, 0.998664374,
2165.535851085, 0.998644850,
2165.556282812, 0.998755680,
2165.576714439, 0.998782524,
2165.597146266, 0.998834119,
2165.638009618, 0.998871931,
2165.658441444, 0.998820149,
2165.678873169, 0.999100978,
2165.699304795, 0.999316043,
2165.719736619, 0.999586380,
2165.740168344, 0.999023150,
2165.760600168, 0.998734737,
2165.781031792, 0.998969488,
2165.842326962, 0.998842740,
2165.862758684, 0.999045076,
2165.883190407, 0.999144035,
2165.903622129, 0.999150482,
2165.924053851, 0.999116266,
2165.944485572, 0.999046673,
2165.964917293, 0.998753024,
2165.985349014, 0.998855942,
2166.005780735, 0.999051924,
2166.026212455, 0.999084633,
2166.046644175, 0.999194906,
2166.067075995, 0.999154258,
2166.087507614, 0.999357983,
2166.107939333, 0.999457850,
2166.128371152, 0.999050035,
2166.148802770, 0.999666066,
2166.169234488, 0.999557024,
2166.210097923, 0.999508002,
2166.230529641, 0.999292454,
2166.250961458, 0.999383012,
2166.271393074, 0.999483124,
2166.291824890, 0.999569294,
2166.312256606, 0.999218721,
2166.332688222, 0.999309860,
2166.373551753, 0.999580140,
2166.393983467, 0.999426773,
2166.414415182, 0.999545998,
2166.434846896, 0.999456935,
2166.455278610, 0.999440851,
2166.475710323, 0.999287472,
2166.496142037, 0.999457275,
2166.516573750, 0.999355720,
2166.537005562, 0.999351520,
2166.557437175, 0.999796123,
2166.577868887, 0.999490781,
2166.598300699, 0.999179900,
2166.618732310, 0.999814393,
2166.639164021, 0.999264749,
2166.659595732, 0.999788974,
2166.680027443, 0.999526814,
2166.700459153, 0.999388195,
2166.720890863, 0.999428230,
2166.741322573, 0.999435843,
2166.761754282, 0.999886275,
2166.863912825, 0.999603887,
2166.904776340, 0.999207558,
2166.925207947, 0.999415074,
2166.945639754, 0.999640848,
2166.966071460, 0.999690585,
2166.986503067, 0.999720067,
2167.109093297, 0.999862530,
2167.129525101, 0.999707214,
2167.149956805, 0.999725701,
2167.170388409, 0.999943699,
2167.211251915, 0.999776727,
2167.231683618, 0.999461976,
2167.252115320, 1.000150223,
2167.272547022, 0.999834604,
2167.292978724, 0.999627305,
2167.313410425, 0.999914326,
2167.354273928, 0.999885950,
2167.374705528, 0.999713316,
2167.395137228, 1.000190740,
2167.415569029, 1.000218301,
2167.436000628, 0.998462346,
2167.456432328, 0.999895306,
2167.476864127, 0.999847672,
2167.497295726, 0.999927488,
2167.517727425, 0.999807719,
2167.558590821, 0.999944503,
2167.599454316, 0.999971730,
2167.619885913, 0.999862358,
2167.640317610, 0.999929912,
2167.660749407, 1.000070155,
2167.681181003, 0.999593339,
2167.701612699, 0.999912517,
2167.722044495, 0.999936997,
2167.742476190, 1.000058008,
2167.762907786, 0.999944239,
2167.783339580, 1.000082272,
2167.803771275, 1.000046723,
2167.844634663, 1.000140061,
2167.865066357, 1.000238662,
2167.885498151, 0.999758891,
2167.905929744, 1.000200869,
2167.926361437, 0.999944792,
2167.946793229, 1.000361766,
2167.967224822, 0.999927731,
2167.987656514, 1.000090963,
2168.008088305, 1.000383430,
2168.028519897, 1.000334032,
2168.048951588, 1.000722544,
2168.089814970, 1.000268853,
2168.110246660, 1.000513970,
2168.130678350, 1.000225419,
2168.151110040, 1.000188816,
2168.171541729, 1.000314001,
2168.191973419, 1.000223117,
2168.212405108, 1.000378557,
2168.232836796, 1.000470789,
2168.253268585, 1.000654049,
2168.273700173, 1.000381494,
2168.294131861, 1.001470889,
2168.334995436, 1.000594200,
2168.355427122, 1.000312532,
2168.375858909, 1.001802781,
2168.396290596, 1.000519557,
2168.416722382, 1.000603662,
2168.437153968, 1.000643263,
2168.457585653, 1.000485879,
2168.478017439, 1.000700084,
2168.498449024, 1.000484763,
2168.518880708, 1.000431395,
2168.539312493, 1.000723277,
2168.580175761, 1.000869212,
2168.600607545, 1.000457644,
2168.621039228, 1.000192056,
2168.641470811, 1.000796853,
2168.661902594, 1.000414150,
2168.682334277, 1.000401364,
2168.702765859, 1.000949205,
2168.723197641, 1.001167642,
2168.743629323, 1.000541078,
2168.764060905, 1.000757437,
2168.784492686, 1.000782302,
2168.825355947, 1.000986232,
2168.866219308, 1.000778075,
2168.886650988, 1.000601682,
2168.907082767, 1.000700766,
2168.927514347, 1.000939293,
2168.947946126, 1.000921951,
2168.968377804, 1.000636797,
2168.988809383, 1.000750086,
2169.029672839, 1.000830707,
2169.070536194, 1.000684544,
2169.090967871, 1.000718917,
2169.111399548, 1.000843723,
2169.131831225, 1.000577355,
2169.152262901, 1.000866695,
2169.172694577, 1.001055526,
2169.193126353, 1.000751352,
2169.213557929, 1.000875607,
2169.233989604, 1.001225663,
2169.254421379, 1.000844373,
2169.274852954, 1.000849339,
2169.315716402, 1.001384667,
2169.336147976, 1.001277917,
2169.356579650, 1.001061374,
2169.377011423, 1.000918518,
2169.397442996, 1.000910089,
2169.417874769, 1.000981924,
2169.438306442, 1.001029476,
2169.458738114, 1.001323109,
2169.479169786, 1.000864673,
2169.499601358, 1.001214744,
2169.520033130, 1.001241223,
2169.560896472, 1.001218006,
2169.581328043, 1.001266536,
2169.601759813, 1.001242430,
2169.622191483, 1.001048162,
2169.642623053, 1.001319347,
2169.663054823, 1.001210267,
2169.683486492, 1.001192917,
2169.703918062, 1.001262277,
2169.724349830, 1.001269483,
2169.744781499, 1.001470755,
2169.765213067, 1.001078956,
2169.806076503, 1.001677141,
2169.826508071, 1.001711190,
2169.846939838, 1.001451340,
2169.867371505, 1.001437941,
2169.887803272, 1.001256294,
2169.908234839, 1.001325439,
2169.928666505, 1.001572475,
2169.949098271, 1.002008825,
2169.969529837, 1.001244490,
2169.989961502, 1.001609083,
2170.010393268, 1.001688576,
2170.051256497, 1.001597690,
2170.071688262, 1.001529231,
2170.092119926, 1.001858676,
2170.112551490, 1.001969700,
2170.132983254, 1.001720112,
2170.153414917, 1.001603159,
2170.173846480, 1.001759838,
2170.194278243, 1.002248753,
2170.214709906, 1.001870261,
2170.235141468, 1.001229648,
2170.255573230, 1.001733831,
2170.296436454, 1.001510701,
2170.316868216, 1.001849130,
2170.337299777, 1.001839091,
2170.357731437, 1.001880186,
2170.378163198, 1.001574989,
2170.398594859, 1.001596616,
2170.419026519, 1.001608955,
2170.439458178, 1.001879529,
2170.459889838, 1.002053532,
2170.480321497, 1.002226815,
2170.500753156, 1.001936201,
2170.521184815, 1.001721951,
2170.541616574, 1.001764062,
2170.562048132, 1.002020456,
2170.602911548, 1.001914247,
2170.623343106, 1.002168252,
2170.664206520, 1.002126889,
2170.684638077, 1.001374620,
2170.786796457, 1.002059799,
2170.807228013, 1.002120919,
2170.827659668, 1.001991649,
2170.868523077, 1.002212262,
2170.888954732, 1.002142795,
2170.909386386, 1.001643676,
2170.929818040, 1.002112349,
2170.950249693, 1.002292218,
2170.970681346, 1.002629694,
2171.031976305, 1.002074009,
2171.052407857, 1.002065331,
2171.072839610, 1.002013513,
2171.093271261, 1.002192306,
2171.113702813, 1.002209195,
2171.134134565, 1.002221886,
2171.154566215, 1.002129304,
2171.174997766, 1.002041595,
2171.195429517, 1.002286146,
2171.215861167, 1.002180125,
2171.236292818, 1.002182027,
2171.277156117, 1.002185785,
2171.297587766, 1.001856852,
2171.318019416, 1.002263330,
2171.338451065, 1.002308503,
2171.358882813, 1.002590706,
2171.379314462, 1.002353742,
2171.399746010, 1.002171956,
2171.420177758, 1.002483227,
2171.440609406, 1.002344256,
2171.461040953, 1.002290620,
2171.481472700, 1.002673543,
2171.522335894, 1.002282136,
2171.542767640, 1.002521373,
2171.563199287, 1.002334413,
2171.583630833, 1.002437666,
2171.604062579, 1.002438641,
2171.624494224, 1.002410907,
2171.644925769, 1.002422581,
2171.665357514, 1.002388185,
2171.685789159, 1.002463588,
2171.706220704, 1.002642097,
2171.726652448, 1.002270855,
2171.747084092, 1.002626472,
2171.767515636, 1.002628523,
2171.787947380, 1.002081248,
2171.808379023, 1.002336460,
2171.828810666, 1.002411018,
2171.849242309, 1.002503562,
2171.869673952, 1.002479554,
2171.890105595, 1.002554402,
2171.910537237, 1.002699105,
2171.930968879, 1.002347916,
2172.012695544, 1.002552143,
2172.033127085, 1.002978968,
2172.053558726, 1.002752911,
2172.073990466, 1.002680585,
2172.094422006, 1.002631428,
2172.114853646, 1.002400174,
2172.135285385, 1.002505913,
2172.155716925, 1.002734687,
2172.176148564, 1.002735068,
2172.196580303, 1.002725383,
2172.217011942, 1.002976987,
2172.257875218, 1.002545794,
2172.278306856, 1.002716650,
2172.298738494, 1.002718435,
2172.319170132, 1.002765441,
2172.339601769, 1.002775683,
2172.360033406, 1.002900650,
2172.380465043, 1.003491145,
2172.400896679, 1.003093976,
2172.421328316, 1.002717412,
2172.441759952, 1.002321765,
2172.462191588, 1.003131262,
2172.482623223, 1.003030665,
2172.503054859, 1.002938199,
2172.523486394, 1.002972028,
2172.543918129, 1.003014390,
2172.564349764, 1.002980741,
2172.584781398, 1.003121207,
2172.605213033, 1.003200725,
2172.625644667, 1.003035117,
2172.646076301, 1.003013910,
2172.666507934, 1.002955230,
2172.686939568, 1.003044129,
2172.748234466, 1.003457407,
2172.789097831, 1.003163861,
2172.809529363, 1.003201777,
2172.829961095, 1.002719344,
2172.850392727, 1.002828185,
2172.870824258, 1.002896816,
2172.891255989, 1.003197817,
2172.911687620, 1.002884132,
2172.932119151, 1.003112453,
2172.952550881, 1.003207025,
2172.972982512, 1.002952863,
2172.993414042, 1.003485738,
2173.013845771, 1.003343428,
2173.034277401, 1.003284825,
2173.054709030, 1.003273962,
2173.075140659, 1.003248720,
2173.116003917, 1.003021276,
2173.136435545, 1.003359114,
2173.156867174, 1.003079872,
2173.177298802, 1.003162238,
2173.238593784, 1.003593469,
2173.259025312, 1.003225621,
2173.279456939, 1.003185987,
2173.299888665, 1.003142913,
2173.320320192, 1.003241175,
2173.340751818, 1.003143116,
2173.361183544, 1.003493664,
2173.381615070, 1.003372196,
2173.402046695, 1.003116088,
2173.422478421, 1.003334191,
2173.442909946, 1.003534006,
2173.483773296, 1.003310278,
2173.504204820, 1.003517028,
2173.524636444, 1.003241127,
2173.545068168, 1.003341708,
2173.565499692, 1.003367384,
2173.585931416, 1.003743664,
2173.606363039, 1.003219296,
2173.647226286, 1.003417832,
2173.667657908, 1.003574982,
2173.728952775, 1.004077422,
2173.749384397, 1.004179244,
2173.790247641, 1.004095585,
2173.810679262, 1.003985903,
2173.831110983, 1.004061576,
2173.851542504, 1.003653067,
2173.871974124, 1.004015491,
2173.892405745, 1.003970417,
2173.912837365, 1.003951826,
2173.933268885, 1.004017116,
2173.953700605, 1.004295729,
2173.974132224, 1.004176696,
2173.994563944, 1.003922908,
2174.014995463, 1.003765474,
2174.035427082, 1.004301974,
2174.055858800, 1.004157709,
2174.076290419, 1.004345234,
2174.096721937, 1.003931005,
2174.117153655, 1.004154575,
2174.137585273, 1.003914818,
2174.158016791, 1.003969136,
2174.219311643, 1.004211379,
2174.239743360, 1.004518488,
2174.260174976, 1.004330367,
2174.280606493, 1.004137801,
2174.301038209, 1.004195347,
2174.321469825, 1.003890479,
2174.341901341, 1.003933007,
2174.362333056, 1.004482396,
2174.382764672, 1.004462623,
2174.423627902, 1.004220311,
2174.464491231, 1.004291283,
2174.484922746, 1.004288635,
2174.505354360, 1.003990389,
2174.546217688, 1.004324560,
2174.566649201, 1.004552828,
2174.587080814, 1.004735276,
2174.607512428, 1.004275203,
2174.627944040, 1.004544719,
2174.648375753, 1.004653457,
2174.668807266, 1.004167657,
2174.689238878, 1.004540862,
2174.709670590, 1.004460597,
2174.730102102, 1.004235310,
2174.750533714, 1.004397091,
2174.770965425, 1.004387400,
2174.791396937, 1.004509767,
2174.811828548, 1.004379645,
2174.832260259, 1.004402783,
2174.852691769, 1.004670641,
2174.873123480, 1.004845019,
2174.893555090, 1.004404054,
2174.913986700, 1.002128226,
2174.954849920, 1.004571978,
2174.975281529, 1.004574261,
2174.995713139, 1.004737311,
2175.016144748, 1.004203991,
2175.036576357, 1.004540365,
2175.057008065, 1.004851912,
2175.077439574, 1.004283458,
2175.097871182, 1.004319506,
2175.118302890, 1.004473344,
2175.138734398, 1.004820134,
2175.200029221, 1.004446385,
2175.220460828, 1.004637478,
2175.240892535, 1.004772705,
2175.261324042, 1.004840861,
2175.281755748, 1.004691824,
2175.302187354, 1.004543726,
2175.322618861, 1.004684045,
2175.343050566, 1.004718147,
2175.363482072, 1.005048482,
2175.383913678, 1.004799011,
2175.404345383, 1.004815595,
2175.465640198, 1.004979179,
2175.486071803, 1.004806692,
2175.506503307, 1.005028751,
2175.526935011, 1.004776580,
2175.547366615, 1.004824739,
2175.567798119, 1.005121259,
2175.588229823, 1.004873145,
2175.608661426, 1.004477933,
2175.629092930, 1.004611424,
2175.649524633, 1.004793189,
2175.669956236, 1.004675578,
2175.690387938, 1.004779116,
2175.710819441, 1.004871898,
2175.731251043, 1.005108126,
2175.751682745, 1.010762857,
2175.772114247, 1.004595902,
2175.792545849, 1.005301712,
2175.812977550, 1.004785849,
2175.833409052, 1.005405450,
2175.853840653, 1.005438797,
2175.874272354, 1.004935509,
2175.894703954, 1.005263433,
2175.915135455, 1.005100002,
2175.955998756, 1.004944929,
2175.976430256, 1.005074875,
2175.996861956, 1.005101982,
2176.017293455, 1.004878104,
2176.037725055, 1.004883001,
2176.058156754, 1.004894625,
2176.078588353, 1.005351422,
2176.099019952, 1.005338279,
2176.119451551, 1.005149974,
2176.180746346, 1.004933224,
2176.221609542, 1.005119752,
2176.242041139, 1.005476931,
2176.262472637, 1.005133684,
2176.282904334, 1.005526382,
2176.303335931, 1.005867036,
2176.323767528, 1.005383437,
2176.344199125, 1.005127699,
2176.364630721, 1.005823957,
2176.425925510, 1.005437978,
2176.446357106, 1.005273782,
2176.466788801, 1.005144920,
2176.487220297, 1.005431641,
2176.507651992, 1.005408464,
2176.528083587, 1.005441816,
2176.548515082, 1.005412076,
2176.568946777, 1.005530151,
2176.609809866, 1.005613327,
2176.630241560, 1.006016965,
2176.691536341, 1.005617513,
2176.711967935, 1.005711101,
2176.732399428, 1.005745307,
2176.752831121, 1.005481469,
2176.773262614, 1.005884663,
2176.793694207, 1.005650107,
2176.814125899, 1.006109403,
2176.834557492, 1.005325725,
2176.854988984, 1.005137213,
2176.875420676, 1.005539580,
2176.895852268, 1.005419596,
2176.916283860, 1.005506442,
2176.936715451, 1.005698230,
2176.957147043, 1.005548784,
2176.977578734, 1.006041073,
2176.998010225, 1.005720554,
2177.018441815, 1.005365596,
2177.038873506, 1.005507955,
2177.059304997, 1.005928618,
2177.079736587, 1.006370877,
2177.100168277, 1.005147680,
2177.161463046, 1.005850785,
2177.181894536, 1.005749629,
2177.202326125, 1.005635070,
2177.222757814, 1.005844601,
2177.243189303, 1.005596208,
2177.263620892, 1.005843696,
2177.284052580, 1.005866566,
2177.304484169, 1.005761841,
2177.324915757, 1.006007928,
2177.365778933, 1.005777314,
2177.406642108, 1.005879924,
2177.427073696, 1.005931366,
2177.447505383, 1.005799295,
2177.467936870, 1.005898008,
2177.488368457, 1.005828080,
2177.508800044, 1.006115622,
2177.529231630, 1.005820723,
2177.549663117, 1.006067006,
2177.570094803, 1.005457862,
2177.590526389, 1.006002269,
2177.651821146, 1.005953016,
2177.672252732, 1.005758969,
2177.692684317, 1.006096450,
2177.713115902, 1.005926879,
2177.733547587, 1.006365931,
2177.753979071, 1.006321468,
2177.774410656, 1.006049850,
2177.794842340, 1.006282457,
2177.815273925, 1.006118931,
2177.835705408, 1.006515876,
2177.856137092, 1.006039168,
2177.897000160, 1.006504096,
2177.917431843, 1.006591867,
2177.937863426, 1.006446299,
2177.958294909, 1.006219501,
2177.999158175, 1.006768791,
2178.019589658, 1.006341958,
2178.040021340, 1.006066634,
2178.060452922, 1.006503500,
2178.101316086, 1.006436855,
2178.121747668, 1.006279297,
2178.142179250, 1.006140354,
2178.162610831, 1.006538733,
2178.183042413, 1.006280657,
2178.203473994, 1.006583137,
2178.223905575, 1.006356890,
2178.244337156, 1.006533260,
2178.264768736, 1.006161163,
2178.285200317, 1.006890712,
2178.305631897, 1.007006586,
2178.326063477, 1.006431932,
2178.346495058, 1.006429552,
2178.387358317, 1.006523236,
2178.407789797, 1.006587701,
2178.448653055, 1.006344705,
2178.489516113, 1.006738683,
2178.509947792, 1.006621593,
2178.550810949, 1.006231390,
2178.571242528, 1.007225669,
2178.632537262, 1.007275902,
2178.652968839, 1.006480042,
2178.673400417, 1.006963805,
2178.693831994, 1.006625278,
2178.714263571, 1.007088063,
2178.734695149, 1.006866661,
2178.755126726, 1.006594220,
2178.775558303, 1.006863410,
2178.795989979, 1.006736501,
2178.816421456, 1.006834030,
2178.836853032, 1.006856914,
2178.857284708, 1.006591872,
2178.877716184, 1.006877844,
2178.898147860, 1.006946926,
2178.918579336, 1.006944311,
2178.939010911, 1.006881585,
2178.959442587, 1.007000744,
2178.979874062, 1.006960087,
2179.000305637, 1.006641520,
2179.020737312, 1.006956620,
2179.041168787, 1.007292616,
2179.061600362, 1.006863850,
2179.082032036, 1.007075932,
2179.122895085, 1.006290717,
2179.143326759, 1.007003002,
2179.163758233, 1.007148127,
2179.184189807, 1.007014141,
2179.204621480, 1.007311710,
2179.225053054, 1.007239071,
2179.245484527, 1.007045420,
2179.265916200, 1.007115472,
2179.286347773, 1.007233701,
2179.306779446, 1.007232691,
2179.327210919, 1.007397901,
2179.388505637, 1.007278572,
2179.408937209, 1.006769809,
2179.429368881, 1.007078028,
2179.449800353, 1.006921513,
2179.470231925, 1.007033378,
2179.490663596, 1.006877192,
2179.531526639, 1.007366855,
2179.551958310, 1.006947006,
2179.592821352, 1.007642443,
2179.613253023, 1.007302216,
2179.633684494, 1.007329461,
2179.654116164, 1.007227978,
2179.674547734, 1.007503238,
2179.694979205, 1.007235914,
2179.715410875, 1.007266747,
2179.735842445, 1.007327277,
2179.756273914, 1.007457863,
2179.776705584, 1.007353615,
2179.797137154, 1.007392093,
2179.817568623, 1.007364060,
2179.838000292, 1.007726705,
2179.858431861, 1.007668123,
2179.878863330, 1.007568452,
2179.899294999, 1.007322889,
2179.919726568, 1.007663700,
2179.940158036, 1.007695234,
2179.960589705, 1.007493380,
2179.981021273, 1.007454061,
2180.001452941, 1.007553150,
2180.021884409, 1.007804070,
2180.042315977, 1.007480883,
2180.103610680, 1.007576466,
2180.124042347, 1.007443219,
2180.144473914, 1.007344479,
2180.164905381, 1.007934006,
2180.185337048, 1.007958571,
2180.205768615, 1.007941177,
2180.226200082, 1.007587938,
2180.246631748, 1.007865953,
2180.267063314, 1.007824499,
2180.287494781, 1.007664720,
2180.307926447, 1.007952869,
2180.348789478, 1.007479893,
2180.369221144, 1.007358864,
2180.389652610, 1.007450815,
2180.410084275, 1.007548043,
2180.430515841, 1.007887241,
2180.450947306, 1.007853111,
2180.471378971, 1.007845701,
2180.491810536, 1.008024266,
2180.512242100, 1.007646719,
2180.532673665, 1.007964208,
2180.553105230, 1.007838885,
2180.573536794, 1.007757892,
2180.593968358, 1.007663420,
2180.614399923, 1.007668888,
2180.634831487, 1.007872826,
2180.655263150, 1.007503285,
2180.675694614, 1.007600664,
2180.696126178, 1.007359664,
2180.716557841, 1.007942544,
2180.736989305, 1.008241382,
2180.757420968, 1.008009835,
2180.777852531, 1.008099130,
2180.798283994, 1.008188769,
2180.818715657, 1.008259171,
2180.839147220, 1.007821928,
2180.859578682, 1.008276556,
2180.880010345, 1.007899679,
2180.900441907, 1.008029131,
2180.920873369, 1.008146116,
2180.941305031, 1.008020179,
2180.961736594, 1.007953039,
2180.982168155, 1.007967298,
2181.002599717, 1.008126019,
2181.023031279, 1.007996589,
2181.043462840, 1.008060245,
2181.063894402, 1.007903793,
2181.084325963, 1.007928573,
2181.104757524, 1.008377532,
2181.125189085, 1.008023135,
2181.145620646, 1.007908708,
2181.166052207, 1.007735571,
2181.186483767, 1.008177073,
2181.206915328, 1.008305165,
2181.227346988, 1.007915504,
2181.247778448, 1.008451692,
2181.268210009, 1.008135872,
2181.288641669, 1.007911914,
2181.329504688, 1.007946077,
2181.349936348, 1.008359689,
2181.370367808, 1.008045971,
2181.390799367, 1.008082482,
2181.411231026, 1.008139019,
2181.431662486, 1.008023486,
2181.452094045, 1.007850131,
2181.472525704, 1.008091309,
2181.492957262, 1.008193047,
2181.533820380, 1.007751388,
2181.554251938, 1.008278992,
2181.574683497, 1.007922634,
2181.595115055, 1.008540362,
2181.615546613, 1.008582957,
2181.635978171, 1.008417158,
2181.656409729, 1.008764576,
2181.676841287, 1.008224585,
2181.697272945, 1.008845032,
2181.717704402, 1.008632036,
2181.738135960, 1.008461694,
2181.758567517, 1.008314315,
2181.778999074, 1.008396116,
2181.819862188, 1.008640061,
2181.840293745, 1.008465666,
2181.860725402, 1.008215894,
2181.881156859, 1.008598300,
2181.901588415, 1.008508968,
2181.922020072, 1.008970223,
2181.942451528, 1.008797462,
2181.962883084, 1.008757429,
2181.983314740, 1.008499108,
2182.003746196, 1.008580181,
2182.024177752, 1.008966192,
2182.044609408, 1.009092855,
2182.065040963, 1.008853791,
2182.085472419, 1.008736696,
2182.105904074, 1.008563090,
2182.126335630, 1.008765288,
2182.146767085, 1.009135756,
2182.167198740, 1.009021308,
2182.187630295, 1.009044186,
2182.208061950, 1.008831723,
2182.228493405, 1.009023155,
2182.269356614, 1.008778792,
2182.289788069, 1.009225500,
2182.310219623, 1.008816979,
2182.330651277, 1.008833002,
2182.351082731, 1.009056765,
2182.371514285, 1.008871642,
2182.391945939, 1.008994812,
2182.412377393, 1.009591474,
2182.432808947, 1.008763827,
2182.453240500, 1.009377246,
2182.473672054, 1.008944827,
2182.494103607, 1.008953045,
2182.514535261, 1.009201748,
2182.534966714, 1.009283517,
2182.555398367, 1.009140584,
2182.575829920, 1.009249709,
2182.596261373, 1.009120703,
2182.616693025, 1.009048962,
2182.637124578, 1.009352262,
2182.657556031, 1.009243052,
2182.677987683, 1.009273831,
2182.698419236, 1.010212788,
2182.718850688, 1.011081151,
2182.739282340, 1.010045959,
2182.759713892, 1.007135141,
2182.800576996, 1.008935408,
2182.821008548, 1.009084502,
2182.841439999, 1.009406507,
2182.861871651, 1.009122636,
2182.882303202, 1.008936001,
2182.902734854, 1.009452622,
2182.923166305, 1.009188711,
2182.943597856, 1.009432811,
2182.964029507, 1.009380580,
2182.984460958, 1.009451531,
2183.004892509, 1.009357792,
2183.025324160, 1.009038310,
2183.045755710, 1.009584786,
2183.066187161, 1.009531802,
2183.086618811, 1.009262714,
2183.107050362, 1.009468755,
2183.127481812, 1.009373476,
2183.147913462, 1.009280644,
2183.168344912, 1.009676906,
2183.188776462, 1.009667473,
2183.209208112, 1.009544534,
2183.229639562, 1.009596367,
2183.250071212, 1.009754953,
2183.290934211, 1.009260323,
2183.311365860, 1.009540467,
2183.331797410, 1.009510372,
2183.352228859, 1.009321484,
2183.372660508, 1.009221286,
2183.393092057, 1.009433415,
2183.413523606, 1.009465249,
2183.433955155, 1.009411671,
2183.454386704, 1.009683937,
2183.474818252, 1.010212529,
2183.495249801, 1.010142170,
2183.536112898, 1.009394874,
2183.556544546, 1.009842235,
2183.576975994, 1.009692061,
2183.597407642, 1.009654143,
2183.617839190, 1.009725904,
2183.638270638, 1.009703929,
2183.658702286, 1.009677661,
2183.679133834, 1.009762464,
2183.699565282, 1.009851920,
2183.719996929, 1.010091810,
2183.740428477, 1.009983377,
2183.781291571, 1.009979496,
2183.801723119, 1.010042693,
2183.822154566, 1.010204381,
2183.842586213, 1.009930256,
2183.863017760, 1.009802718,
2183.883449307, 1.009868553,
2183.903880854, 1.009824497,
2183.924312400, 1.009711820,
2183.944743947, 1.010327381,
2183.965175494, 1.010542536,
2183.985607040, 1.009967653,
2184.006038586, 1.009940652,
2184.026470133, 1.010087747,
2184.046901679, 1.010334970,
2184.067333325, 1.010604126,
2184.087764771, 1.010231686,
2184.108196317, 1.009966979,
2184.128627963, 1.010225385,
2184.149059409, 1.010366119,
2184.169490954, 1.010056721,
2184.189922600, 1.010410766,
2184.210354045, 1.010069979,
2184.230785591, 1.010194107,
2184.271648681, 1.009866983,
2184.292080327, 1.009887841,
2184.332943317, 1.010006899,
2184.353374962, 1.009729637,
2184.373806507, 1.010044667,
2184.394238051, 1.010438567,
2184.414669596, 1.010282564,
2184.435101141, 1.010257848,
2184.455532685, 1.010105062,
2184.475964230, 1.010132360,
2184.496395774, 1.010276538,
2184.516827319, 1.010085054,
2184.537258963, 1.010315459,
2184.557690407, 1.010503028,
2184.598553595, 1.010423278,
2184.618985039, 1.010205711,
2184.639416683, 1.010298002,
2184.659848127, 1.010450522,
2184.680279670, 1.010497509,
2184.700711314, 1.010221686,
2184.721142758, 1.010485390,
2184.741574301, 1.010531698,
2184.762005944, 1.010143073,
2184.782437388, 1.010261901,
2184.802868931, 1.010856945,
2184.823300574, 1.010444750,
2184.843732017, 1.010688003,
2184.864163560, 1.010532490,
2184.884595203, 1.010515883,
2184.905026746, 1.010399773,
2184.925458189, 1.010500832,
2184.945889832, 1.010256359,
2185.007184459, 1.010055185,
2185.027616002, 1.010362550,
2185.048047644, 1.010585401,
2185.068479087, 1.010474773,
2185.088910629, 1.011591865,
2185.109342271, 1.010472131,
2185.129773713, 1.010709085,
2185.150205255, 1.010689186,
2185.170636897, 1.010852156,
2185.191068339, 1.010282135,
2185.211499881, 1.010977717,
2185.252362964, 1.010777958,
2185.272794506, 1.010823187,
2185.293226147, 1.010559157,
2185.313657589, 1.010658997,
2185.334089230, 1.011227198,
2185.354520671, 1.010822662,
2185.374952313, 1.010897053,
2185.395383854, 1.010713948,
2185.415815395, 1.011300468,
2185.436246836, 1.011256341,
2185.456678477, 1.010593594,
2185.497541459, 1.010500427,
2185.517973100, 1.010550246,
2185.538404640, 1.010778520,
2185.558836081, 1.010777212,
2185.579267722, 1.010249090,
2185.599699262, 1.010686591,
2185.620130903, 1.010972234,
2185.640562343, 1.011127304,
2185.660993883, 1.011049558,
2185.681425524, 1.011080055,
2185.701856964, 1.011318367,
2185.722288504, 1.011527441,
2185.742720144, 1.011409722,
2185.763151584, 1.011661519,
2185.783583124, 1.011264078,
2185.804014764, 1.011349732,
2185.824446204, 1.011351851,
2185.844877743, 1.011170585,
2185.865309383, 1.011259533,
2185.885740923, 1.011434671,
2185.906172362, 1.011372421,
2185.926604002, 1.011070185,
2185.947035542, 1.011472337,
2185.967467081, 1.011374219,
2185.987898620, 1.011407684,
2186.008330160, 1.011118237,
2186.028761699, 1.011492559,
2186.049193238, 1.011174538,
2186.069624677, 1.011199143,
2186.090056316, 1.011654387,
2186.110487855, 1.011402251,
2186.130919294, 1.011522853,
2186.151350933, 1.011655130,
2186.171782472, 1.011866746,
2186.192213911, 1.011182166,
2186.212645549, 1.011238429,
2186.233077088, 1.011306302,
2186.253508627, 1.011373016,
2186.273940165, 1.011672496,
2186.294371704, 1.011411560,
2186.314803342, 1.011457045,
2186.335234780, 1.011703301,
2186.355666319, 1.011388040,
2186.376097957, 1.011566195,
2186.396529395, 1.011372401,
2186.416960933, 1.011830394,
2186.437392572, 1.011565987,
2186.457824110, 1.011633902,
2186.478255548, 1.011286936,
2186.498687186, 1.011641604,
2186.519118723, 1.011661438,
2186.539550161, 1.011068425,
2186.559981799, 1.011377332,
2186.580413337, 1.011350085,
2186.600844975, 1.011365153,
2186.621276412, 1.011648304,
2186.641707950, 1.011460565,
2186.662139587, 1.011659541,
2186.682571025, 1.011813351,
2186.723434100, 1.011141729,
2186.743865637, 1.011453131,
2186.764297174, 1.011499637,
2186.784728712, 1.011722349,
2186.805160249, 1.011531573,
2186.825591786, 1.011570620,
2186.846023323, 1.011586235,
2186.866454860, 1.011413322,
2186.886886397, 1.011795822,
2186.907317934, 1.011593194,
2186.927749471, 1.011697829,
2186.948181108, 1.011616700,
2186.968612645, 1.011431252,
2187.009475718, 1.011697803,
2187.029907255, 1.011492118,
2187.050338691, 1.011548160,
2187.070770328, 1.011570050,
2187.091201865, 1.011597927,
2187.111633301, 1.011359098,
2187.132064937, 1.011540637,
2187.152496474, 1.011663558,
2187.172927910, 1.011635056,
2187.213791083, 1.011896983,
2187.254654155, 1.011702737,
2187.275085691, 1.011309750,
2187.295517327, 1.011640997,
2187.315948764, 1.011617786,
2187.336380299, 1.011415217,
2187.356811936, 1.011548892,
2187.377243371, 1.011666785,
2187.397674907, 1.011639803,
2187.418106543, 1.011726101,
2187.438537979, 1.011996331,
2187.458969515, 1.011519838,
2187.479401150, 1.011481161,
2187.499832586, 1.011692997,
2187.520264122, 1.011494655,
2187.540695757, 1.011543225,
2187.561127193, 1.011793851,
2187.581558829, 1.011851659,
2187.601990364, 1.012164659,
2187.622421799, 1.011853364,
2187.642853435, 1.011778041,
2187.663284970, 1.011724502,
2187.683716406, 1.011979837,
2187.704148041, 1.012113248,
2187.724579576, 1.012272500,
2187.745011011, 1.012106112,
2187.765442647, 1.011941522,
2187.785874182, 1.011969425,
2187.806305717, 1.012231994,
2187.826737252, 1.012284500,
2187.847168787, 1.012167369,
2187.867600422, 1.012098177,
2187.888031857, 1.012084379,
2187.908463392, 1.012273006,
2187.928895027, 1.012258274,
2187.969757997, 1.012078324,
2188.010621166, 1.012503785,
2188.031052601, 1.012433482,
2188.051484236, 1.012072841,
2188.071915771, 1.012116363,
2188.092347205, 1.012357322,
2188.112778840, 1.012464871,
2188.133210374, 1.012722610,
2188.153641809, 1.012216991,
2188.174073444, 1.012913490,
2188.194504878, 1.012649698,
2188.214936513, 1.012699921,
2188.235368047, 1.012715407,
2188.255799481, 1.012149466,
2188.276231116, 1.012729458,
2188.296662650, 1.012803302,
2188.317094185, 1.012646695,
2188.337525719, 1.012514889,
2188.357957253, 1.012532579,
2188.378388787, 1.012728072,
2188.398820321, 1.012564623,
2188.419251856, 1.012966465,
2188.439683390, 1.012760386,
2188.460115024, 1.012538697,
2188.480546458, 1.012464415,
2188.500978092, 1.012554553,
2188.521409626, 1.012775549,
2188.541841060, 1.012582536,
2188.562272694, 1.012657249,
2188.582704228, 1.012787146,
2188.603135662, 1.012492446,
2188.623567296, 1.012973169,
2188.643998830, 1.012903204,
2188.664430264, 1.012915840,
2188.684861898, 1.012901545,
2188.705293432, 1.012553972,
2188.725724865, 1.012672435,
2188.746156499, 1.012622335,
2188.766588033, 1.012374717,
2188.787019667, 1.012734023,
2188.807451100, 1.013302355,
2188.827882634, 1.012608231,
2188.848314168, 1.012904786,
2188.868745701, 1.013082281,
2188.889177235, 1.012934682,
2188.909608769, 1.012471180,
2188.930040302, 1.012785816,
2188.950471836, 1.012538902,
2188.970903469, 1.012557943,
2188.991334903, 1.012644400,
2189.011766436, 1.012572049,
2189.032198070, 1.012721265,
2189.052629503, 1.012647816,
2189.093492670, 1.012735961,
2189.113924103, 1.012773247,
2189.134355737, 1.012926452,
2189.195650337, 1.012469817,
2189.216081870, 1.012640722,
2189.236513304, 1.012944996,
2189.256944937, 1.012916210,
2189.277376470, 1.012964596,
2189.297808003, 1.012945373,
2189.318239537, 1.012758455,
2189.338671070, 1.012467073,
2189.359102603, 1.012702991,
2189.379534136, 1.012608603,
2189.399965669, 1.012595242,
2189.420397303, 1.012726419,
2189.440828836, 1.012500983,
2189.461260269, 1.012706327,
2189.481691902, 1.012579908,
2189.502123435, 1.012855748,
2189.522554868, 1.012723051,
2189.542986501, 1.013022395,
2189.583849467, 1.012972382,
2189.604281100, 1.013271414,
2189.624712533, 1.013059432,
2189.645144066, 1.012947754,
2189.665575699, 1.012596579,
2189.686007132, 1.012916971,
2189.706438765, 1.012863676,
2189.726870298, 1.012956432,
2189.747301731, 1.013329120,
2189.767733364, 1.013251776,
2189.788164897, 1.013453070,
2189.808596430, 1.013293446,
2189.829027963, 1.013231347,
2189.849459496, 1.013512140,
2189.869891029, 1.013491001,
2189.890322562, 1.013430734,
2189.910754095, 1.013466569,
2189.931185628, 1.013111541,
2189.951617261, 1.013163984,
2189.972048693, 1.013017303,
2189.992480326, 1.013582941,
2190.012911859, 1.013246942,
2190.033343292, 1.013709667,
2190.053774925, 1.013765291,
2190.074206458, 1.013771008,
2190.094637891, 1.013521089,
2190.115069523, 1.013703798,
2190.135501056, 1.013726453,
2190.155932489, 1.013534117,
2190.176364122, 1.013755020,
2190.196795655, 1.013625869,
2190.217227088, 1.013520613,
2190.237658720, 1.013309772,
2190.258090153, 1.013657707,
2190.278521786, 1.013789887,
2190.298953319, 1.013793491,
2190.319384752, 1.013980661,
2190.339816384, 1.013837094,
2190.360247917, 1.013785343,
2190.380679450, 1.013781988,
2190.401110983, 1.014074873,
2190.421542515, 1.013848195,
2190.441974048, 1.014001823,
2190.462405581, 1.013985468,
2190.482837114, 1.013730119,
2190.503268647, 1.013954845,
2190.523700280, 1.014091425,
2190.544131712, 1.013945207,
2190.564563345, 1.013791535,
2190.584994878, 1.014194069,
2190.605426311, 1.013944514,
2190.646289476, 1.012912113,
2190.666720909, 1.013524265,
2190.707584075, 1.013667344,
2190.728015508, 1.013989197,
2190.748447140, 1.014381357,
2190.768878673, 1.013716179,
2190.789310206, 1.014207485,
2190.809741739, 1.013553389,
2190.830173272, 1.013875499,
2190.850604904, 1.013983190,
2190.871036337, 1.013787105,
2190.891467870, 1.014113587,
2190.911899503, 1.013831555,
2190.932330936, 1.013868788,
2190.952762469, 1.013777835,
2190.973194101, 1.014104549,
2190.993625534, 1.013689038,
2191.014057067, 1.014059982,
2191.034488700, 1.014076740,
2191.054920133, 1.013873599,
2191.075351666, 1.013783554,
2191.095783299, 1.013864013,
2191.136646365, 1.013923560,
2191.157077898, 1.014107360,
2191.177509330, 1.013978325,
2191.197940963, 1.014233237,
2191.218372496, 1.013641546,
2191.238803929, 1.013928108,
2191.259235562, 1.014270397,
2191.279667095, 1.014420537,
2191.300098528, 1.014183050,
2191.340961694, 1.014157381,
2191.402256293, 1.014270711,
2191.422687926, 1.014372477,
2191.443119460, 1.014212150,
2191.463550893, 1.014553771,
2191.483982526, 1.014298184,
2191.504414059, 1.014328880,
2191.524845492, 1.014649077,
2191.545277125, 1.014367742,
2191.565708658, 1.014541779,
2191.586140091, 1.014230699,
2191.627003158, 1.014881643,
2191.647434691, 1.014409580,
2191.667866324, 1.014398577,
2191.688297858, 1.014680626,
2191.708729391, 1.014337469,
2191.729160924, 1.014444980,
2191.749592357, 1.014140234,
2191.770023991, 1.014558388,
2191.790455524, 1.014357656,
2191.810886957, 1.014482453,
2191.851750124, 1.014349548,
2191.872181657, 1.014276858,
2191.892613191, 1.014513909,
2191.913044724, 1.014155372,
2191.933476358, 1.014313905,
2191.953907791, 1.014283983,
2191.974339325, 1.014497070,
2191.994770958, 1.014440336,
2192.015202492, 1.014405435,
2192.035633925, 1.014714690,
2192.056065559, 1.014508125,
2192.076497093, 1.014521245,
2192.117360160, 1.014516923,
2192.137791693, 1.014793789,
2192.158223127, 1.015040156,
2192.178654761, 1.015186449,
2192.199086295, 1.015717190,
2192.219517928, 1.014944136,
2192.239949362, 1.014603204,
2192.260380896, 1.014480647,
2192.280812530, 1.014568325,
2192.301243964, 1.014468497,
2192.342107131, 1.014452840,
2192.362538565, 1.014589284,
2192.382970099, 1.014545026,
2192.403401633, 1.014979607,
2192.423833167, 1.014826915,
2192.444264701, 1.014694321,
2192.464696235, 1.014964145,
2192.485127769, 1.014945857,
2192.505559403, 1.014836509,
2192.525990937, 1.014872956,
2192.546422372, 1.015017923,
2192.566854006, 1.014722376,
2192.607716974, 1.015177292,
2192.628148608, 1.014867324,
2192.648580143, 1.014907733,
2192.669011577, 1.014715285,
2192.689443211, 1.014988468,
2192.709874746, 1.014896143,
2192.730306380, 1.014722758,
2192.750737815, 1.014776436,
2192.771169349, 1.015016001,
2192.791600984, 1.014742732,
2192.812032418, 1.014635630,
2192.852895587, 1.015284059,
2192.873327022, 1.015626604,
2192.893758556, 1.015513492,
2192.914190191, 1.015355551,
2192.934621626, 1.014996975,
2192.955053161, 1.015100111,
2192.975484795, 1.014990564,
2192.995916230, 1.014967954,
2193.016347865, 1.014998174,
2193.036779400, 1.015181685,
2193.057210935, 1.015000394,
2193.098074005, 1.015005931,
2193.118505440, 1.015324923,
2193.138937075, 1.015427506,
2193.159368610, 1.015265254,
2193.179800045, 1.015148274,
2193.200231680, 1.015092262,
2193.220663215, 1.015126941,
2193.241094851, 1.015394329,
2193.261526286, 1.015344528,
2193.281957821, 1.015328547,
2193.302389457, 1.015250035,
2193.343252427, 1.015078057,
2193.363684063, 1.015172890,
2193.384115498, 1.015474799,
2193.404547034, 1.015337416,
2193.424978669, 1.015322323,
2193.445410105, 1.015322308,
2193.465841641, 1.015248707,
2193.486273276, 1.015228885,
2193.506704812, 1.015599342,
2193.527136348, 1.015408857,
2193.547567884, 1.015454329,
2193.588430955, 1.015388040,
2193.608862491, 1.015549179,
2193.629294027, 1.015648033,
2193.649725663, 1.015439124,
2193.670157099, 1.015588258,
2193.690588635, 1.015541580,
2193.711020271, 1.015717719,
2193.731451708, 1.015840334,
2193.751883244, 1.015797638,
2193.772314780, 1.015540952,
2193.792746316, 1.015586393,
2193.833609389, 1.015972441,
2193.854040926, 1.015722123,
2193.874472562, 1.015186659,
2193.894903999, 1.015544635,
2193.915335535, 1.015608943,
2193.935767172, 1.015452194,
2193.956198609, 1.015842680,
2193.976630145, 1.015808107,
2193.997061782, 1.015660406,
2194.017493219, 1.016119747,
2194.037924856, 1.015886729,
2194.078787929, 1.015654774,
2194.099219466, 1.015809182,
2194.119651004, 1.015687817,
2194.140082541, 1.015725919,
2194.160514178, 1.015775273,
2194.180945615, 1.016059881,
2194.201377152, 1.015627157,
2194.221808789, 1.016206641,
2194.242240227, 1.015921672,
2194.262671764, 1.016089917,
2194.283103402, 1.015844475,
2194.303534839, 1.016295402,
2194.323966477, 1.015553526,
2194.344398014, 1.015846949,
2194.364829452, 1.016198208,
2194.385261090, 1.015624018,
2194.405692527, 1.015564731,
2194.426124065, 1.015933980,
2194.446555703, 1.015747227,
2194.466987141, 1.015740935,
2194.487418679, 1.015425354,
2194.507850317, 1.015552492,
2194.528281855, 1.015684914,
2194.569144931, 1.016033105,
2194.589576469, 1.016293431,
2194.610008008, 1.015696499,
2194.630439546, 1.016083330,
2194.650871084, 1.016261674,
2194.671302723, 1.016185047,
2194.691734161, 1.015695928,
2194.712165700, 1.015789916,
2194.732597338, 1.015355263,
2194.753028777, 1.016002028,
2194.773460416, 1.015644840,
2194.814323393, 1.016339066,
2194.834755032, 1.016015673,
2194.855186571, 1.015861983,
2194.875618010, 1.016241672,
2194.896049649, 1.016086366,
2194.916481188, 1.016011244,
2194.936912628, 1.016061800,
2194.957344267, 1.016439292,
2194.977775806, 1.015965713,
2194.998207346, 1.015749726,
2195.079933504, 1.015807085,
2195.100365043, 1.016239314,
2195.120796583, 1.016625847,
2195.141228123, 1.016261631,
2195.161659663, 1.016375216,
2195.182091203, 1.016239072,
2195.202522742, 1.016245534,
2195.222954283, 1.016027809,
2195.243385923, 1.016238415,
2195.263817363, 1.016383928,
2195.284249003, 1.016017565,
2195.304680543, 1.016385762,
2195.325111984, 1.016626177,
2195.345543624, 1.016596641,
2195.365975165, 1.016067176,
2195.386406605, 1.016363259,
2195.406838246, 1.016670681,
2195.427269786, 1.016554395,
2195.447701227, 1.016786333,
2195.468132868, 1.016569356,
2195.488564409, 1.016479163,
2195.508996050, 1.017033729,
2195.549859032, 1.016440944,
2195.570290673, 1.016508694,
2195.590722114, 1.016683109,
2195.611153655, 1.016854338,
2195.631585297, 1.016792015,
2195.652016738, 1.017122051,
2195.672448280, 1.016903746,
2195.692879921, 1.016878376,
2195.713311463, 1.016691865,
2195.733743004, 1.017026598,
2195.795037630, 1.016335721,
2195.815469172, 1.016645407,
2195.835900614, 1.016858242,
2195.856332256, 1.016686164,
2195.876763798, 1.016874743,
2195.897195241, 1.016733438,
2195.917626883, 1.016752131,
2195.938058425, 1.017034947,
2195.958490068, 1.016789052,
2195.978921510, 1.016876375,
2195.999353053, 1.016955645,
2196.040216138, 1.016939876,
2196.060647681, 1.016591131,
2196.081079324, 1.016921341,
2196.101510767, 1.016826962,
2196.121942310, 1.017187051,
2196.142373953, 1.017065750,
2196.162805396, 1.016698297,
2196.183236940, 1.017111374,
2196.203668583, 1.017305651,
2196.224100126, 1.017021024,
2196.244531670, 1.016930818,
2196.285394757, 1.016919897,
2196.305826301, 1.016801505,
2196.326257845, 1.016754732,
2196.346689389, 1.016769962,
2196.367121033, 1.016871756,
2196.387552477, 1.017121628,
2196.407984021, 1.017150984,
2196.428415565, 1.017622937,
2196.448847109, 1.017041353,
2196.469278754, 1.017620251,
2196.489710198, 1.017672374,
2196.530573387, 1.016899079,
2196.551004832, 1.016858130,
2196.571436377, 1.016904518,
2196.591868022, 1.017062863,
2196.612299466, 1.016814718,
2196.632731011, 1.017032316,
2196.653162657, 1.017552210,
2196.673594102, 1.017289862,
2196.694025747, 1.017448986,
2196.714457292, 1.017707807,
2196.734888838, 1.017651441,
2196.775751929, 1.017275064,
2196.796183475, 1.017312751,
2196.816615020, 1.017404401,
2196.837046566, 1.017774530,
2196.857478112, 1.017225553,
2196.877909758, 1.017429333,
2196.898341204, 1.017262554,
2196.918772850, 1.017041945,
2196.939204397, 1.017939348,
2196.959635843, 1.017817730,
2197.020930482, 1.017293542,
2197.041362129, 1.017823516,
2197.061793676, 1.016943592,
2197.082225123, 1.017231313,
2197.102656770, 1.017185829,
2197.123088317, 1.017464740,
2197.143519964, 1.017350004,
2197.163951411, 1.017368252,
2197.184382858, 1.017798709,
2197.204814506, 1.017935831,
2197.225246053, 1.017571117,
2197.266109149, 1.017383817,
2197.286540696, 1.017594792,
2197.306972244, 1.017464934,
2197.327403792, 1.017489439,
2197.347835340, 1.017609314,
2197.368266988, 1.017698582,
2197.388698536, 1.017163575,
2197.409129985, 1.017522720,
2197.429561633, 1.017528808,
2197.449993182, 1.017799547,
2197.593014124, 1.017643642,
2197.613445573, 1.017236590,
2197.633877122, 1.017773830,
2197.654308772, 1.017675991,
2197.674740221, 1.017902340,
2197.695171771, 1.017869731,
2197.756466420, 1.017360178,
2197.776898070, 1.017635229,
2197.797329520, 1.017598153,
2197.817761171, 1.017802232,
2197.838192621, 1.017700582,
2197.858624271, 1.017818870,
2197.879055822, 1.017559864,
2197.899487272, 1.017342592,
2197.919918823, 1.017742479,
2197.940350474, 1.017947526,
2197.960782025, 1.017921032,
2198.001645127, 1.017577806,
2198.022076678, 1.017289180,
2198.042508229, 1.017507451,
2198.062939781, 1.017614878,
2198.083371332, 1.017632127,
2198.103802984, 1.017971872,
2198.124234435, 1.017795365,
2198.165097639, 1.017784888,
2198.185529091, 1.017965557,
2198.205960643, 1.017528902,
2198.246823748, 1.017501064,
2198.267255400, 1.017697467,
2198.287686952, 1.017562702,
2198.308118405, 1.017700397,
2198.328550058, 1.017489135,
2198.348981611, 1.017679290,
2198.369413163, 1.017765140,
2198.389844716, 1.018158044,
2198.410276270, 1.017862660,
2198.451139376, 1.017591949,
2198.512434037, 1.017267668,
2198.532865590, 1.017815906,
2198.553297144, 1.017497692,
2198.573728698, 1.017700854,
2198.594160252, 1.017986178,
2198.614591907, 1.017991163,
2198.635023361, 1.017581089,
2198.655454915, 1.017619304,
2198.675886570, 1.017939850,
2198.696318024, 1.018878116,
2198.737181234, 1.018031832,
2198.757612689, 1.017601218,
2198.778044344, 1.017487257,
2198.798475899, 1.017905820,
2198.818907354, 1.017942452,
2198.839339010, 1.017805076,
2198.859770565, 1.017934390,
2198.880202021, 1.017984194,
2198.900633677, 1.017717354,
2198.921065232, 1.017967739,
2198.941496888, 1.018134945,
2199.002791557, 1.018071351,
2199.023223113, 1.017725135,
2199.043654570, 1.018293955,
2199.064086226, 1.017763561,
2199.084517783, 1.017774743,
2199.104949340, 1.017924016,
2199.125380897, 1.017938913,
2199.145812454, 1.018053903,
2199.186675569, 1.018087286,
2199.227538684, 1.018126556,
2199.247970241, 1.018129408,
2199.268401699, 1.018288808,
2199.288833357, 1.018130972,
2199.309264915, 1.017775226,
2199.329696573, 1.018319478,
2199.350128031, 1.018005154,
2199.370559590, 1.018343280,
2199.390991248, 1.017958803,
2199.411422707, 1.017943066,
2199.431854265, 1.018323734,
2199.452285924, 1.018219722,
2199.472717383, 1.018033743,
2199.493148942, 1.018092520,
2199.513580601, 1.018222902,
2199.534012061, 1.018261645,
2199.554443720, 1.018017393,
2199.574875280, 1.017921138,
2199.595306839, 1.018100978,
2199.615738399, 1.017783451,
2199.636169959, 1.017824393,
2199.656601519, 1.018135060,
2199.677033079, 1.018221929,
2199.717896200, 1.018338244,
2199.738327860, 1.018212789,
2199.758759321, 1.018023041,
2199.779190982, 1.018256313,
2199.799622543, 1.018110339,
2199.820054004, 1.018036544,
2199.840485665, 1.018533590,
2199.860917126, 1.018143676,
2199.881348688, 1.018067139,
2199.901780349, 1.018356823,
2199.922211811, 1.018338854,
2199.963075034, 1.018804607,
2199.983506496, 1.018490464,
2200.003938159, 1.018464323,
2200.024369721, 1.018544568,
2200.044801183, 1.018288428,
2200.065232846, 1.018148705,
2200.085664408, 1.018014756,
2200.126527534, 1.018243393,
2200.146959097, 1.018338972,
2200.167390760, 1.018370453,
2200.208253787, 1.018194727,
2200.228685450, 1.018197046,
2200.249117014, 1.018158862,
2200.269548478, 1.018261545,
2200.289980142, 1.018152389,
2200.310411706, 1.017950713,
2200.330843170, 1.018294864,
2200.351274834, 1.018313701,
2200.371706399, 1.018227531,
2200.392138063, 1.018688463,
2200.412569528, 1.017954531,
2200.453432758, 1.018251154,
2200.473864223, 1.017929684,
2200.494295788, 1.018124735,
2200.514727354, 1.018152189,
2200.535158919, 1.018576965,
2200.555590485, 1.018363190,
2200.576022051, 1.018127903,
2200.596453617, 1.018578355,
2200.616885283, 1.018261191,
2200.637316749, 1.018146082,
2200.657748315, 1.018309609,
2200.719043015, 1.018743416,
2200.739474682, 1.018786546,
2200.759906149, 1.018694769,
2200.780337716, 1.018350265,
2200.800769383, 1.018192745,
2200.841632518, 1.018276448,
2200.862064086, 1.018236468,
2200.882495654, 1.018433458,
2200.902927322, 1.018307275,
2200.943790358, 1.018546058,
2200.964222026, 1.018351072,
2200.984653495, 1.018741652,
2201.005085163, 1.018438748,
2201.025516732, 1.018861695,
2201.045948201, 1.018203293,
2201.066379870, 1.018348161,
2201.086811439, 1.018400132,
2201.107242909, 1.018333728,
2201.127674578, 1.018589987,
2201.148106148, 1.018515925,
2201.188969288, 1.018093064,
2201.209400858, 1.018360712,
2201.229832428, 1.018730552,
2201.250263998, 1.018327908,
2201.270695569, 1.018544819,
2201.291127139, 1.018481135,
2201.311558710, 1.018591035,
2201.331990281, 1.018701856,
2201.372853423, 1.018596719,
2201.393284995, 1.018202207,
2201.434148138, 1.018114562,
2201.454579809, 1.018515075,
2201.475011381, 1.018846722,
2201.495442853, 1.018807095,
2201.515874526, 1.017983692,
2201.536306098, 1.018232068,
2201.556737570, 1.018530003,
2201.577169243, 1.018481786,
2201.597600816, 1.018564316,
2201.618032289, 1.018481637,
2201.638463962, 1.018689861,
2201.658895535, 1.018823608,
2201.679327209, 1.018599653,
2201.699758682, 1.019401436,
2201.720190256, 1.018289774,
2201.740621930, 1.018363895,
2201.761053404, 1.018467917,
2201.781484978, 1.018122282,
2201.801916652, 1.018767930,
2201.822348127, 1.018361008,
2201.842779801, 1.018563471,
2201.863211376, 1.018899380,
2201.924506001, 1.018467933,
2201.944937576, 1.018429754,
2201.965369252, 1.018470184,
2201.985800827, 1.018562412,
2202.006232303, 1.018714954,
2202.026663979, 1.018776032,
2202.047095555, 1.018512009,
2202.067527132, 1.018059341,
2202.108390285, 1.018453360,
2202.169685015, 1.018580074,
2202.190116692, 1.018832135,
2202.210548170, 1.018546898,
2202.230979747, 1.018984515,
2202.251411425, 1.018780921,
2202.271842903, 1.018908713,
2202.292274581, 1.018665759,
2202.312706159, 1.018436329,
2202.333137637, 1.018243418,
2202.353569315, 1.018897741,
2202.374000894, 1.018412670,
2202.414864052, 1.018909585,
2202.435295631, 1.018741581,
2202.455727310, 1.019041524,
2202.476158789, 1.018465221,
2202.496590369, 1.018563864,
2202.517021949, 1.018647586,
2202.537453529, 1.018410250,
2202.557885109, 1.018960285,
2202.598748269, 1.019091864,
2202.660043011, 1.018643577,
2202.680474692, 1.018639848,
2202.700906273, 1.018604624,
2202.721337754, 1.018598705,
2202.741769436, 1.018856081,
2202.762201018, 1.019551207,
2202.782632499, 1.018429167,
2202.803064181, 1.018969433,
2202.823495763, 1.018473758,
2202.864358928, 1.018713142,
2202.925653676, 1.018398958,
2202.946085260, 1.018860613,
2202.966516943, 1.018382752,
2202.986948426, 1.019025252,
2203.007380010, 1.018750264,
2203.027811694, 1.018689336,
2203.048243178, 1.018645423,
2203.068674862, 1.018771343,
2203.089106446, 1.018661726,
2203.109538030, 1.018552012,
2203.170832785, 1.018447401,
2203.191264370, 1.018727795,
2203.211695955, 1.018696667,
2203.232127541, 1.018358240,
2203.272990712, 1.018754399,
2203.293422398, 1.018915041,
2203.313853884, 1.018792130,
2203.334285470, 1.018693056,
2203.354717157, 1.018747285,
2203.395580230, 1.018722896,
2203.416011917, 1.018553448,
2203.436443404, 1.018194450,
2203.456874992, 1.018416313,
2203.477306679, 1.018470739,
2203.497738167, 1.018914636,
2203.518169854, 1.018995452,
2203.538601442, 1.018490495,
2203.559032931, 1.018568165,
2203.579464619, 1.018637867,
2203.599896208, 1.018343199,
2203.661190974, 1.018574610,
2203.681622663, 1.018431870,
2203.702054153, 1.018787069,
2203.722485742, 1.018598380,
2203.742917432, 1.018483179,
2203.763349022, 1.018879878,
2203.783780512, 1.018593104,
2203.804212202, 1.018577504,
2203.824643793, 1.018637098,
2203.885938565, 1.018993219,
2203.906370156, 1.018905954,
2203.926801748, 1.018612629,
2203.947233239, 1.018623593,
2203.967664931, 1.018720620,
2203.988096523, 1.018748781,
2204.008528015, 1.018797804,
2204.028959707, 1.018932721,
2204.049391299, 1.018446435,
2204.090254485, 1.018749428,
2204.131117771, 1.018398365,
2204.151549264, 1.018299686,
2204.171980858, 1.018454743,
2204.192412551, 1.018542719,
2204.212844045, 1.018609340,
2204.233275639, 1.018143541,
2204.253707333, 1.018484654,
2204.274138928, 1.018190209,
2204.294570522, 1.018923828,
2204.315002117, 1.018426826,
2204.335433712, 1.018542909,
2204.376296902, 1.018074383,
2204.437591689, 1.018140571,
2204.478454982, 1.018297950,
2204.498886478, 1.018609027,
2204.519318175, 1.018391073,
2204.539749671, 1.018579636,
2204.560181268, 1.018623492,
2204.580612966, 1.018241889,
2204.621476060, 1.018825329,
2204.641907758, 1.018182855,
2204.662339256, 1.018804693,
2204.682770954, 1.018581710,
2204.703202552, 1.018550521,
2204.723634051, 1.018736330,
2204.744065750, 1.018680082,
2204.764497348, 1.018729202,
2204.784928847, 1.018458545,
2204.805360547, 1.018839087,
2204.825792146, 1.018431703,
2204.866655345, 1.018606484,
2204.887086945, 1.018744881,
2204.907518646, 1.018494455,
2204.927950246, 1.018654337,
2204.948381747, 1.018618802,
2204.968813447, 1.018477220,
2204.989245048, 1.018509462,
2205.009676549, 1.018113999,
2205.030108251, 1.018273356,
2205.050539852, 1.018307259,
2205.070971354, 1.018282658,
2205.111834658, 1.018984880,
2205.132266360, 1.018862833,
2205.152697863, 1.018701864,
2205.173129465, 1.018692321,
2205.193561068, 1.018576632,
2205.213992671, 1.018659470,
2205.234424275, 1.018412765,
2205.254855878, 1.018688857,
2205.275287482, 1.018588276,
2205.295719185, 1.018638843,
2205.316150690, 1.018422157,
2205.357013998, 1.018437705,
2205.377445503, 1.018532747,
2205.397877108, 1.018837054,
2205.418308813, 1.018521220,
2205.438740318, 1.018731908,
2205.459171923, 1.018190471,
2205.479603629, 1.018627355,
2205.500035235, 1.018546430,
2205.520466841, 1.018684831,
2205.540898447, 1.018967898,
2205.561330053, 1.018471539,
2205.602193267, 1.017295595,
2205.622624874, 1.018565103,
2205.643056581, 1.018692728,
2205.663488088, 1.018334523,
2205.683919696, 1.018723632,
2205.704351404, 1.018476158,
2205.724782912, 1.018942630,
2205.745214620, 1.018944450,
2205.765646228, 1.018793924,
2205.786077737, 1.018478465,
2205.806509446, 1.018481966,
2205.847372564, 1.018384894,
2205.867804274, 1.018679745,
2205.888235883, 1.018708527,
2205.908667493, 1.018696713,
2205.929099103, 1.018526277,
2205.949530613, 1.018709821,
2205.969962324, 1.019010029,
2205.990393934, 1.018481629,
2206.010825545, 1.018699905,
2206.031257156, 1.018260155,
2206.051688768, 1.018273900,
2206.112983603, 1.018283037,
2206.133415315, 1.018534243,
2206.153846927, 1.018876849,
2206.174278439, 1.018693733,
2206.194710152, 1.018480467,
2206.215141765, 1.018887319,
2206.235573278, 1.018929282,
2206.256004992, 1.019409628,
2206.276436605, 1.018932616,
2206.337731447, 1.018575591,
2206.358163161, 1.018303581,
2206.378594676, 1.018463680,
2206.399026291, 1.018650349,
2206.419458006, 1.018563854,
2206.439889521, 1.018501935,
2206.460321136, 1.018672636,
2206.480752852, 1.018517145,
2206.501184368, 1.018594661,
2206.521616084, 1.018725182,
2206.582910933, 1.019032484,
2206.603342450, 1.018848071,
2206.644205785, 1.018640511,
2206.664637302, 1.018558349,
2206.685068920, 1.018648264,
2206.725932256, 1.018663762,
2206.766795493, 1.019326331,
2206.848521970, 1.019045189,
2206.868953689, 1.018862206,
2206.889385209, 1.018704341,
2206.909816930, 1.018274447,
2206.930248550, 1.018446657,
2206.950680070, 1.018724955,
2206.971111791, 1.018627722,
2206.991543412, 1.018570818,
2207.011974933, 1.018668568,
2207.073269798, 1.018903818,
2207.093701520, 1.018780043,
2207.114133143, 1.018925755,
2207.134564865, 1.019269406,
2207.154996388, 1.018533317,
2207.175428011, 1.018824357,
2207.195859734, 1.019075629,
2207.216291258, 1.018945595,
2207.236722881, 1.019140480,
2207.257154505, 1.018762104,
2207.277586229, 1.018678963,
2207.318449478, 1.018924519,
2207.338881003, 1.018896654,
2207.359312728, 1.019447364,
2207.379744353, 1.018993166,
2207.400175878, 1.018791075,
2207.420607604, 1.018816396,
2207.441039230, 1.018612920,
2207.481902482, 1.019033932,
2207.502334109, 1.019291705,
2207.522765835, 1.019244940,
2207.563628989, 1.019150483,
2207.584060717, 1.019115489,
2207.604492244, 1.019244009,
2207.624923872, 1.019369997,
2207.645355600, 1.019118940,
2207.665787129, 1.019076834,
2207.686218757, 1.019155040,
2207.706650486, 1.018918355,
2207.727082015, 1.019382035,
2207.747513744, 1.019075130,
2207.767945374, 1.019195304,
2207.808808633, 1.019134052,
2207.849671894, 1.019407906,
2207.870103524, 1.018973080,
2207.890535155, 1.018668885,
2207.910966786, 1.018649691,
2207.931398418, 1.019420553,
2207.951830049, 1.019243556,
2207.972261681, 1.019312628,
2207.992693313, 1.019177437,
2208.013124945, 1.019082311,
2208.074419843, 1.019077865,
2208.094851576, 1.019370667,
2208.115283110, 1.018920429,
2208.135714843, 1.019219122,
2208.156146477, 1.019368126,
2208.176578011, 1.018974409,
2208.197009745, 1.019363233,
2208.217441380, 1.019346138,
2208.237872915, 1.019273411,
2208.258304650, 1.019291352,
2208.299167820, 1.019242731,
2208.319599556, 1.019226581,
2208.360462928, 1.019233214,
2208.401326101, 1.019352855,
2208.421757838, 1.019394313,
2208.442189375, 1.019459218,
2208.462621012, 1.019254243,
2208.483052750, 1.019377815,
2208.503484388, 1.019499603,
2208.544347664, 1.019412987,
2208.564779303, 1.019500661,
2208.585210942, 1.019584913,
2208.605642581, 1.019414639,
2208.626074120, 1.019349979,
2208.646505859, 1.019355599,
2208.666937499, 1.019369507,
2208.687369039, 1.019546971,
2208.707800779, 1.019330687,
2208.728232420, 1.019196100,
2208.748664160, 1.019461892,
2208.789527342, 1.019159080,
2208.809959084, 1.019234732,
2208.830390625, 1.019077992,
2208.850822267, 1.019071580,
2208.871254009, 1.019421387,
2208.891685552, 1.019314919,
2208.912117294, 1.019111850,
2208.952980480, 1.019665274,
2208.973412224, 1.019272041,
2208.993843867, 1.019243154,
2209.034707155, 1.019070664,
2209.055138800, 1.019093255,
2209.075570444, 1.019567887,
2209.096002089, 1.019490705,
2209.116433734, 1.019272864,
2209.136865479, 1.019688670,
2209.177728671, 1.019582431,
2209.198160417, 1.019997224,
2209.218592063, 1.019198228,
2209.239023609, 1.019389629,
2209.279886903, 1.019482003,
2209.300318650, 1.019503750,
2209.320750298, 1.019326825,
2209.341181846, 1.019221212,
2209.361613594, 1.019434964,
2209.382045242, 1.019300946,
2209.402476790, 1.019531835,
2209.422908539, 1.019138443,
2209.443340188, 1.019191551,
2209.463771738, 1.019380348,
2209.484203487, 1.019426840,
2209.525066887, 1.019440736,
2209.545498437, 1.019320327,
2209.565930088, 1.019335135,
2209.586361838, 1.019798057,
2209.606793389, 1.019546660,
2209.627225040, 1.019523866,
2209.647656792, 1.019617899,
2209.668088444, 1.019567954,
2209.688520096, 1.019269812,
2209.708951748, 1.019289889,
2209.729383401, 1.019125873,
2209.770246706, 1.019758131,
2209.790678360, 1.019228019,
2209.811110113, 1.019557191,
2209.831541667, 1.019106430,
2209.851973321, 1.019372143,
2209.872404975, 1.019543789,
2209.892836630, 1.019345499,
2209.913268384, 1.019340120,
2209.933699940, 1.019415130,
2209.954131595, 1.019464368,
2209.974563350, 1.019457142,
2210.015426562, 1.019219643,
2210.035858319, 1.019679206,
2210.056289875, 1.019036819,
2210.076721632, 1.019325291,
2210.097153289, 1.019127156,
2210.117584847, 1.019317829,
2210.138016604, 1.019559135,
2210.158448262, 1.019475296,
2210.178879920, 1.019357486,
2210.199311579, 1.019049018,
2210.219743237, 1.019499519,
2210.260606555, 1.019034201,
2210.281038215, 1.019157027,
2210.301469974, 1.019390041,
2210.321901534, 1.019132578,
2210.342333195, 1.019999232,
2210.362764955, 1.018975100,
2210.383196616, 1.019479992,
2210.403628177, 1.019344594,
2210.424059938, 1.019397353,
2210.444491600, 1.018991571,
2210.464923361, 1.019251246,
2210.485354923, 1.019704120,
2210.505786586, 1.019081543,
2210.526218248, 1.019069841,
2210.546649911, 1.019148069,
2210.567081574, 1.019487836,
2210.587513338, 1.019277271,
2210.607944901, 1.019233029,
2210.648808229, 1.019282667,
2210.669239894, 1.019225658,
2210.689671658, 1.019395851,
2210.710103223, 1.019083153,
2210.750966654, 1.018940417,
2210.771398220, 1.018829476,
2210.791829886, 1.018927030,
2210.812261652, 1.019304184,
2210.832693318, 1.019097204,
2210.853124985, 1.019059213,
2210.873556652, 1.019080264,
2210.893988320, 1.018868715,
2210.914419987, 1.019002320,
2210.934851655, 1.019249207,
2210.955283323, 1.018999362,
2210.996146660, 1.019009432,
2211.016578329, 1.019262304,
2211.077873438, 1.019141877,
2211.098305108, 1.019503013,
2211.118736678, 1.019124052,
2211.139168449, 1.019175187,
2211.159600119, 1.019424256,
2211.180031691, 1.019352075,
2211.200463462, 1.018949741,
2211.241326806, 1.019045605,
2211.261758478, 1.019140143,
2211.282190050, 1.019261019,
2211.302621823, 1.019339363,
2211.323053496, 1.019179469,
2211.343485069, 1.019380035,
2211.363916843, 1.019386808,
2211.384348517, 1.019081128,
2211.425211865, 1.019052897,
2211.445643540, 1.019189013,
2211.486506890, 1.019486446,
2211.506938565, 1.019200514,
2211.527370340, 1.019151619,
2211.547802016, 1.019386263,
2211.568233593, 1.018961115,
2211.588665369, 1.019177730,
2211.609097046, 1.019083690,
2211.629528723, 1.019267337,
2211.649960401, 1.019395514,
2211.670392078, 1.019076021,
2211.690823856, 1.019136363,
2211.731687113, 1.019343394,
2211.752118892, 1.019170636,
2211.772550471, 1.019640423,
2211.792982150, 1.019267729,
2211.813413930, 1.019540333,
2211.833845510, 1.019445866,
2211.854277290, 1.019247512,
2211.874708971, 1.019130755,
2211.895140551, 1.019102164,
2211.915572332, 1.019560537,
2211.936003914, 1.019354071,
2211.976867377, 1.020725352,
2211.997298959, 1.019276984,
2212.017730742, 1.019344624,
2212.038162424, 1.019542224,
2212.058594107, 1.019227066,
2212.079025791, 1.019592327,
2212.099457474, 1.018615262,
2212.119889158, 1.019261060,
2212.140320842, 1.019525637,
2212.160752527, 1.019380061,
2212.181184211, 1.019255563,
2212.201615996, 1.019500855,
2212.222047582, 1.019388866,
2212.242479367, 1.019460227,
2212.262911053, 1.019045633,
2212.283342639, 1.019423303,
2212.303774425, 1.019604803,
2212.324206112, 1.019501903,
2212.344637699, 1.019054923,
2212.365069486, 1.019340316,
2212.385501174, 1.019274319,
2212.405932962, 1.019483781,
2212.426364550, 1.019027872,
2212.467228027, 1.018829783,
2212.487659616, 1.019164276,
2212.508091305, 1.019323159,
2212.528523095, 1.019328017,
2212.548954685, 1.019143139,
2212.569386375, 1.019201518,
2212.589818065, 1.019312817,
2212.610249756, 1.019321940,
2212.630681547, 1.019217214,
2212.651113138, 1.019424619,
2212.671544830, 1.019219255,
2212.712408314, 1.019255108,
2212.732839906, 1.019482792,
2212.753271699, 1.019605601,
2212.773703392, 1.019286227,
2212.794134985, 1.019201950,
2212.814566779, 1.019369297,
2212.834998473, 1.019337036,
2212.855430267, 1.019278542,
2212.875861861, 1.019334769,
2212.896293556, 1.019529896,
2212.916725351, 1.019006581,
2212.978020438, 1.018963646,
2212.998452034, 1.019351055,
2213.018883831, 1.019043865,
2213.039315528, 1.019108268,
2213.059747125, 1.019199658,
2213.080178922, 1.019142761,
2213.100610620, 1.019608275,
2213.121042218, 1.019568126,
2213.141474016, 1.019595269,
2213.161905715, 1.019289623,
2213.202769113, 1.019080081,
2213.223200812, 1.019386934,
2213.243632512, 1.019197624,
2213.264064212, 1.019238076,
