BJD - 2454833, Corrected Flux
2061.305819190, 0.985642235,
2061.326251493, 0.983466933,
2061.346683695, 0.984191226,
2061.367115797, 0.984884623,
2061.387548098, 0.982358217,
2061.407980299, 0.983308227,
2061.428412599, 0.982705491,
2061.489709197, 0.983545521,
2061.510141296, 0.985021256,
2061.530573493, 0.984446546,
2061.551005791, 0.987385436,
2061.571437988, 0.983257567,
2061.591870085, 0.984038363,
2061.612302381, 0.983549446,
2061.632734577, 0.985587875,
2061.653166672, 0.983472136,
2061.673598967, 0.986135876,
2061.694031161, 0.983295059,
2061.714463355, 0.984994797,
2061.734895549, 0.981161981,
2061.755327742, 0.980491748,
2061.775759934, 0.984476035,
2061.796192126, 0.984258091,
2061.816624318, 0.982119417,
2061.837056509, 0.981463540,
2061.857488700, 0.984138103,
2061.877920791, 0.982407522,
2061.898353081, 0.981059152,
2061.918785270, 0.985786091,
2061.939217459, 0.981515493,
2061.959649647, 0.983196240,
2061.980081835, 0.983035594,
2062.000514123, 0.981688974,
2062.020946210, 0.984528933,
2062.041378397, 0.982769972,
2062.061810683, 0.982335830,
2062.082242769, 0.984670604,
2062.102674955, 0.983720247,
2062.123107240, 0.985341922,
2062.143539424, 0.983315335,
2062.163971508, 0.982199367,
2062.225268057, 0.982672179,
2062.245700340, 0.983616464,
2062.266132521, 0.983729050,
2062.286564603, 0.981672841,
2062.306996884, 0.983764927,
2062.327429064, 0.982545018,
2062.347861344, 0.982467509,
2062.368293424, 0.982052928,
2062.388725603, 0.983229704,
2062.409157881, 0.982085345,
2062.429589960, 0.979707811,
2062.450022138, 0.983074546,
2062.470454315, 0.982212070,
2062.490886492, 0.979356822,
2062.511318668, 0.982690523,
2062.531750844, 0.982522036,
2062.552183020, 0.980860587,
2062.572615195, 0.984793506,
2062.593047369, 0.984076815,
2062.613479544, 0.982296918,
2062.633911718, 0.982274616,
2062.654343991, 0.983715922,
2062.674776063, 0.984231129,
2062.695208336, 0.983448487,
2062.715640508, 0.979573954,
2062.736072579, 0.982500593,
2062.756504851, 0.981414698,
2062.776937021, 0.981375889,
2062.797369092, 0.980020863,
2062.817801362, 0.983964701,
2062.838233531, 0.984205156,
2062.858665600, 0.984467333,
2062.879097868, 0.980698407,
2062.899530036, 0.983314938,
2062.919962103, 0.981654263,
2062.940394371, 0.982291638,
2062.960826537, 0.982042480,
2062.981258703, 0.983469116,
2063.001690869, 0.981110893,
2063.022123035, 0.979408081,
2063.042555199, 0.979535806,
2063.062987364, 0.978612637,
2063.083419528, 0.978579320,
2063.103851792, 0.982119422,
2063.124283954, 0.981090377,
2063.144716017, 0.980695569,
2063.165148279, 0.982142279,
2063.185580442, 0.982120046,
2063.206012503, 0.982473979,
2063.226444764, 0.981788713,
2063.246876824, 0.979083785,
2063.267308984, 0.979449384,
2063.287741244, 0.978910241,
2063.308173303, 0.980557830,
2063.328605462, 0.978899964,
2063.349037720, 0.980076264,
2063.369469778, 0.981345175,
2063.389901935, 0.980986146,
2063.410334192, 0.978683411,
2063.430766249, 0.980684067,
2063.451198405, 0.978672967,
2063.471630660, 0.978610240,
2063.492062816, 0.980169260,
2063.512494970, 0.977741422,
2063.532927124, 0.980283725,
2063.553359279, 0.981637891,
2063.573791432, 0.980312466,
2063.594223585, 0.980250071,
2063.614655738, 0.976845157,
2063.635087990, 0.981918437,
2063.696384443, 0.980063041,
2063.716816494, 0.981743072,
2063.737248644, 0.980957394,
2063.757680893, 0.981057138,
2063.778112942, 0.982848748,
2063.798545091, 0.980543178,
2063.818977339, 0.982005489,
2063.839409387, 0.978762765,
2063.859841535, 0.977307694,
2063.880273781, 0.978635880,
2063.900705828, 0.978901907,
2063.921138074, 0.979867994,
2063.941570219, 0.978027891,
2063.962002265, 0.980544427,
2063.982434509, 0.978048973,
2064.002866653, 0.981001875,
2064.023298697, 0.979576027,
2064.043730941, 0.980023161,
2064.064163084, 0.978182411,
2064.084595127, 0.980303667,
2064.105027369, 0.977835987,
2064.125459510, 0.980320470,
2064.554534385, 0.979918370,
2064.574966618, 0.979728938,
2064.595398749, 0.981067668,
2064.615830780, 0.981559983,
2064.636263011, 0.981655689,
2064.656695142, 0.976775536,
2064.738423559, 0.979231511,
2064.758855787, 0.981979723,
2064.799720043, 0.978694795,
2064.820152169, 0.980778227,
2064.840584296, 0.982124940,
2064.861016422, 0.979104788,
2064.922312798, 0.980865661,
2064.942744923, 0.980990188,
2064.963177047, 0.981634922,
2064.983609270, 0.981806559,
2065.004041293, 0.982296661,
2065.024473416, 0.982088701,
2065.044905638, 0.978860942,
2065.065337660, 0.980782196,
2065.085769782, 0.982530862,
2065.106202002, 0.982431552,
2065.126634023, 0.981324536,
2065.147066143, 0.980812824,
2065.167498363, 0.980908593,
2065.187930382, 0.979857401,
2065.208362601, 0.983035305,
2065.228794720, 0.978324468,
2065.249226738, 0.980470046,
2065.269658956, 0.983588452,
2065.290091072, 0.981691551,
2065.310523189, 0.982533769,
2065.330955306, 0.979026295,
2065.351387422, 1.024461236,
2065.371819537, 0.980497359,
2065.392251652, 0.982853335,
2065.412683767, 0.983389002,
2065.433115881, 0.979934181,
2065.453547995, 0.978870936,
2065.473980108, 0.980498184,
2065.494412121, 0.983651526,
2065.514844333, 0.984219026,
2065.535276445, 0.982344024,
2065.555708457, 0.986410983,
2065.576140668, 0.981630841,
2065.596572779, 0.983765706,
2065.657869109, 0.982247932,
2065.678301318, 0.983868337,
2065.698733327, 0.980489675,
2065.719165435, 0.981438171,
2065.739597643, 0.980308376,
2065.760029650, 0.979487378,
2065.780461757, 0.982229672,
2065.800893964, 0.985080642,
2065.821326070, 0.982000217,
2065.841758076, 0.982623701,
2065.862190281, 0.980457662,
2065.882622386, 0.983275924,
2065.903054390, 0.981744856,
2065.923486595, 0.981712858,
2065.943918698, 0.982253853,
2065.964350701, 0.982044048,
2065.984782904, 0.982690312,
2066.005215007, 0.981724837,
2066.025647009, 0.981709312,
2066.046079210, 0.980178686,
2066.066511311, 0.984915466,
2066.086943512, 0.981661644,
2066.148239711, 0.979624213,
2066.168671810, 0.985136540,
2066.189103909, 0.982768499,
2066.209536007, 0.982439455,
2066.229968105, 0.980000509,
2066.250400202, 0.980722751,
2066.270832299, 0.980891554,
2066.291264396, 0.980549358,
2066.311696492, 0.982614120,
2066.332128687, 0.981888606,
2066.393424972, 0.984048714,
2066.413856966, 0.981488086,
2066.434289060, 0.984714034,
2066.454721253, 0.984041921,
2066.475153245, 0.981733767,
2066.495585338, 0.979881765,
2066.516017530, 0.983322641,
2066.536449521, 0.981947581,
2066.556881712, 0.982728595,
2066.577313803, 0.980125751,
2066.597745793, 0.981702638,
2066.618177983, 0.985518398,
2066.638610073, 0.981915602,
2066.659042162, 0.983542595,
2066.679474250, 0.983005999,
2066.699906338, 0.981249439,
2066.720338426, 0.983046944,
2066.740770513, 0.982408774,
2066.761202600, 0.983104922,
2066.781634687, 0.980800478,
2066.802066873, 0.981516923,
2066.822498859, 0.983217731,
2066.863363028, 0.982724780,
2066.883795113, 0.982440491,
2066.904227197, 0.982157033,
2066.924659381, 0.984139224,
2066.945091364, 0.983572810,
2066.965523347, 0.979408361,
2066.985955529, 0.980511366,
2067.006387611, 0.983508614,
2067.026819793, 0.982711774,
2067.067683854, 0.983297215,
2067.088116035, 0.981410852,
2067.108548015, 0.982545967,
2067.128980094, 0.982560076,
2067.149412273, 0.981829434,
2067.169844352, 0.983902469,
2067.190276330, 0.984952865,
2067.210708508, 0.982491600,
2067.231140586, 0.983177507,
2067.251572563, 0.985518034,
2067.272004739, 0.981452314,
2067.292436815, 0.983379256,
2067.312868791, 0.984793554,
2067.353733042, 0.982625146,
2067.374165016, 0.981545750,
2067.394597190, 0.983948180,
2067.415029264, 0.980157369,
2067.435461237, 0.985108546,
2067.455893410, 0.984074694,
2067.476325483, 0.984180480,
2067.496757655, 0.985062068,
2067.517189627, 0.982042087,
2067.537621698, 0.979425836,
2067.558053869, 0.983770517,
2067.578485840, 0.986029692,
2067.598917909, 0.986609320,
2067.619349979, 0.984007004,
2067.639782148, 0.981770782,
2067.660214117, 0.982468064,
2067.680646186, 0.982958038,
2067.701078253, 0.981915837,
2067.721510321, 0.983108580,
2067.741942488, 0.981793459,
2067.762374456, 0.980256687,
2067.782806522, 0.982654375,
2067.803238688, 0.986614584,
2067.864534883, 0.983964116,
2067.884966848, 0.982833135,
2067.905399012, 0.985080218,
2067.925831075, 0.983843988,
2067.946263038, 0.982545308,
2067.966695201, 0.985482057,
2067.987127264, 0.984319637,
2068.007559326, 0.983129395,
2068.027991387, 0.985233844,
2068.048423448, 0.984433245,
2068.130151689, 0.984300214,
2068.150583848, 0.980202457,
2068.171015807, 0.984977781,
2068.191447865, 0.982980571,
2068.211880022, 0.984058965,
2068.232311980, 0.983836316,
2068.252744037, 0.980311878,
2068.273176194, 0.983351414,
2068.293608150, 0.983223165,
2068.314040206, 0.984239252,
2068.334472361, 0.983313774,
2068.354904317, 0.984243829,
2068.375336471, 0.984526332,
2068.395768426, 0.981875837,
2068.416200480, 0.984275452,
2068.436632633, 0.982153401,
2068.457064586, 0.982423272,
2068.477496639, 0.982652696,
2068.497928791, 0.985333236,
2068.518360743, 0.984244666,
2068.538792794, 0.983658946,
2068.559224946, 0.983230108,
2068.579656996, 0.983827022,
2068.600088946, 0.987255520,
2068.620521096, 0.986527580,
2068.640953146, 0.982150179,
2068.661385095, 0.985244924,
2068.681817244, 0.982344832,
2068.702249292, 0.983452067,
2068.722681240, 0.981228623,
2068.743113387, 0.984544291,
2068.763545434, 0.982764226,
2068.783977581, 0.982031821,
2068.845273718, 0.984636410,
2068.865705664, 0.983725416,
2068.886137708, 0.981609474,
2068.906569852, 0.984265228,
2068.927001797, 0.983883451,
2068.947433840, 0.980896213,
2068.967865983, 0.982413632,
2068.988298026, 0.983013524,
2069.008729968, 0.982031607,
2069.029162110, 0.981684311,
2069.049594151, 0.983905856,
2069.070026093, 0.981399285,
2069.090458233, 0.982850917,
2069.110890174, 0.984600681,
2069.131322214, 0.981847131,
2069.151754353, 0.984088078,
2069.172186392, 0.982327013,
2069.192618331, 0.984023146,
2069.213050469, 0.983696786,
2069.233482407, 0.982896323,
2069.253914545, 0.984038588,
2069.274346582, 0.981457799,
2069.315210655, 0.984142798,
2069.335642691, 0.981809061,
2069.356074627, 0.984219849,
2069.376506762, 0.984055239,
2069.396938796, 0.988506493,
2069.417370831, 0.982060072,
2069.437802865, 0.980686713,
2069.458234898, 0.980817158,
2069.478666932, 0.985927378,
2069.499098965, 0.982954148,
2069.519530997, 0.985067968,
2069.580827092, 0.984542211,
2069.601259123, 0.985262847,
2069.621691254, 0.985579274,
2069.642123183, 0.985454207,
2069.662555313, 0.985096080,
2069.682987342, 0.984697341,
2069.703419271, 0.981616578,
2069.723851400, 0.980495526,
2069.744283428, 0.985657806,
2069.764715356, 0.986675407,
2069.785147483, 0.984540813,
2069.805579510, 0.980116948,
2069.826011437, 0.983304240,
2069.846443563, 0.984026134,
2069.866875489, 0.980572776,
2069.887307614, 0.984817632,
2069.907739639, 0.983666079,
2069.928171664, 0.978180934,
2069.948603588, 0.983279038,
2069.969035712, 0.982528820,
2069.989467735, 0.985130777,
2070.009899658, 0.985004111,
2070.091627847, 0.986641063,
2070.112059867, 0.985607374,
2070.132491988, 0.985010664,
2070.152923908, 0.984185893,
2070.173355928, 0.985467731,
2070.193788048, 0.981152121,
2070.214219967, 0.986220215,
2070.234651986, 0.985351547,
2070.255084104, 0.985068622,
2070.275516022, 0.984057909,
2070.295948040, 0.986688656,
2070.316380157, 0.986286309,
2070.336812074, 0.983734000,
2070.357244090, 0.983156164,
2070.377676207, 0.979243207,
2070.398108222, 0.986129464,
2070.418540137, 0.990058767,
2070.438972252, 0.984365345,
2070.459404267, 0.983867049,
2070.479836181, 0.983565246,
2070.500268295, 0.983317390,
2070.541132421, 0.986415767,
2070.561564334, 0.987572144,
2070.581996246, 0.985471206,
2070.602428358, 0.982797448,
2070.622860369, 0.980799280,
2070.643292281, 0.986582118,
2070.663724391, 0.987736991,
2070.684156402, 0.985862291,
2070.704588311, 0.982026820,
2070.725020421, 0.985198809,
2070.745452430, 0.985287337,
2070.765884439, 0.984482533,
2070.786316447, 0.983777963,
2070.806748455, 0.987213366,
2070.827180463, 0.986672801,
2070.847612470, 0.985342683,
2070.868044477, 0.985612996,
2070.888476483, 0.984189821,
2070.908908589, 0.989252769,
2070.929340495, 0.987193363,
2070.949772601, 0.986666138,
2070.990636510, 0.985874280,
2071.031500618, 0.984406014,
2071.051932521, 0.986770693,
2071.072364625, 0.985792322,
2071.092796627, 0.983079559,
2071.133660631, 0.984283728,
2071.154092633, 0.986038621,
2071.174524534, 0.984464752,
2071.194956635, 0.983357627,
2071.215388635, 0.985447747,
2071.235820635, 0.984370629,
2071.297116633, 0.985057797,
2071.317548632, 0.983495082,
2071.337980630, 0.985201780,
2071.358412627, 0.982772372,
2071.378844625, 0.985622680,
2071.399276622, 0.982193076,
2071.419708718, 0.987560856,
2071.440140615, 0.984208933,
2071.460572611, 0.984841471,
2071.481004706, 0.983620016,
2071.501436601, 0.986414507,
2071.521868596, 0.983646699,
2071.542300690, 0.989266134,
2071.562732584, 0.988167874,
2071.583164577, 0.991908498,
2071.603596671, 0.990537115,
2071.624028563, 0.984472459,
2071.644460556, 0.985878121,
2071.664892648, 0.985955375,
2071.685324540, 0.985865846,
2071.705756531, 0.983063215,
2071.726188622, 0.982956769,
2071.746620613, 0.988931284,
2071.767052603, 0.985466204,
2071.787484593, 0.983433297,
2071.807916582, 0.992006560,
2071.828348571, 0.986700824,
2071.848780560, 0.985224393,
2071.869212548, 0.983612122,
2071.889644636, 0.984013086,
2071.910076524, 0.979804572,
2071.950940598, 0.984032716,
2071.971372484, 0.986858888,
2072.053100427, 0.985978133,
2072.073532411, 0.983988909,
2072.093964395, 0.987078626,
2072.134828363, 0.984292974,
2072.155260346, 0.986283490,
2072.175692329, 0.984442010,
2072.196124311, 0.986164378,
2072.216556293, 0.986152365,
2072.236988375, 0.983397457,
2072.257420356, 0.984120632,
2072.277852237, 0.985912485,
2072.298284317, 0.984010596,
2072.318716298, 0.981415801,
2072.339148177, 0.986288673,
2072.359580257, 0.981085726,
2072.380012236, 0.984607027,
2072.400444114, 0.986316870,
2072.420876193, 0.983020042,
2072.441308171, 0.986707845,
2072.461740048, 0.985415174,
2072.502604103, 0.986929366,
2072.523035979, 0.984751948,
2072.543468055, 0.983500928,
2072.563900031, 0.983804802,
2072.584332006, 0.982505092,
2072.604763981, 0.983533873,
2072.645628030, 0.982264090,
2072.666059904, 0.983427982,
2072.686491877, 0.984210419,
2072.706923951, 0.984302909,
2072.747787796, 0.982502175,
2072.768219868, 0.984350337,
2072.788651839, 0.983184563,
2072.809083711, 0.985857438,
2072.829515782, 0.984969066,
2072.849947652, 0.986681240,
2072.870379622, 0.985227200,
2072.890811692, 0.982509128,
2072.911243562, 0.985205451,
2072.931675531, 0.984963790,
2072.952107600, 0.986865387,
2072.972539468, 0.984294284,
2072.992971436, 0.984530145,
2073.013403504, 0.985888673,
2073.033835371, 0.992681252,
2073.054267438, 0.986015411,
2073.074699405, 0.983364820,
2073.095131371, 0.984709597,
2073.115563337, 0.984681804,
2073.176859232, 0.984909009,
2073.197291196, 0.986828920,
2073.258587087, 0.985397101,
2073.279019051, 0.985723598,
2073.319882975, 0.984716160,
2073.340314937, 0.985223786,
2073.360746999, 0.984566016,
2073.381178860, 0.983795205,
2073.401610820, 0.984113443,
2073.422042781, 0.983945081,
2073.442474741, 0.983086827,
2073.462906801, 0.987217917,
2073.503770619, 0.984536680,
2073.524202678, 0.983879631,
2073.544634536, 0.986339232,
2073.565066494, 0.984973026,
2073.585498552, 0.986123110,
2073.605930509, 0.983169509,
2073.626362365, 0.985016381,
2073.646794422, 0.983551466,
2073.667226378, 0.984407942,
2073.687658234, 0.980531838,
2073.748954098, 0.983818172,
2073.769386153, 0.984696609,
2073.789818107, 0.980894843,
2073.810249961, 0.983401088,
2073.830682014, 0.986041882,
2073.851113966, 0.984247253,
2073.871546019, 0.985147870,
2073.891977871, 0.985134753,
2073.912409823, 0.982904900,
2073.932841875, 0.986843140,
2073.994137726, 0.985966023,
2074.014569577, 0.986481841,
2074.035001526, 0.986515801,
2074.055433576, 0.986327100,
2074.075865525, 0.987153542,
2074.096297373, 0.982654621,
2074.116729421, 0.986732693,
2074.137161269, 0.984387141,
2074.157593217, 0.986447542,
2074.178025264, 0.983773765,
2074.239321103, 0.989138928,
2074.259752949, 0.986212368,
2074.280184895, 0.984159763,
2074.300616940, 0.986347536,
2074.321048784, 0.984389823,
2074.341480829, 0.983137043,
2074.361912773, 0.984367519,
2074.382344616, 0.987133501,
2074.402776660, 0.987654691,
2074.423208603, 0.987188753,
2074.443640545, 0.985911089,
2074.464072488, 0.983512431,
2074.484504429, 0.985674562,
2074.504936371, 0.985185293,
2074.525368312, 0.983756604,
2074.545800253, 0.982364297,
2074.566232193, 0.984893515,
2074.586664234, 0.986532690,
2074.607096073, 0.985376116,
2074.627528012, 0.985658239,
2074.647960051, 0.984025228,
2074.668391890, 0.986668622,
2074.709255867, 0.989664502,
2074.729687705, 0.985782334,
2074.750119742, 0.985866804,
2074.770551679, 0.983754133,
2074.790983515, 0.986799298,
2074.811415552, 0.984520826,
2074.831847487, 0.986784647,
2074.852279323, 0.985603212,
2074.872711358, 0.983692477,
2074.893143193, 0.984052921,
2074.913575128, 0.986889270,
2074.954438996, 0.985414707,
2074.974870929, 0.986696595,
2074.995302962, 0.989686235,
2075.015734895, 0.987314528,
2075.036166727, 0.984911643,
2075.056598759, 0.986909025,
2075.077030691, 0.985375202,
2075.097462523, 0.986426604,
2075.117894554, 0.987482680,
2075.138326485, 0.986048554,
2075.158758515, 0.986135955,
2075.179190345, 0.985014246,
2075.199622275, 0.977843312,
2075.220054304, 0.986554139,
2075.240486133, 0.984822560,
2075.260918061, 0.985365884,
2075.281350090, 0.984939657,
2075.301781917, 0.983339147,
2075.322213845, 0.989690671,
2075.342645873, 0.984879374,
2075.363077699, 0.987143965,
2075.383509626, 0.987359306,
2075.403941652, 0.986805007,
2075.465237429, 0.984512573,
2075.485669354, 0.985851897,
2075.506101178, 0.987068303,
2075.526533202, 0.998613343,
2075.546965126, 0.983838045,
2075.567397049, 0.986856420,
2075.587828973, 0.993441841,
2075.608260895, 0.986459869,
2075.628692818, 0.985401775,
2075.710420504, 0.986870276,
2075.730852325, 0.988360363,
2075.751284345, 0.984589222,
2075.771716265, 0.982812957,
2075.792148085, 0.987088976,
2075.833012023, 0.986807540,
2075.853443942, 0.984894532,
2075.873875860, 0.986954004,
2075.894307778, 0.986277568,
2075.955603530, 0.987178832,
2075.976035547, 0.985287316,
2075.996467463, 0.985927127,
2076.016899279, 0.985737978,
2076.037331295, 0.986774069,
2076.057763210, 0.986510369,
2076.078195025, 0.989293719,
2076.098627040, 0.989235649,
2076.119058954, 0.987829143,
2076.139490768, 0.986437642,
2076.159922782, 0.985336737,
2076.180354695, 0.990518926,
2076.200786508, 0.987807663,
2076.221218520, 0.986233370,
2076.241650433, 0.985953019,
2076.262082344, 0.991289957,
2076.282514256, 0.986955456,
2076.302946167, 0.985538006,
2076.323378078, 0.986461371,
2076.343809989, 0.985691388,
2076.364241899, 0.990638370,
2076.384673809, 0.983829777,
2076.425537628, 0.987730048,
2076.445969536, 0.989310496,
2076.466401445, 0.988282030,
2076.486833353, 0.987071574,
2076.507265361, 0.986247861,
2076.527697169, 0.988462020,
2076.548129076, 0.987789595,
2076.568561083, 0.987126937,
2076.588992889, 0.986652711,
2076.609424796, 0.988803876,
2076.629856801, 0.990587694,
2076.670720512, 0.987939312,
2076.691152517, 0.987338558,
2076.711584322, 0.985554799,
2076.732016226, 0.986615253,
2076.752448230, 0.988227965,
2076.772880033, 0.985074042,
2076.793312036, 0.987776088,
2076.813743939, 0.988310590,
2076.834175842, 0.986442391,
2076.854607744, 0.988205652,
2076.875039646, 0.987474310,
2076.915903549, 0.987190904,
2076.936335350, 0.989353832,
2076.956767250, 0.986335613,
2076.977199250, 0.988187262,
2076.997631051, 0.985683364,
2077.018062950, 0.986367237,
2077.038494849, 0.988797885,
2077.058926748, 0.988520408,
2077.079358647, 0.987277804,
2077.099790545, 0.989597242,
2077.120222443, 0.992408785,
2077.140654241, 0.986790176,
2077.161086238, 0.987545675,
2077.181518135, 0.987954482,
2077.201950131, 0.989326842,
2077.222381928, 0.986762606,
2077.242813824, 0.992129155,
2077.263245819, 0.985007884,
2077.283677615, 0.989033510,
2077.304109509, 0.988213051,
2077.324541504, 0.991154908,
2077.344973399, 0.989907478,
2077.365405192, 0.987357773,
2077.426700872, 0.987290379,
2077.447132865, 0.987210022,
2077.467564757, 0.988635434,
2077.487996549, 0.990105070,
2077.508428541, 0.988258107,
2077.528860433, 0.989310318,
2077.549292224, 0.986449016,
2077.569724214, 0.989191849,
2077.590156105, 0.984935498,
2077.610588095, 0.989160047,
2077.671883763, 0.993078187,
2077.692315552, 0.987322229,
2077.712747440, 0.986632833,
2077.733179428, 0.988591890,
2077.753611216, 0.989088906,
2077.774043104, 0.986500361,
2077.794474991, 0.988510780,
2077.814906978, 0.989368282,
2077.835338764, 0.991501133,
2077.855770750, 0.987926342,
2077.937498192, 0.989398946,
2077.957930176, 0.991028661,
2077.978362061, 0.988313137,
2077.998793845, 0.990998798,
2078.019225828, 0.989454687,
2078.039657712, 0.989121082,
2078.060089494, 0.988284415,
2078.080521477, 0.986255908,
2078.100953359, 0.988533389,
2078.162249005, 0.988582565,
2078.182680886, 0.988753333,
2078.203112766, 0.988557308,
2078.223544647, 0.991811223,
2078.243976527, 0.988077357,
2078.284840286, 1.000514344,
2078.305272165, 0.980305193,
2078.386999779, 0.983789392,
2078.448295410, 1.009362803,
2078.468727187, 0.980502080,
2078.509590939, 0.982493019,
2078.550454790, 0.975190870,
2078.570886565, 0.990661451,
2078.591318440, 0.983819878,
2078.652614062, 0.978743958,
2078.693477908, 0.995418829,
2078.754773526, 0.984510353,
2078.775205398, 0.994763813,
2078.795637269, 0.979489212,
2078.836501111, 0.996793152,
2078.897796722, 0.990387869,
2078.918228492, 0.985004198,
2078.938660361, 0.988881436,
2078.979524099, 0.994633178,
2078.999955967, 0.984669159,
2079.040819703, 0.995528986,
2079.061251570, 0.991326671,
2079.142979137, 0.986450747,
2079.163411003, 1.035962739,
2079.183842869, 0.989577442,
2079.224706599, 0.991009676,
2079.245138464, 0.990279158,
2079.265570328, 0.988476660,
2079.286002092, 0.985989987,
2079.306434056, 0.991584801,
2079.326865919, 0.988588707,
2079.347297682, 0.989800898,
2079.367729645, 0.987413203,
2079.388161507, 0.992628915,
2079.408593270, 0.988398176,
2079.429025232, 0.990633605,
2079.449457093, 0.990870681,
2079.469888854, 0.989186585,
2079.490320815, 0.988584703,
2079.510752676, 0.988524176,
2079.531184536, 0.987131230,
2079.551616396, 0.990515573,
2079.572048256, 0.992157120,
2079.592480215, 0.990573971,
2079.612911974, 0.989255372,
2079.633343833, 0.990937473,
2079.653775792, 0.992247237,
2079.674207650, 0.989584420,
2079.694639408, 0.993429089,
2079.715071365, 0.991266319,
2079.735503223, 0.992233448,
2079.755934979, 0.992490766,
2079.776366936, 0.990278347,
2079.796798793, 0.999422664,
2079.817230549, 1.002377441,
2079.878526115, 0.991472085,
2079.898958070, 0.989067500,
2079.919389924, 0.989315092,
2079.939821678, 0.991140952,
2079.960253632, 0.989910234,
2079.980685486, 0.993064802,
2080.001117339, 0.993164813,
2080.021549192, 0.992188110,
2080.062412897, 0.992862275,
2080.123708452, 0.989475812,
2080.144140304, 0.992173959,
2080.164572155, 0.989742938,
2080.185004105, 0.989798116,
2080.205435855, 0.991038814,
2080.225867705, 0.992253628,
2080.246299655, 0.992262239,
2080.266731404, 0.991125974,
2080.287163253, 0.990702850,
2080.307595202, 0.994951058,
2080.368890747, 0.993563426,
2080.389322494, 0.990144616,
2080.409754441, 0.994519925,
2080.430186288, 0.991287470,
2080.450618035, 0.990340954,
2080.471049981, 0.992881413,
2080.491481827, 0.990422866,
2080.511913673, 0.992279321,
2080.532345519, 0.987697895,
2080.552777364, 0.991464877,
2080.573209209, 0.991710561,
2080.593641053, 0.991534945,
2080.614072898, 0.992610599,
2080.634504742, 0.990444164,
2080.654936685, 0.993599057,
2080.675368429, 0.991666685,
2080.695800272, 0.992977842,
2080.716232114, 0.994446453,
2080.736663957, 0.993437723,
2080.757095699, 0.991001991,
2080.777527641, 0.992662172,
2080.797959483, 0.993872080,
2080.859255005, 0.992953073,
2080.879686946, 0.994665320,
2080.900118686, 0.993086052,
2080.920550526, 0.992471115,
2080.940982465, 0.990059378,
2080.961414204, 0.991558691,
2080.981846044, 0.993532921,
2081.002277982, 0.993075080,
2081.022709820, 0.992079020,
2081.043141559, 0.990517492,
2081.063573496, 0.991553957,
2081.084005334, 0.993918704,
2081.104437071, 0.993391307,
2081.124869008, 0.992982570,
2081.145300844, 0.991354279,
2081.165732581, 0.993880268,
2081.186164517, 0.990685120,
2081.206596352, 0.991531775,
2081.227028288, 0.991152125,
2081.247460023, 0.992304295,
2081.267891858, 0.992069924,
2081.288323792, 0.994084257,
2081.349619294, 0.993260902,
2081.370051027, 0.992024706,
2081.390482860, 0.992800761,
2081.410914693, 0.992775087,
2081.431346526, 0.992299718,
2081.451778358, 0.992393248,
2081.472210190, 0.990575344,
2081.492642021, 0.989749408,
2081.513073853, 0.990883418,
2081.533505684, 0.991447026,
2081.553937515, 0.991553563,
2081.574369345, 0.991919104,
2081.594801275, 0.990699944,
2081.615233005, 0.992152426,
2081.635664935, 0.992397426,
2081.656096764, 0.994980974,
2081.676528493, 0.993628867,
2081.696960422, 0.995604285,
2081.717392250, 0.986349192,
2081.737823978, 0.994316309,
2081.758255906, 0.996227692,
2081.778687734, 0.990013690,
2081.839983215, 0.993979481,
2081.860415041, 0.993374462,
2081.880846867, 0.995361521,
2081.901278693, 0.993063286,
2081.921710519, 0.994460438,
2081.942142344, 0.992998313,
2081.962574169, 0.993821182,
2081.983005994, 0.993174316,
2082.003437818, 0.993558146,
2082.023869642, 0.993975629,
2082.044301566, 0.995125327,
2082.064733390, 0.994974466,
2082.085165113, 0.995405936,
2082.105597036, 0.995029609,
2082.126028759, 0.992610668,
2082.146460581, 0.991517002,
2082.166892503, 0.992848031,
2082.187324225, 0.994277520,
2082.207756047, 0.994132159,
2082.228187968, 0.997267428,
2082.248619689, 0.995600596,
2082.269051510, 0.996225842,
2082.330346970, 0.993666508,
2082.350778890, 0.997890398,
2082.371210609, 0.992359247,
2082.391642428, 0.994888229,
2082.412074347, 0.996792393,
2082.432506165, 0.997782774,
2082.452937984, 0.996529143,
2082.493801619, 0.995862096,
2082.514233537, 0.997495016,
2082.534665254, 0.995923302,
2082.555097070, 0.994493772,
2082.575528987, 0.994384549,
2082.595960703, 0.994503205,
2082.616392519, 1.002063301,
2082.636824435, 0.995858024,
2082.657256150, 0.993242731,
2082.677687965, 0.994737262,
2082.698119880, 0.994304855,
2082.718551595, 0.994851445,
2082.738983409, 0.992979645,
2082.759415323, 0.991214508,
2082.820710763, 0.993081188,
2082.841142476, 0.994983194,
2082.861574389, 0.997383737,
2082.882006201, 0.994855356,
2082.902437913, 0.993557749,
2082.922869825, 0.994454893,
2082.943301636, 0.993255751,
2082.963733348, 0.993956716,
2082.984165259, 0.993538266,
2083.004597069, 0.997307685,
2083.025028780, 0.994690358,
2083.045460690, 0.994393650,
2083.065892499, 0.998115081,
2083.086324209, 0.994432352,
2083.106756119, 0.993945375,
2083.127187927, 0.993972543,
2083.147619636, 0.994187189,
2083.168051545, 0.997066089,
2083.188483353, 0.995784515,
2083.208915261, 0.993653564,
2083.229346968, 0.993150865,
2083.249778776, 0.994182609,
2083.311074196, 0.995595234,
2083.331506102, 0.998772486,
2083.351937908, 0.994989372,
2083.372369614, 0.996390520,
2083.392801520, 0.996893288,
2083.413233325, 0.996805347,
2083.433665030, 0.994772918,
2083.454096934, 0.992956286,
2083.474528739, 0.993491265,
2083.494960443, 0.994244704,
2083.515392347, 0.993446518,
2083.535824150, 0.997311118,
2083.556256053, 0.992599775,
2083.576687756, 0.996838053,
2083.597119559, 0.995344256,
2083.617551362, 0.993328332,
2083.637983164, 0.995385339,
2083.658414866, 0.991995425,
2083.699278569, 0.994741993,
2083.719710270, 0.991724543,
2083.740142171, 0.998237914,
2083.801437572, 0.996740770,
2083.821869372, 0.998345701,
2083.842301171, 0.994559747,
2083.862732971, 0.995887602,
2083.883164769, 0.997582580,
2083.903596568, 0.995831797,
2083.924028467, 0.994652454,
2083.944460165, 0.995495328,
2083.964892063, 0.994672004,
2083.985323860, 0.994984036,
2084.005755558, 0.995670326,
2084.026187455, 0.995233058,
2084.046619252, 0.997034218,
2084.067050948, 0.995409563,
2084.087482845, 0.998638400,
2084.107914641, 0.997444559,
2084.128346336, 0.995036399,
2084.148778232, 0.995636283,
2084.169210027, 0.999674406,
2084.189641822, 0.997156149,
2084.210073617, 0.995474411,
2084.230505411, 0.999922339,
2084.291800793, 0.999180795,
2084.312232586, 0.997281062,
2084.332664379, 0.996585852,
2084.353096172, 0.998220090,
2084.373527965, 0.996990829,
2084.393959757, 0.998328125,
2084.414391549, 0.998984120,
2084.434823441, 0.998084379,
2084.455255133, 0.997959888,
2084.475686924, 0.996333399,
2084.496118815, 0.994348602,
2084.516550506, 0.993247892,
2084.536982296, 0.995315856,
2084.557414186, 0.999383739,
2084.577845876, 0.997090298,
2084.598277666, 0.998118321,
2084.618709556, 0.998562351,
2084.639141245, 0.994948464,
2084.659573034, 0.999326475,
2084.680004922, 0.998558334,
2084.700436611, 0.998136612,
2084.720868499, 1.000205996,
2084.782163862, 0.999662245,
2084.802595649, 0.998474274,
2084.823027436, 0.999831339,
2084.843459222, 0.995786870,
2084.863891009, 0.999169762,
2084.904754681, 0.996340833,
2084.925186366, 0.998051867,
2084.945618151, 0.996776826,
2084.966050036, 1.000634919,
2085.006913506, 1.000291125,
2085.027345390, 0.996573822,
2085.047777074, 0.998920503,
2085.068208858, 0.998554072,
2085.088640741, 0.997594447,
2085.109072425, 0.998382116,
2085.129504308, 0.998367086,
2085.149935990, 0.995978828,
2085.170367773, 0.998281512,
2085.190799655, 0.999382245,
2085.211231337, 0.999141983,
2085.231663119, 0.998877642,
2085.252095000, 0.997070709,
2085.272526781, 0.999259611,
2085.292958462, 0.999522632,
2085.313390343, 0.994832861,
2085.333822124, 0.999613711,
2085.354253804, 0.997353481,
2085.374685684, 0.997236121,
2085.395117463, 1.001099852,
2085.415549143, 0.998333962,
2085.435981022, 0.999718881,
2085.456412801, 0.998870867,
2085.517708136, 1.010310948,
2085.538140014, 0.997098257,
2085.558571692, 0.998828486,
2085.579003469, 0.995073368,
2085.599435346, 1.001032229,
2085.619867023, 1.000493186,
2085.640298800, 1.000829871,
2085.681162352, 0.996986037,
2085.701594128, 0.997248835,
2085.762889454, 0.997151268,
2085.783321329, 1.002156041,
2085.803753104, 0.998821984,
2085.824184878, 1.001916636,
2085.844616653, 0.997157000,
2085.865048326, 0.998046771,
2085.885480200, 0.998847280,
2085.905911973, 0.995803498,
2085.926343647, 0.998524643,
2085.946775520, 0.996486555,
2085.967207292, 1.001067962,
2085.987638965, 0.998557631,
2086.008070837, 0.999230155,
2086.028502609, 0.998272830,
2086.048934280, 0.999962904,
2086.069366152, 0.998827352,
2086.089797923, 0.998198407,
2086.110229694, 0.997373308,
2086.130661464, 0.999622552,
2086.151093235, 1.001018662,
2086.171525005, 0.999234350,
2086.191956775, 0.997785120,
2086.253252183, 0.999467328,
2086.273683852, 0.999366628,
2086.294115721, 1.000403675,
2086.314547489, 1.001018848,
2086.334979158, 1.001086013,
2086.355411026, 1.001043572,
2086.375842793, 1.001139518,
2086.396274461, 1.000380220,
2086.416706328, 1.000663738,
2086.437138095, 1.001780815,
2086.457569762, 0.998799016,
2086.478001628, 1.002703434,
2086.498433395, 1.000410422,
2086.518865061, 1.003811713,
2086.539296926, 0.997273283,
2086.559728592, 1.000975461,
2086.580160457, 0.997980484,
2086.600592222, 1.002435932,
2086.621023987, 1.000551438,
2086.641455752, 0.999585941,
2086.661887516, 1.000503399,
2086.682319280, 1.005822108,
2086.743614571, 1.001609688,
2086.764046334, 1.001734666,
2086.784478097, 0.997841992,
2086.804909860, 1.000885037,
2086.825341722, 1.003202829,
2086.845773384, 1.000723745,
2086.866205146, 1.000844885,
2086.886637008, 1.002223096,
2086.907068669, 1.001322950,
2086.927500530, 1.002417285,
2086.947932292, 1.001337005,
2086.988795813, 1.000013144,
2087.009227573, 1.001651565,
2087.029659233, 0.999370536,
2087.050091093, 0.997566033,
2087.070522852, 1.003066422,
2087.090954612, 1.002115976,
2087.111386371, 1.000453780,
2087.131818129, 1.001006693,
2087.152249888, 1.005884327,
2087.172681646, 1.001734649,
2087.233976920, 1.001313649,
2087.274840535, 1.001123128,
2087.295272192, 0.999023852,
2087.315703948, 1.001424405,
2087.336135805, 1.003489329,
2087.356567461, 1.002639834,
2087.376999217, 1.005059545,
2087.397431073, 1.000770025,
2087.417862729, 1.003859935,
2087.438294484, 1.001526152,
2087.458726339, 1.001341575,
2087.479157994, 1.000415274,
2087.499589748, 1.000185545,
2087.520021603, 0.998982590,
2087.540453257, 1.001491792,
2087.560885011, 1.000354933,
2087.581316864, 1.002008483,
2087.601748518, 1.004739104,
2087.622180371, 1.001750155,
2087.642612124, 1.002272633,
2087.663043877, 0.997656112,
2087.724339134, 1.003086520,
2087.744770985, 1.003256899,
2087.765202637, 1.003219190,
2087.785634388, 1.001671423,
2087.806066239, 0.999894786,
2087.826497890, 1.000640387,
2087.846929641, 1.001107835,
2087.867361491, 0.999253962,
2087.887793142, 1.000320387,
2087.908224892, 1.000507350,
2087.928656741, 1.002587219,
2087.949088391, 1.002630364,
2087.969520140, 1.002243521,
2087.989951889, 1.000367266,
2088.010383638, 1.001142859,
2088.030815487, 1.006196821,
2088.051247135, 1.003878652,
2088.071678883, 0.998212120,
2088.092110731, 1.004360480,
2088.112542479, 1.001758503,
2088.132974126, 1.001913339,
2088.153405973, 1.003754605,
2088.214701214, 1.004766010,
2088.235132960, 1.001554362,
2088.255564606, 1.001669046,
2088.275996452, 1.002620035,
2088.296428198, 1.003748220,
2088.316859843, 1.002676829,
2088.337291688, 1.003311226,
2088.357723433, 1.001677112,
2088.378155278, 1.007468929,
2088.398586922, 1.004875835,
2088.419018667, 1.003580102,
2088.439450511, 1.000539336,
2088.459882155, 1.002940338,
2088.480313898, 1.002397341,
2088.500745742, 1.005234644,
2088.521177385, 1.005298016,
2088.562040971, 0.998839647,
2088.582472713, 1.002773966,
2088.602904356, 1.003820716,
2088.623336198, 1.004016890,
2088.643767939, 1.002506227,
2088.684631423, 1.005125862,
2088.705063164, 1.003574164,
2088.725494905, 1.003126284,
2088.745926645, 1.002965145,
2088.766358286, 1.000891620,
2088.786790126, 1.004456086,
2088.807221866, 1.004814265,
2088.827653506, 1.002999653,
2088.848085346, 1.005947889,
2088.868517085, 1.002445150,
2088.888948724, 1.002659260,
2088.909380563, 1.002808965,
2088.929812302, 1.004371196,
2088.950244041, 1.003476784,
2088.970675779, 1.002500546,
2088.991107517, 1.004231830,
2089.011539255, 1.003350365,
2089.031970993, 1.004669321,
2089.052402730, 1.000803673,
2089.072834567, 1.004451383,
2089.093266304, 1.005418250,
2089.113697941, 1.004400283,
2089.134129778, 1.005554557,
2089.195424986, 1.004876282,
2089.215856722, 1.001890831,
2089.236288357, 1.003737006,
2089.256720192, 1.001395952,
2089.277151928, 1.004018333,
2089.297583562, 1.001702056,
2089.318015397, 1.000101273,
2089.338447131, 0.999245928,
2089.358878766, 1.003952806,
2089.379310600, 1.001854439,
2089.399742233, 1.003890549,
2089.420174067, 1.003868967,
2089.440605800, 1.005419237,
2089.461037433, 1.002018192,
2089.481469266, 1.005414215,
2089.501900999, 1.003632624,
2089.522332731, 1.001822857,
2089.542764464, 1.003595881,
2089.563196196, 1.002845201,
2089.583627928, 1.002889564,
2089.604059659, 1.005182795,
2089.624491391, 1.003149402,
2089.706218314, 1.003591311,
2089.726650145, 1.003829340,
2089.747081775, 1.003948497,
2089.767513605, 1.002146789,
2089.787945334, 1.003148350,
2089.808376964, 1.001322231,
2089.828808793, 1.002083820,
2089.849240522, 1.000363438,
2089.869672151, 1.002561782,
2089.890103980, 1.001487613,
2089.910535708, 1.003043464,
2089.930967437, 1.000144864,
2089.951399165, 1.005088724,
2089.971830892, 1.005977520,
2089.992262620, 1.004468631,
2090.012694348, 1.003558709,
2090.033126075, 1.001860084,
2090.053557802, 1.000358467,
2090.073989528, 1.004825525,
2090.094421255, 1.003221655,
2090.114853081, 1.003624003,
2090.135284708, 1.003913686,
2090.155716434, 1.004327079,
2090.176148259, 1.007024436,
2090.196579885, 1.004626301,
2090.217011610, 1.006373790,
2090.237443435, 1.005255111,
2090.257875060, 1.005058913,
2090.278306785, 1.004550465,
2090.298738610, 1.002494091,
2090.319170234, 1.006572107,
2090.339601958, 1.004534350,
2090.360033782, 1.005513618,
2090.421328952, 1.005696518,
2090.441760575, 1.003745164,
2090.462192398, 0.999307915,
2090.482624121, 1.003838049,
2090.503055843, 1.004288319,
2090.523487566, 1.000649444,
2090.543919288, 1.002432565,
2090.564351010, 1.005065222,
2090.584782731, 1.003283517,
2090.605214453, 1.002246623,
2090.625646174, 1.005431369,
2090.646077995, 1.002084701,
2090.666509616, 1.000681888,
2090.686941336, 1.003536718,
2090.707373157, 1.004300838,
2090.727804777, 1.003570102,
2090.748236497, 1.002966688,
2090.768668317, 1.003837125,
2090.789099937, 1.006150642,
2090.809531756, 1.002251755,
2090.829963475, 1.003490062,
2090.850395094, 1.004881150,
2090.870826913, 1.002277551,
2090.891258532, 1.003577277,
2090.911690250, 1.003726463,
2090.932122068, 1.003297506,
2090.952553686, 1.004145051,
2090.972985404, 1.007151021,
2090.993417222, 1.003624835,
2091.013848939, 1.004861537,
2091.034280557, 1.005155760,
2091.054712374, 1.006461445,
2091.075144090, 1.000890648,
2091.095575807, 1.000588195,
2091.156871056, 1.004289453,
2091.177302672, 1.004003823,
2091.197734387, 1.003471739,
2091.218166203, 1.003994577,
2091.238597818, 1.003823846,
2091.259029533, 1.004871124,
2091.279461348, 1.003412622,
2091.299892963, 1.002903726,
2091.320324677, 1.003961095,
2091.340756492, 1.003834273,
2091.361188106, 1.002778695,
2091.381619819, 1.002686877,
2091.402051633, 1.004327916,
2091.422483247, 1.003140152,
2091.442915060, 1.001606475,
2091.463346773, 1.003039880,
2091.483778486, 1.004260246,
2091.504210199, 1.002845879,
2091.524641911, 1.003783846,
2091.545073624, 1.002231546,
2091.565505336, 1.003782758,
2091.585937048, 1.004018560,
2091.647232183, 1.008698666,
2091.667663794, 1.004922699,
2091.688095605, 1.004681686,
2091.708527316, 1.003077844,
2091.728958926, 1.005456761,
2091.749390736, 1.002603154,
2091.769822447, 1.004704946,
2091.810685867, 1.003138486,
2091.831117576, 1.005456277,
2091.892412704, 1.004923974,
2091.912844513, 1.003477875,
2091.933276122, 1.003129348,
2091.953707830, 1.006583184,
2091.974139639, 1.002987096,
2091.994571347, 1.006047049,
2092.015002955, 1.002001345,
2092.035434762, 1.001296831,
2092.055866470, 1.004457191,
2092.076298077, 1.002508573,
2092.096729885, 1.001571662,
2092.117161591, 1.002930656,
2092.137593398, 1.001181951,
2092.158025005, 1.002916780,
2092.178456712, 1.002722305,
2092.198888518, 1.003796942,
2092.219320124, 1.002901225,
2092.239751830, 1.003604488,
2092.260183535, 1.003493790,
2092.280615241, 1.004442627,
2092.301046846, 1.003796270,
2092.321478651, 1.004672364,
2092.341910356, 1.004562492,
2092.362342061, 1.004891264,
2092.382773766, 1.002042186,
2092.403205470, 1.004573281,
2092.423637274, 1.003775577,
2092.444068878, 1.002496136,
2092.464500582, 1.004512717,
2092.484932386, 1.003091847,
2092.505364090, 1.006851542,
2092.525795693, 1.007626386,
2092.546227496, 1.005056267,
2092.566659199, 1.004106464,
2092.627954307, 1.004365238,
2092.648385909, 1.004054148,
2092.668817711, 1.004189681,
2092.689249413, 1.003999384,
2092.709681015, 1.005611566,
2092.730112816, 1.003285695,
2092.750544517, 1.004136299,
2092.770976318, 1.004111868,
2092.791407919, 1.003282144,
2092.811839620, 1.005497527,
2092.832271421, 1.004570453,
2092.852703021, 1.004239343,
2092.873134721, 1.004001952,
2092.893566521, 1.001807505,
2092.913998121, 1.007186878,
2092.934429821, 1.003947346,
2092.954861620, 1.002975751,
2092.975293320, 1.005117051,
2092.995724919, 1.002993261,
2093.016156718, 1.001622904,
2093.036588316, 1.006580888,
2093.057020015, 1.004190793,
2093.077451813, 1.005796442,
2093.097883412, 1.006106760,
2093.118315210, 1.005369544,
2093.138746908, 1.001833035,
2093.159178505, 1.005421026,
2093.179610303, 1.005043945,
2093.200042000, 1.003368716,
2093.220473597, 1.005162161,
2093.240905394, 1.006654696,
2093.261337091, 1.002455568,
2093.281768688, 1.005704231,
2093.302200484, 1.003392363,
2093.322632181, 1.002936349,
2093.343063877, 1.004214657,
2093.363495573, 1.006007565,
2093.383927269, 1.005373501,
2093.404359064, 1.002802673,
2093.424790659, 0.998953029,
2093.445222355, 1.000142333,
2093.465654150, 1.003350712,
2093.486085845, 1.002874719,
2093.506517440, 1.005786214,
2093.526949234, 1.005126674,
2093.547380928, 1.000790579,
2093.608676011, 1.001325095,
2093.629107604, 1.002752439,
2093.649539398, 1.000590345,
2093.669971091, 1.004552378,
2093.690402684, 1.009536925,
2093.710834477, 1.003549242,
2093.731266170, 1.007008490,
2093.751697863, 1.001851139,
2093.772129555, 1.004337755,
2093.792561148, 1.005796088,
2093.812992940, 1.004511031,
2093.833424632, 1.001006538,
2093.853856324, 1.002888761,
2093.874288015, 1.003850067,
2093.894719707, 1.002763919,
2093.915151398, 1.002382008,
2093.935583089, 1.005639329,
2093.956014780, 1.005274253,
2093.976446471, 1.003867208,
2093.996878162, 1.007368813,
2094.017309852, 1.004084530,
2094.037741642, 1.002600791,
2094.058173332, 1.004150261,
2094.078604922, 1.004213791,
2094.099036712, 1.003979290,
2094.119468402, 1.000927689,
2094.139899991, 1.002476691,
2094.160331780, 1.003067315,
2094.180763470, 1.003985909,
2094.201195059, 1.004413210,
2094.221626847, 1.002529667,
2094.242058536, 1.003384334,
2094.262490124, 1.003079287,
2094.282921913, 1.002900945,
2094.303353601, 1.001518293,
2094.323785389, 1.006526851,
2094.344216977, 1.004600344,
2094.364648664, 1.005179070,
2094.385080352, 1.000768897,
2094.405512039, 1.001354814,
2094.425943726, 1.002100539,
2094.446375413, 1.006743542,
2094.466807100, 1.004984745,
2094.487238787, 1.004150997,
2094.507670473, 1.002989507,
2094.528102159, 1.001480893,
2094.589397217, 1.004146523,
2094.609828903, 1.002646046,
2094.630260689, 1.002426907,
2094.650692274, 1.002240173,
2094.671124059, 1.002182783,
2094.691555744, 1.004648415,
2094.711987329, 1.005645709,
2094.732419114, 1.004106881,
2094.752850798, 1.004323424,
2094.773282383, 1.003583569,
2094.793714167, 1.003908174,
2094.814145851, 1.000612613,
2094.834577435, 1.005674034,
2094.855009219, 1.004613007,
2094.875440902, 1.002784358,
2094.895872585, 1.005661788,
2094.916304269, 1.005825274,
2094.936735952, 1.002282581,
2094.957167735, 1.003966170,
2094.977599317, 1.003931996,
2094.998031000, 1.006197792,
2095.018462783, 1.003121399,
2095.038894465, 1.003241985,
2095.059326047, 1.003493166,
2095.079757829, 1.003168233,
2095.100189511, 1.000041000,
2095.120621093, 0.999106944,
2095.141052874, 1.004512638,
2095.161484455, 1.003840996,
2095.181916137, 1.004252078,
2095.202347918, 1.001312076,
2095.222779499, 1.003601878,
2095.243211279, 0.999888584,
2095.324938001, 1.002597989,
2095.345369581, 1.002810911,
2095.365801361, 1.003433180,
2095.386233040, 1.003202981,
2095.406664720, 1.003216435,
2095.427096399, 1.003223133,
2095.447528078, 1.002370466,
2095.467959757, 1.004027831,
2095.488391436, 1.002290661,
2095.508823115, 1.002007535,
2095.570118150, 1.003599025,
2095.590549928, 1.002946015,
2095.610981606, 1.004301318,
2095.631413184, 1.005243911,
2095.651844962, 1.005479817,
2095.672276639, 1.005205912,
2095.692708217, 1.004000054,
2095.713139994, 1.002498356,
2095.733571671, 1.002239854,
2095.754003248, 1.004093253,
2095.774435025, 1.001795815,
2095.794866701, 1.002548948,
2095.815298278, 1.005508278,
2095.835730054, 1.004406973,
2095.856161730, 1.001511789,
2095.876593406, 1.001816860,
2095.897025082, 1.002479828,
2095.917456758, 1.006392511,
2095.937888433, 1.003349569,
2095.958320109, 1.002030213,
2095.978751784, 1.004636998,
2095.999183459, 1.004063867,
2096.019615134, 1.002521640,
2096.040046809, 1.002151213,
2096.060478584, 1.000789977,
2096.080910158, 1.004137351,
2096.101341833, 1.002756194,
2096.121773607, 1.004178970,
2096.142205181, 1.004128191,
2096.162636955, 1.003817528,
2096.183068629, 1.002968500,
2096.203500202, 1.001407558,
2096.223931976, 1.000466424,
2096.244363649, 1.004222077,
2096.264795222, 1.003244520,
2096.285226995, 1.002860982,
2096.305658668, 1.002884857,
2096.326090241, 1.001086084,
2096.346522014, 1.005236469,
2096.366953686, 1.002291954,
2096.387385359, 1.002386001,
2096.407817031, 1.006833577,
2096.428248703, 1.001562529,
2096.448680475, 1.000352111,
2096.469112047, 1.003304307,
2096.489543718, 1.004724425,
2096.550838732, 1.003082939,
2096.571270503, 1.004119524,
2096.591702074, 1.001871329,
2096.612133745, 1.003944846,
2096.632565516, 1.000676743,
2096.652997086, 1.003113311,
2096.673428757, 1.001950677,
2096.693860527, 1.003943221,
2096.714292097, 1.001551406,
2096.734723867, 1.002299737,
2096.755155537, 1.003818285,
2096.775587106, 0.999434140,
2096.796018876, 1.002294154,
2096.816450545, 1.003078478,
2096.836882114, 1.003488461,
2096.857313883, 1.003218477,
2096.877745552, 1.003847855,
2096.898177221, 1.003933846,
2096.918608890, 1.003928265,
2096.939040559, 1.004243366,
2096.959472227, 1.002449021,
2096.979903895, 1.004304992,
2097.000335563, 1.002690493,
2097.020767331, 1.005080021,
2097.041198999, 1.001555025,
2097.061630567, 1.001035917,
2097.082062334, 1.006097342,
2097.102494002, 1.003008498,
2097.122925569, 1.004889549,
2097.143357336, 1.003324117,
2097.163789003, 1.002429890,
2097.184220570, 1.001507358,
2097.204652337, 1.002249174,
2097.225084004, 1.001849159,
2097.245515570, 1.003093256,
2097.265947337, 1.001190877,
2097.286378903, 1.002398457,
2097.306810569, 1.003130089,
2097.327242335, 1.003290832,
2097.347673901, 1.002785232,
2097.368105666, 1.000403806,
2097.388537332, 1.001942632,
2097.408968997, 1.004296644,
2097.429400663, 1.002320098,
2097.449832328, 1.004092601,
2097.470263993, 1.004989705,
2097.551990752, 1.003596700,
2097.572422316, 1.004134845,
2097.592853980, 1.004397501,
2097.613285744, 1.005514061,
2097.633717308, 1.006142691,
2097.654149072, 1.003571289,
2097.674580736, 1.003803173,
2097.695012300, 1.004316089,
2097.715444063, 1.003362614,
2097.735875726, 1.002256381,
2097.756307290, 1.003230412,
2097.776739053, 1.003385675,
2097.797170716, 1.004598649,
2097.817602278, 1.004557693,
2097.838034041, 1.003626871,
2097.858465704, 1.004314724,
2097.878897366, 1.003703958,
2097.899329028, 1.002923299,
2097.919760690, 1.004980185,
2097.940192353, 1.005128572,
2097.960624014, 1.004280400,
2097.981055676, 1.003306130,
2098.021918999, 1.002913535,
2098.042350661, 1.004044928,
2098.062782322, 1.005545087,
2098.083213983, 1.003909182,
2098.103645644, 1.003525389,
2098.124077405, 1.002367353,
2098.144508966, 1.001390981,
2098.164940626, 1.003257590,
2098.185372387, 1.003069013,
2098.205803947, 1.005812648,
2098.267098928, 1.006366370,
2098.287530688, 1.002402009,
2098.307962348, 1.005278906,
2098.328393907, 1.003290689,
2098.348825667, 1.004391381,
2098.369257326, 1.007135324,
2098.389688985, 1.002017939,
2098.410120645, 1.006231316,
2098.430552304, 1.002472152,
2098.450983963, 1.002766704,
2098.471415621, 1.001152725,
2098.491847280, 1.003433575,
2098.512279039, 1.004468256,
2098.532710597, 1.002804616,
2098.553142255, 1.004108987,
2098.573574014, 1.004542071,
2098.594005672, 1.003317074,
2098.614437230, 1.004817920,
2098.634868987, 0.999604172,
2098.655300545, 1.006120103,
2098.675732203, 1.002587176,
2098.696163960, 1.003878866,
2098.716595517, 1.003980179,
2098.737027175, 1.006420046,
2098.757458932, 1.003027986,
2098.777890489, 1.002830587,
2098.798322246, 1.005735960,
2098.818753902, 1.005335077,
2098.839185459, 1.004431220,
2098.859617216, 1.003317644,
2098.880048872, 1.002355140,
2098.900480428, 1.004192799,
2098.920912184, 1.005318044,
2098.941343840, 1.004335711,
2098.961775496, 1.006092843,
2098.982207152, 1.002873990,
2099.002638808, 1.002500005,
2099.023070463, 1.007448386,
2099.043502219, 1.004110491,
2099.063933774, 1.004552020,
2099.104797184, 1.004557361,
2099.125228740, 1.002906897,
2099.166092149, 1.003676518,
2099.186523704, 1.004353703,
2099.206955458, 1.004862293,
2099.227387113, 1.004308716,
2099.247818667, 1.003718210,
2099.268250421, 1.002907456,
2099.288682075, 1.003699590,
2099.309113629, 1.004481353,
2099.329545383, 1.002818650,
2099.349977037, 1.003449503,
2099.370408691, 1.004375303,
2099.390840344, 1.007628519,
2099.411271998, 1.003705286,
2099.431703651, 1.004914503,
2099.492998610, 1.003877939,
2099.513430263, 1.004049469,
2099.533861916, 1.003803266,
2099.554293568, 1.005430206,
2099.574725221, 1.003838008,
2099.595156973, 1.006393494,
2099.615588625, 1.005876327,
2099.636020178, 1.004701612,
2099.656451930, 1.005941466,
2099.676883582, 1.003335358,
2099.697315134, 1.005797216,
2099.717746885, 1.007093726,
2099.738178537, 1.005938035,
2099.758610088, 1.005330315,
2099.779041840, 1.006045080,
2099.799473491, 1.003304675,
2099.819905042, 1.008696149,
2099.840336794, 1.007925166,
2099.860768444, 1.004524658,
2099.881200195, 1.005401801,
2099.901631746, 1.005744409,
2099.922063397, 1.004984079,
2099.983358348, 1.004054147,
2100.003790099, 1.003704234,
2100.024221649, 1.002866219,
2100.044653299, 1.003087035,
2100.065084949, 1.003854435,
2100.085516598, 1.002752576,
2100.105948248, 1.002986722,
2100.126379998, 1.003710808,
2100.146811547, 1.003074319,
2100.167243297, 1.003832575,
2100.187674946, 1.002804340,
2100.208106495, 1.003859203,
2100.228538244, 1.006366797,
2100.248969893, 1.005157501,
2100.269401442, 1.003108591,
2100.289833191, 1.001212671,
2100.310264840, 1.000729395,
2100.330696388, 1.004603587,
2100.351128137, 1.004972863,
2100.371559785, 1.005166537,
2100.391991333, 1.003183389,
2100.412423082, 1.005276980,
2100.432854730, 1.006190522,
2100.453286478, 1.001069824,
2100.473718025, 1.004321548,
2100.494149673, 1.004552484,
2100.514581421, 1.005596533,
2100.535012968, 1.001218116,
2100.555444616, 1.004011211,
2100.575876363, 1.006557911,
2100.596308011, 1.002207644,
2100.616739558, 1.002466930,
2100.637171305, 1.003920987,
2100.657602952, 1.002529578,
2100.678034499, 1.002946357,
2100.698466245, 1.005541668,
2100.718897892, 1.004513762,
2100.739329639, 1.003089193,
2100.759761185, 1.004738257,
2100.780192832, 1.006473443,
2100.800624478, 1.008407606,
2100.821056124, 1.001577011,
2100.841487670, 1.004254107,
2100.861919416, 1.005579583,
2100.882351062, 1.004266914,
2100.902782608, 1.003969036,
2100.923214353, 1.002864593,
2100.943645999, 1.003120706,
2100.964077645, 1.002735723,
2100.984509290, 1.003215061,
2101.004940935, 1.003739966,
2101.025372681, 1.001851035,
2101.045804226, 1.001758241,
2101.066235871, 1.004930962,
2101.107099261, 1.004284629,
2101.127530805, 1.003130715,
2101.147962550, 1.007436572,
2101.168394195, 1.005873443,
2101.188825739, 1.003361640,
2101.209257483, 1.003486687,
2101.229689128, 1.006794858,
2101.250120872, 1.005316851,
2101.270552416, 1.003904610,
2101.290984060, 1.004681532,
2101.311415804, 1.002274544,
2101.331847348, 1.004429054,
2101.352278992, 1.004661405,
2101.372710735, 1.004152832,
2101.393142279, 1.005049938,
2101.454437209, 1.005753913,
2101.474868852, 1.005026759,
2101.495300495, 1.005950341,
2101.515732138, 1.006368416,
2101.536163881, 1.004782338,
2101.556595424, 1.004701382,
2101.577027067, 1.004881549,
2101.597458809, 1.005525614,
2101.617890352, 1.007863845,
2101.638321994, 1.004312683,
2101.658753737, 1.006869799,
2101.679185379, 1.007656911,
2101.699616921, 1.008794244,
2101.720048663, 1.006786172,
2101.740480306, 1.004914055,
2101.760911847, 1.008987638,
2101.781343589, 1.004521599,
2101.801775231, 1.006643740,
2101.822206973, 1.007936251,
2101.863070156, 1.005806710,
2101.883501897, 1.007955621,
2101.903933439, 1.004839158,
2101.924365080, 1.007497718,
2101.944796821, 1.007714572,
2101.965228362, 1.006850286,
2101.985660003, 1.006185706,
2102.006091744, 1.005320075,
2102.026523285, 1.007632134,
2102.046955026, 1.006069892,
2102.067386667, 1.006751554,
2102.087818307, 1.007363911,
2102.108249948, 1.007753734,
2102.128681588, 1.003849271,
2102.149113228, 1.007502992,
2102.169544869, 1.004798937,
2102.189976509, 1.007414428,
2102.210408049, 1.006302039,
2102.230839789, 1.010743395,
2102.251271429, 1.010135449,
2102.271702969, 1.008357407,
2102.292134708, 1.008230207,
2102.312566348, 1.009234709,
2102.332998088, 1.008945788,
2102.353429627, 1.006887306,
2102.373861267, 1.009532441,
2102.394293006, 1.008056251,
2102.414724545, 1.008177843,
2102.435156185, 1.006190528,
2102.455587924, 1.008073081,
2102.476019463, 1.005640462,
2102.496451102, 1.006975020,
2102.516882840, 1.008147380,
2102.537314379, 1.008200359,
2102.557746018, 1.010538170,
2102.578177757, 1.007524604,
2102.598609395, 1.006569297,
2102.619041034, 1.008644607,
2102.639472672, 1.007256157,
2102.659904311, 1.006861668,
2102.680335949, 1.006689776,
2102.700767587, 1.006854777,
2102.721199225, 1.006653912,
2102.741630963, 1.007372145,
2102.762062501, 1.007505087,
2102.782494139, 1.005014268,
2102.802925777, 1.005776619,
2102.823357414, 1.008350262,
2102.843789152, 1.006780870,
2102.864220790, 1.007678686,
2102.884652327, 1.005574932,
2102.905084065, 1.004996160,
2102.925515602, 1.006051688,
2102.945947239, 1.006219579,
2102.966378976, 1.007070402,
2102.986810514, 1.005107791,
2103.007242151, 1.005724293,
2103.027673888, 1.004101404,
2103.048105424, 1.005653313,
2103.068537061, 1.006354450,
2103.088968798, 1.007684526,
2103.109400435, 1.007584510,
2103.129832071, 1.004733800,
2103.150263708, 1.007921933,
2103.170695344, 1.006597946,
2103.191126981, 1.006616882,
2103.211558617, 1.006403717,
2103.231990253, 1.007698282,
2103.252421890, 1.006264226,
2103.272853526, 1.007800866,
2103.293285162, 1.006277175,
2103.313716898, 1.005704762,
2103.334148434, 1.002946882,
2103.354580069, 1.005261681,
2103.415875077, 1.006466134,
2103.436306712, 1.007335833,
2103.456738248, 1.007876194,
2103.477169983, 1.003690516,
2104.090119015, 1.008654507,
2104.110550748, 1.010590597,
2104.130982382, 1.010787557,
2104.151414115, 1.009500550,
2104.171845648, 1.013540070,
2104.192277281, 1.010777469,
2104.212708914, 1.013552952,
2104.233140547, 1.012564012,
2104.253572180, 1.011809777,
2104.274003813, 1.011706557,
2104.294435446, 1.012754143,
2104.314867079, 1.010606131,
2104.335298812, 1.010985843,
2104.376161977, 1.011117399,
2104.396593709, 1.012142142,
2104.417025242, 1.014538043,
2104.437456974, 1.009431575,
2104.457888607, 1.009272874,
2104.478320139, 1.011753592,
2104.498751871, 1.012787311,
2104.519183504, 1.012714608,
2104.539615036, 1.011285169,
2104.560046768, 1.010910337,
2104.580478400, 1.011259472,
2104.621341664, 1.011556161,
2104.641773296, 1.009635888,
2104.662205027, 1.014543806,
2104.682636559, 1.008396931,
2104.703068191, 1.009505461,
2104.723499923, 1.011775219,
2104.743931454, 1.010905933,
2104.764363086, 1.011258864,
2104.784794817, 1.011356495,
2104.805226449, 1.011455437,
2104.825657980, 1.010258423,
2104.866521343, 1.013929985,
2104.886952974, 1.010845381,
2104.907384605, 1.009939824,
2104.927816236, 1.011916772,
2104.948247867, 1.010944783,
2104.968679498, 1.011451167,
2104.989111029, 1.012622727,
2105.009542760, 1.007391634,
2105.029974391, 1.008074976,
2105.050405922, 1.009739082,
2105.070837652, 1.008635506,
2105.111700814, 1.012255677,
2105.132132544, 1.009406077,
2105.152564175, 1.012702957,
2105.172995905, 1.009238059,
2105.193427436, 1.010204891,
2105.213859066, 1.008528971,
2105.234290797, 1.009433659,
2105.254722327, 1.009471681,
2105.275153957, 1.010593684,
2105.295585687, 1.011679177,
2105.316017318, 1.009872893,
2105.377312208, 1.008548000,
2105.397743838, 1.013973765,
2105.418175468, 1.012227749,
2105.438607097, 1.012138334,
2105.459038827, 1.012090553,
2105.479470357, 1.011946558,
2105.499901987, 1.011094026,
2105.520333716, 1.012291258,
2105.540765246, 1.010631450,
2105.561196876, 1.014372335,
2105.581628605, 1.015498034,
2105.602060135, 1.010816921,
2105.622491864, 1.011028917,
2105.642923494, 1.012558620,
2105.663355023, 1.012373279,
2105.683786752, 1.009583697,
2105.704218282, 1.012552921,
2105.724649911, 1.010430753,
2105.745081640, 1.008131223,
2105.765513169, 1.010732967,
2105.785944798, 1.011854706,
2105.806376527, 1.011115722,
2105.847239785, 1.011313623,
2105.867671414, 1.013608873,
2105.888103043, 1.008902928,
2105.908534672, 1.012730085,
2105.928966301, 1.013163701,
2105.949397929, 1.011136249,
2105.969829658, 1.015337176,
2105.990261187, 1.018617530,
2106.010692815, 1.009008985,
2106.031124544, 1.012394038,
2106.092419429, 1.010000064,
2106.112850958, 1.012215155,
2106.133282686, 1.008701322,
2106.153714315, 1.011134395,
2106.174145843, 1.010527434,
2106.194577571, 1.012358693,
2106.215009199, 1.009660621,
2106.235440728, 1.011744317,
2106.255872456, 1.013405598,
2106.276304084, 1.011658619,
2106.296735712, 1.011710149,
2106.337598968, 1.012862342,
2106.358030596, 1.010016251,
2106.378462224, 1.010995315,
2106.398893852, 1.011505431,
2106.419325480, 1.009614227,
2106.439757108, 1.011208554,
2106.460188735, 1.011546879,
2106.480620363, 1.014869033,
2106.501051991, 1.010858811,
2106.521483618, 1.009962464,
2106.541915346, 1.012177065,
2106.582778601, 1.011272627,
2106.603210229, 1.009842367,
2106.623641756, 1.010182091,
2106.644073484, 1.010040169,
2106.664505111, 1.009801196,
2106.684936639, 1.012372314,
2106.705368366, 1.013528215,
2106.725799993, 1.008856785,
2106.746231521, 1.012904683,
2106.766663248, 1.011724476,
2106.787094875, 1.012938875,
2106.827958129, 1.013189744,
2106.848389757, 1.012168260,
2106.868821484, 1.014504092,
2106.889253011, 1.012569124,
2106.909684638, 1.011723364,
2106.930116365, 1.010160503,
2106.950547892, 1.009148631,
2106.970979519, 1.012766288,
2106.991411246, 1.008231636,
2107.011842873, 1.009820512,
2107.032274499, 1.010966518,
2107.073137653, 1.012166384,
2107.093569380, 1.011575707,
2107.114001007, 1.009627099,
2107.134432533, 1.012683670,
2107.154864260, 1.009180372,
2107.175295887, 1.011108108,
2107.195727413, 1.013035543,
2107.216159140, 1.012676389,
2107.236590767, 1.012071774,
2107.257022493, 1.009203245,
2107.277454020, 1.012819859,
2107.338748899, 1.012781254,
2107.359180525, 1.010381910,
2107.379612252, 1.010630542,
2107.400043778, 1.011121523,
2107.420475404, 1.014274662,
2107.440907131, 1.012114887,
2107.461338757, 1.009312027,
2107.481770383, 1.013352453,
2107.502202010, 1.013906609,
2107.522633636, 1.011811556,
2107.543065262, 1.012569447,
2107.563496888, 1.012299940,
2107.583928514, 1.009839949,
2107.604360240, 1.012007689,
2107.624791767, 1.011417481,
2107.645223393, 1.009738021,
2107.665655119, 1.012647462,
2107.686086645, 1.009546374,
2107.706518371, 1.012771073,
2107.726949897, 1.012552198,
2107.747381523, 1.012225850,
2107.767813249, 1.009859037,
2107.808676400, 1.014026348,
2107.829108126, 1.013258688,
2107.849539652, 1.009152243,
2107.869971278, 1.008398556,
2107.890403004, 1.013548247,
2107.910834530, 1.012888211,
2107.931266155, 1.012481833,
2107.951697881, 1.012172784,
2107.972129407, 1.011283004,
2107.992561133, 1.011605689,
2108.012992758, 1.012539923,
2108.053856010, 1.015965776,
2108.074287635, 1.012124705,
2108.094719261, 1.011648276,
2108.115150887, 1.013200033,
2108.135582512, 1.013649123,
2108.156014138, 1.010364756,
2108.176445863, 1.013850013,
2108.196877389, 1.011992889,
2108.217309114, 1.012261366,
2108.237740740, 1.013003592,
2108.258172265, 1.012920677,
2108.319467142, 1.010349667,
2108.339898867, 1.012352326,
2108.360330493, 1.013231855,
2108.380762018, 1.010077059,
2108.401193743, 1.009935027,
2108.421625369, 1.013664846,
2108.442056994, 1.011947192,
2108.462488619, 1.011404590,
2108.482920145, 1.011496496,
2108.503351870, 1.012242496,
2108.544215121, 1.013771620,
2108.564646746, 1.013879454,
2108.585078371, 1.011961087,
2108.605509996, 1.012685543,
2108.625941622, 1.010894833,
2108.646373247, 1.012043333,
2108.666804972, 1.012963129,
2108.687236597, 1.015267582,
2108.707668122, 1.010413011,
2108.728099848, 1.015794432,
2108.748531473, 1.011328400,
2108.789394723, 1.010781503,
2108.809826348, 1.007426763,
2108.830257873, 1.011610692,
2108.850689598, 1.012779814,
2108.871121223, 1.015089780,
2108.891552949, 1.008835024,
2108.911984474, 1.012938244,
2108.932416099, 1.012170050,
2108.952847824, 1.012128475,
2108.973279349, 1.011506641,
2108.993710974, 1.011500171,
2109.034574224, 1.012811250,
2109.055005849, 1.012683913,
2109.075437574, 1.009307949,
2109.095869099, 1.011950630,
2109.116300824, 1.012266991,
2109.136732349, 1.010273721,
2109.157163974, 1.012463506,
2109.177595699, 1.013325016,
2109.198027224, 1.012649227,
2109.218458849, 1.009395124,
2109.238890574, 1.004744827,
2109.300185449, 1.013806519,
2109.320617074, 1.012495641,
2109.341048799, 1.014654403,
2109.361480324, 1.011015180,
2109.381911949, 1.012864571,
2109.402343674, 1.008702071,
2109.422775198, 1.014067191,
2109.443206823, 1.012534304,
2109.463638548, 1.014360711,
2109.484070073, 1.010524382,
2109.524933423, 1.011472824,
2109.545364948, 1.010815473,
2109.565796673, 1.014741433,
2109.586228298, 1.010570169,
2109.606659823, 1.013556289,
2109.627091548, 1.013023397,
2109.647523173, 1.013703526,
2109.667954797, 1.013326938,
2109.688386422, 1.015791717,
2109.708818047, 1.011409241,
2109.729249672, 1.013858486,
2109.770112922, 1.011653243,
2109.790544547, 1.012327668,
2109.810976272, 1.014046372,
2109.831407797, 1.013556813,
2109.851839522, 1.013194355,
2109.872271047, 1.012013049,
2109.892702672, 1.014267297,
2109.913134396, 1.013225516,
2109.933565921, 1.013538467,
2109.953997546, 1.013274057,
2109.974429271, 1.011506083,
2110.015292521, 1.014449779,
2110.035724146, 1.011589588,
2110.056155671, 1.014631376,
2110.076587396, 1.014671699,
2110.097019021, 1.010966987,
2110.117450546, 1.011446378,
2110.137882271, 1.013090995,
2110.158313896, 1.011938863,
2110.178745521, 1.014760483,
2110.199177146, 1.012441795,
2110.219608771, 1.013002148,
2110.280903646, 1.014059833,
2110.301335371, 1.013228588,
2110.321766996, 1.012714925,
2110.342198521, 1.014662670,
2110.362630246, 1.012012174,
2110.383061871, 1.015647102,
2110.403493496, 1.013930420,
2110.423925121, 1.012082794,
2110.444356746, 1.014741348,
2110.464788371, 1.011243366,
2110.505651521, 1.010976891,
2110.526083246, 1.014146721,
2110.546514871, 1.010789437,
2110.566946396, 1.017664252,
2110.587378121, 1.012376157,
2110.607809747, 1.012639917,
2110.628241472, 1.016225308,
2110.648672997, 1.013582092,
2110.669104622, 1.015879054,
2110.689536347, 1.013440125,
2110.709967872, 1.013339790,
2110.771262748, 1.014108793,
2110.791694373, 1.013213240,
2110.812126098, 1.012601919,
2110.832557624, 1.007458645,
2110.852989349, 1.012328415,
2110.873420974, 1.012764083,
2110.893852599, 1.010450356,
2110.914284225, 1.013349815,
2110.934715850, 1.011873707,
2110.955147475, 1.013214756,
2110.975579101, 1.015637150,
2110.996010726, 1.012538166,
2111.016442351, 1.014686075,
2111.036874077, 1.013994674,
2111.057305602, 1.012739119,
2111.077737328, 1.014034656,
2111.098168953, 1.014809828,
2111.118600478, 1.014161394,
2111.139032204, 1.012348148,
2111.159463729, 1.012111079,
2111.179895355, 1.013741265,
2111.200327080, 1.012545637,
2111.261621957, 1.016227771,
2111.282053483, 1.013908912,
2111.302485208, 1.010803921,
2111.322916834, 1.018292978,
2111.343348359, 1.014872930,
2111.363780085, 1.017361958,
2111.384211711, 1.015104968,
2111.404643336, 1.011231981,
2111.425074962, 1.012699599,
2111.445506588, 1.014034125,
2111.486369839, 1.013110310,
2111.506801465, 1.013117882,
2111.527233191, 1.013349890,
2111.547664817, 1.014776120,
2111.568096343, 1.012996522,
2111.588528068, 1.013558626,
2111.608959694, 1.014157036,
2111.629391220, 1.017720497,
2111.649822946, 1.013787066,
2111.670254572, 1.013038130,
2111.690686298, 1.015267241,
2111.731549450, 1.015764146,
2111.751981176, 1.011427716,
2111.772412702, 1.014135593,
2111.792844328, 1.015097033,
2111.813275954, 1.015496999,
2111.833707581, 1.013080375,
2111.854139207, 1.016251751,
2111.874570833, 1.013802439,
2111.895002459, 1.013295543,
2111.915434185, 1.015456500,
2111.935865712, 1.014084514,
2111.976729064, 1.015176471,
2111.997160590, 1.013988384,
2112.017592217, 1.013185656,
2112.038023943, 1.013348305,
2112.058455570, 1.013851505,
2112.078887196, 1.011882316,
2112.099318822, 1.014036460,
2112.119750449, 1.019551626,
2112.140182075, 1.014699349,
2112.160613702, 1.014155302,
2112.181045329, 1.013651987,
2112.221908582, 1.012943154,
2112.242340208, 1.015127182,
2112.262771935, 1.016780329,
2112.283203462, 1.017731139,
2112.303635188, 1.012756264,
2112.324066815, 1.014850573,
2112.344498342, 1.018679668,
2112.364930069, 1.018161128,
2112.385361696, 1.018559842,
2112.405793223, 1.015550877,
2112.426224950, 1.014505439,
2112.467088103, 1.015049179,
2112.487519830, 1.015444523,
2112.507951457, 1.013794352,
2112.528383085, 1.016406803,
2112.548814712, 1.015431130,
2112.569246339, 1.017192306,
2112.589677966, 1.015607739,
2112.610109593, 1.015363303,
2112.630541220, 1.016645607,
2112.650972848, 1.014160221,
2112.671404475, 1.014915027,
2112.712267830, 1.013261296,
2112.732699357, 1.012233704,
2112.753131084, 1.012188200,
2112.773562712, 1.013324201,
2112.793994239, 1.016469811,
2112.814425967, 1.014819066,
2112.834857594, 1.015343856,
2112.855289122, 1.013716957,
2112.875720850, 1.015268016,
2112.896152477, 1.014614946,
2112.916584205, 1.013509918,
2112.957447360, 1.016566841,
2112.977879088, 1.015395629,
2112.998310616, 1.013557536,
2113.018742244, 1.012640980,
2113.039173972, 1.015809776,
2113.059605500, 1.015859464,
2113.080037128, 1.015908957,
2113.100468856, 1.015290675,
2113.120900384, 1.016603934,
2113.141332112, 1.015354198,
2113.161763740, 1.014794706,
2113.243490153, 1.017880905,
2113.263921882, 1.015939325,
2113.284353510, 1.016248492,
2113.304785138, 1.016905187,
2113.325216767, 1.015391962,
2113.345648395, 1.016046722,
2113.366080124, 1.017956863,
2113.386511652, 1.017393613,
2113.406943281, 1.013713437,
2113.427375010, 1.015376273,
2113.447806538, 1.016505662,
2113.468238167, 1.016021951,
2113.488669896, 1.014999717,
2113.509101425, 1.016556118,
2113.529533154, 1.018395976,
2113.570396312, 1.016538501,
2113.590828041, 1.017092898,
2113.611259670, 1.017252135,
2113.631691199, 1.016045534,
2113.652122928, 1.016534402,
2113.692986086, 1.014334011,
2113.713417815, 1.018916722,
2113.733849445, 1.015868010,
2113.754281174, 1.017318285,
2113.774712704, 1.014860256,
2113.795144333, 1.013303189,
2113.815575962, 1.016651265,
2113.836007692, 1.017773434,
2113.856439222, 1.017085858,
2113.876870951, 1.014216757,
2113.897302481, 1.016407134,
2113.938165840, 1.017443428,
2113.958597370, 1.021303592,
2113.979029100, 1.020178752,
2113.999460730, 1.015908987,
2114.040323990, 1.017970696,
2114.101618880, 1.017716909,
2114.122050511, 1.015601632,
2114.142482241, 1.016225517,
2114.183345401, 1.018058940,
2114.203777132, 1.016204268,
2114.224208662, 1.015122646,
2114.244640293, 1.014266055,
2114.265072023, 1.017794546,
2114.285503554, 1.015681554,
2114.305935285, 1.015721748,
2114.326366915, 1.014744747,
2114.346798546, 1.015635614,
2114.367230177, 1.017811156,
2114.387661808, 1.015563499,
2114.428525070, 1.016009732,
2114.448956701, 1.016143374,
2114.469388332, 1.018505205,
2114.489819963, 1.016396118,
2114.510251594, 1.016210724,
2114.530683325, 1.016816223,
2114.551114857, 1.015044206,
2114.571546488, 1.018063044,
2114.591978219, 1.014669101,
2114.612409751, 1.015941248,
2114.632841382, 1.015638391,
2114.673704646, 1.014630821,
2114.694136277, 1.017252270,
2114.714568009, 1.015407823,
2114.734999541, 1.018498281,
2114.755431273, 1.017238486,
2114.775862905, 1.015618614,
2114.796294437, 1.014454507,
2114.816726169, 1.015807966,
2114.837157801, 1.015483074,
2114.857589333, 1.015690313,
2114.878021065, 1.015504900,
2114.939315962, 1.017099741,
2114.959747594, 1.015908248,
2114.980179327, 1.015545855,
2115.000610859, 1.017683282,
2115.021042492, 1.019127671,
2115.041474225, 1.018091818,
2115.061905857, 1.019203070,
2115.082337390, 1.016482289,
2115.102769123, 1.016010611,
2115.123200756, 1.020380399,
2115.184495655, 1.020821365,
2115.204927288, 1.015974055,
2115.225358921, 1.015835927,
2115.245790554, 1.017434569,
2115.266222188, 1.019243045,
2115.286653821, 1.016052576,
2115.307085555, 1.013442100,
2115.327517088, 1.013240189,
2115.347948722, 1.015182063,
2115.368380455, 1.016046290,
2115.409243623, 1.017060362,
2115.429675357, 1.016372135,
2115.450106891, 1.014226192,
2115.470538525, 1.016874538,
2115.490970259, 1.014082895,
2115.511401793, 1.015820055,
2115.531833527, 1.015800926,
2115.552265161, 1.019338579,
2115.572696795, 1.017857486,
2115.593128430, 1.016802299,
2115.613560064, 1.019561648,
2115.654423333, 1.020407535,
2115.674854968, 1.015706954,
2115.695286602, 1.018563757,
2115.715718337, 1.014720662,
2115.736149872, 1.016779055,
2115.756581607, 1.013481220,
2115.777013242, 1.016864204,
2115.797444777, 1.014731930,
2115.817876512, 1.017870029,
2115.838308147, 1.015885212,
2115.858739682, 1.017759569,
2115.899603053, 1.014267462,
2115.920034688, 1.018855239,
2115.940466324, 1.014543040,
2115.960897860, 1.015161375,
2115.981329595, 1.023191285,
2116.001761231, 1.019426719,
2116.022192767, 1.015990404,
2116.042624503, 1.017045982,
2116.063056138, 1.019036365,
2116.083487774, 1.016495467,
2116.103919411, 1.018134303,
2116.144782783, 1.022248881,
2116.165214319, 1.016715358,
2116.185645956, 1.017640003,
2116.206077692, 1.017438040,
2116.226509328, 1.017357266,
2116.246940865, 1.015236466,
2116.267372602, 1.018696944,
2116.287804238, 1.016326343,
2116.308235875, 1.017002405,
2116.328667512, 1.017681363,
2116.349099149, 1.016989358,
2116.389962423, 1.015230851,
2116.410394060, 1.017505623,
2116.430825798, 1.018547787,
2116.451257335, 1.014167767,
2116.471688972, 1.016741604,
2116.492120710, 1.017681980,
2116.512552247, 1.015445434,
2116.532983985, 1.018439699,
2116.553415623, 1.017701136,
2116.573847160, 1.017984643,
2116.594278898, 1.018346544,
2116.635142074, 1.015512333,
2116.655573812, 1.017493896,
2116.676005351, 1.015330661,
2116.696437089, 1.018028091,
2116.716868727, 1.015551080,
2116.737300266, 1.016116399,
2116.757732004, 1.016350282,
2116.778163643, 1.014099470,
2116.798595281, 1.017137048,
2116.819026920, 1.016781069,
2116.839458559, 1.023038017,
2116.921185215, 1.012877946,
2116.941616854, 1.016547384,
2116.962048393, 1.015937258,
2116.982480133, 1.017895597,
2117.002911772, 1.017382093,
2117.023343312, 1.017984040,
2117.043775051, 1.016682216,
2117.064206691, 1.017738388,
2117.145933350, 1.017163761,
2117.166364891, 1.018430056,
2117.186796531, 1.015525948,
2117.207228171, 1.016354582,
2117.227659811, 1.016006064,
2117.248091452, 1.014152708,
2117.268523092, 1.017169534,
2117.288954733, 1.015088982,
2117.309386474, 1.016933191,
2117.329818014, 1.017375975,
2117.391112937, 1.017412009,
2117.411544578, 1.020647072,
2117.431976320, 1.018185341,
2117.452407961, 1.019700186,
2117.472839602, 1.017611608,
2117.493271244, 1.018963862,
2117.534134527, 1.017963342,
2117.554566169, 1.017656823,
2117.574997811, 1.023515133,
2117.595429553, 1.017600739,
2117.615861095, 1.017873192,
2117.636292737, 1.016944720,
2117.656724479, 1.017546689,
2117.677156021, 1.016337039,
2117.697587763, 1.017933340,
2117.718019406, 1.017294709,
2117.738450948, 1.017862065,
2117.758882691, 1.017392895,
2117.779314334, 1.017273482,
2117.799745877, 1.018729628,
2117.820177620, 1.017747751,
2117.881472549, 1.019086345,
2117.901904192, 1.018212286,
2117.922335835, 1.018526364,
2117.942767479, 1.023117999,
2117.963199122, 1.016202160,
2117.983630766, 1.018610206,
2118.004062410, 1.018900199,
2118.024494054, 1.017719009,
2118.044925698, 1.015073961,
2118.065357342, 1.017663594,
2118.106220730, 1.013324096,
2118.126652274, 1.020746555,
2118.147084019, 1.017930381,
2118.167515663, 1.018384369,
2118.187947208, 1.016764676,
2118.208378952, 1.015321847,
2118.228810597, 1.017005536,
2118.249242142, 1.015101841,
2118.269673887, 1.014780473,
2118.290105532, 1.018729880,
2118.310537277, 1.017180245,
2118.351400468, 1.015576820,
2118.371832213, 1.018019782,
2118.392263759, 1.019779183,
2118.412695404, 1.014581958,
2118.433127150, 1.019291183,
2118.453558696, 1.017679225,
2118.473990442, 1.014608582,
2118.494422088, 1.017231576,
2118.514853634, 1.019389995,
2118.535285380, 1.018951051,
2118.555717027, 1.016548362,
2118.596580320, 1.015784815,
2118.678306907, 1.019565832,
2118.698738554, 1.017117432,
2118.719170201, 1.016702448,
2118.739601848, 1.015826666,
2118.760033495, 1.017638700,
2118.780465143, 1.017747613,
2118.800896790, 1.018434601,
2118.841760086, 1.016727843,
2118.862191834, 1.017553172,
2118.882623482, 1.017223530,
2118.903055030, 1.018945589,
2118.923486778, 1.016246524,
2118.943918426, 1.019210056,
2118.964349974, 1.014236220,
2118.984781723, 1.016597255,
2119.005213371, 1.018185425,
2119.025644920, 1.017597160,
2119.046076669, 1.017010342,
2119.107371616, 1.018680914,
2119.127803265, 1.018112832,
2119.148235014, 1.020220970,
2119.168666564, 1.017762599,
2119.189098213, 1.020616796,
2119.209529963, 1.019245802,
2119.229961513, 1.018702585,
2119.250393263, 1.011745610,
2119.270824913, 1.018791074,
2119.291256563, 1.015771628,
2119.352551413, 1.014774197,
2119.372983164, 1.018544326,
2119.393414815, 1.016595674,
2119.413846565, 1.017550346,
2119.434278116, 1.015136363,
2119.454709767, 1.018640692,
2119.475141518, 1.015359568,
2119.495573069, 1.017482494,
2119.516004720, 1.018931091,
2119.536436472, 1.017795996,
2119.577299675, 1.015883887,
2119.597731427, 1.015026243,
2119.618162978, 1.020404745,
2119.638594730, 1.019809536,
2119.659026382, 1.014670652,
2119.679457935, 1.018943511,
2119.699889687, 1.016900680,
2119.720321339, 1.020939426,
2119.740752992, 1.017300162,
2119.761184644, 1.015180516,
2119.781616297, 1.016371587,
2119.822479603, 1.017928440,
2119.842911256, 1.019018273,
2119.863343009, 1.017802498,
2119.883774662, 1.015977993,
2119.904206216, 1.019288914,
2119.924637869, 1.016683589,
2119.945069523, 1.023015599,
2119.965501177, 1.016131765,
2119.985932930, 1.017879676,
2120.006364484, 1.017398804,
2120.026796238, 1.019162063,
2120.067659447, 1.017191565,
2120.088091201, 1.014584810,
2120.108522856, 1.019075322,
2120.128954411, 1.014049846,
2120.149386165, 1.019382251,
2120.169817820, 1.016269698,
2120.190249575, 1.018935563,
2120.210681130, 1.019316204,
2120.231112786, 1.021001185,
2120.251544541, 1.018852648,
2120.271976097, 1.018331296,
2120.312839508, 1.016891539,
2120.333271064, 1.017205684,
2120.353702720, 1.018246770,
2120.374134476, 1.016550096,
2120.394566032, 1.019597480,
2120.414997788, 1.014267306,
2120.435429445, 1.019072672,
2120.455861101, 1.021460625,
2120.476292758, 1.017936963,
2120.496724415, 1.020319579,
2120.517156072, 1.019691749,
2120.558019386, 1.016855036,
2120.578451144, 1.021024640,
2120.598882701, 1.019216835,
2120.619314359, 1.017603645,
2120.639746116, 1.018510436,
2120.660177674, 1.016998315,
2120.680609332, 1.018131291,
2120.701041090, 1.019155145,
2120.721472648, 1.021230255,
2120.741904306, 1.019379808,
2120.762336065, 1.021371613,
2120.803199382, 1.016330588,
2120.823631041, 1.020265991,
2120.844062600, 1.017448882,
2120.864494359, 1.021949200,
2120.884926018, 1.018496629,
2120.905357577, 1.017587980,
2120.925789337, 1.019130844,
2120.946220996, 1.018825047,
2120.966652756, 1.017833156,
2120.987084316, 1.021591283,
2121.007515976, 1.023012658,
2121.089242717, 1.016586982,
2121.109674377, 1.021140797,
2121.130105938, 1.019512283,
2121.150537699, 1.017807290,
2121.170969360, 1.020775870,
2121.191401021, 1.018896338,
2121.211832682, 1.017271246,
2121.232264343, 1.019040052,
2121.252696005, 1.017109090,
2121.273127666, 1.017146237,
2121.293559328, 1.015496489,
2121.313990990, 1.018943610,
2121.334422652, 1.017641437,
2121.354854414, 1.021479340,
2121.375285976, 1.020353263,
2121.395717639, 1.018070416,
2121.416149401, 1.019696745,
2121.436580964, 1.016381810,
2121.457012627, 1.018906339,
2121.497875953, 1.020151457,
2121.538739379, 1.018730856,
2121.559170943, 1.019235250,
2121.579602706, 1.018774658,
2121.600034370, 1.017909029,
2121.620466034, 1.018637635,
2121.640897698, 1.020639943,
2121.661329362, 1.017330590,
2121.681761026, 1.021918387,
2121.702192691, 1.023194483,
2121.722624355, 1.017837626,
2121.743056120, 1.020576285,
2121.783919349, 1.019076815,
2121.804351114, 1.021147011,
2121.824782780, 1.016396980,
2121.845214345, 1.020678804,
2121.865646111, 1.021044619,
2121.886077776, 1.017400402,
2121.906509342, 1.021137162,
2121.926941108, 1.015112414,
2121.947372774, 1.020020574,
2121.967804440, 1.019397491,
2121.988236106, 1.015890017,
2122.049531106, 1.019191423,
2122.069962673, 1.019556325,
2122.090394440, 1.023113342,
2122.110826107, 1.017974476,
2122.131257874, 1.019972010,
2122.151689442, 1.019915582,
2122.172121109, 1.018752649,
2122.192552877, 1.016991672,
2122.212984445, 1.016104419,
2122.233416113, 1.016424759,
2122.274279549, 1.019371953,
2122.294711118, 1.022924325,
2122.315142886, 1.019495427,
2122.335574555, 1.022928054,
2122.356006224, 1.021169670,
2122.376437893, 1.022609971,
2122.396869562, 1.018907698,
2122.417301231, 1.023134543,
2122.437732900, 1.020043641,
2122.458164570, 1.020859963,
2122.478596340, 1.021272965,
2122.519459679, 1.019756634,
2122.539891350, 1.022976947,
2122.560322920, 1.020606258,
2122.580754690, 1.020143481,
2122.601186361, 1.020312511,
2122.621617932, 1.015309284,
2122.642049702, 1.017187380,
2122.662481273, 1.020462109,
2122.682913044, 1.018205511,
2122.703344716, 1.019805791,
2122.723776287, 1.020122043,
2122.785071302, 1.017865259,
2122.805503074, 1.021025195,
2122.825934747, 1.022000460,
2122.846366419, 1.014766409,
2122.866798091, 1.020818866,
2122.887229764, 1.020027970,
2122.907661537, 1.020318421,
2122.928093210, 1.022710394,
2122.948524783, 1.019958084,
2122.968956556, 1.017218745,
2123.030251576, 1.019556197,
2123.050683250, 1.017011046,
2123.071115024, 1.021955177,
2123.091546598, 1.020553364,
2123.111978273, 1.020955892,
2123.132410047, 1.019888045,
2123.152841622, 1.019275984,
2123.173273296, 1.020091001,
2123.193705071, 1.020653699,
2123.214136646, 1.019535177,
2123.275431672, 1.021054517,
2123.295863448, 1.019734335,
2123.316295024, 1.019752719,
2123.336726700, 1.020461550,
2123.357158476, 1.021669284,
2123.377590052, 1.021344391,
2123.398021728, 1.017688912,
2123.418453505, 1.022455005,
2123.438885082, 1.021845141,
2123.459316858, 1.020158846,
2123.500180213, 1.023393044,
2123.520611890, 1.019543509,
2123.541043567, 1.019113615,
2123.561475245, 1.021522376,
2123.581906923, 1.018867962,
2123.602338601, 1.022795214,
2123.622770379, 1.023326410,
2123.643202057, 1.021691555,
2123.663633636, 1.020732378,
2123.684065414, 1.021794341,
2123.704497093, 1.023756699,
2123.745360451, 1.021832787,
2123.765792130, 1.021183054,
2123.786223710, 1.020355412,
2123.806655489, 1.024224370,
2123.827087169, 1.020601583,
2123.847518949, 1.018963262,
2123.867950529, 1.020530187,
2123.888382209, 1.023185828,
2123.908813889, 1.021996097,
2123.929245570, 1.020122172,
2123.949677250, 1.017929889,
2123.990540612, 1.022926396,
2124.010972393, 1.022205436,
2124.031403975, 1.021048693,
2124.051835656, 1.020109961,
2124.072267438, 1.020325754,
2124.092699020, 1.022233527,
2124.113130701, 1.020628984,
2124.133562484, 1.022183688,
2124.153994166, 1.020797444,
2124.174425748, 1.021594837,
2124.194857531, 1.021227320,
2124.235720897, 1.020280907,
2124.256152580, 1.023522041,
2124.276584263, 1.018995218,
2124.297016046, 1.020644764,
2124.317447630, 1.023594808,
2124.337879314, 1.020094815,
2124.358311098, 1.022516872,
2124.378742682, 1.023067604,
2124.399174466, 1.024535048,
2124.419606150, 1.021939719,
2124.440037735, 1.020792225,
2124.480901205, 1.020745053,
2124.501332790, 1.018575666,
2124.521764575, 1.019077030,
2124.542196260, 1.019958115,
2124.562627946, 1.020278092,
2124.583059632, 1.024615674,
2124.603491318, 1.021465318,
2124.623923004, 1.022580541,
2124.644354690, 1.022977096,
2124.664786376, 1.020048318,
2124.685218063, 1.024236609,
2124.746513124, 1.016274046,
2124.766944811, 1.020534262,
2124.787376598, 1.021538213,
2124.807808286, 1.020877280,
2124.828239874, 1.021567188,
2124.848671662, 1.022765682,
2124.869103350, 1.022107053,
2124.889534938, 1.023674628,
2124.909966727, 1.020141145,
2124.930398415, 1.021782272,
2124.991693482, 1.021513865,
2125.012125272, 1.020417600,
2125.032556861, 1.023701012,
2125.052988551, 1.019783829,
2125.073420341, 1.022981695,
2125.093851931, 1.021875014,
2125.114283621, 1.021414053,
2125.134715411, 1.019119501,
2125.155147002, 1.023012855,
2125.175578792, 1.025541519,
2125.196010483, 1.017768607,
2125.216442074, 1.021373906,
2125.236873866, 1.020316663,
2125.257305557, 1.021199076,
2125.277737249, 1.020881242,
2125.298168940, 1.022296307,
2125.318600632, 1.019031696,
2125.339032324, 1.023748369,
2125.359464017, 1.022565929,
2125.379895709, 1.020901246,
2125.400327402, 1.021241437,
2125.420759095, 1.020600471,
2125.461622481, 1.021033017,
2125.482054174, 1.020152326,
2125.502485968, 1.020865130,
2125.522917661, 1.020487454,
2125.543349255, 1.017336038,
2125.563781049, 1.020985133,
2125.584212744, 1.022661218,
2125.604644338, 1.021143302,
2125.625076133, 1.022133913,
2125.645507828, 1.021867469,
2125.665939423, 1.021449438,
2125.706802913, 1.019656611,
2125.727234709, 1.018095278,
2125.747666304, 1.019691060,
2125.768098000, 1.022251657,
2125.788529796, 1.021812057,
2125.829393089, 1.023784489,
2125.849824885, 1.021971129,
2125.870256482, 1.022885564,
2125.890688279, 1.022761349,
2125.911119976, 1.021186637,
2125.951983371, 1.020192212,
2125.972414969, 1.024263922,
2125.992846767, 1.020074734,
2126.013278465, 1.021519338,
2126.033710163, 1.020642036,
2126.054141762, 1.023416217,
2126.074573560, 1.021615542,
2126.095005259, 1.021607711,
2126.115436958, 1.019171067,
2126.135868657, 1.022450699,
2126.156300357, 1.023910068,
2126.197163756, 1.020360497,
2126.217595456, 1.020244384,
2126.238027256, 1.023188942,
2126.258458856, 1.022071120,
2126.278890657, 1.021146093,
2126.299322357, 1.022385579,
2126.319753958, 1.022397634,
2126.340185759, 1.022156440,
2126.360617460, 1.022889418,
2126.381049062, 1.022465393,
2126.401480863, 1.021001989,
2126.442344167, 1.020996369,
2126.462775969, 1.022712744,
2126.483207672, 1.022597256,
2126.503639474, 1.021708987,
2126.524071077, 1.021492831,
2126.544502780, 1.021924430,
2126.564934583, 1.020776691,
2126.585366286, 1.021777832,
2126.605797890, 1.024251505,
2126.626229594, 1.020721112,
2126.646661398, 1.022165477,
2126.687524806, 1.019669616,
2126.707956410, 1.020955701,
2126.728388215, 1.020904150,
2126.748819920, 1.024711266,
2126.769251525, 1.020701291,
2126.789683330, 1.022506508,
2126.810115036, 1.020551461,
2126.830546841, 1.021535567,
2126.850978447, 1.021254447,
2126.871410153, 1.021357079,
2126.891841959, 1.022212353,
2126.953137079, 1.020406005,
2126.973568686, 1.023192519,
2126.994000393, 1.020490034,
2127.014432200, 1.021844837,
2127.034863808, 1.021206713,
2127.055295616, 1.021986180,
2127.075727324, 1.022937318,
2127.096158932, 1.023172929,
2127.116590740, 1.021910476,
2127.137022449, 1.024693869,
2127.198317576, 1.025209528,
2127.218749385, 1.023442968,
2127.239180995, 1.022683883,
2127.259612704, 1.022594343,
2127.280044414, 1.025119602,
2127.300476124, 1.021655576,
2127.320907835, 1.018268350,
2127.341339645, 1.022265616,
2127.361771256, 1.021459846,
2127.382202967, 1.021220726,
2127.423066389, 1.024688470,
2127.443498201, 1.023560975,
2127.463929913, 1.025805194,
2127.484361524, 1.024600650,
2127.504793337, 1.026467041,
2127.525225049, 1.021699998,
2127.545656662, 1.023956788,
2127.566088474, 1.022109970,
2127.586520187, 1.021627921,
2127.606952000, 1.025693841,
2127.627383614, 1.024191574,
2127.688678755, 1.024587028,
2127.709110469, 1.024788489,
2127.729542283, 1.023379424,
2127.749973898, 1.019347246,
2127.770405713, 1.023780824,
2127.790837428, 1.022522693,
2127.811269143, 1.023336303,
2127.831700858, 1.025140697,
2127.852132574, 1.022763250,
2127.872564290, 1.020769364,
2127.913427722, 1.020575855,
2127.933859438, 1.019632962,
2127.954291155, 1.022689521,
2127.974722872, 1.022348545,
2127.995154689, 1.024131195,
2128.015586306, 1.024449476,
2128.036018023, 1.022900309,
2128.056449841, 1.023497367,
2128.076881459, 1.022495417,
2128.097313177, 1.023513309,
2128.117744995, 1.025005002,
2128.158608432, 1.025431800,
2128.179040151, 1.022800893,
2128.199471770, 1.024715892,
2128.219903590, 1.022897987,
2128.240335309, 1.022520372,
2128.260766929, 1.022415055,
2128.281198749, 1.026587975,
2128.301630469, 1.020705002,
2128.322062089, 1.023199098,
2128.342493910, 1.025285373,
2128.362925631, 1.024253531,
2128.424220794, 1.026444277,
2128.444652616, 1.023804819,
2128.465084338, 1.022789676,
2128.485515960, 1.026585472,
2128.505947782, 1.022946891,
2128.526379504, 1.017860316,
2128.546811227, 1.021908635,
2128.567242950, 1.026576943,
2128.587674673, 1.023643944,
2128.608106396, 1.025954320,
2128.628538120, 1.026228874,
2128.648969844, 1.024589324,
2128.669401568, 1.024317891,
2128.689833292, 1.023721284,
2128.710265116, 1.022551724,
2128.730696741, 1.023375740,
2128.751128466, 1.023233430,
2128.771560291, 1.022560897,
2128.791991916, 1.025047378,
2128.812423641, 1.025648102,
2128.832855467, 1.026642463,
2128.853287093, 1.026904565,
2128.914582272, 1.024913510,
2128.935014099, 1.026043045,
2128.955445826, 1.023570830,
2128.975877553, 1.022438612,
2128.996309280, 1.024131192,
2129.016741008, 1.022697605,
2129.037172736, 1.023685794,
2129.057604464, 1.023309268,
2129.078036192, 1.022801867,
2129.098468021, 1.024395215,
2129.159763207, 1.022825679,
2129.180194937, 1.026596923,
2129.200626566, 1.023619748,
2129.221058396, 1.020229421,
2129.241490126, 1.022974816,
2129.261921857, 1.032895139,
2129.282353587, 1.023554340,
2129.302785318, 1.025146133,
2129.323217049, 1.024270538,
2129.343648780, 1.025220356,
2129.384512243, 1.023782538,
2129.404943975, 1.022604033,
2129.425375607, 1.024309648,
2129.445807439, 1.024005385,
2129.466239172, 1.025811351,
2129.486671004, 1.024784177,
2129.507102637, 1.023099029,
2129.527534370, 1.024768941,
2129.547966204, 1.023995299,
2129.568397837, 1.025103774,
2129.588829571, 1.024415805,
2129.650124874, 1.025521706,
2129.670556609, 1.023260719,
2129.690988344, 1.023790611,
2129.711420079, 1.025257727,
2129.731851814, 1.026182716,
2129.752283550, 1.023403627,
2129.772715286, 1.024448109,
2129.793147022, 1.022559454,
2129.813578758, 1.025780634,
2129.834010595, 1.025100316,
2129.874874069, 1.027611542,
2129.895305806, 1.025331613,
2129.915737443, 1.024889199,
2129.936169281, 1.023147789,
2129.956601019, 1.026213433,
2129.977032657, 1.024526690,
2129.997464495, 1.026717127,
2130.017896134, 1.022190563,
2130.038327973, 1.021816405,
2130.058759712, 1.021501941,
2130.079191351, 1.024883711,
2130.120054930, 1.026390507,
2130.140486570, 1.024778873,
2130.160918411, 1.022420678,
2130.181350151, 1.022980455,
2130.201781992, 1.027764924,
2130.222213633, 1.024972479,
2130.242645374, 1.023403231,
2130.263077215, 1.022415506,
2130.283508857, 1.023799633,
2130.303940599, 1.024171699,
2130.324372441, 1.023466657,
2130.365235826, 1.024746466,
2130.385667668, 1.027006856,
2130.406099411, 1.026545663,
2130.426531155, 1.026724050,
2130.446962898, 1.023267487,
2130.467394642, 1.025141483,
2130.487826486, 1.025421420,
2130.508258130, 1.023617607,
2130.528689874, 1.023271443,
2130.549121719, 1.024149416,
2130.569553364, 1.024022247,
2130.630848600, 1.025044861,
2130.651280446, 1.023015926,
2130.671712092, 1.022965923,
2130.692143838, 1.026582868,
2130.712575685, 1.024385963,
2130.733007331, 1.022400772,
2130.753439178, 1.025136006,
2130.773870926, 1.024776106,
2130.794302573, 1.024567196,
2130.814734421, 1.025490287,
2130.876029665, 1.026198111,
2130.896461414, 1.025843633,
2130.916893163, 1.024910456,
2130.937324912, 1.024655984,
2130.957756662, 1.026176792,
2130.978188511, 1.025519467,
2130.998620261, 1.027094239,
2131.019051911, 1.025734121,
2131.039483762, 1.027802969,
2131.059915512, 1.024253976,
2131.121210765, 1.026374539,
2131.141642517, 1.025911461,
2131.162074269, 1.026203870,
2131.182506021, 1.026548203,
2131.202937873, 1.022434584,
2131.223369526, 1.026121213,
2131.243801278, 1.026272706,
2131.264233032, 1.024684396,
2131.284664785, 1.026280396,
2131.305096638, 1.024426445,
2131.366391900, 1.022471518,
2131.386823555, 1.025778854,
2131.407255310, 1.024585371,
2131.427687165, 1.024683782,
2131.448118820, 1.026605914,
2131.468550575, 1.027808658,
2131.488982431, 1.024712010,
2131.509414087, 1.024450977,
2131.529845943, 1.025243367,
2131.550277700, 1.026340864,
2131.591141213, 1.026985306,
2131.611572970, 1.025186053,
2131.632004728, 1.026853251,
2131.652436586, 1.025303587,
2131.672868244, 1.026806251,
2131.693300102, 1.027215719,
2131.713731860, 1.027090845,
2131.734163519, 1.027292632,
2131.754595378, 1.025084000,
2131.775027137, 1.025726738,
2131.795458796, 1.023492987,
2131.856754276, 1.027866301,
2131.877185937, 1.024659778,
2131.897617697, 1.030458127,
2131.918049458, 1.024699715,
2131.938481219, 1.022639501,
2131.958912981, 1.025588627,
2131.979344743, 1.024969863,
2131.999776504, 1.026348448,
2132.020208267, 1.025050798,
2132.040640029, 1.028724598,
2132.061071792, 1.025071447,
2132.081503655, 1.026394617,
2132.101935318, 1.022885117,
2132.122367081, 1.026224452,
2132.142798945, 1.027699065,
2132.163230609, 1.025300460,
2132.183662373, 1.027301978,
2132.204094238, 1.026883524,
2132.224526003, 1.027502730,
2132.244957768, 1.023524202,
2132.265389533, 1.023896349,
2132.285821298, 1.026012982,
2132.326684830, 1.025673656,
2132.347116596, 1.025635610,
2132.367548463, 1.025181425,
2132.387980129, 1.025088636,
2132.408411997, 1.023239901,
2132.428843764, 1.027901609,
2132.449275431, 1.027305818,
2132.469707299, 1.026847437,
2132.490139067, 1.024751332,
2132.510570735, 1.026392358,
2132.531002604, 1.027685948,
2132.571866042, 1.024887852,
2132.592297911, 1.024238829,
2132.612729681, 1.023780986,
2132.633161451, 1.027175839,
2132.653593221, 1.025662400,
2132.674024891, 1.025070768,
2132.694456762, 1.027663868,
2132.714888533, 1.024118098,
2132.735320304, 1.026174775,
2132.755752075, 1.027942573,
2132.776183847, 1.024412941,
2132.837479164, 1.026641047,
2132.857911036, 1.026295559,
2132.878342809, 1.026684736,
2132.898774483, 1.025844359,
2132.919206356, 1.027088337,
2132.939638130, 1.028484107,
2132.960069904, 1.026325001,
2132.980501678, 1.026450508,
2133.000933453, 1.026518060,
2133.021365327, 1.028203786,
2133.082660653, 1.027562439,
2133.103092329, 1.028506037,
2133.123524205, 1.024590805,
2133.143955982, 1.027651166,
2133.164387659, 1.026912154,
2133.184819535, 1.027548029,
2133.205251313, 1.024684757,
2133.225682990, 1.026007441,
2133.246114868, 1.025567132,
2133.266546646, 1.024392977,
2133.307410203, 1.027847476,
2133.327841881, 1.029233395,
2133.348273760, 1.026439479,
2133.368705540, 1.024499407,
2133.389137219, 1.024703748,
2133.409569099, 1.027072464,
2133.430000879, 1.023070717,
2133.450432660, 1.025226484,
2133.470864440, 1.025062339,
2133.491296221, 1.027738671,
2133.511728103, 1.024961629,
2133.552591566, 1.027533446,
2133.573023448, 1.026202261,
2133.593455230, 1.029048257,
2133.613886913, 1.029079992,
2133.634318795, 1.025845875,
2133.654750578, 1.026994801,
2133.675182462, 1.026838633,
2133.695614145, 1.027085141,
2133.716045929, 1.030214305,
2133.736477813, 1.026150988,
2133.756909498, 1.027566046,
2133.777341283, 1.023643523,
2133.797773168, 1.026890599,
2133.818204853, 1.024688969,
2133.838636638, 1.026536291,
2133.859068524, 1.029260353,
2133.879500210, 1.025041180,
2133.899932097, 1.027271706,
2133.920363883, 1.023853257,
2133.940795570, 1.021796289,
2133.961227457, 1.027314166,
2133.981659145, 1.026635651,
2134.002091032, 1.027509502,
2134.063386397, 1.025806596,
2134.083818186, 1.027577480,
2134.104249975, 1.026172571,
2134.124681764, 1.026430887,
2134.145113554, 1.025539476,
2134.165545344, 1.027499399,
2134.185977134, 1.028461794,
2134.206408925, 1.024812375,
2134.226840715, 1.024864862,
2134.247272606, 1.026995323,
2134.267704298, 1.025930053,
2134.288136189, 1.025787034,
2134.308567981, 1.024627703,
2134.328999673, 1.025070525,
2134.349431566, 1.026219393,
2134.369863358, 1.026947086,
2134.390295051, 1.025076694,
2134.410726945, 1.023933978,
2134.431158738, 1.026717497,
2134.451590632, 1.025565447,
2134.472022326, 1.026265380,
2134.492454120, 1.026036265,
2134.553749505, 1.026451862,
2134.574181300, 1.031409417,
2134.594613096, 1.025947702,
2134.615044992, 1.024683432,
2134.635476788, 1.027150932,
2134.655908485, 1.024727676,
2134.676340382, 1.023836300,
2134.696772079, 1.026439123,
2134.717203877, 1.026110124,
2134.737635774, 1.026698927,
2134.798931169, 1.024478578,
2134.819362968, 1.023511173,
2134.839794767, 1.027991478,
2134.860226567, 1.026332028,
2134.880658366, 1.030841555,
2134.901090266, 1.025513211,
2134.921521967, 1.026235034,
2134.941953767, 1.025208839,
2134.962385668, 1.022067710,
2134.982817369, 1.027089554,
2135.044112774, 1.024070164,
2135.064544677, 1.026013389,
2135.084976479, 1.021005321,
2135.105408182, 1.024175434,
2135.125840085, 1.027084589,
2135.146271888, 1.027211813,
2135.166703792, 1.024254677,
2135.187135496, 1.023174841,
2135.207567301, 1.026745773,
2135.227999205, 1.027185186,
2135.268862715, 1.025057923,
2135.289294621, 1.025248689,
2135.309726326, 1.027597684,
2135.330158132, 1.027575625,
2135.350589939, 1.027588166,
2135.371021745, 1.026952583,
2135.391453652, 1.026125441,
2135.411885459, 1.025008328,
2135.432317167, 1.026093475,
2135.452749074, 1.025248608,
2135.473180882, 1.025220089,
2135.534476308, 1.024655071,
2135.554908217, 1.028872669,
2135.575339927, 1.024956688,
2135.595771737, 1.027888196,
2135.616203647, 1.027408639,
2135.636635357, 1.025794961,
2135.657067168, 1.027045152,
2135.677499079, 1.022977780,
2135.697930790, 1.023879107,
2135.718362702, 1.025733388,
2135.779658138, 1.024339611,
2135.800089951, 1.024524032,
2135.820521664, 1.022299584,
2135.840953577, 1.018045282,
2135.861385391, 1.019960405,
2135.881817205, 1.026447532,
2135.902249019, 1.026566430,
2135.943112748, 1.024706690,
2135.963544463, 1.025506637,
2135.983976278, 1.020791384,
2136.004408094, 1.024305725,
2136.024839910, 1.025863975,
2136.045271726, 1.025333225,
2136.065703643, 1.024223996,
2136.086135360, 1.024650616,
2136.106567277, 1.022396503,
2136.126999094, 1.024469679,
2136.147430812, 1.026828812,
2136.167862730, 1.025784704,
2136.188294549, 1.025516439,
2136.208726267, 1.023390509,
2136.249590005, 1.025318086,
2136.270021925, 1.029215071,
2136.290453645, 1.023561831,
2136.310885465, 1.025567449,
2136.331317385, 1.024751568,
2136.351749106, 1.025518308,
2136.372180927, 1.025280739,
2136.392612848, 1.026055182,
2136.413044570, 1.024969610,
2136.433476392, 1.022223706,
2136.453908314, 1.018173744,
2136.515203783, 1.025449275,
2136.535635606, 1.023315788,
2136.556067430, 1.024107226,
2136.576499254, 1.025957854,
2136.596931078, 1.029387615,
2136.617362903, 1.026273231,
2136.637794728, 1.023750767,
2136.658226553, 1.024216397,
2136.678658379, 1.025602638,
2136.699090205, 1.026611796,
2136.760385684, 1.028697860,
2136.780817611, 1.023822486,
2136.801249339, 1.027377422,
2136.821681267, 1.024792267,
2136.842113094, 1.024270735,
2136.862544823, 1.025389114,
2136.882976751, 1.024330527,
2136.903408580, 1.024127763,
2136.923840310, 1.027684702,
2136.944272239, 1.022057459,
2137.005567730, 1.021242829,
2137.025999560, 1.021714339,
2137.046431491, 1.028020174,
2137.066863223, 1.027130262,
2137.087295054, 1.025641464,
2137.107726987, 1.024210297,
2137.128158719, 1.024658872,
2137.148590552, 1.024804836,
2137.169022484, 1.023537658,
2137.189454318, 1.023012190,
2137.271181654, 1.026453318,
2137.291613488, 1.021625948,
2137.312045324, 1.022760329,
2137.332477159, 1.026018768,
2137.352908995, 1.021224577,
2137.373340831, 1.023607487,
2137.393772667, 1.025741034,
2137.414204504, 1.026202591,
2137.434636441, 1.024407587,
2137.495931954, 1.027301257,
2137.516363692, 1.025444856,
2137.536795630, 1.020111966,
2137.557227469, 1.023881274,
2137.577659208, 1.022404279,
2137.598091148, 1.024993352,
2137.618522988, 1.023133556,
2137.638954728, 1.025073889,
2137.659386668, 1.027189101,
2137.679818509, 1.025269825,
2137.720682191, 1.023878755,
2137.741114033, 1.024216371,
2137.761545975, 1.022804425,
2137.781977717, 1.025412248,
2137.802409560, 1.028228033,
2137.822841503, 1.024251035,
2137.843273246, 1.027103129,
2137.863705090, 1.024425513,
2137.884137033, 1.023324011,
2137.904568878, 1.024134184,
2137.925000722, 1.026003979,
2137.965864312, 1.023876195,
2137.986296258, 1.024246108,
2138.006728103, 1.023820762,
2138.027159850, 1.022958646,
2138.047591796, 1.023399918,
2138.068023643, 1.025771622,
2138.088455590, 1.024512418,
2138.108887337, 1.028264552,
2138.129319185, 1.024169166,
2138.149751133, 1.024872064,
2138.170182881, 1.025749320,
2138.231478428, 1.027016338,
2138.251910378, 1.022446152,
2138.272342228, 1.026069112,
2138.292773978, 1.023076124,
2138.313205929, 1.023187127,
2138.333637780, 1.030927232,
2138.354069531, 1.021512344,
2138.374501483, 1.023373669,
2138.394933335, 1.024406495,
2138.415365187, 1.021909426,
2138.435797039, 1.024412532,
2138.456228892, 1.024160705,
2138.476660845, 1.024202126,
2138.497092599, 1.022182138,
2138.517524453, 1.021518770,
2138.537956407, 1.025709409,
2138.558388261, 1.024068740,
2138.578820016, 1.027323189,
2138.599251971, 1.025387537,
2138.619683727, 1.024074138,
2138.640115682, 1.024235185,
2138.660547539, 1.026716855,
2138.721843109, 1.021338155,
2138.742274866, 1.022454985,
2138.762706824, 1.021759668,
2138.783138682, 1.022457264,
