BJD - 2454833, Corrected Flux
2061.305810696, 0.983291059,
2061.326242997, 0.981404323,
2061.346675196, 0.979027462,
2061.367107295, 0.985825762,
2061.387539594, 0.988652150,
2061.489700681, 1.002304195,
2061.510132777, 1.001889193,
2061.530564972, 1.001474916,
2061.550997267, 1.003449387,
2061.571429462, 1.000504414,
2061.591861556, 0.999933141,
2061.612293850, 0.994199104,
2061.632726043, 0.997444361,
2061.653158136, 0.999323210,
2061.673590428, 0.997095822,
2061.694022620, 0.999942788,
2061.714454811, 0.997575513,
2061.734887003, 0.996668036,
2061.755319193, 0.997406030,
2061.775751383, 1.001507912,
2061.796183573, 1.001876409,
2061.816615762, 1.004690709,
2061.837047951, 1.005395776,
2061.857480139, 1.012458533,
2061.877912227, 1.012062963,
2061.898344515, 1.014748039,
2061.918776701, 1.020068648,
2061.939208888, 1.020650424,
2061.959641074, 1.020922961,
2061.980073260, 1.028017230,
2062.000505545, 1.028192900,
2062.020937630, 1.031373801,
2062.041369814, 1.027159820,
2062.061802098, 1.030448981,
2062.082234181, 1.034142382,
2062.102666364, 1.033929456,
2062.123098647, 1.035122076,
2062.143530829, 1.032287629,
2062.163962910, 1.035279660,
2062.225259452, 1.023590616,
2062.245691732, 1.018860453,
2062.266123912, 1.009587262,
2062.286555991, 1.011868509,
2062.306988269, 1.008651647,
2062.327420447, 1.012234547,
2062.347852725, 0.998485002,
2062.368284802, 1.008943869,
2062.388716979, 1.007495945,
2062.409149255, 0.999865784,
2062.429581331, 1.003664794,
2062.450013506, 1.001530769,
2062.470445681, 1.004510499,
2062.490877855, 0.999685322,
2062.511310029, 1.000299674,
2062.531742203, 1.000142039,
2062.552174376, 1.005237178,
2062.572606549, 1.005032858,
2062.593038721, 1.006449147,
2062.613470893, 1.004900082,
2062.633903064, 1.006212334,
2062.654335335, 1.007520429,
2062.674767405, 1.011003578,
2062.695199675, 1.008567796,
2062.715631845, 1.013052572,
2062.736063914, 1.012677196,
2062.756496182, 1.014953613,
2062.776928351, 1.012690545,
2062.797360419, 1.012041995,
2062.817792686, 1.005601669,
2062.838224853, 1.001873708,
2062.858656920, 1.004719693,
2062.879089185, 1.006030809,
2062.899521351, 1.006058562,
2062.919953416, 1.004381710,
2062.940385681, 1.006258538,
2062.960817845, 1.005745536,
2062.981250009, 1.001753894,
2063.001682173, 1.006169026,
2063.022114335, 1.004976150,
2063.042546498, 1.005658142,
2063.062978660, 1.006847696,
2063.083410822, 1.003390245,
2063.103843083, 1.005512111,
2063.124275243, 1.003787795,
2063.144707304, 1.003490097,
2063.165139563, 1.004664575,
2063.185571723, 1.006053212,
2063.206003782, 1.002037940,
2063.226436041, 1.003946914,
2063.246868098, 1.008121871,
2063.267300256, 1.009486285,
2063.287732513, 1.013777944,
2063.308164570, 1.011964857,
2063.328596726, 1.014692647,
2063.349028982, 1.021530891,
2063.369461038, 1.021144555,
2063.389893193, 1.021539475,
2063.410325447, 1.027079331,
2063.430757501, 1.025986040,
2063.451189655, 1.031013941,
2063.471621909, 1.030823943,
2063.492054061, 1.034956742,
2063.512486214, 1.034666173,
2063.532918365, 1.036233076,
2063.553350517, 1.037953003,
2063.573782668, 1.041488512,
2063.594214819, 1.047544569,
2063.614646969, 1.051186503,
2063.635079219, 1.052697169,
2063.696375665, 1.027677616,
2063.716807713, 1.029468774,
2063.737239861, 1.035074081,
2063.757672108, 1.036861536,
2063.778104155, 1.036389992,
2063.798536301, 1.031035265,
2063.818968547, 1.027203313,
2063.839400592, 1.032748212,
2063.859832737, 1.026566027,
2063.880264982, 1.022482358,
2063.900697026, 1.021263779,
2063.921129269, 1.024191842,
2063.941561413, 1.018188890,
2063.961993456, 1.009283252,
2063.982425698, 1.010812631,
2064.002857840, 1.004458293,
2064.023289881, 0.993269411,
2064.043722122, 0.993250549,
2064.064154263, 0.987905756,
2064.084586303, 0.988728007,
2064.105018543, 0.985888901,
2064.125450683, 0.988863368,
2064.554525508, 1.015956615,
2064.574957738, 1.017740379,
2064.595389867, 1.017437141,
2064.615821896, 1.013389827,
2064.636254125, 1.012009778,
2064.656686253, 1.015206025,
2064.738414661, 1.008675745,
2064.758846887, 1.010543391,
2064.779278913, 1.011376335,
2064.799711138, 1.011670371,
2064.820143262, 1.012499049,
2064.840575387, 1.008793367,
2064.861007510, 1.012136805,
2064.922303880, 1.027063832,
2064.942736002, 1.027527993,
2064.963168123, 1.025899564,
2064.983600345, 1.026584331,
2065.004032365, 1.029698600,
2065.024464486, 1.027750737,
2065.044896706, 1.029044712,
2065.065328725, 1.035095596,
2065.085760844, 1.033272262,
2065.106193063, 1.035193864,
2065.126625081, 1.033109872,
2065.147057199, 1.035166041,
2065.167489417, 1.033823810,
2065.187921433, 1.036828952,
2065.208353650, 1.043043631,
2065.249217782, 1.033688114,
2065.269649997, 1.038343664,
2065.290082112, 1.029137791,
2065.310514227, 1.033841133,
2065.330946341, 1.029982360,
2065.351378454, 1.030168543,
2065.371810568, 1.031739531,
2065.392242680, 1.029133685,
2065.412674792, 1.025776666,
2065.433106905, 1.025762788,
2065.453539016, 1.019747434,
2065.473971127, 1.011397215,
2065.494403138, 1.011479627,
2065.514835348, 1.007171680,
2065.535267458, 1.007091843,
2065.555699467, 1.002918193,
2065.576131676, 0.999107611,
2065.596563785, 0.996654834,
2065.657860107, 1.003182686,
2065.678292314, 1.009561601,
2065.698724321, 1.009376055,
2065.719156427, 1.007919591,
2065.739588632, 1.005237315,
2065.760020638, 1.005637281,
2065.780452742, 1.001653597,
2065.800884947, 0.995740740,
2065.821317051, 0.997123637,
2065.841749054, 0.996959009,
2065.862181257, 0.992288545,
2065.882613360, 1.000031048,
2065.903045362, 1.009707197,
2065.923477564, 1.009299455,
2065.943909665, 1.011506734,
2065.964341666, 1.010234296,
2065.984773866, 1.018563028,
2066.005205966, 1.015847240,
2066.025637966, 1.017186809,
2066.046070165, 1.017636749,
2066.066502264, 1.017876672,
2066.086934463, 1.014126627,
2066.148230655, 1.013745195,
2066.168662752, 1.014463576,
2066.189094849, 1.011684679,
2066.209526945, 1.009820528,
2066.229959040, 1.009131800,
2066.250391135, 1.007294800,
2066.270823230, 1.011027831,
2066.291255324, 1.001903899,
2066.311687418, 1.007410617,
2066.332119611, 1.010448603,
2066.393415889, 1.010146514,
2066.413847881, 1.008937474,
2066.434279972, 1.016894454,
2066.454712163, 1.014005707,
2066.475144153, 1.016224796,
2066.495576244, 1.017138133,
2066.516008433, 1.024166463,
2066.536440422, 1.028690168,
2066.556872611, 1.033964563,
2066.577304700, 1.030753595,
2066.597736688, 1.037111637,
2066.618168875, 1.042877278,
2066.638600962, 1.043410600,
2066.659033049, 1.048531674,
2066.679465136, 1.051145885,
2066.699897222, 1.054004069,
2066.720329307, 1.051208618,
2066.740761392, 1.049350302,
2066.761193477, 1.045540433,
2066.781625561, 1.045452575,
2066.802057745, 1.039319317,
2066.822489729, 1.034553043,
2066.863353895, 1.028508935,
2066.883785976, 1.018373506,
2066.904218058, 1.018031401,
2066.924650240, 1.010681787,
2066.945082221, 1.009644749,
2066.965514201, 1.010668457,
2066.985946382, 1.002341148,
2067.006378461, 1.008582570,
2067.026810641, 1.005288672,
2067.047242619, 1.008356382,
2067.067674698, 1.006944092,
2067.088106876, 1.006073782,
2067.108538854, 1.007896009,
2067.128970931, 1.004345471,
2067.149403108, 1.001053313,
2067.169835185, 0.996623043,
2067.190267160, 1.001260778,
2067.210699336, 0.998462286,
2067.231131411, 0.997343052,
2067.251563386, 1.005695092,
2067.271995561, 1.010197159,
2067.292427635, 1.011784403,
2067.312859608, 1.009785481,
2067.353723854, 1.000867582,
2067.374155827, 1.001129573,
2067.394587998, 1.003702638,
2067.415020070, 1.003942449,
2067.435452041, 1.005738203,
2067.455884212, 1.010646432,
2067.476316282, 1.008950253,
2067.496748452, 1.012239426,
2067.517180422, 1.014446880,
2067.537612491, 1.017997628,
2067.558044659, 1.014847051,
2067.578476628, 1.017956487,
2067.598908696, 1.021381223,
2067.619340763, 1.016300023,
2067.639772930, 1.013526272,
2067.660204897, 1.009088114,
2067.680636963, 1.006723215,
2067.701069029, 1.012904983,
2067.721501094, 1.018775549,
2067.741933260, 1.019218754,
2067.762365224, 1.014009902,
2067.782797289, 1.014360740,
2067.803229452, 1.012877931,
2067.864525641, 1.005571735,
2067.884957604, 1.006944607,
2067.905389765, 1.013440924,
2067.925821827, 1.011862762,
2067.946253788, 1.020312040,
2067.966685948, 1.021693209,
2067.987118009, 1.026504577,
2068.007550068, 1.035925174,
2068.027982128, 1.035754060,
2068.048414187, 1.032670622,
2068.130142418, 1.052675717,
2068.150574575, 1.055373617,
2068.171006532, 1.063672848,
2068.191438588, 1.066707112,
2068.211870744, 1.061397391,
2068.232302699, 1.058778404,
2068.252734754, 1.051965444,
2068.273166908, 1.045590604,
2068.293598863, 1.042729127,
2068.314030916, 1.040709814,
2068.334463070, 1.037315926,
2068.354895023, 1.032229488,
2068.375327175, 1.026823254,
2068.395759127, 1.027476188,
2068.416191179, 1.024339038,
2068.436623331, 1.020813029,
2068.457055281, 1.019017387,
2068.477487332, 1.013648018,
2068.497919482, 1.016957830,
2068.518351432, 1.010376790,
2068.538783481, 1.014238601,
2068.559215630, 1.011704601,
2068.579647679, 1.007287611,
2068.600079627, 1.008977048,
2068.620511774, 0.997072870,
2068.640943822, 1.000762570,
2068.661375769, 1.003030981,
2068.681807915, 0.999278162,
2068.702239962, 0.997476984,
2068.722671907, 0.996432497,
2068.743104053, 0.996138408,
2068.763536097, 1.000387454,
2068.783968242, 1.003005365,
2068.845264373, 1.009899967,
2068.865696316, 1.006544306,
2068.886128359, 1.005261613,
2068.906560501, 1.001365131,
2068.926992443, 1.002526019,
2068.947424484, 1.001122595,
2068.967856625, 1.002507710,
2068.988288666, 1.005676257,
2069.008720606, 1.004044038,
2069.049584785, 1.014685592,
2069.070016724, 1.009225210,
2069.090448863, 1.015855541,
2069.110880801, 1.018189502,
2069.131312839, 1.019969664,
2069.151744976, 1.012937859,
2069.172177013, 1.007650546,
2069.192608950, 1.009746950,
2069.213041086, 1.010516478,
2069.233473022, 1.004620233,
2069.253905157, 1.010383027,
2069.274337192, 1.012872290,
2069.315201261, 1.002843556,
2069.335633295, 1.003128046,
2069.356065229, 1.007851999,
2069.376497362, 1.012771932,
2069.396929394, 1.015949200,
2069.417361427, 1.014824122,
2069.437793459, 1.016320700,
2069.458225490, 1.015372033,
2069.478657521, 1.018417638,
2069.499089552, 1.024123976,
2069.519521582, 1.034671864,
2069.580817671, 1.026884628,
2069.601249700, 1.029467642,
2069.621681828, 1.028921186,
2069.642113756, 1.033888702,
2069.662545884, 1.045288643,
2069.682977911, 1.046839504,
2069.703409838, 1.054026653,
2069.723841964, 1.052714091,
2069.744273990, 1.056919976,
2069.764705916, 1.049262488,
2069.785138041, 1.053573338,
2069.805570066, 1.049213638,
2069.826001991, 1.047089972,
2069.846434115, 1.049113522,
2069.866866039, 1.051239776,
2069.887298162, 1.049623802,
2069.907730185, 1.043070321,
2069.928162207, 1.029868485,
2069.948594129, 1.018980184,
2069.969026251, 1.022326179,
2069.989458273, 1.013995290,
2070.009890194, 1.024843927,
2070.091618374, 1.011191025,
2070.112050393, 1.003371655,
2070.152914429, 0.992504294,
2070.173346447, 0.995256404,
2070.193778565, 0.987878897,
2070.214210482, 0.981682441,
2070.234642499, 0.996117382,
2070.255074615, 0.997688880,
2070.275506531, 0.989539253,
2070.295938547, 1.001155508,
2070.316370662, 1.004587169,
2070.336802576, 0.997103789,
2070.357234591, 1.010162115,
2070.398098718, 1.008865360,
2070.418530632, 1.013257353,
2070.438962745, 1.006471562,
2070.479826669, 1.013398772,
2070.500258781, 1.023701942,
2070.541122903, 1.016995354,
2070.561554814, 1.002567495,
2070.581986724, 1.011441846,
2070.602418834, 1.003757461,
2070.622850843, 0.996400630,
2070.643282752, 1.001457812,
2070.663714861, 1.009860286,
2070.704578777, 1.014460349,
2070.725010884, 1.015668847,
2070.745442892, 1.012427534,
2070.765874898, 1.018779512,
2070.786306905, 1.017087811,
2070.806738911, 1.010481017,
2070.827170916, 1.004060288,
2070.868034926, 1.007696823,
2070.888466931, 1.019336407,
2070.908899035, 1.016346973,
2070.929330939, 1.019583825,
2070.949763042, 1.019848485,
2070.970195045, 1.017118121,
2070.990626948, 1.008862186,
2071.031491051, 1.018681170,
2071.051922953, 1.019541833,
2071.072355054, 1.028684063,
2071.092787054, 1.038147484,
2071.113218955, 1.029548854,
2071.133651054, 1.041606381,
2071.154083054, 1.043188533,
2071.174514953, 1.034813575,
2071.194947052, 1.048606130,
2071.215379051, 1.052739021,
2071.235811048, 1.056076580,
2071.297107040, 1.062108771,
2071.317539037, 1.057861010,
2071.337971033, 1.045028460,
2071.358403029, 1.040122747,
2071.378835024, 1.035813721,
2071.399267019, 1.036002965,
2071.440131008, 1.034336394,
2071.460563002, 1.032389742,
2071.480995095, 1.029569186,
2071.501426988, 1.024525674,
2071.521858981, 1.017101500,
2071.542291073, 1.023410468,
2071.562722965, 1.017161279,
2071.583154957, 1.015637981,
2071.603587048, 1.002854796,
2071.624018939, 1.012283425,
2071.644450929, 1.004350503,
2071.664883020, 1.011837591,
2071.685314909, 1.010476162,
2071.705746899, 1.000572298,
2071.726178987, 1.005117408,
2071.746610976, 0.991509956,
2071.767042965, 1.001499137,
2071.787474952, 0.991334345,
2071.807906940, 1.002359521,
2071.828338927, 1.005667894,
2071.869202900, 0.999867105,
2071.889634986, 1.002949049,
2071.930498857, 1.008225688,
2071.950930941, 1.007678406,
2071.971362826, 1.007951103,
2072.053090760, 0.993460147,
2072.073522743, 0.996931459,
2072.093954725, 1.006208290,
2072.114386707, 1.005341802,
2072.155250670, 0.991569237,
2072.175682651, 0.999991749,
2072.216546611, 1.002013481,
2072.236978691, 0.992858069,
2072.257410670, 0.996862084,
2072.277842549, 0.998409395,
2072.298274628, 0.999721788,
2072.318706606, 0.998574986,
2072.339138484, 0.994687849,
2072.359570561, 0.997668517,
2072.380002538, 1.009751353,
2072.400434415, 1.008099060,
2072.420866491, 1.009056836,
2072.441298468, 1.006905285,
2072.461730343, 1.021890147,
2072.502594393, 1.031119949,
2072.523026268, 1.011846103,
2072.543458342, 1.011305688,
2072.563890316, 1.018699656,
2072.584322289, 1.021046903,
2072.604754262, 1.021425166,
2072.625186235, 1.024074834,
2072.645618307, 1.021828808,
2072.666050179, 1.030600507,
2072.686482151, 1.032748911,
2072.706914222, 1.034192797,
2072.768210133, 1.034973268,
2072.788642103, 1.031444777,
2072.809073973, 1.032184571,
2072.829506042, 1.034490030,
2072.849937910, 1.033132152,
2072.870369879, 1.039201062,
2072.890801947, 1.035522750,
2072.911233814, 1.038092309,
2072.931665781, 1.033483347,
2072.952097848, 1.026076646,
2072.972529715, 1.026821093,
2072.992961681, 1.019290485,
2073.013393747, 1.019306495,
2073.033825612, 1.018270327,
2073.054257677, 1.014213785,
2073.074689641, 1.006296648,
2073.095121606, 1.011912343,
2073.115553570, 1.007238329,
2073.135985533, 1.004295797,
2073.156417497, 0.996695390,
2073.176849459, 1.005115173,
2073.197281422, 1.005559422,
2073.258577308, 0.985588857,
2073.299441329, 0.986316828,
2073.319873189, 0.992185579,
2073.340305149, 0.980136954,
2073.360737209, 0.990712699,
2073.381169068, 0.998830157,
2073.401601027, 0.993705179,
2073.422032986, 0.997387945,
2073.442464944, 0.996011161,
2073.462897002, 0.991458052,
2073.483328859, 0.999641414,
2073.503760816, 1.002160979,
2073.524192873, 1.008122035,
2073.544624729, 1.009779704,
2073.565056685, 1.014736508,
2073.585488741, 1.013300008,
2073.605920696, 1.013330342,
2073.626352551, 1.014884174,
2073.646784606, 1.007482566,
2073.667216560, 1.005028939,
2073.687648414, 1.011731238,
2073.748944273, 1.001088752,
2073.769376325, 1.001574928,
2073.789808277, 0.997352552,
2073.810240130, 0.994345108,
2073.830672181, 0.995583580,
2073.851104132, 0.998512099,
2073.871536182, 1.001118163,
2073.891968032, 0.992987429,
2073.912399983, 0.994353390,
2073.932832032, 1.002481740,
2073.994127879, 0.996619946,
2074.014559727, 1.002776907,
2074.034991675, 0.998377211,
2074.055423722, 1.007741935,
2074.075855669, 1.009028806,
2074.096287516, 1.013126841,
2074.116719562, 1.018805562,
2074.137151408, 1.023779226,
2074.157583354, 1.024009791,
2074.178015399, 1.032873976,
2074.239311233, 1.030253362,
2074.259743077, 1.030280195,
2074.280175021, 1.031926059,
2074.300607064, 1.040924638,
2074.321038907, 1.037019790,
2074.341470949, 1.040249486,
2074.361902891, 1.034681051,
2074.382334733, 1.035082950,
2074.402766775, 1.039520494,
2074.423198716, 1.036233137,
2074.443630656, 1.030910631,
2074.464062597, 1.028285331,
2074.484494537, 1.030079402,
2074.504926477, 1.027283864,
2074.525358416, 1.023302165,
2074.545790355, 1.019190674,
2074.566222294, 1.016704029,
2074.586654332, 1.012121627,
2074.607086170, 1.008974115,
2074.627518107, 1.008545667,
2074.647950144, 1.009245328,
2074.668381982, 1.006624325,
2074.709245954, 0.993142608,
2074.729677790, 0.990960329,
2074.750109825, 0.980551859,
2074.770541761, 0.979135242,
2074.790973596, 0.985590785,
2074.811405630, 0.986530624,
2074.831837564, 0.980224490,
2074.852269398, 0.992080613,
2074.872701431, 0.997092247,
2074.893133264, 0.993081300,
2074.913565197, 0.992350339,
2074.954429061, 0.992456348,
2074.974860993, 0.992643233,
2074.995293024, 0.993082688,
2075.015724955, 0.992807660,
2075.036156786, 1.000949354,
2075.056588816, 0.990901821,
2075.077020746, 0.995767093,
2075.097452576, 0.998220130,
2075.117884605, 1.003541194,
2075.138316534, 1.007156225,
2075.158748563, 1.003356145,
2075.179180390, 1.004260187,
2075.199612319, 1.001596342,
2075.220044346, 1.004520890,
2075.240476173, 1.008292911,
2075.260908100, 1.005062368,
2075.281340127, 1.011596305,
2075.301771953, 1.013212809,
2075.322203879, 1.010374244,
2075.342635904, 1.010466348,
2075.363067729, 1.000735318,
2075.383499654, 1.008645214,
2075.403931678, 1.005288003,
2075.465227450, 0.997585162,
2075.485659372, 0.996114778,
2075.506091195, 0.992544606,
2075.526523218, 1.000702809,
2075.546955140, 1.004406379,
2075.567387061, 1.004906890,
2075.587818983, 1.011563645,
2075.608250904, 1.013502512,
2075.649114745, 1.020265910,
2075.710410504, 1.011693861,
2075.730842323, 1.016211218,
2075.751274341, 1.015151528,
2075.771706259, 1.032374456,
2075.812570095, 1.037207456,
2075.833002012, 1.038868249,
2075.853433929, 1.044779176,
2075.873865846, 1.041025298,
2075.894297762, 1.041698592,
2075.955593509, 1.024543839,
2075.976025524, 1.030364812,
2075.996457438, 1.027478689,
2076.016889252, 1.024405029,
2076.037321266, 1.021095107,
2076.057753180, 1.020012931,
2076.078184993, 1.016915772,
2076.098617006, 1.015573367,
2076.119048918, 1.008570591,
2076.139480730, 0.996692858,
2076.159912742, 0.995521997,
2076.180344654, 0.993097732,
2076.200776465, 0.992450364,
2076.221208476, 0.992482637,
2076.241640386, 0.990923587,
2076.262072296, 0.985129464,
2076.282504206, 0.986923703,
2076.302936116, 0.986306819,
2076.323368025, 0.993942297,
2076.343799934, 0.998274127,
2076.364231842, 0.996841007,
2076.384663751, 1.001014561,
2076.425527566, 0.984773198,
2076.445959473, 0.990950516,
2076.466391380, 0.993756432,
2076.486823286, 0.996356182,
2076.507255292, 0.996010537,
2076.527687098, 1.002376536,
2076.548119004, 1.002563036,
2076.568551009, 1.003107303,
2076.588982814, 1.007373273,
2076.609414718, 1.014970699,
2076.629846722, 1.014290831,
2076.670710430, 0.998365726,
2076.691142433, 1.005123393,
2076.711574236, 1.005364628,
2076.732006138, 1.006045825,
2076.752438140, 1.002744659,
2076.772869942, 1.000124196,
2076.793301944, 1.002915481,
2076.813733845, 1.005331790,
2076.834165746, 1.002230151,
2076.854597646, 0.996187677,
2076.875029546, 1.001915625,
2076.915893446, 0.988860365,
2076.936325245, 0.988416251,
2076.956757144, 0.994511772,
2076.977189142, 0.997037311,
2076.997620941, 1.000953276,
2077.018052838, 0.995762230,
2077.038484736, 1.001912230,
2077.058916633, 1.000971643,
2077.079348530, 1.004793635,
2077.099780427, 1.008490712,
2077.120212323, 1.010952665,
2077.140644119, 1.006082466,
2077.161076114, 1.018795917,
2077.181508010, 1.021484785,
2077.201940005, 1.032075213,
2077.222371799, 1.041001031,
2077.242803693, 1.037651966,
2077.263235687, 1.037156957,
2077.283667481, 1.043160095,
2077.304099374, 1.049805289,
2077.324531367, 1.043109504,
2077.344963260, 1.035213580,
2077.365395052, 1.028663027,
2077.426690727, 1.039624661,
2077.447122718, 1.040760311,
2077.467554609, 1.036857977,
2077.487986399, 1.033036346,
2077.508418389, 1.036670311,
2077.528850279, 1.036368969,
2077.549282068, 1.039014158,
2077.569714057, 1.036192771,
2077.610577934, 1.020704915,
2077.671873598, 1.000703027,
2077.692305385, 0.995602057,
2077.712737272, 0.997001806,
2077.733169258, 0.993185356,
2077.753601044, 0.992259335,
2077.774032930, 0.995835335,
2077.794464815, 0.990547212,
2077.814896801, 0.983881073,
2077.835328585, 0.990243655,
2077.855760570, 0.988711272,
2077.937488005, 0.987325574,
2077.957919988, 0.991425635,
2077.978351870, 0.991229878,
2077.998783653, 0.990713835,
2078.019215635, 0.990274376,
2078.039647516, 0.998080855,
2078.060079298, 0.997465192,
2078.080511279, 0.998801067,
2078.100943159, 0.999533053,
2078.162238799, 1.000761668,
2078.182670679, 0.995935063,
2078.203102558, 1.001207076,
2078.223534437, 1.003304203,
2078.243966315, 1.002940040,
2078.264398193, 0.992433054,
2078.366557679, 0.997151284,
2078.448285182, 1.001398015,
2078.468716957, 0.990414032,
2078.509580706, 0.996422441,
2078.550444554, 1.007786073,
2078.570876327, 0.995754730,
2078.591308200, 1.008051936,
2078.652603818, 1.004208878,
2078.673035789, 1.014671527,
2078.713899432, 1.016321238,
2078.734331403, 1.019173133,
2078.754763274, 1.039604330,
2078.775195144, 1.039597761,
2078.836490853, 1.047350549,
2078.897786459, 1.027689900,
2078.918218227, 1.033539411,
2078.938650095, 1.024293221,
2078.959082062, 1.044703130,
2078.979513829, 1.034302576,
2078.999945696, 1.033529588,
2079.020377662, 1.034329915,
2079.040809429, 1.035653913,
2079.061241294, 1.034007361,
2079.081673260, 1.031651995,
2079.142968855, 0.979236262,
2079.163400719, 0.991836839,
2079.183832583, 0.988793919,
2079.204264447, 0.993817588,
2079.224696310, 0.988809742,
2079.245128173, 0.980774540,
2079.265560036, 0.989127685,
2079.326855622, 0.983783863,
2079.347287384, 0.984353737,
2079.367719345, 0.986495647,
2079.388151206, 0.984593056,
2079.408582967, 0.987881032,
2079.429014927, 0.984255172,
2079.469878547, 0.988969314,
2079.490310506, 0.989475237,
2079.510742365, 0.994342159,
2079.531174224, 0.994894414,
2079.551606082, 0.999607986,
2079.572037940, 0.997651553,
2079.592469898, 1.005616711,
2079.612901656, 1.009289671,
2079.633333513, 1.011738439,
2079.653765470, 1.007111086,
2079.674197327, 1.005562864,
2079.694629083, 1.012800265,
2079.715061039, 1.004161266,
2079.735492894, 0.989336735,
2079.755924650, 1.001296511,
2079.776356605, 0.999686849,
2079.796788460, 1.004908273,
2079.817220214, 1.008402318,
2079.878515776, 0.988076136,
2079.898947729, 0.992972721,
2079.919379582, 1.003251587,
2079.939811335, 1.003676819,
2079.960243287, 1.003369192,
2079.980675139, 1.007126562,
2080.001106991, 1.010268202,
2080.021538843, 1.007907067,
2080.041970694, 1.007335016,
2080.062402545, 1.009286920,
2080.144129945, 1.003940770,
2080.164561794, 1.002142531,
2080.184993743, 1.009445338,
2080.205425492, 1.013119252,
2080.225857340, 1.013653044,
2080.246289288, 1.017681761,
2080.266721036, 1.025790084,
2080.287152884, 1.027004254,
2080.307584831, 1.033315342,
2080.389312117, 1.021601376,
2080.409744063, 1.018310347,
2080.430175908, 1.029185152,
2080.450607653, 1.026257751,
2080.471039598, 1.027475849,
2080.491471443, 1.037986019,
2080.511903287, 1.028435277,
2080.532335131, 1.029597869,
2080.552766975, 1.029825028,
2080.573198818, 1.033441621,
2080.593630661, 1.027667086,
2080.614062504, 1.024797029,
2080.634494346, 1.015110304,
2080.654926289, 1.015528544,
2080.675358030, 1.013145430,
2080.695789872, 1.010811306,
2080.716221713, 1.006192438,
2080.736653554, 1.005225922,
2080.757085295, 0.999974289,
2080.777517235, 0.995792980,
2080.797949075, 1.000782633,
2080.859244594, 0.980552439,
2080.879676533, 0.988862781,
2080.920540110, 0.984444902,
2080.940972048, 0.990061036,
2080.961403786, 0.983597011,
2080.981835623, 0.994125405,
2081.002267560, 0.988441978,
2081.022699397, 0.992996391,
2081.043131134, 0.994082360,
2081.063563070, 0.992574175,
2081.083994906, 0.994761965,
2081.104426642, 1.001290141,
2081.124858577, 0.998705136,
2081.145290412, 0.999560830,
2081.165722147, 0.996730269,
2081.186154081, 1.000648483,
2081.206585916, 1.004009169,
2081.227017849, 1.010122562,
2081.247449583, 1.009727588,
2081.288313349, 1.013596606,
2081.349608847, 1.001039522,
2081.370040579, 0.992376294,
2081.390472410, 0.997971472,
2081.410904242, 0.999385408,
2081.431336073, 0.995615253,
2081.451767904, 0.993892750,
2081.472199734, 0.992605970,
2081.492631564, 1.000816657,
2081.513063394, 0.993268485,
2081.533495224, 1.001967654,
2081.553927053, 0.994616141,
2081.574358882, 1.006894680,
2081.594790811, 1.005382900,
2081.615222539, 1.009290815,
2081.635654467, 1.007093680,
2081.656086295, 1.011163535,
2081.676518023, 1.016701828,
2081.696949950, 1.007266907,
2081.717381777, 0.998067790,
2081.737813504, 1.013429777,
2081.758245430, 1.010258823,
2081.778677256, 1.018996635,
2081.839972733, 1.027840005,
2081.860404558, 1.028329465,
2081.880836383, 1.024608993,
2081.901268207, 1.032570423,
2081.921700031, 1.036092866,
2081.942131855, 1.035369301,
2081.962563679, 1.035721572,
2081.982995502, 1.034764027,
2082.003427325, 1.033997558,
2082.023859148, 1.034320296,
2082.044291070, 1.034679594,
2082.064722892, 1.037049740,
2082.085154614, 1.029451927,
2082.105586536, 1.037541498,
2082.126018257, 1.030405333,
2082.146450078, 1.022906291,
2082.166881999, 1.021642016,
2082.187313719, 1.020225278,
2082.207745539, 1.018384357,
2082.228177459, 1.014711934,
2082.248609179, 1.016270171,
2082.269040998, 1.018190226,
2082.330336454, 0.987985525,
2082.350768373, 0.991667228,
2082.371200091, 0.987326659,
2082.391631908, 1.008734902,
2082.412063825, 1.007650738,
2082.432495643, 1.007931056,
2082.452927459, 1.011952191,
2082.473359276, 1.016692453,
2082.493791092, 1.017552816,
2082.514223008, 1.017223892,
2082.534654724, 1.015171166,
2082.555086539, 1.015203595,
2082.575518454, 1.011351369,
2082.595950169, 1.012492625,
2082.616381984, 1.016277304,
2082.636813898, 1.015290923,
2082.657245612, 1.016199416,
2082.677677426, 1.028873306,
2082.698109339, 1.028696886,
2082.718541052, 1.028528530,
2082.738972865, 1.032710094,
2082.759404778, 1.039192842,
2082.820700214, 1.024232409,
2082.841131925, 1.027527698,
2082.861563837, 1.030884193,
2082.881995648, 1.031029449,
2082.902427358, 1.029556490,
2082.922859269, 1.026459008,
2082.943291079, 1.024422034,
2082.963722789, 1.016763145,
2082.984154698, 1.016255199,
2083.004586508, 1.013184796,
2083.025018217, 1.011215920,
2083.045450125, 1.012623847,
2083.065881934, 1.017377884,
2083.086313642, 1.021600508,
2083.106745550, 1.015689672,
2083.127177358, 1.017235912,
2083.147609065, 1.031852331,
2083.168040972, 1.026890289,
2083.188472779, 1.035420303,
2083.208904685, 1.040457211,
2083.229336392, 1.034338555,
2083.249768198, 1.029916790,
2083.331495519, 1.047529153,
2083.351927324, 1.051945194,
2083.372359028, 1.059391153,
2083.392790932, 1.055428382,
2083.413222736, 1.056182245,
2083.433654440, 1.052017693,
2083.454086343, 1.056279540,
2083.474518146, 1.050588896,
2083.494949849, 1.053527052,
2083.515381751, 1.049353285,
2083.535813553, 1.061377356,
2083.556245455, 1.066427035,
2083.576677157, 1.049449842,
2083.597108958, 1.047494382,
2083.617540760, 1.052973460,
2083.637972561, 1.056559940,
2083.658404261, 1.056146142,
2083.678836161, 1.056751033,
2083.699267961, 1.048592638,
2083.719699661, 1.042490432,
2083.740131561, 1.032771875,
2083.801426958, 1.031287815,
2083.821858756, 1.024098229,
2083.842290554, 1.022747769,
2083.862722352, 1.017038255,
2083.883154150, 1.014993982,
2083.903585947, 1.011032468,
2083.924017845, 1.006904513,
2083.944449541, 1.001847265,
2083.964881438, 1.005476729,
2083.985313234, 1.004988935,
2084.005744930, 1.006808943,
2084.026176826, 1.009927617,
2084.046608622, 1.010397178,
2084.067040317, 1.006382077,
2084.087472212, 1.006633703,
2084.107904007, 1.014583027,
2084.128335701, 1.022579124,
2084.148767595, 1.027821865,
2084.169199389, 1.025506434,
2084.189631183, 1.030690311,
2084.210062976, 1.032213636,
2084.230494769, 1.025387329,
2084.291790147, 1.023485931,
2084.312221940, 1.021873982,
2084.332653731, 1.025007700,
2084.353085523, 1.028082224,
2084.373517314, 1.025427357,
2084.393949105, 1.027603965,
2084.414380896, 1.018331854,
2084.434812787, 1.016588180,
2084.455244477, 1.010673285,
2084.475676267, 1.011987811,
2084.496108156, 1.013088997,
2084.516539846, 1.013807396,
2084.536971635, 1.020447639,
2084.557403524, 1.012782959,
2084.577835213, 1.020033093,
2084.598267001, 1.027424221,
2084.618698889, 1.027805515,
2084.639130577, 1.029686028,
2084.659562365, 1.031417626,
2084.679994253, 1.020537043,
2084.700425939, 1.023708561,
2084.720857826, 1.024082297,
2084.782153186, 1.039673463,
2084.802584971, 1.036411773,
2084.823016757, 1.034652982,
2084.863880327, 1.042771623,
2084.884312112, 1.048898600,
2084.904743997, 1.046620754,
2084.925175681, 1.047383773,
2084.945607465, 1.062568171,
2084.966039349, 1.065941188,
2085.006902816, 1.050374060,
2085.027334699, 1.054784380,
2085.047766381, 1.057154690,
2085.068198164, 1.059963620,
2085.088630046, 1.061857100,
2085.109061728, 1.064575184,
2085.129493610, 1.061604845,
2085.149925292, 1.056092884,
2085.170357073, 1.049605833,
2085.190788954, 1.048617498,
2085.211220634, 1.038740522,
2085.231652415, 1.039512459,
2085.252084295, 1.030230406,
2085.272516075, 1.037475721,
2085.292947755, 1.026848899,
2085.313379634, 1.026107095,
2085.333811414, 1.029820557,
2085.354243092, 1.031657911,
2085.374674971, 1.026783497,
2085.395106749, 1.022828084,
2085.415538428, 1.024758533,
2085.435970306, 1.026296089,
2085.456402083, 1.017956115,
2085.517697415, 0.976674141,
2085.538129292, 1.000448730,
2085.558560968, 1.000061267,
2085.578992744, 1.006427299,
2085.599424620, 1.007921293,
2085.619856296, 1.010852390,
2085.640288071, 1.014351022,
2085.660719946, 1.024055850,
2085.681151621, 1.025354428,
2085.701583396, 1.027116419,
2085.762878719, 1.022204989,
2085.783310592, 1.024530577,
2085.803742366, 1.029292209,
2085.824174139, 1.029879797,
2085.844605912, 1.027249438,
2085.865037585, 1.025517814,
2085.885469457, 1.021884187,
2085.905901229, 1.021452778,
2085.926332901, 1.020431900,
2085.946764773, 1.013299329,
2085.967196544, 1.011133607,
2085.987628216, 1.010703014,
2086.008060087, 1.008271646,
2086.028491857, 1.015730685,
2086.048923528, 1.019884094,
2086.069355398, 1.022829049,
2086.089787168, 1.017048645,
2086.110218938, 1.009241652,
2086.130650707, 1.021873821,
2086.151082476, 1.020425281,
2086.171514245, 1.025692542,
2086.253241419, 1.025845340,
2086.273673087, 1.027380513,
2086.294104954, 1.033585289,
2086.314536722, 1.039765935,
2086.334968389, 1.045012506,
2086.355400255, 1.044265313,
2086.375832022, 1.045722242,
2086.396263688, 1.051909445,
2086.416695554, 1.046606073,
2086.437127320, 1.045249296,
2086.457558986, 1.052481499,
2086.477990851, 1.047949799,
2086.498422616, 1.050026697,
2086.518854281, 1.049950597,
2086.539286146, 1.052130260,
2086.559717810, 1.064725808,
2086.580149674, 1.061127615,
2086.600581438, 1.057905910,
2086.621013202, 1.056053171,
2086.641444965, 1.064442499,
2086.661876728, 1.060116480,
2086.682308491, 1.062387809,
2086.743603779, 1.049157888,
2086.764035541, 1.044097570,
2086.784467302, 1.041124552,
2086.804899064, 1.038292100,
2086.825330925, 1.037001134,
2086.845762586, 1.030554582,
2086.866194347, 1.032560132,
2086.886626207, 1.026068881,
2086.907057868, 1.027202451,
2086.927489728, 1.023002953,
2086.947921488, 1.017483331,
2086.968353147, 1.011430157,
2086.988785006, 1.007459579,
2087.009216766, 1.010502185,
2087.029648425, 1.008494235,
2087.050080283, 1.007032891,
2087.070512042, 1.011491881,
2087.090943800, 1.019848058,
2087.111375558, 1.011947404,
2087.131807315, 1.009894854,
2087.152239073, 1.023207567,
2087.172670830, 1.020650168,
2087.233966100, 1.017976684,
2087.254397857, 1.020722404,
2087.274829713, 1.018377096,
2087.295261369, 1.020982144,
2087.315693124, 1.026346261,
2087.336124980, 1.025086373,
2087.356556635, 1.024285293,
2087.376988389, 1.022121890,
2087.397420244, 1.020508318,
2087.417851899, 1.017985833,
2087.458715507, 1.011944815,
2087.479147161, 1.011992557,
2087.499578914, 1.021970345,
2087.520010767, 1.022942186,
2087.540442420, 1.013073559,
2087.560874173, 1.016033436,
2087.581306026, 1.014181054,
2087.601737678, 1.023174873,
2087.622169530, 1.024888420,
2087.642601282, 1.027165066,
2087.663033034, 1.017412383,
2087.724328287, 1.019458543,
2087.744760138, 1.025913073,
2087.765191788, 1.027140483,
2087.785623539, 1.024335852,
2087.806055389, 1.029531862,
2087.826487038, 1.028747311,
2087.846918788, 1.028918930,
2087.867350637, 1.025351084,
2087.887782287, 1.032470119,
2087.908214035, 1.039517222,
2087.928645884, 1.037297670,
2087.949077532, 1.047614715,
2087.969509281, 1.060159755,
2087.989941029, 1.051750264,
2088.010372776, 1.049736312,
2088.030804624, 1.056880850,
2088.051236271, 1.064606992,
2088.071668018, 1.068787981,
2088.092099865, 1.066597905,
2088.112531612, 1.073366004,
2088.132963258, 1.072097405,
2088.153395104, 1.054785696,
2088.214690341, 1.056349885,
2088.235122087, 1.058546522,
2088.255553732, 1.054137673,
2088.275985576, 1.049483980,
2088.296417321, 1.045365429,
2088.316848966, 1.038784675,
2088.337280810, 1.033405058,
2088.357712554, 1.029316861,
2088.378144397, 1.025911031,
2088.398576041, 1.020170406,
2088.419007784, 1.015288464,
2088.439439627, 1.016800125,
2088.459871270, 1.024086617,
2088.480303012, 1.014957541,
2088.500734855, 1.015351317,
2088.521166497, 1.007605085,
2088.541598239, 1.015962106,
2088.562030080, 1.021160064,
2088.582461822, 1.022482603,
2088.602893463, 1.019180427,
2088.623325304, 1.025614757,
2088.643757045, 1.027003623,
2088.684620526, 1.020828453,
2088.705052266, 1.024260558,
2088.725484006, 1.024871327,
2088.745915746, 1.022258946,
2088.766347385, 1.023140098,
2088.786779224, 1.022525562,
2088.807210964, 1.014023613,
2088.827642602, 1.020323497,
2088.848074441, 1.018613112,
2088.868506179, 1.016793274,
2088.888937818, 1.014529637,
2088.909369656, 1.018058865,
2088.929801393, 1.022821141,
2088.950233131, 1.017336486,
2088.970664868, 1.012861322,
2088.991096605, 1.025162163,
2089.011528342, 1.029018091,
2089.031960079, 1.023414326,
2089.052391815, 1.025617211,
2089.072823651, 1.026911208,
2089.093255387, 1.026341126,
2089.113687023, 1.022416024,
2089.134118859, 1.017696012,
2089.195414064, 1.007834426,
2089.215845799, 1.015225485,
2089.236277433, 1.018751075,
2089.256709268, 1.019772244,
2089.277141002, 1.021821911,
2089.297572636, 1.030478452,
2089.318004469, 1.028135401,
2089.338436202, 1.029249862,
2089.358867836, 1.034374875,
2089.379299669, 1.035075827,
2089.420163134, 1.043908706,
2089.440594866, 1.046137526,
2089.461026498, 1.047930970,
2089.481458330, 1.047798076,
2089.501890062, 1.050218071,
2089.522321794, 1.047685005,
2089.542753525, 1.053555125,
2089.563185256, 1.052542392,
2089.583616987, 1.056043930,
2089.604048717, 1.054459563,
2089.624480448, 1.063927146,
2089.706207367, 1.049609474,
2089.726639197, 1.120749847,
2089.747070826, 1.079880715,
2089.767502655, 1.066419401,
2089.787934384, 1.060756343,
2089.808366012, 1.052360564,
2089.828797840, 1.049772798,
2089.849229569, 1.046087296,
2089.869661197, 1.041107042,
2089.890093024, 1.041951664,
2089.910524752, 1.035241355,
2089.930956479, 1.033914425,
2089.951388206, 1.029324592,
2089.971819933, 1.025118815,
2089.992251660, 1.022926391,
2090.012683386, 1.017358481,
2090.033115112, 1.014309472,
2090.053546838, 1.012070038,
2090.073978564, 1.006139105,
2090.094410290, 1.005850314,
2090.114842115, 1.002321506,
2090.135273741, 1.008920319,
2090.155705466, 1.009382098,
2090.176137290, 1.009017159,
2090.196568915, 1.013777135,
2090.217000639, 1.023562975,
2090.237432464, 1.020865568,
2090.257864087, 1.016928965,
2090.278295811, 1.012244664,
2090.298727635, 1.013689345,
2090.319159258, 1.025236318,
2090.339590981, 1.028735656,
2090.360022804, 1.030481183,
2090.421317972, 1.003238858,
2090.441749594, 1.008977053,
2090.462181416, 1.010593887,
2090.482613138, 1.015626217,
2090.503044859, 1.016243252,
2090.523476581, 1.020951843,
2090.543908302, 1.019836464,
2090.564340023, 1.021306975,
2090.584771743, 1.016562622,
2090.605203464, 1.023039274,
2090.625635184, 1.020831052,
2090.646067005, 1.020133656,
2090.666498624, 1.018942621,
2090.686930344, 1.020018326,
2090.707362164, 1.021848787,
2090.727793783, 1.018349872,
2090.748225502, 1.018710219,
2090.768657321, 1.024127531,
2090.789088940, 1.048866646,
2090.809520758, 1.029511166,
2090.829952477, 1.025878863,
2090.850384095, 1.029911024,
2090.870815913, 1.031234276,
2090.891247530, 1.033537961,
2090.911679248, 1.032599503,
2090.932111065, 1.049649218,
2090.952542682, 1.055973981,
2090.972974399, 1.048622512,
2090.993406216, 1.044911327,
2091.013837933, 1.047328192,
2091.034269549, 1.054618014,
2091.054701365, 1.061024550,
2091.075133081, 1.066913304,
2091.095564797, 1.068280115,
2091.156860043, 1.013340103,
2091.177291658, 1.007143567,
2091.218155187, 1.016259208,
2091.238586802, 1.017579848,
2091.259018516, 1.014289909,
2091.279450330, 1.016228889,
2091.299881944, 1.017718282,
2091.320313657, 1.027098601,
2091.340745471, 1.035161304,
2091.361177084, 1.030421575,
2091.381608797, 1.028758244,
2091.402040609, 1.027858315,
2091.422472222, 1.029981985,
2091.442904035, 1.027119202,
2091.463335747, 1.024950645,
2091.483767459, 1.023533168,
2091.504199171, 1.023700481,
2091.524630882, 1.020697358,
2091.545062594, 1.020016934,
2091.565494305, 1.018722901,
2091.585926016, 1.018395106,
2091.647221148, 1.010361750,
2091.667652759, 1.019749688,
2091.688084569, 1.020070052,
2091.708516279, 1.015215454,
2091.728947889, 1.016787479,
2091.749379698, 1.016481112,
2091.769811407, 1.014567830,
2091.790243217, 1.013329387,
2091.810674825, 1.014438546,
2091.831106534, 1.018458896,
2091.892401660, 1.006773884,
2091.912833468, 1.010142870,
2091.933265075, 1.016528579,
2091.953696783, 1.013605937,
2091.974128591, 1.014416608,
2091.994560298, 1.018683152,
2092.014991905, 1.016357796,
2092.035423712, 1.016447164,
2092.055855419, 1.016635715,
2092.076287025, 1.017909998,
2092.096718832, 1.017859363,
2092.117150538, 1.022248565,
2092.137582344, 1.017395315,
2092.158013950, 1.018234064,
2092.178445655, 1.018055957,
2092.198877461, 1.016315057,
2092.219309066, 1.016811742,
2092.239740771, 1.015662882,
2092.260172476, 1.019711466,
2092.280604181, 1.021426759,
2092.301035785, 1.023405773,
2092.321467589, 1.025921294,
2092.341899293, 1.021558715,
2092.362330998, 1.021045036,
2092.382762701, 1.022662699,
2092.403194405, 1.024081761,
2092.423626208, 1.029690497,
2092.444057811, 1.031474662,
2092.464489515, 1.036609568,
2092.484921317, 1.037046098,
2092.505353020, 1.040228449,
2092.525784623, 1.042971247,
2092.546216425, 1.051064816,
2092.566648127, 1.064235201,
2092.627943233, 1.009757583,
2092.648374834, 1.012405946,
2092.668806635, 1.014818366,
2092.689238336, 1.019855967,
2092.709669937, 1.016302739,
2092.730101738, 1.012556181,
2092.750533438, 1.014116008,
2092.770965239, 1.011797978,
2092.791396839, 1.011666190,
2092.811828539, 1.020049174,
2092.832260339, 1.016989876,
2092.852691938, 1.020519518,
2092.873123638, 1.028326342,
2092.893555437, 1.035067371,
2092.913987036, 1.026967955,
2092.934418735, 1.005996461,
2092.954850534, 1.001667379,
2092.975282232, 1.004260787,
2092.995713830, 1.008725980,
2093.016145628, 0.998625457,
2093.036577226, 1.002220209,
2093.057008924, 0.999545094,
2093.077440722, 0.993348135,
2093.097872319, 0.989601063,
2093.118304117, 0.990030909,
2093.138735814, 0.992110845,
2093.159167411, 0.994999147,
2093.179599208, 0.999914918,
2093.200030904, 0.996319788,
2093.220462501, 0.998024049,
2093.240894297, 0.995490668,
2093.261325993, 0.991728996,
2093.281757589, 0.993875690,
2093.302189384, 0.993246521,
2093.322621080, 1.029276223,
2093.343052775, 1.006199943,
2093.363484471, 1.009965594,
2093.383916166, 1.014146125,
2093.404347960, 1.012306398,
2093.424779555, 1.007815124,
2093.445211250, 1.008594318,
2093.465643044, 1.014452512,
2093.486074738, 1.014057386,
2093.526938126, 1.014971794,
2093.547369820, 1.014231278,
2093.608664899, 1.040661125,
2093.629096492, 1.026221101,
2093.649528285, 1.013821234,
2093.669959978, 0.994248930,
2093.690391570, 0.982703490,
2093.710823362, 0.996840564,
2093.731255055, 0.999111323,
2093.751686746, 1.002053085,
2093.772118438, 1.002154189,
2093.792550030, 1.002514691,
2093.812981821, 1.004488130,
2093.833413513, 1.005325632,
2093.853845204, 1.005276007,
2093.874276895, 0.996290614,
2093.894708585, 0.998356076,
2093.915140276, 1.001507683,
2093.935571966, 1.000366419,
2093.956003657, 1.006300031,
2093.976435346, 1.006201478,
2093.996867037, 1.018886038,
2094.017298726, 1.025254492,
2094.037730516, 1.023509032,
2094.058162205, 1.027766564,
2094.078593794, 1.023832885,
2094.099025583, 1.029472955,
2094.119457272, 1.026524795,
2094.139888861, 1.035381928,
2094.160320650, 1.034313228,
2094.180752338, 1.040504479,
2094.201183926, 1.042511705,
2094.221615714, 1.044519487,
2094.242047402, 1.039554818,
2094.262478990, 1.035109767,
2094.282910778, 1.035630516,
2094.303342465, 1.033372712,
2094.323774252, 1.033289064,
2094.344205839, 1.027587259,
2094.364637526, 1.026471319,
2094.385069213, 1.026114672,
2094.405500900, 1.026872176,
2094.425932586, 1.025432549,
2094.446364272, 1.027582140,
2094.466795959, 1.024758936,
2094.487227645, 1.020746098,
2094.507659330, 1.017445772,
2094.528091016, 1.021141512,
2094.589386072, 0.996620346,
2094.609817757, 1.003348082,
2094.630249542, 1.002326392,
2094.650681126, 0.990033953,
2094.671112911, 0.987473947,
2094.691544595, 0.983701684,
2094.711976179, 0.984814773,
2094.732407963, 0.985201120,
2094.752839647, 0.980905871,
2094.773271231, 0.989774667,
2094.793703015, 0.995965336,
2094.814134698, 0.996135890,
2094.834566281, 0.993015040,
2094.854998064, 0.990596619,
2094.875429747, 0.991258574,
2094.895861430, 0.999163802,
2094.916293112, 1.005123525,
2094.936724795, 1.000411557,
2094.957156577, 0.995995896,
2094.977588159, 0.994241685,
2094.998019841, 0.998016275,
2095.018451623, 0.998391969,
2095.038883305, 1.001640227,
2095.059314886, 1.007278049,
2095.079746668, 1.008711939,
2095.100178349, 0.995957382,
2095.120609930, 1.001573001,
2095.141041711, 1.003496382,
2095.161473291, 1.009202748,
2095.181904972, 1.007910468,
2095.202336752, 1.010888935,
2095.222768332, 1.009064506,
2095.243200113, 1.009449628,
2095.263631793, 1.007536210,
2095.324926831, 0.999951319,
2095.345358411, 1.009442143,
2095.365790190, 1.015203955,
2095.386221869, 1.015948912,
2095.406653548, 1.014246514,
2095.427085227, 1.015836455,
2095.447516905, 1.014568799,
2095.467948584, 0.988329640,
2095.488380262, 0.992396090,
2095.508811940, 0.984780178,
2095.570106973, 1.029344290,
2095.590538751, 1.036597512,
2095.610970428, 1.042785814,
2095.631402005, 1.034848099,
2095.651833782, 1.036738298,
2095.672265459, 1.030635683,
2095.692697036, 1.029633209,
2095.713128813, 1.031933772,
2095.733560489, 1.031099667,
2095.753992065, 1.028751204,
2095.774423842, 1.026541661,
2095.794855518, 1.029607915,
2095.815287094, 1.033811427,
2095.835718869, 1.027525229,
2095.856150545, 1.025918382,
2095.876582220, 1.020575713,
2095.897013895, 1.023755959,
2095.917445571, 1.022550761,
2095.937877246, 1.026459432,
2095.958308920, 1.017492888,
2095.978740595, 1.016947523,
2095.999172270, 1.008364801,
2096.019603944, 1.005544197,
2096.040035618, 1.001431241,
2096.060467392, 1.003754261,
2096.080898966, 0.997629760,
2096.101330640, 0.998372788,
2096.121762414, 0.998254566,
2096.142193987, 1.002977588,
2096.162625761, 1.000912139,
2096.183057434, 0.999869091,
2096.203489007, 0.998127724,
2096.223920780, 1.001469837,
2096.244352452, 0.994703675,
2096.264784025, 0.998158406,
2096.285215797, 1.003323425,
2096.305647470, 1.005465831,
2096.326079042, 1.008901445,
2096.346510814, 1.014239923,
2096.366942486, 1.012886048,
2096.387374158, 1.010942824,
2096.407805830, 1.016588975,
2096.428237501, 1.011370832,
2096.448669272, 1.010714382,
2096.469100844, 1.011290204,
2096.489532515, 0.991237971,
2096.550827527, 0.990937483,
2096.571259298, 1.000562538,
2096.591690868, 0.999279321,
2096.612122538, 0.989959875,
2096.632554308, 0.984872866,
2096.652985878, 0.978144673,
2096.673417548, 0.984914888,
2096.693849318, 0.981137013,
2096.714280887, 0.982570854,
2096.734712657, 0.979539620,
2096.755144326, 0.982089887,
2096.775575895, 0.987288600,
2096.796007664, 0.989899372,
2096.816439333, 0.987151524,
2096.836870901, 0.981736523,
2096.857302670, 0.983167308,
2096.877734338, 0.994517634,
2096.898166007, 1.001805411,
2096.918597675, 1.000162634,
2096.939029343, 0.998460655,
2096.959461011, 1.001495531,
2096.979892678, 1.002731845,
2097.000324346, 1.006243792,
2097.020756114, 1.011271837,
2097.041187781, 1.014979595,
2097.061619348, 1.018033202,
2097.082051115, 1.022204030,
2097.102482782, 1.029317008,
2097.122914349, 1.036158698,
2097.143346115, 1.041646198,
2097.163777782, 1.048899002,
2097.184209348, 1.043641801,
2097.204641115, 1.050102583,
2097.225072781, 1.053452573,
2097.245504347, 1.063839233,
2097.265936113, 1.053914033,
2097.286367678, 1.058300594,
2097.306799344, 1.054928462,
2097.327231109, 1.049196535,
2097.347662675, 1.050745725,
2097.368094440, 1.035554319,
2097.388526105, 1.014775202,
2097.408957770, 1.012176642,
2097.429389435, 0.995821508,
2097.449821099, 0.994416876,
2097.470252764, 0.986676444,
2097.551979520, 1.001499117,
2097.572411084, 0.999784495,
2097.592842748, 0.999588852,
2097.613274512, 1.001100903,
2097.633706075, 0.995643603,
2097.654137839, 0.999542113,
2097.674569502, 1.001424068,
2097.695001065, 0.996992221,
2097.715432828, 0.989438075,
2097.735864491, 0.989286543,
2097.756296053, 0.988142484,
2097.776727816, 0.986595061,
2097.797159478, 0.988501440,
2097.817591041, 0.988382890,
2097.838022803, 0.993120711,
2097.858454465, 0.993675013,
2097.878886127, 0.994601457,
2097.899317789, 0.997933564,
2097.919749450, 1.002618530,
2097.940181112, 1.001502646,
2097.960612773, 0.999349872,
2097.981044435, 1.001306304,
2098.001476096, 0.998360812,
2098.021907757, 1.003117066,
2098.042339418, 1.002312737,
2098.062771079, 0.997763204,
2098.083202739, 0.997528388,
2098.103634400, 1.000129329,
2098.124066160, 1.000639791,
2098.144497721, 1.005281582,
2098.164929381, 1.006056887,
2098.185361141, 1.006930519,
2098.205792701, 1.003245727,
2098.267087680, 0.994532771,
2098.287519439, 0.992301568,
2098.307951099, 0.980289990,
2098.328382658, 0.981256050,
2098.369246076, 0.987268886,
2098.389677735, 0.985834121,
2098.410109393, 0.986655667,
2098.430541052, 0.992915147,
2098.450972710, 0.994200728,
2098.471404369, 0.995762555,
2098.491836027, 1.004190316,
2098.512267785, 1.007343549,
2098.532699343, 1.003370233,
2098.553131001, 1.005562895,
2098.573562759, 1.009967829,
2098.593994416, 1.016189500,
2098.614425974, 1.021141362,
2098.634857731, 1.022125901,
2098.655289289, 1.026925480,
2098.675720946, 1.032031020,
2098.696152703, 1.032765763,
2098.716584260, 1.041775196,
2098.757447673, 1.040094849,
2098.777879230, 1.039782211,
2098.798310986, 1.038360793,
2098.818742642, 1.035754202,
2098.839174199, 1.032649014,
2098.859605955, 1.035030461,
2098.880037611, 1.038220507,
2098.900469167, 1.037856578,
2098.920900922, 1.037420932,
2098.941332578, 1.042690261,
2098.961764234, 1.043958921,
2098.982195889, 1.032017224,
2099.002627544, 1.029218080,
2099.023059199, 1.029169077,
2099.043490954, 1.023518696,
2099.063922509, 1.013818606,
2099.084354264, 1.014830601,
2099.104785919, 1.006890155,
2099.125217473, 1.013617486,
2099.145649228, 1.014530423,
2099.186512436, 1.011325904,
2099.206944191, 1.008630944,
2099.227375845, 1.010295772,
2099.247807399, 1.006033001,
2099.268239152, 1.012544674,
2099.288670806, 1.007738003,
2099.309102360, 1.009140775,
2099.329534113, 1.007942393,
2099.349965767, 1.008085052,
2099.370397420, 1.008544028,
2099.390829073, 1.004043658,
2099.411260726, 0.997665928,
2099.431692379, 0.996105115,
2099.492987337, 1.001242884,
2099.513418989, 0.998481766,
2099.554282294, 1.005335777,
2099.574713946, 0.999833911,
2099.595145698, 0.994364067,
2099.615577350, 1.000362304,
2099.636008902, 0.999019142,
2099.656440654, 1.002156845,
2099.676872305, 0.998931387,
2099.697303857, 1.008158592,
2099.717735608, 1.013827412,
2099.738167259, 1.011437690,
2099.758598811, 1.005829767,
2099.779030562, 1.007701787,
2099.799462213, 1.004497694,
2099.819893763, 1.008431895,
2099.840325514, 1.007200869,
2099.860757165, 1.002498756,
2099.881188915, 1.005168047,
2099.901620466, 1.003031624,
2099.922052116, 1.007477722,
2099.983347066, 1.006604951,
2100.003778816, 1.008795102,
2100.024210366, 1.010212253,
2100.044642016, 1.007466090,
2100.065073665, 1.004433573,
2100.085505315, 1.008000695,
2100.105936964, 1.008328931,
2100.126368713, 1.012957965,
2100.146800263, 1.015149944,
2100.167232012, 1.022451453,
2100.187663661, 1.022406272,
2100.208095210, 1.024610799,
2100.228526958, 1.027770443,
2100.248958607, 1.029803801,
2100.269390156, 1.031708971,
2100.289821904, 1.035583697,
2100.310253552, 1.033492997,
2100.330685101, 1.031639163,
2100.351116849, 1.030442654,
2100.371548497, 1.028948520,
2100.391980045, 1.031684979,
2100.412411793, 1.028632953,
2100.432843440, 1.034211699,
2100.453275188, 1.034823852,
2100.473706736, 1.022351764,
2100.494138383, 1.022274998,
2100.514570130, 1.013647541,
2100.535001678, 1.013547189,
2100.555433325, 1.013155590,
2100.575865072, 1.009942602,
2100.596296719, 1.003981784,
2100.616728266, 1.003743018,
2100.637160012, 1.003418607,
2100.657591659, 0.999534620,
2100.678023206, 0.992520343,
2100.698454952, 0.993289860,
2100.718886598, 0.997196867,
2100.739318345, 0.994283792,
2100.759749891, 0.987852156,
2100.780181537, 0.992446818,
2100.800613183, 0.986453466,
2100.821044829, 0.987683762,
2100.841476375, 0.989533061,
2100.861908120, 0.991238199,
2100.882339766, 0.988172961,
2100.902771312, 0.986421698,
2100.923203057, 0.983443433,
2100.943634702, 0.989592236,
2100.964066347, 0.987441941,
2100.984497993, 0.993027824,
2101.004929638, 0.995584932,
2101.025361383, 0.993730012,
2101.045792927, 0.995351461,
2101.066224572, 1.000589024,
2101.086656317, 1.003598014,
2101.107087961, 0.998698660,
2101.127519506, 0.996272663,
2101.147951250, 0.994580813,
2101.168382895, 0.993408403,
2101.188814439, 0.996325670,
2101.209246183, 0.997580741,
2101.229677827, 0.995182511,
2101.250109571, 0.997267144,
2101.270541115, 0.999922653,
2101.290972758, 0.994767556,
2101.311404502, 0.989459960,
2101.331836046, 1.001048121,
2101.352267689, 1.003842513,
2101.372699432, 1.007205761,
2101.393130976, 1.007299974,
2101.454425905, 0.997544672,
2101.474857548, 0.994113039,
2101.495289191, 0.998576833,
2101.515720834, 1.000494721,
2101.536152576, 1.008215936,
2101.556584119, 1.011689436,
2101.577015761, 1.016481769,
2101.597447504, 1.018612131,
2101.617879046, 1.025495135,
2101.638310688, 1.029612051,
2101.658742431, 1.031106201,
2101.699605615, 1.039321367,
2101.720037356, 1.034934968,
2101.740468998, 1.036773185,
2101.760900540, 1.048552662,
2101.781332282, 1.045836783,
2101.801763923, 1.054308101,
2101.822195665, 1.052668034,
2101.863058847, 1.046870665,
2101.883490588, 1.045288647,
2101.903922130, 1.046689621,
2101.924353771, 1.046390870,
2101.944785512, 1.043422510,
2101.965217052, 1.039242899,
2101.985648693, 1.038554160,
2102.006080434, 1.039635219,
2102.026511975, 1.030867492,
2102.046943715, 1.031029884,
2102.067375355, 1.024242201,
2102.087806996, 1.025296607,
2102.108238636, 1.020447099,
2102.128670276, 1.014083985,
2102.149101917, 1.015078184,
2102.169533557, 1.010173897,
2102.189965196, 1.010322437,
2102.210396736, 1.003369853,
2102.230828476, 1.000859802,
2102.251260116, 1.003199469,
2102.271691656, 1.000227449,
2102.292123395, 1.002682877,
2102.312555035, 1.000058531,
2102.332986774, 1.002305202,
2102.353418313, 0.997503806,
2102.373849953, 0.993190435,
2102.394281692, 0.994608136,
2102.414713231, 0.996359455,
2102.435144870, 0.999715024,
2102.455576609, 1.001414462,
2102.476008148, 1.006648062,
2102.496439786, 1.003907575,
2102.516871525, 1.003318749,
2102.537303064, 1.002059213,
2102.557734702, 1.001928428,
2102.578166441, 0.998618355,
2102.598598079, 0.996145647,
2102.619029717, 0.997972951,
2102.639461356, 0.991620353,
2102.659892994, 0.991389564,
2102.680324632, 0.983685400,
2102.700756270, 0.986348239,
2102.721187908, 0.985520696,
2102.741619646, 0.989065095,
2102.762051183, 0.989411039,
2102.782482821, 0.995892746,
2102.802914459, 0.991112931,
2102.823346096, 0.993137158,
2102.843777834, 1.006919519,
2102.864209471, 0.995242211,
2102.884641008, 0.994248511,
2102.905072746, 0.994888966,
2102.925504283, 0.997404327,
2102.945935920, 0.990759511,
2102.966367657, 0.991948534,
2102.986799194, 0.990103742,
2103.007230831, 0.993008254,
2103.027662568, 0.987261419,
2103.048094104, 0.994047594,
2103.068525741, 0.999847411,
2103.088957478, 1.005590514,
2103.109389114, 1.008718064,
2103.129820751, 1.005797009,
2103.150252387, 1.009972527,
2103.170684023, 1.010120345,
2103.191115660, 1.012564767,
2103.211547296, 1.014283822,
2103.231978932, 1.021194760,
2103.252410568, 1.034201660,
2103.272842204, 1.038543360,
2103.293273840, 1.040432850,
2103.313705576, 1.043087843,
2103.334137112, 1.026798846,
2103.354568747, 1.033161195,
2103.415863754, 1.036184185,
2103.436295389, 1.036189111,
2103.456726925, 1.032956093,
2103.477158660, 1.036030319,
2104.090107688, 1.015404439,
2104.110539422, 1.015410499,
2104.130971055, 1.011091926,
2104.151402788, 1.014929242,
2104.171834321, 1.016891956,
2104.192265954, 1.015071594,
2104.212697587, 1.018159460,
2104.233129220, 1.020561252,
2104.253560853, 1.022608654,
2104.273992486, 1.022278616,
2104.294424119, 1.020138926,
2104.314855752, 1.023251210,
2104.335287484, 1.019526286,
2104.376150649, 1.010681294,
2104.396582382, 1.009602836,
2104.417013914, 1.013754654,
2104.437445647, 1.015965270,
2104.457877279, 1.015647760,
2104.478308811, 1.020294852,
2104.498740543, 1.023907921,
2104.519172176, 1.028683422,
2104.539603708, 1.028978558,
2104.560035440, 1.030657744,
2104.580467072, 1.035286978,
2104.621330335, 1.031999561,
2104.641761967, 1.034315118,
2104.662193699, 1.037567510,
2104.682625231, 1.042448814,
2104.703056862, 1.048392526,
2104.723488594, 1.055729384,
2104.743920126, 1.056213649,
2104.764351757, 1.062618112,
2104.784783488, 1.063494343,
2104.805215120, 1.066495811,
2104.825646651, 1.065427799,
2104.866510014, 1.062483457,
2104.886941645, 1.064863366,
2104.907373276, 1.068970850,
2104.927804907, 1.073192895,
2104.948236538, 1.074783480,
2104.968668169, 1.069426759,
2104.989099700, 1.069119209,
2105.009531431, 1.070421795,
2105.029963062, 1.064236981,
2105.050394592, 1.063616614,
2105.070826323, 1.076836036,
2105.111689484, 1.063190611,
2105.132121215, 1.052064124,
2105.152552846, 1.041847402,
2105.172984576, 1.039407178,
2105.193416106, 1.040542157,
2105.213847737, 1.039118227,
2105.234279467, 1.035297280,
2105.254710997, 1.031359301,
2105.275142628, 1.025745143,
2105.295574358, 1.026413790,
2105.377300878, 1.037958057,
2105.397732508, 1.038342574,
2105.418164138, 1.038558727,
2105.438595768, 1.041020942,
2105.459027498, 1.037659064,
2105.479459027, 1.039740728,
2105.499890657, 1.041061640,
2105.520322387, 1.036025632,
2105.540753916, 1.029194123,
2105.561185546, 1.020077071,
2105.581617275, 1.013001041,
2105.602048805, 1.014345144,
2105.622480534, 1.017970077,
2105.642912164, 1.015917189,
2105.663343693, 1.020766499,
2105.683775423, 1.019455113,
2105.704206952, 1.021083897,
2105.724638581, 1.021752242,
2105.745070310, 1.022794739,
2105.765501839, 1.023010618,
2105.785933468, 1.021497484,
2105.806365198, 1.020107700,
2105.847228456, 1.020810260,
2105.867660085, 1.013430091,
2105.888091713, 1.015911061,
2105.908523342, 1.014757949,
2105.928954971, 1.016994269,
2105.949386600, 1.019794203,
2105.969818329, 1.023674633,
2105.990249857, 1.020405057,
2106.010681486, 1.022165299,
2106.031113215, 1.020945589,
2106.051544743, 1.025158830,
2106.092408100, 1.024495144,
2106.112839629, 1.031516935,
2106.133271357, 1.032684807,
2106.153702986, 1.036495769,
2106.174134514, 1.043699845,
2106.194566242, 1.045548580,
2106.214997870, 1.047750256,
2106.235429399, 1.048672805,
2106.255861127, 1.051672418,
2106.276292755, 1.058093755,
2106.296724383, 1.055305815,
2106.337587639, 1.061097599,
2106.358019267, 1.066257521,
2106.378450895, 1.062259257,
2106.398882523, 1.065932881,
2106.419314151, 1.073100185,
2106.439745779, 1.068731180,
2106.460177407, 1.071005141,
2106.480609035, 1.073868605,
2106.501040662, 1.067834868,
2106.521472290, 1.066712638,
2106.582767273, 1.058020395,
2106.603198901, 1.054589658,
2106.623630428, 1.051031499,
2106.644062156, 1.047232942,
2106.664493783, 1.046990650,
2106.684925311, 1.048149347,
2106.705357038, 1.040884188,
2106.725788666, 1.038112850,
2106.746220193, 1.038011015,
2106.766651920, 1.030418583,
2106.787083548, 1.028977958,
2106.827946802, 1.020934979,
2106.848378430, 1.017070743,
2106.868810157, 1.020172385,
2106.889241684, 1.020193529,
2106.909673311, 1.020100065,
2106.930105038, 1.019025980,
2106.950536565, 1.022220779,
2106.970968192, 1.018038520,
2106.991399919, 1.018833354,
2107.011831546, 1.013662408,
2107.032263173, 1.024042995,
2107.073126327, 1.021095789,
2107.093558054, 1.019690653,
2107.113989681, 1.023810930,
2107.134421208, 1.022301194,
2107.154852934, 1.018738282,
2107.175284561, 1.017358444,
2107.195716088, 1.027188565,
2107.216147815, 1.027888581,
2107.236579441, 1.036354020,
2107.257011168, 1.030126428,
2107.277442694, 1.034473756,
2107.338737574, 1.038217085,
2107.359169201, 1.039817840,
2107.379600927, 1.038389067,
2107.400032454, 1.036666256,
2107.420464080, 1.034672085,
2107.440895807, 1.034685572,
2107.461327433, 1.027335598,
2107.481759059, 1.019903214,
2107.502190686, 1.015863501,
2107.522622312, 1.013868572,
2107.543053938, 1.014559233,
2107.563485565, 1.020191520,
2107.583917191, 1.025795362,
2107.604348917, 1.030084801,
2107.624780443, 1.030912481,
2107.645212070, 1.029069406,
2107.665643796, 1.038046822,
2107.686075322, 1.038245495,
2107.706507048, 1.039684001,
2107.726938574, 1.048872279,
2107.747370200, 1.058477706,
2107.767801927, 1.059716684,
2107.808665079, 1.051397153,
2107.829096805, 1.053986268,
2107.849528331, 1.062503901,
2107.869959957, 1.066572996,
2107.890391683, 1.066508538,
2107.910823209, 1.070441540,
2107.931254834, 1.067270280,
2107.951686560, 1.061938953,
2107.972118086, 1.076727340,
2107.992549812, 1.076730694,
2108.012981438, 1.083006817,
2108.053844690, 1.064919639,
2108.074276315, 1.058071801,
2108.094707941, 1.061077313,
2108.115139567, 1.061483495,
2108.135571193, 1.060986077,
2108.156002818, 1.055420816,
2108.176434544, 1.054904427,
2108.196866070, 1.046593044,
2108.217297796, 1.044391112,
2108.237729421, 1.049475288,
2108.258160947, 1.044872045,
2108.299024298, 1.024207941,
2108.319455824, 1.022335616,
2108.339887549, 1.025132230,
2108.360319175, 1.025399575,
2108.380750701, 1.022667135,
2108.401182426, 1.021013572,
2108.421614052, 1.007449438,
2108.442045677, 1.020023203,
2108.462477303, 1.026075832,
2108.482908828, 1.030402688,
2108.503340554, 1.028449544,
2108.544203805, 1.014815004,
2108.564635430, 1.017836708,
2108.585067056, 1.022209735,
2108.605498681, 1.020578077,
2108.625930306, 1.021424677,
2108.646361932, 1.017383126,
2108.666793657, 1.024528112,
2108.687225283, 1.028179977,
2108.707656808, 1.031748701,
2108.728088533, 1.035008992,
2108.748520159, 1.036725650,
2108.789383409, 1.018114071,
2108.809815035, 1.020224977,
2108.830246560, 1.018264901,
2108.850678285, 1.016919840,
2108.871109911, 1.017944433,
2108.891541636, 1.027429802,
2108.911973161, 1.027011091,
2108.932404787, 1.030198941,
2108.952836512, 1.031635160,
2108.973268037, 1.030002062,
2108.993699662, 1.012272293,
2109.034562913, 1.016791185,
2109.054994538, 1.021541029,
2109.075426263, 1.021545571,
2109.095857789, 1.017028325,
2109.116289514, 1.034357281,
2109.136721039, 1.035322809,
2109.157152664, 1.044108205,
2109.177584390, 1.043675303,
2109.198015915, 1.030919810,
2109.218447540, 0.990593895,
2109.238879265, 0.935277571,
2109.300174141, 1.050342162,
2109.320605766, 1.048606546,
2109.341037491, 1.051281739,
2109.361469016, 1.057045207,
2109.381900642, 1.065394180,
2109.402332367, 1.066495385,
2109.422763892, 1.065695187,
2109.443195517, 1.065942138,
2109.463627242, 1.067818119,
2109.484058767, 1.062754660,
2109.524922118, 1.062483131,
2109.545353643, 1.076972458,
2109.565785368, 1.069004094,
2109.586216993, 1.071580313,
2109.606648519, 1.070838140,
2109.627080244, 1.063385187,
2109.647511869, 1.062462076,
2109.667943494, 1.060472978,
2109.688375119, 1.056857055,
2109.708806744, 1.051568259,
2109.729238370, 1.052300014,
2109.770101620, 1.044768705,
2109.790533245, 1.036245907,
2109.810964970, 1.035723699,
2109.831396495, 1.032380348,
2109.851828221, 1.028647954,
2109.872259746, 1.026304182,
2109.892691371, 1.019898048,
2109.913123096, 1.035264233,
2109.933554621, 1.030369850,
2109.953986247, 1.042301143,
2109.974417972, 1.042636384,
2110.015281222, 1.016621025,
2110.035712847, 1.020817175,
2110.056144373, 1.022120294,
2110.076576098, 1.014986787,
2110.097007723, 1.022808877,
2110.117439248, 1.024693597,
2110.137870974, 1.019891433,
2110.158302599, 1.028447283,
2110.178734224, 1.028515783,
2110.199165849, 1.030689306,
2110.219597475, 1.038761231,
2110.280892350, 1.017080171,
2110.301324076, 1.020982114,
2110.321755701, 1.022914825,
2110.342187226, 1.017044012,
2110.362618952, 1.026115270,
2110.383050577, 1.022449708,
2110.403482202, 1.013199950,
2110.423913828, 1.026458457,
2110.444345453, 1.027308253,
2110.464777079, 1.027742490,
2110.505640229, 1.015455390,
2110.526071955, 1.016271365,
2110.546503580, 1.015478817,
2110.566935106, 1.022338305,
2110.587366831, 1.019431590,
2110.607798456, 1.019317163,
2110.628230182, 1.031272089,
2110.648661707, 1.031339283,
2110.669093333, 1.039678375,
2110.689525058, 1.044888022,
2110.709956584, 1.036628588,
2110.771251460, 1.024674102,
2110.791683086, 1.042807728,
2110.812114811, 1.063950609,
2110.832546337, 1.066282418,
2110.852978063, 1.073473929,
2110.873409688, 1.074611807,
2110.893841314, 1.066030408,
2110.914272940, 1.060780937,
2110.934704565, 1.059384364,
2110.955136191, 1.062905263,
2110.975567817, 1.069792940,
2110.995999442, 1.070942148,
2111.016431068, 1.068980221,
2111.036862794, 1.072101313,
2111.057294319, 1.066156007,
2111.077726045, 1.072245371,
2111.098157671, 1.076132444,
2111.118589197, 1.087539842,
2111.139020923, 1.077343427,
2111.159452448, 1.072435204,
2111.179884074, 1.059552308,
2111.200315800, 1.048444862,
2111.261610678, 1.040379986,
2111.282042204, 1.038104584,
2111.302473930, 1.034825073,
2111.322905556, 1.037486168,
2111.343337082, 1.035977361,
2111.363768808, 1.033262332,
2111.384200434, 1.023964013,
2111.404632060, 1.026989912,
2111.425063686, 1.030451827,
2111.486358564, 1.015024376,
2111.506790190, 1.014911727,
2111.527221917, 1.014278007,
2111.547653543, 1.017584460,
2111.568085069, 1.021612935,
2111.588516795, 1.022123011,
2111.608948421, 1.022829683,
2111.629379948, 1.022505950,
2111.649811674, 1.025737551,
2111.670243300, 1.025292435,
2111.690675027, 1.018180837,
2111.731538180, 1.018259324,
2111.772401432, 1.027177598,
2111.792833059, 1.025192653,
2111.813264685, 1.026816111,
2111.833696312, 1.024084154,
2111.854127939, 1.024915735,
2111.874559565, 1.023019585,
2111.894991192, 1.035944459,
2111.915422918, 1.037205582,
2111.935854445, 1.037579792,
2111.976717798, 1.032246633,
2111.997149325, 1.022353744,
2112.017580952, 1.009407049,
2112.038012679, 1.009779952,
2112.058444305, 1.011942304,
2112.078875932, 1.017165811,
2112.099307559, 1.019193250,
2112.119739186, 1.023230176,
2112.140170813, 1.022464002,
2112.160602440, 1.022869741,
2112.181034067, 1.021005226,
2112.221897321, 1.039394761,
2112.242328948, 1.024682247,
2112.262760675, 1.031568440,
2112.283192202, 1.030695336,
2112.303623929, 1.038691932,
2112.324055557, 1.042887887,
2112.344487084, 1.046283902,
2112.364918811, 1.047851699,
2112.385350438, 1.047722731,
2112.405781966, 1.050181822,
2112.426213693, 1.071294594,
2112.467076848, 1.059949863,
2112.487508575, 1.058659509,
2112.507940203, 1.062940031,
2112.528371830, 1.069521315,
2112.548803458, 1.069932673,
2112.569235085, 1.063493445,
2112.589666713, 1.070332686,
2112.610098341, 1.064911649,
2112.630529968, 1.063649084,
2112.650961596, 1.078479486,
2112.671393224, 1.074158930,
2112.712256579, 1.050848905,
2112.732688107, 1.049257256,
2112.753119835, 1.047387742,
2112.773551463, 1.079196316,
2112.793982991, 1.066069331,
2112.814414719, 1.068036314,
2112.834846347, 1.067616156,
2112.855277875, 1.072780118,
2112.875709603, 1.062358349,
2112.896141231, 1.059121069,
2112.916572959, 1.060344551,
2112.957436116, 1.051907415,
2112.977867844, 1.041057108,
2112.998299372, 1.053732765,
2113.018731001, 1.041463162,
2113.039162729, 1.048401947,
2113.059594258, 1.044670883,
2113.080025886, 1.056219819,
2113.100457614, 1.046392255,
2113.120889143, 1.051624369,
2113.141320872, 1.055506659,
2113.161752500, 1.052968902,
2113.243478915, 1.059159840,
2113.263910644, 1.061365529,
2113.284342273, 1.059960037,
2113.304773902, 1.058134230,
2113.325205531, 1.060923370,
2113.345637160, 1.059668291,
2113.366068889, 1.049971486,
2113.386500418, 1.044971098,
2113.406932047, 1.047207927,
2113.427363776, 1.047303339,
2113.447795305, 1.042962269,
2113.468226935, 1.041117377,
2113.488658664, 1.054116605,
2113.509090193, 1.049549076,
2113.529521922, 1.041617341,
2113.549953552, 1.049578911,
2113.570385081, 1.048012470,
2113.590816811, 1.045302544,
2113.611248440, 1.049995895,
2113.631679970, 1.056115145,
2113.652111700, 1.051743150,
2113.692974859, 1.046286751,
2113.713406589, 1.061178393,
2113.733838219, 1.051890209,
2113.754269949, 1.061432328,
2113.774701479, 1.065672120,
2113.795133109, 1.058116276,
2113.815564739, 1.075006243,
2113.835996469, 1.075745324,
2113.856427999, 1.083640636,
2113.876859729, 1.078522657,
2113.897291259, 1.082895150,
2113.938154620, 1.076885388,
2113.958586150, 1.085190867,
2113.979017880, 1.093845632,
2113.999449511, 1.089905588,
2114.019881041, 1.103198819,
2114.040312772, 1.090738068,
2114.060744403, 1.095020423,
2114.081175933, 1.097238919,
2114.101607664, 1.100595507,
2114.122039295, 1.098335971,
2114.142471025, 1.146929158,
2114.183334187, 1.108053898,
2114.203765918, 1.098728987,
2114.224197449, 1.103795884,
2114.244629080, 1.089643427,
2114.265060811, 1.095245954,
2114.285492342, 1.089905653,
2114.305924074, 1.083496170,
2114.326355705, 1.085716189,
2114.346787336, 1.077600917,
2114.367218968, 1.073737559,
2114.387650599, 1.075376578,
2114.428513862, 1.058766623,
2114.448945494, 1.059117629,
2114.469377125, 1.046032122,
2114.489808757, 1.058505986,
2114.510240389, 1.049385426,
2114.530672121, 1.056728385,
2114.551103652, 1.048812587,
2114.571535284, 1.053519235,
2114.591967016, 1.055523374,
2114.612398548, 1.055396444,
2114.632830181, 1.043878405,
2114.673693445, 1.061385230,
2114.694125077, 1.060085367,
2114.714556809, 1.052859889,
2114.734988342, 1.048166893,
2114.755420074, 1.057151063,
2114.775851707, 1.047288803,
2114.796283239, 1.052092501,
2114.816714972, 1.046384741,
2114.837146605, 1.060391151,
2114.857578137, 1.047408078,
2114.878009870, 1.057519447,
2114.939304769, 1.060044201,
2114.959736402, 1.060487011,
2114.980168135, 1.060870394,
2115.000599668, 1.057500678,
2115.021031301, 1.059042910,
2115.041463034, 1.056855086,
2115.061894668, 1.044738815,
2115.082326201, 1.041407374,
2115.102757935, 1.038687986,
2115.123189568, 1.045995622,
2115.184484469, 1.060451865,
2115.204916103, 1.059653101,
2115.225347737, 1.057385201,
2115.245779370, 1.051456326,
2115.266211004, 1.048369624,
2115.286642638, 1.057871795,
2115.307074372, 1.059559335,
2115.327505907, 1.057450881,
2115.347937541, 1.057748332,
2115.368369275, 1.063285687,
2115.409232444, 1.084507925,
2115.429664178, 1.080240493,
2115.450095713, 1.076153541,
2115.470527347, 1.087067667,
2115.490959082, 1.080751619,
2115.511390617, 1.077173697,
2115.531822351, 1.087752609,
2115.552253986, 1.093697857,
2115.572685621, 1.086074760,
2115.593117256, 1.099912579,
2115.613548891, 1.094771394,
2115.654412162, 1.096595134,
2115.674843797, 1.087799530,
2115.695275432, 1.098816916,
2115.715707168, 1.086382913,
2115.736138703, 1.085257322,
2115.756570439, 1.096451770,
2115.777002074, 1.081875873,
2115.797433610, 1.084402899,
2115.817865346, 1.078993067,
2115.838296981, 1.078137990,
2115.858728517, 1.078374120,
2115.899591889, 1.064606562,
2115.920023525, 1.065935738,
2115.940455162, 1.052755689,
2115.960886698, 1.055120780,
2115.981318434, 1.052360057,
2116.001750070, 1.051953935,
2116.022181607, 1.056385351,
2116.042613343, 1.052006584,
2116.063044980, 1.052895816,
2116.083476617, 1.055753786,
2116.103908253, 1.050751950,
2116.144771627, 1.051271940,
2116.165203164, 1.041379034,
2116.185634801, 1.045600140,
2116.206066538, 1.042413928,
2116.226498175, 1.040602520,
2116.246929713, 1.058080881,
2116.267361450, 1.045477308,
2116.287793087, 1.056683710,
2116.308224725, 1.049387277,
2116.328656362, 1.052586071,
2116.349088000, 1.053738166,
2116.389951276, 1.049943246,
2116.410382913, 1.040259169,
2116.430814651, 1.046996050,
2116.451246189, 1.050297941,
2116.471677827, 1.051337963,
2116.492109566, 1.052106621,
2116.512541104, 1.047501568,
2116.532972842, 1.059487398,
2116.553404481, 1.051155859,
2116.573836019, 1.053177449,
2116.594267758, 1.052291926,
2116.635130935, 1.044880303,
2116.655562674, 1.050837234,
2116.675994213, 1.038186610,
2116.696425952, 1.051388531,
2116.716857591, 1.052398620,
2116.737289130, 1.054065630,
2116.757720869, 1.055011661,
2116.778152508, 1.058914713,
2116.798584148, 1.058871206,
2116.819015787, 1.060695857,
2116.839447427, 1.061618315,
2116.900742346, 1.079281502,
2116.921174085, 1.079814681,
2116.941605725, 1.084258030,
2116.962037265, 1.081236180,
2116.982469005, 1.077703700,
2117.002900646, 1.082344048,
2117.023332186, 1.079150932,
2117.043763926, 1.090783438,
2117.064195567, 1.097272767,
2117.084627307, 1.090765869,
2117.145922229, 1.096479757,
2117.166353770, 1.092447011,
2117.186785411, 1.095366784,
2117.207217052, 1.085938723,
2117.227648693, 1.086673949,
2117.248080334, 1.088261029,
2117.268511975, 1.091517392,
2117.288943617, 1.084230314,
2117.329806900, 1.082546332,
2117.391101825, 1.084648423,
2117.411533467, 1.081004015,
2117.431965209, 1.074385650,
2117.452396851, 1.069456857,
2117.472828493, 1.070489173,
2117.493260135, 1.061459712,
2117.513691778, 1.054730347,
2117.534123420, 1.053574670,
2117.554555062, 1.053095386,
2117.574986705, 1.042759315,
2117.595418448, 1.050580585,
2117.615849990, 1.048857300,
2117.636281633, 1.053485518,
2117.656713376, 1.053690610,
2117.677144919, 1.049570270,
2117.697576662, 1.054602132,
2117.718008306, 1.060102208,
2117.738439849, 1.053478471,
2117.758871592, 1.056150541,
2117.779303236, 1.050962404,
2117.799734779, 1.059532259,
2117.820166523, 1.059880924,
2117.881461455, 1.061208380,
2117.901893099, 1.059634804,
2117.922324743, 1.056564561,
2117.942756387, 1.058666244,
2117.963188032, 1.057712642,
2117.983619676, 1.051393100,
2118.004051320, 1.041574723,
2118.024482965, 1.050124523,
2118.044914610, 1.041346268,
2118.065346255, 1.043865977,
2118.106209645, 1.057632290,
2118.126641190, 1.051382523,
2118.147072935, 1.052727318,
2118.167504580, 1.049568171,
2118.187936125, 1.045675588,
2118.208367871, 1.042485458,
2118.228799517, 1.045633501,
2118.249231062, 1.050084733,
2118.269662808, 1.053582191,
2118.290094454, 1.042553936,
2118.310526200, 1.059197811,
2118.351389392, 1.065086408,
2118.371821138, 1.071393422,
2118.392252685, 1.069138956,
2118.412684331, 1.065179447,
2118.433116078, 1.074756804,
2118.453547624, 1.066884702,
2118.473979371, 1.073438737,
2118.494411018, 1.079940261,
2118.514842565, 1.080718644,
2118.535274312, 1.084924633,
2118.555705959, 1.092252292,
2118.596569254, 1.100255532,
2118.678295844, 1.088885424,
2118.698727492, 1.103721943,
2118.719159140, 1.092179787,
2118.739590788, 1.096903277,
2118.760022436, 1.092585031,
2118.780454084, 1.101619792,
2118.800885733, 1.092815266,
2118.841749030, 1.085850448,
2118.862180779, 1.077603626,
2118.882612427, 1.082332725,
2118.903043976, 1.073205382,
2118.923475725, 1.084656649,
2118.943907374, 1.070900537,
2118.964338924, 1.074706115,
2118.984770673, 1.071983169,
2119.005202322, 1.073762931,
2119.025633872, 1.063927478,
2119.046065622, 1.061140406,
2119.107360571, 1.042902715,
2119.127792221, 1.042588405,
2119.148223971, 1.051730632,
2119.168655522, 1.051967686,
2119.189087172, 1.045587637,
2119.209518922, 1.056207710,
2119.229950473, 1.055611102,
2119.250382224, 1.050562404,
2119.270813875, 1.059483787,
2119.291245526, 1.064235291,
2119.372972130, 1.059271409,
2119.393403782, 1.056335688,
2119.413835533, 1.049742083,
2119.434267085, 1.045798865,
2119.454698737, 1.053623521,
2119.475130489, 1.041447231,
2119.495562041, 1.043274809,
2119.515993693, 1.052842061,
2119.536425445, 1.040973568,
2119.577288650, 1.057800371,
2119.597720403, 1.050811200,
2119.618151955, 1.059621166,
2119.638583708, 1.052459327,
2119.659015361, 1.048283195,
2119.679446914, 1.049202280,
2119.699878667, 1.050808755,
2119.720310321, 1.042945661,
2119.740741974, 1.052787014,
2119.761173628, 1.056243906,
2119.781605281, 1.053513167,
2119.822468589, 1.057363521,
2119.842900243, 1.061889712,
2119.863331997, 1.064865675,
2119.883763651, 1.056922203,
2119.904195205, 1.058011270,
2119.924626860, 1.064838273,
2119.945058514, 1.059381835,
2119.965490169, 1.071768240,
2119.985921924, 1.066884218,
2120.006353479, 1.075163098,
2120.026785234, 1.081669695,
2120.067648444, 1.095790884,
2120.088080199, 1.097300053,
2120.108511855, 1.099009240,
2120.128943410, 1.103958451,
2120.149375166, 1.101364134,
2120.169806822, 1.095305269,
2120.190238578, 1.098980038,
2120.210670134, 1.092122007,
2120.231101790, 1.084826231,
2120.251533546, 1.103465793,
2120.271965103, 1.091087693,
2120.312828516, 1.102354470,
2120.333260073, 1.101121060,
2120.353691730, 1.090003677,
2120.374123487, 1.080939614,
2120.394555044, 1.089504562,
2120.414986801, 1.076962213,
2120.435418459, 1.079670814,
2120.455850116, 1.074732474,
2120.476281774, 1.069675989,
2120.496713432, 1.065920450,
2120.517145089, 1.061790041,
2120.558008406, 1.051935854,
2120.578440164, 1.045709299,
2120.598871722, 1.054715624,
2120.619303381, 1.044736334,
2120.639735139, 1.055101098,
2120.660166698, 1.049642206,
2120.680598357, 1.060441159,
2120.701030116, 1.057090121,
2120.721461675, 1.057032310,
2120.741893334, 1.049751478,
2120.762325094, 1.053935794,
2120.803188413, 1.053878064,
2120.823620073, 1.054475311,
2120.844051633, 1.060139901,
2120.864483393, 1.052965495,
2120.884915053, 1.062667195,
2120.905346613, 1.063386904,
2120.925778373, 1.051035219,
2120.946210034, 1.058216146,
2120.966641795, 1.059054804,
2120.987073355, 1.060029882,
2121.007505016, 1.057100718,
2121.068800000, 1.061364686,
2121.089231761, 1.058464919,
2121.109663423, 1.060010155,
2121.130094984, 1.058274810,
2121.150526746, 1.058643351,
2121.191390070, 1.056477055,
2121.211821732, 1.056762215,
2121.232253395, 1.049729397,
2121.252685057, 1.053964503,
2121.273116720, 1.057266385,
2121.293548383, 1.054505060,
2121.313980045, 1.051382929,
2121.334411708, 1.042599831,
2121.354843472, 1.050077769,
2121.375275035, 1.054908530,
2121.395706698, 1.048089282,
2121.416138462, 1.049908227,
2121.436570025, 1.062526620,
2121.457001689, 1.059319919,
2121.477433453, 1.056603978,
2121.497865017, 1.049826509,
2121.538728446, 1.050715850,
2121.559160010, 1.056944376,
2121.579591775, 1.063527016,
2121.600023439, 1.064444836,
2121.620455104, 1.077554537,
2121.640886769, 1.075847144,
2121.661318434, 1.086503298,
2121.681750100, 1.086807693,
2121.702181765, 1.073816061,
2121.722613431, 1.081459666,
2121.743045196, 1.072704772,
2121.783908428, 1.071867492,
2121.804340194, 1.071253319,
2121.824771860, 1.069143808,
2121.845203427, 1.073518443,
2121.865635193, 1.071377337,
2121.886066860, 1.068311327,
2121.906498427, 1.076826839,
2121.926930194, 1.073644385,
2121.947361861, 1.072117583,
2121.988225195, 1.058018472,
2122.049520198, 1.055529941,
2122.069951766, 1.047111399,
2122.090383534, 1.036972978,
2122.110815202, 1.023201608,
2122.131246971, 1.029590204,
2122.151678539, 1.032910678,
2122.172110208, 1.040437857,
2122.192541976, 1.039005113,
2122.212973545, 1.043781535,
2122.233405214, 1.034390715,
2122.274268653, 1.036798884,
2122.294700222, 1.044133575,
2122.315131992, 1.038363554,
2122.335563662, 1.033309958,
2122.355995332, 1.030532223,
2122.376427002, 1.033757003,
2122.396858672, 1.029092368,
2122.417290342, 1.033120148,
2122.437722013, 1.044489305,
2122.458153683, 1.043309063,
2122.478585454, 1.031660771,
2122.519448796, 1.035578300,
2122.539880467, 1.030767212,
2122.560312038, 1.040560173,
2122.580743810, 1.037386967,
2122.601175482, 1.037688911,
2122.621607053, 1.026049738,
2122.642038825, 1.023381711,
2122.662470397, 1.023685780,
2122.682902170, 1.029610549,
2122.703333842, 1.036206063,
2122.723765414, 1.045342875,
2122.785060433, 1.022586703,
2122.805492206, 1.023900514,
2122.825923879, 1.035986164,
2122.846355553, 1.043682544,
2122.866787226, 1.040853380,
2122.887218900, 1.033314370,
2122.907650674, 1.038717657,
2122.928082348, 1.031998706,
2122.948513922, 1.038375522,
2122.968945696, 1.039970156,
2123.030240720, 1.063629607,
2123.050672395, 1.052141174,
2123.071104170, 1.054740247,
2123.091535745, 1.056860993,
2123.111967421, 1.059348212,
2123.132399196, 1.067871804,
2123.152830772, 1.067928129,
2123.173262448, 1.078345161,
2123.193694224, 1.070699450,
2123.214125800, 1.082522537,
2123.275420829, 1.072204222,
2123.295852606, 1.082599298,
2123.316284183, 1.075813860,
2123.336715860, 1.083118003,
2123.357147637, 1.085613260,
2123.377579215, 1.076083975,
2123.398010892, 1.073513774,
2123.418442670, 1.071531908,
2123.438874248, 1.062356289,
2123.459306026, 1.055365479,
2123.500169382, 1.046384297,
2123.520601061, 1.049957240,
2123.541032739, 1.044412305,
2123.561464418, 1.043812332,
2123.581896097, 1.047351303,
2123.602327776, 1.042221606,
2123.622759555, 1.048135443,
2123.643191235, 1.048421821,
2123.663622814, 1.045205552,
2123.684054594, 1.039613311,
2123.704486274, 1.034385244,
2123.745349634, 1.030534552,
2123.765781315, 1.029405301,
2123.786212895, 1.030836446,
2123.806644676, 1.039921727,
2123.827076357, 1.042989143,
2123.847508138, 1.042927506,
2123.867939719, 1.039329277,
2123.888371400, 1.040839210,
2123.908803082, 1.029964385,
2123.929234763, 1.028205032,
2123.949666445, 1.034374298,
2123.990529809, 1.025902439,
2124.010961591, 1.030838624,
2124.031393174, 1.028253584,
2124.051824857, 1.034705216,
2124.072256639, 1.039068351,
2124.092688222, 1.042589822,
2124.133551689, 1.027411974,
2124.153983372, 1.032392543,
2124.174414956, 1.028663082,
2124.194846740, 1.024144349,
2124.235710108, 1.023712485,
2124.256141792, 1.024881028,
2124.276573476, 1.029843961,
2124.297005261, 1.029916774,
2124.317436846, 1.039512291,
2124.337868531, 1.038802135,
2124.358300316, 1.037418017,
2124.378731901, 1.027379345,
2124.399163686, 1.037856325,
2124.419595372, 1.033684353,
2124.440026958, 1.031475321,
2124.480890430, 1.032908439,
2124.501322016, 1.038417647,
2124.521753803, 1.040764117,
2124.542185489, 1.049792858,
2124.562617176, 1.065945519,
2124.583048863, 1.065941814,
2124.603480550, 1.067314517,
2124.623912237, 1.061583790,
2124.644343925, 1.063069495,
2124.664775612, 1.061973270,
2124.685207300, 1.065739893,
2124.746502365, 1.070311871,
2124.766934053, 1.063827873,
2124.787365842, 1.066785671,
2124.807797531, 1.071820566,
2124.828229120, 1.082079442,
2124.848660909, 1.076309583,
2124.869092598, 1.083608593,
2124.889524188, 1.083986810,
2124.909955977, 1.073809160,
2124.930387667, 1.070954968,
2124.991682738, 1.056149682,
2125.012114528, 1.054513775,
2125.032546119, 1.049205066,
2125.052977810, 1.050284618,
2125.073409601, 1.043265479,
2125.093841192, 1.048362980,
2125.114272884, 1.049084495,
2125.134704675, 1.040359536,
2125.155136267, 1.042256218,
2125.195999751, 1.045612722,
2125.216431344, 1.042623724,
2125.236863136, 1.036673386,
2125.257294829, 1.027795226,
2125.277726522, 1.036537562,
2125.298158215, 1.032542158,
2125.318589908, 1.029412686,
2125.339021601, 1.028427852,
2125.359453295, 1.032370041,
2125.379884988, 1.034115262,
2125.400316682, 1.037584265,
2125.420748376, 1.031158629,
2125.461611765, 1.026386478,
2125.482043460, 1.032874039,
2125.502475254, 1.030386315,
2125.522906949, 1.042209903,
2125.543338545, 1.031640727,
2125.563770340, 1.041013905,
2125.584202035, 1.041248725,
2125.604633631, 1.039784658,
2125.625065427, 1.033829315,
2125.645497123, 1.030368940,
2125.665928719, 1.034456709,
2125.706792212, 1.024096740,
2125.727224009, 1.021871232,
2125.747655606, 1.021406238,
2125.768087303, 1.024007035,
2125.788519101, 1.023082577,
2125.808950698, 1.034775045,
2125.829382396, 1.026086109,
2125.849814194, 1.032876436,
2125.870245792, 1.039394188,
2125.890677590, 1.039257172,
2125.911109288, 1.034061347,
2125.951972686, 1.027724440,
2125.972404285, 1.043476832,
2125.992836084, 1.040510511,
2126.013267783, 1.050646946,
2126.033699483, 1.050599732,
2126.054131083, 1.053017561,
2126.074562883, 1.046547767,
2126.094994583, 1.055284409,
2126.115426283, 1.057530670,
2126.135857983, 1.055257482,
2126.156289684, 1.059204298,
2126.197153086, 1.071715868,
2126.217584787, 1.078998431,
2126.238016589, 1.086982467,
2126.258448190, 1.074182472,
2126.278879992, 1.081072760,
2126.299311694, 1.071157846,
2126.319743296, 1.072254736,
2126.340175098, 1.070840317,
2126.360606801, 1.068981495,
2126.381038404, 1.077625712,
2126.401470207, 1.069939096,
2126.442333513, 1.081956234,
2126.462765317, 1.079558450,
2126.483197020, 1.066773040,
2126.503628824, 1.069779993,
2126.524060428, 1.054920336,
2126.544492133, 1.052875187,
2126.564923937, 1.051498446,
2126.585355642, 1.046375901,
2126.605787246, 1.045937345,
2126.626218951, 1.052367931,
2126.646650757, 1.057807065,
2126.687514168, 1.037597783,
2126.707945773, 1.038811601,
2126.728377579, 1.043174126,
2126.748809286, 1.042201380,
2126.769240892, 1.044566156,
2126.789672699, 1.031734219,
2126.830536212, 1.027523847,
2126.850967819, 1.031901159,
2126.871399527, 1.035375489,
2126.891831334, 1.034672405,
2126.953126458, 1.043001245,
2126.973558067, 1.043997721,
2126.993989775, 1.045141487,
2127.014421584, 1.044803494,
2127.034853193, 1.040756143,
2127.055285002, 1.033161118,
2127.075716711, 1.036876362,
2127.096148321, 1.025862573,
2127.116580130, 1.024439166,
2127.137011840, 1.026531853,
2127.198306971, 1.026463809,
2127.218738782, 1.036428404,
2127.239170393, 1.036564608,
2127.259602104, 1.036249957,
2127.280033815, 1.040600972,
2127.300465527, 1.039158870,
2127.320897238, 1.038398555,
2127.341329050, 1.035110952,
2127.361760662, 1.029289665,
2127.382192375, 1.038736529,
2127.423055800, 1.031189073,
2127.443487613, 1.042743951,
2127.463919326, 1.043156924,
2127.484350939, 1.044261175,
2127.504782753, 1.037636231,
2127.525214467, 1.040030963,
2127.545646080, 1.044172950,
2127.566077895, 1.037476796,
2127.586509609, 1.044960540,
2127.606941423, 1.047880659,
2127.627373038, 1.049399056,
2127.688668184, 1.051425433,
2127.709099899, 1.059282934,
2127.729531715, 1.062652187,
2127.749963331, 1.066238845,
2127.770395147, 1.068628253,
2127.790826863, 1.075388866,
2127.811258580, 1.077392713,
2127.831690297, 1.085953415,
2127.852122014, 1.083696735,
2127.872553731, 1.085168399,
2127.913417166, 1.074207739,
2127.933848884, 1.085601166,
2127.954280602, 1.079032370,
2127.974712320, 1.071434250,
2127.995144138, 1.068775576,
2128.015575757, 1.070804528,
2128.036007476, 1.060286597,
2128.056439295, 1.057460313,
2128.076870914, 1.053659496,
2128.097302634, 1.055203381,
2128.117734453, 1.047033708,
2128.158597893, 1.053952962,
2128.179029613, 1.043734493,
2128.199461234, 1.040173148,
2128.219893055, 1.032961098,
2128.240324776, 1.031827400,
2128.260756397, 1.033431267,
2128.281188218, 1.030190244,
2128.301619940, 1.032152145,
2128.322051562, 1.031140229,
2128.342483384, 1.035113942,
2128.362915106, 1.034414509,
2128.424210274, 1.037649525,
2128.444642097, 1.043178758,
2128.465073820, 1.036690068,
2128.485505443, 1.030709054,
2128.505937267, 1.028506659,
2128.526368991, 1.026767984,
2128.546800715, 1.027775327,
2128.567232439, 1.030851859,
2128.587664164, 1.034271306,
2128.608095889, 1.038312980,
2128.628527614, 1.042423651,
2128.648959339, 1.034282937,
2128.669391064, 1.030379598,
2128.689822790, 1.032925428,
2128.710254616, 1.024551905,
2128.730686242, 1.024333446,
2128.751117968, 1.022448400,
2128.771549795, 1.022633673,
2128.791981421, 1.031505743,
2128.812413148, 1.027885351,
2128.832844975, 1.049523736,
2128.853276603, 1.074508598,
2128.914571786, 1.031018644,
2128.935003615, 1.031653768,
2128.975867072, 1.037326838,
2128.996298801, 1.030909290,
2129.016730530, 1.036015200,
2129.037162259, 1.031508625,
2129.057593988, 1.035716393,
2129.098457548, 1.039511395,
2129.159752740, 1.056081927,
2129.180184470, 1.061966522,
2129.200616102, 1.063484117,
2129.221047933, 1.071436776,
2129.241479664, 1.073083668,
2129.261911396, 1.070415745,
2129.282343128, 1.066947541,
2129.302774860, 1.074719604,
2129.323206593, 1.065997857,
2129.343638325, 1.069046327,
2129.384501791, 1.085711946,
2129.404933525, 1.084856368,
2129.425365158, 1.080061748,
2129.445796992, 1.068307921,
2129.466228726, 1.074397189,
2129.486660560, 1.071066195,
2129.507092195, 1.069615797,
2129.527523929, 1.063002363,
2129.547955764, 1.068639973,
2129.568387399, 1.057429557,
2129.588819135, 1.059816644,
2129.650114442, 1.042085776,
2129.670546178, 1.041214467,
2129.690977915, 1.045198757,
2129.711409651, 1.039735837,
2129.731841388, 1.049743864,
2129.752273126, 1.040766883,
2129.772704863, 1.045696296,
2129.793136601, 1.043249775,
2129.813568338, 1.038159804,
2129.834000176, 1.032933605,
2129.874863653, 1.024945193,
2129.895295392, 1.031109616,
2129.915727031, 1.029847244,
2129.936158870, 1.032514026,
2129.956590610, 1.038372604,
2129.977022249, 1.042795707,
2129.997454089, 1.038401568,
2130.017885729, 1.032008576,
2130.038317570, 1.029332516,
2130.058749310, 1.025841892,
2130.079180951, 1.026822671,
2130.120044534, 1.018850081,
2130.140476175, 1.012687906,
2130.160908017, 1.014531659,
2130.181339759, 1.014312508,
2130.201771601, 1.010982103,
2130.222203243, 1.016146429,
2130.242634986, 1.013889135,
2130.263066829, 1.011867023,
2130.283498472, 1.026556860,
2130.303930216, 1.021041435,
2130.324362059, 1.024737152,
2130.365225447, 1.008743924,
2130.385657292, 1.012238963,
2130.406089036, 1.009717110,
2130.426520781, 1.011145090,
2130.446952526, 1.013595217,
2130.467384271, 1.015158018,
2130.487816117, 1.015443151,
2130.508247762, 1.014316317,
2130.528679508, 1.015656630,
2130.549111355, 1.031565853,
2130.569543001, 1.030730800,
2130.630838242, 1.030788728,
2130.651270089, 1.030204200,
2130.671701737, 1.033841117,
2130.692133485, 1.036533091,
2130.712565333, 1.038512929,
2130.732996981, 1.042818374,
2130.753428830, 1.043388865,
2130.773860579, 1.055155764,
2130.794292228, 1.054617113,
2130.814724077, 1.069293966,
2130.876019326, 1.056865122,
2130.896451077, 1.059980528,
2130.916882827, 1.057362079,
2130.937314578, 1.054921297,
2130.957746329, 1.056610622,
2130.978178180, 1.053419899,
2130.998609932, 1.051668016,
2131.019041583, 1.055968755,
2131.039473435, 1.053621795,
2131.059905187, 1.050594428,
2131.121200446, 1.045047167,
2131.141632199, 1.041585862,
2131.162063952, 1.037482752,
2131.182495706, 1.033522475,
2131.202927560, 1.031623220,
2131.223359214, 1.028516736,
2131.243790968, 1.027376442,
2131.264222723, 1.023039374,
2131.284654478, 1.022655102,
2131.305086333, 1.022842268,
2131.366381600, 1.013850032,
2131.386813256, 1.009785284,
2131.407245012, 1.012734377,
2131.427676869, 1.016839241,
2131.448108526, 1.015085166,
2131.468540283, 1.014872011,
2131.488972140, 1.018599829,
2131.509403798, 1.019793024,
2131.529835655, 1.017120602,
2131.550267414, 1.017287883,
2131.591130931, 1.016834320,
2131.611562689, 1.011461621,
2131.631994448, 1.012186851,
2131.652426308, 1.011859511,
2131.672857967, 1.014476690,
2131.693289827, 1.013381651,
2131.713721587, 1.014872890,
2131.754585108, 1.014672908,
2131.775016869, 1.010166619,
2131.795448530, 1.008794108,
2131.856744015, 1.021086544,
2131.877175677, 1.017099839,
2131.897607439, 1.018463804,
2131.918039202, 1.014816213,
2131.938470965, 1.017491116,
2131.958902728, 1.016030053,
2131.979334491, 1.020892220,
2131.999766255, 1.023133899,
2132.020198018, 1.022728625,
2132.040629783, 1.020893831,
2132.061061547, 1.008128404,
2132.081493412, 1.016476275,
2132.101925076, 1.010926530,
2132.122356841, 1.015697968,
2132.142788707, 1.019620275,
2132.163220373, 1.026997769,
2132.183652138, 1.029343416,
2132.204084004, 1.085921949,
2132.224515771, 1.036176612,
2132.244947538, 1.040881161,
2132.265379304, 1.042745436,
2132.285811072, 1.044986394,
2132.326674607, 1.063032973,
2132.347106375, 1.042466648,
2132.367538243, 1.050692210,
2132.387969911, 1.050759964,
2132.408401780, 1.069045622,
2132.449265218, 1.057162889,
2132.469697088, 1.056169650,
2132.490128857, 1.054939809,
2132.510560527, 1.053870083,
2132.530992398, 1.052483035,
2132.571855839, 1.044400133,
2132.592287710, 1.060625213,
2132.612719481, 1.037826450,
2132.633151253, 1.045831981,
2132.653583024, 1.039090001,
2132.674014697, 1.039240271,
2132.694446569, 1.032671476,
2132.714878342, 1.034201098,
2132.735310114, 1.028044922,
2132.755741887, 1.027008347,
2132.776173661, 1.025999742,
2132.837468983, 1.016899482,
2132.857900857, 1.016210658,
2132.878332632, 1.012995032,
2132.898764307, 1.011735934,
2132.919196182, 1.008734194,
2132.939627957, 1.008523219,
2132.960059733, 1.010738216,
2132.980491509, 1.012447734,
2133.000923285, 1.012242639,
2133.021355162, 1.015539573,
2133.082650493, 1.012673629,
2133.103082171, 1.013035498,
2133.123514048, 1.011936737,
2133.143945827, 1.010486615,
2133.164377505, 1.012558335,
2133.184809384, 1.015515890,
2133.205241162, 1.013997741,
2133.225672842, 1.015484788,
2133.246104721, 1.013556945,
2133.266536501, 1.010977420,
2133.307400061, 1.005438535,
2133.327831742, 1.009069289,
2133.348263622, 1.005682087,
2133.368695403, 1.005943808,
2133.389127085, 1.009928500,
2133.409558966, 1.010055652,
2133.429990748, 1.008551952,
2133.450422530, 1.008020301,
2133.470854313, 1.010132740,
2133.491286095, 1.006998683,
2133.511717978, 1.011144156,
2133.552581445, 1.016747439,
2133.573013329, 1.019210916,
2133.593445113, 1.347108646,
2133.613876797, 1.264588589,
2133.634308682, 1.134967576,
2133.654740466, 1.073372438,
2133.675172352, 1.052726911,
2133.695604037, 1.054396535,
2133.716035823, 1.047237355,
2133.736467709, 1.046262034,
2133.756899395, 1.050830984,
2133.777331181, 1.050562514,
2133.797763068, 1.050243038,
2133.818194755, 1.052453023,
2133.838626542, 1.054262933,
2133.859058430, 1.053966319,
2133.879490118, 1.055867691,
2133.899922006, 1.059176807,
2133.920353794, 1.054972649,
2133.940785483, 1.057366838,
2133.961217372, 1.058635148,
2133.981649061, 1.059276556,
2134.002080950, 1.064382215,
2134.063376321, 1.051282463,
2134.083808111, 1.060859722,
2134.104239902, 1.064225122,
2134.124671693, 1.042363692,
2134.145103485, 1.041516912,
2134.165535276, 1.040608428,
2134.185967068, 1.038438934,
2134.206398861, 1.037415259,
2134.247262546, 1.030940746,
2134.267694239, 1.027098615,
2134.288126132, 1.024920994,
2134.308557926, 1.023133591,
2134.328989620, 1.024062885,
2134.349421514, 1.019462858,
2134.369853308, 1.016925009,
2134.390285003, 1.017024176,
2134.410716898, 1.026230821,
2134.451580589, 1.029026774,
2134.472012285, 1.029266654,
2134.492444081, 1.034609189,
2134.553739471, 1.025423765,
2134.574171269, 1.010030659,
2134.594603066, 1.032697734,
2134.615034964, 1.022211126,
2134.635466762, 1.011566317,
2134.655898461, 1.013054763,
2134.676330359, 1.012293778,
2134.696762058, 1.017005993,
2134.717193857, 1.016576069,
2134.737625757, 1.013144279,
2134.798921157, 1.009823425,
2134.819352958, 1.014682878,
2134.839784759, 1.014863033,
2134.860216560, 1.012705147,
2134.880648362, 1.012245264,
2134.901080264, 1.012832371,
2134.921511966, 1.014470578,
2134.941943768, 1.008841761,
2134.962375671, 1.012210381,
2134.982807374, 1.015186332,
2135.044102784, 1.014991555,
2135.064534688, 1.018922009,
2135.084966493, 1.018342377,
2135.105398198, 1.015378033,
2135.125830103, 1.016670744,
2135.146261908, 1.014313359,
2135.166693813, 1.017974453,
2135.187125519, 1.022664670,
2135.207557325, 1.027503092,
2135.227989232, 1.028745356,
2135.268852745, 1.035644920,
2135.289284653, 1.035159389,
2135.309716360, 1.037908366,
2135.330148168, 1.042918166,
2135.350579976, 1.045203967,
2135.371011785, 1.051460080,
2135.391443693, 1.052107152,
2135.411875502, 1.057329578,
2135.432307212, 1.056871662,
2135.452739121, 1.052313232,
2135.473170931, 1.054696393,
2135.534466363, 1.048905712,
2135.554898274, 1.051500411,
2135.575329985, 1.051486387,
2135.595761797, 1.053327624,
2135.616193709, 1.047002372,
2135.636625421, 1.049752439,
2135.657057233, 1.049868608,
2135.677489146, 1.048219655,
2135.697920859, 1.042931452,
2135.779648215, 1.015400128,
2135.800080030, 1.027530439,
2135.820511744, 1.030053653,
2135.840943660, 1.010769711,
2135.861375475, 1.016378274,
2135.881807291, 1.029039850,
2135.902239107, 1.009860902,
2135.922670923, 1.006714196,
2135.943102840, 1.009157197,
2135.963534557, 1.009296302,
2135.983966374, 1.011537732,
2136.004398192, 1.012525731,
2136.024830010, 1.011397832,
2136.045261828, 1.009929356,
2136.065693746, 1.012615615,
2136.086125465, 1.011562255,
2136.106557384, 1.012192983,
2136.126989203, 1.014841255,
2136.147420923, 1.016135857,
2136.167852843, 1.012204220,
2136.188284663, 1.021364103,
2136.208716384, 1.012777772,
2136.249580126, 1.009471449,
2136.270012047, 1.008870974,
2136.290443769, 1.009047631,
2136.310875591, 1.010730905,
2136.331307513, 1.006531091,
2136.351739236, 1.014686463,
2136.372171059, 1.020251389,
2136.392602982, 1.024954337,
2136.413034706, 1.024471975,
2136.433466530, 1.037680796,
2136.515193928, 1.009654126,
2136.535625753, 1.011654852,
2136.556057579, 1.011500197,
2136.576489405, 1.010448836,
2136.596921231, 1.009029581,
2136.617353058, 1.013914700,
2136.637784885, 1.017162505,
2136.658216712, 1.017244707,
2136.678648540, 1.017086151,
2136.699080367, 1.024703315,
2136.760375853, 1.023663554,
2136.780807782, 1.026604369,
2136.801239511, 1.034788563,
2136.821671441, 1.036437163,
2136.842103271, 1.038946672,
2136.862535001, 1.041734450,
2136.882966931, 1.048132649,
2136.903398762, 1.045850643,
2136.923830494, 1.051762391,
2136.944262425, 1.049126032,
2137.005557921, 1.060177784,
2137.025989754, 1.052494506,
2137.046421687, 1.049421612,
2137.066853420, 1.053342944,
2137.087285254, 1.056471038,
2137.107717188, 1.056550440,
2137.128148922, 1.050199736,
2137.148580757, 1.051310821,
2137.169012692, 1.047264304,
2137.189444527, 1.045263261,
2137.250740034, 1.033685561,
2137.271171871, 1.033338796,
2137.291603708, 1.032380334,
2137.312035545, 1.027758523,
2137.332467382, 1.026378545,
2137.352899220, 1.020846099,
2137.373331058, 1.018079512,
2137.393762896, 1.016635828,
2137.414194735, 1.014600173,
2137.434626674, 1.016253654,
2137.495922192, 1.019389554,
2137.516353932, 1.001778038,
2137.536785873, 1.004014340,
2137.557217714, 1.010055260,
2137.577649455, 1.010980896,
2137.598081396, 1.013141612,
2137.618513238, 1.014519862,
2137.638944980, 1.014766366,
2137.659376923, 1.010139972,
2137.679808765, 1.013560050,
2137.720672452, 1.011836582,
2137.741104295, 1.006466314,
2137.761536239, 1.007424835,
2137.781967984, 1.009569300,
2137.802399828, 1.008783416,
2137.822831773, 1.010931040,
2137.843263519, 1.010772997,
2137.863695364, 1.010299760,
2137.884127310, 1.010144189,
2137.924991003, 1.009798854,
2137.965854597, 1.008806966,
2137.986286544, 1.009311010,
2138.006718392, 1.006645986,
2138.027150140, 1.004378244,
2138.047582089, 1.008784956,
2138.068013937, 1.008252416,
2138.088445886, 1.010305475,
2138.108877636, 1.006878081,
2138.129309486, 1.013544788,
2138.149741436, 1.022362953,
2138.170173186, 1.017545058,
2138.231468739, 1.026148795,
2138.272332543, 1.013157126,
2138.292764295, 1.016444107,
2138.313196248, 1.026064377,
2138.333628101, 1.027811396,
2138.354059854, 1.030860186,
2138.374491807, 1.030569240,
2138.394923661, 1.039381777,
2138.415355516, 1.042869215,
2138.435787370, 1.048427701,
2138.456219225, 1.045420412,
2138.476651180, 1.044137921,
2138.497082936, 1.049408393,
2138.517514792, 1.047733518,
2138.537946748, 1.046384925,
2138.558378604, 1.052689256,
2138.578810361, 1.048346954,
2138.599242318, 1.050677358,
2138.619674076, 1.062867106,
2138.640106034, 1.055657847,
2138.660537892, 1.061465187,
2138.721833468, 1.037253351,
2138.742265228, 1.036993788,
2138.762697188, 1.032712797,
2138.783129048, 1.037788957,
