BJD - 2454833, Corrected Flux
2061.305841845, 1.013260090,
2061.326274154, 1.014733687,
2061.346706363, 1.014735715,
2061.367138471, 1.015353449,
2061.387570778, 1.015849591,
2061.408002985, 1.016560162,
2061.428435292, 1.017264040,
2061.489731909, 1.019757673,
2061.510164014, 1.020923393,
2061.530596218, 1.020955941,
2061.551028522, 1.022799282,
2061.571460726, 1.023334809,
2061.591892829, 1.023815377,
2061.612325131, 1.024779370,
2061.632757333, 1.024920206,
2061.653189435, 1.025295040,
2061.673621736, 1.025628880,
2061.694053937, 1.026316105,
2061.714486137, 1.027016837,
2061.734918337, 1.026978464,
2061.755350536, 1.026905436,
2061.775782735, 1.026545736,
2061.796214934, 1.027458119,
2061.816647131, 1.028263000,
2061.837079329, 1.028006853,
2061.857511526, 1.028799491,
2061.877943623, 1.029561661,
2061.898375919, 1.029113248,
2061.918808115, 1.030221520,
2061.939240310, 1.030891607,
2061.959672505, 1.028981148,
2061.980104699, 1.029727648,
2062.000536993, 1.030567749,
2062.020969087, 1.030180694,
2062.041401279, 1.030605079,
2062.061833572, 1.030858705,
2062.082265665, 1.031161213,
2062.102697856, 1.030228792,
2062.123130147, 1.030565064,
2062.143562338, 1.030449545,
2062.163994428, 1.030646311,
2062.225290997, 1.030240907,
2062.245723285, 1.029708542,
2062.266155473, 1.029980177,
2062.286587561, 1.029633605,
2062.307019848, 1.029263044,
2062.327452034, 1.029218783,
2062.347884321, 1.028595176,
2062.368316407, 1.028260359,
2062.388748592, 1.028364433,
2062.409180877, 1.028027147,
2062.429612962, 1.027533078,
2062.450045145, 1.026984465,
2062.470477329, 1.027348100,
2062.490909512, 1.027302585,
2062.511341695, 1.026769573,
2062.531773877, 1.026704550,
2062.552206059, 1.025960993,
2062.572638240, 1.026486099,
2062.593070421, 1.025596241,
2062.613502602, 1.024418976,
2062.633934781, 1.023543202,
2062.654367061, 1.023234011,
2062.674799140, 1.023186178,
2062.695231419, 1.022792547,
2062.715663597, 1.023000019,
2062.736095675, 1.023105312,
2062.756527952, 1.024072833,
2062.776960129, 1.023694633,
2062.797392205, 1.023292184,
2062.817824481, 1.022286273,
2062.838256657, 1.022084646,
2062.858688732, 1.020291153,
2062.879121006, 1.019050072,
2062.899553181, 1.020116372,
2062.919985254, 1.017815563,
2062.940417527, 1.016474541,
2062.960849700, 1.014933766,
2062.981281873, 1.015284889,
2063.001714045, 1.015145387,
2063.022146216, 1.013936927,
2063.042578387, 1.013120191,
2063.063010558, 1.013140896,
2063.083442728, 1.012234356,
2063.103874998, 1.011996251,
2063.124307167, 1.010415450,
2063.144739236, 1.009698480,
2063.165171504, 1.009842376,
2063.185603672, 1.008477008,
2063.206035740, 1.008088041,
2063.226468007, 1.007821102,
2063.246900073, 1.007010593,
2063.267332240, 1.006477546,
2063.287764505, 1.005284190,
2063.308196571, 1.004288721,
2063.328628736, 1.003654236,
2063.349061000, 1.002871133,
2063.369493064, 1.001973685,
2063.389925227, 1.001025646,
2063.410357490, 0.999400299,
2063.430789553, 1.010830506,
2063.451221715, 1.007154204,
2063.471653977, 1.002240569,
2063.492086138, 0.998678529,
2063.512518299, 0.996341210,
2063.532950460, 0.994902753,
2063.553382620, 0.993820433,
2063.573814779, 0.992443117,
2063.594246938, 0.991023731,
2063.696407827, 0.978570461,
2063.716839884, 0.978574708,
2063.737272040, 0.978830120,
2063.757704296, 0.978889513,
2063.778136351, 0.978737524,
2063.798568505, 0.978900149,
2063.819000760, 0.978960854,
2063.839432813, 0.979178845,
2063.859864967, 0.979768453,
2063.880297220, 0.980577225,
2063.900729272, 0.981252247,
2063.921161524, 0.983065412,
2063.941593676, 0.984978694,
2063.962025727, 0.987089940,
2063.982457978, 0.988833775,
2064.002890128, 0.988752605,
2064.023322178, 0.989387625,
2064.043754428, 0.990556624,
2064.064186577, 0.991099787,
2064.084618625, 0.991479104,
2064.105050873, 0.991809511,
2064.125483021, 0.992946464,
2064.554558022, 1.008305422,
2064.574990261, 1.008279402,
2064.595422398, 1.009255536,
2064.615854435, 1.009605069,
2064.636286672, 1.009724895,
2064.656718809, 1.010983969,
2064.738447250, 1.013813696,
2064.758879484, 1.014769448,
2064.779311518, 1.014854859,
2064.799743751, 1.014823904,
2064.820175884, 1.015984691,
2064.840608017, 1.016046446,
2064.861040149, 1.016412585,
2064.922336543, 1.017438008,
2064.942768673, 1.018640762,
2064.963200803, 1.018012501,
2064.983633032, 1.017799624,
2065.004065061, 1.017927289,
2065.024497190, 1.019092817,
2065.044929418, 1.018760635,
2065.065361446, 1.019741519,
2065.085793573, 1.019559583,
2065.106225800, 1.020161596,
2065.126657827, 1.020311590,
2065.147089953, 1.020099403,
2065.167522179, 1.020376866,
2065.187954204, 1.021370206,
2065.208386429, 1.022493868,
2065.228818553, 1.023333280,
2065.249250577, 1.023632145,
2065.269682800, 1.024277125,
2065.290114923, 1.023242600,
2065.310547046, 1.023719403,
2065.330979168, 1.024273193,
2065.351411290, 1.025246991,
2065.371843411, 1.025821724,
2065.392275532, 1.026611071,
2065.412707653, 1.027097100,
2065.433139773, 1.027362143,
2065.453571892, 1.027892278,
2065.474004011, 1.027854349,
2065.494436030, 1.028525431,
2065.514868249, 1.029289854,
2065.535300367, 1.029833853,
2065.555732384, 1.029281402,
2065.576164601, 1.029381509,
2065.596596718, 1.031056140,
2065.657893065, 1.028467832,
2065.678325280, 1.031886708,
2065.698757294, 1.033333326,
2065.719189409, 1.034376953,
2065.739621623, 1.034420209,
2065.760053636, 1.033937537,
2065.780485748, 1.033944964,
2065.800917961, 1.033625845,
2065.821350073, 1.033402881,
2065.841782085, 1.032768640,
2065.862214295, 1.032583401,
2065.882646406, 1.033000818,
2065.903078417, 1.033352383,
2065.923510626, 1.034356165,
2065.943942736, 1.035035392,
2065.964374745, 1.033958987,
2065.984806953, 1.034675312,
2066.005239062, 1.034638597,
2066.025671069, 1.034611816,
2066.046103277, 1.034741216,
2066.066535384, 1.034082686,
2066.086967590, 1.034186444,
2066.148263807, 1.034684242,
2066.168695912, 1.034654790,
2066.189128016, 1.033648276,
2066.209560120, 1.033134527,
2066.229992224, 1.033872602,
2066.250424327, 1.033890076,
2066.270856429, 1.033394397,
2066.291288532, 1.032917321,
2066.311720634, 1.032779659,
2066.332152835, 1.032298094,
2066.393449136, 1.029082887,
2066.413881137, 1.028746077,
2066.434313236, 1.026901837,
2066.454745434, 1.026911121,
2066.475177433, 1.027266431,
2066.495609531, 1.026542397,
2066.516041729, 1.025758342,
2066.536473726, 1.026551382,
2066.556905923, 1.025432000,
2066.577338019, 1.023843580,
2066.597770015, 1.024990041,
2066.618202211, 1.024708963,
2066.638634306, 1.023534871,
2066.659066401, 1.023488855,
2066.679498495, 1.023007214,
2066.699930589, 1.022743976,
2066.720362682, 1.021900934,
2066.740794775, 1.020602515,
2066.761226868, 1.021108289,
2066.781658960, 1.020457213,
2066.802091152, 1.020043211,
2066.822523143, 1.019118168,
2066.863387325, 1.018052098,
2066.883819415, 1.015503639,
2066.904251505, 1.014657096,
2066.924683694, 1.013889251,
2066.945115683, 1.013973235,
2066.965547671, 1.013851990,
2066.985979859, 1.013349441,
2067.006411947, 1.011794933,
2067.026844134, 1.010939948,
2067.047276121, 1.010470342,
2067.067708208, 1.009462050,
2067.088140394, 1.009169357,
2067.108572379, 1.008484351,
2067.129004464, 1.008206666,
2067.149436649, 1.007825963,
2067.169868733, 1.006072900,
2067.190300717, 1.005464968,
2067.210732901, 1.004417156,
2067.231164984, 1.003152899,
2067.251596966, 1.001967720,
2067.272029149, 1.000140059,
2067.292461230, 0.998777964,
2067.312893212, 0.998901548,
2067.374189454, 0.997693829,
2067.394621634, 0.999506857,
2067.415053713, 0.999926241,
2067.435485692, 0.997674246,
2067.455917871, 0.997348013,
2067.476349948, 0.996968095,
2067.496782126, 0.996689994,
2067.517214103, 0.996370138,
2067.537646181, 0.995954834,
2067.558078357, 0.995512038,
2067.578510333, 0.995014601,
2067.598942409, 0.993580494,
2067.619374484, 0.993210246,
2067.639806659, 0.993217543,
2067.660238633, 0.991494744,
2067.680670707, 0.989994104,
2067.701102781, 0.988729316,
2067.721534854, 0.987730507,
2067.741967027, 0.988835227,
2067.762398999, 0.989266299,
2067.782831071, 0.986239879,
2067.864559455, 0.992325115,
2067.884991425, 0.992700360,
2067.905423595, 0.993010151,
2067.925855663, 0.993056083,
2067.946287632, 0.993993559,
2067.966719801, 0.993200972,
2067.987151868, 0.993705766,
2068.007583936, 0.993770080,
2068.028016003, 0.994677181,
2068.048448070, 0.994443434,
2068.130176332, 0.986591162,
2068.150608497, 0.989263330,
2068.171040461, 0.992520743,
2068.191472525, 0.994482207,
2068.211904689, 0.996488490,
2068.232336651, 0.997481731,
2068.252768714, 0.998222522,
2068.273200876, 0.999866471,
2068.293632838, 0.999747552,
2068.314064900, 0.999632197,
2068.334497061, 0.999623467,
2068.354929021, 0.999612105,
2068.375361181, 1.000657199,
2068.395793141, 1.002377938,
2068.416225200, 1.004019973,
2068.436657359, 1.004338366,
2068.457089318, 1.005659564,
2068.477521376, 1.005747445,
2068.497953534, 1.006120293,
2068.518385491, 1.006434450,
2068.538817548, 1.007489479,
2068.559249704, 1.008317646,
2068.579681761, 1.009105412,
2068.600113717, 1.010020633,
2068.620545872, 1.011156788,
2068.640977927, 1.011021847,
2068.661409881, 1.011287616,
2068.681842035, 1.012118699,
2068.702274089, 1.012508320,
2068.722706042, 1.013847257,
2068.743138196, 1.013775166,
2068.763570248, 1.015610704,
2068.784002400, 1.015130166,
2068.845298554, 1.018507932,
2068.865730504, 1.017773951,
2068.886162554, 1.015685213,
2068.906594704, 1.017292879,
2068.927026654, 1.017426533,
2068.947458703, 1.017789528,
2068.967890851, 1.017872709,
2068.988322899, 1.018931376,
2069.008754847, 1.018047828,
2069.029186994, 1.019313928,
2069.049619041, 1.019725219,
2069.070050987, 1.021225625,
2069.090483134, 1.021238876,
2069.110915079, 1.021044912,
2069.131347125, 1.022034306,
2069.151779269, 1.022827329,
2069.172211314, 1.023214617,
2069.192643258, 1.022406537,
2069.213075402, 1.023542542,
2069.233507345, 1.023605494,
2069.253939488, 1.023895059,
2069.274371531, 1.024421684,
2069.315235614, 1.023964547,
2069.335667656, 1.023982379,
2069.356099597, 1.024106256,
2069.376531737, 1.025193374,
2069.396963777, 1.025673014,
2069.417395817, 1.025516225,
2069.437827857, 1.026266163,
2069.458259896, 1.027109224,
2069.478691934, 1.026981305,
2069.499123972, 1.028131253,
2069.519556010, 1.027333648,
2069.580852121, 1.026381593,
2069.601284157, 1.025892763,
2069.621716293, 1.026780407,
2069.642148228, 1.027731233,
2069.662580363, 1.029024943,
2069.683012398, 1.029368115,
2069.703444332, 1.027536631,
2069.723876466, 1.028952590,
2069.744308500, 1.029205760,
2069.764740433, 1.029391695,
2069.785172565, 1.030393957,
2069.805604598, 1.030613718,
2069.826036529, 1.029831990,
2069.846468661, 1.030036886,
2069.866900592, 1.031056653,
2069.887332723, 1.034147486,
2069.907764753, 1.028181172,
2069.928196783, 1.035110862,
2069.948628712, 1.028756111,
2069.969060841, 1.030211449,
2069.989492870, 1.028025120,
2070.009924798, 1.028817821,
2070.091653008, 1.029932119,
2070.112085034, 1.028429890,
2070.132517160, 1.027671997,
2070.152949086, 1.025420712,
2070.173381111, 1.024978419,
2070.193813236, 1.025017787,
2070.214245160, 1.026295863,
2070.234677184, 1.025946275,
2070.255109308, 1.025981134,
2070.275541231, 1.025977160,
2070.295973254, 1.024503756,
2070.316405376, 1.024635905,
2070.336837298, 1.024597776,
2070.357269320, 1.024618992,
2070.377701441, 1.023291594,
2070.398133462, 1.023797871,
2070.418565383, 1.023169879,
2070.438997503, 1.022842123,
2070.459429523, 1.022435385,
2070.479861442, 1.022364152,
2070.541157698, 1.021036142,
2070.561589616, 1.020908668,
2070.582021533, 1.019039860,
2070.602453650, 1.018237300,
2070.622885667, 1.018099950,
2070.643317583, 1.015688881,
2070.663749699, 1.016853350,
2070.684181714, 1.016587580,
2070.704613629, 1.016026954,
2070.725045744, 1.015093395,
2070.745477759, 1.014669458,
2070.765909773, 1.014115510,
2070.786341786, 1.013277175,
2070.806773799, 1.012526664,
2070.827205812, 1.012067957,
2070.847637824, 1.011425561,
2070.868069836, 1.011532525,
2070.908933959, 1.012261072,
2070.929365870, 1.013190244,
2070.949797981, 1.007461502,
2070.970229991, 1.002771576,
2071.051957927, 1.004954136,
2071.072390035, 1.002779080,
2071.092822043, 1.002460061,
2071.113253951, 1.002377065,
2071.133686058, 1.001652716,
2071.154118064, 1.001286110,
2071.174549971, 0.999715167,
2071.194982076, 0.999389829,
2071.215414082, 0.998128047,
2071.235846087, 0.997337433,
2071.297142100, 0.995548669,
2071.317574104, 0.996250205,
2071.338006107, 0.995716147,
2071.358438110, 0.994511146,
2071.378870112, 0.993996535,
2071.399302114, 0.993354674,
2071.419734216, 0.993455254,
2071.440166117, 0.993184721,
2071.460598118, 0.991798830,
2071.481030219, 0.991792000,
2071.501462119, 0.992252334,
2071.521894118, 0.991965398,
2071.542326218, 0.991874599,
2071.562758117, 0.991329265,
2071.583190116, 0.990673233,
2071.603622214, 0.990611445,
2071.624054112, 0.990546954,
2071.644486110, 0.990406536,
2071.664918207, 0.990036843,
2071.685350103, 0.989480937,
2071.705782100, 0.989742824,
2071.726214196, 0.989293392,
2071.746646191, 0.989717911,
2071.767078187, 0.989634214,
2071.787510182, 0.988956561,
2071.807942176, 0.988316811,
2071.828374170, 0.988927246,
2071.848806164, 0.989411683,
2071.869238157, 0.988143123,
2071.889670250, 0.987664323,
2071.910102143, 0.989934905,
2071.930534135, 0.987484557,
2071.950966227, 0.987284589,
2071.971398119, 0.989163798,
2072.053126081, 0.991272585,
2072.073558070, 0.992815184,
2072.093990059, 0.992384997,
2072.114422048, 0.993454286,
2072.134854037, 0.995017796,
2072.155286025, 0.995607473,
2072.175718013, 0.995981987,
2072.196150000, 0.997161310,
2072.216581987, 0.995897817,
2072.237014074, 0.996692241,
2072.257446060, 0.997244863,
2072.277877946, 0.997418020,
2072.298310031, 0.999395565,
2072.318742016, 1.000250870,
2072.339173901, 1.001399858,
2072.359605986, 1.002032310,
2072.380037969, 1.001947267,
2072.400469853, 1.001671625,
2072.420901936, 1.002919843,
2072.502629866, 1.004150041,
2072.523061747, 1.005605666,
2072.543493828, 1.006766986,
2072.563925809, 1.006422608,
2072.584357789, 1.006431981,
2072.604789769, 1.007278558,
2072.625221748, 1.008418521,
2072.645653828, 1.008523556,
2072.666085706, 1.009494156,
2072.686517685, 1.009880470,
2072.706949763, 1.011726624,
2072.747813618, 1.011701281,
2072.768245695, 1.009411781,
2072.788677671, 1.011672297,
2072.809109548, 1.011968994,
2072.829541624, 1.013495050,
2072.849973499, 1.011893209,
2072.870405474, 1.012402687,
2072.890837549, 1.013517539,
2072.911269423, 1.014544433,
2072.931701397, 1.015550786,
2072.952133471, 1.016284096,
2072.972565344, 1.015835967,
2072.992997317, 1.016585380,
2073.013429389, 1.016409395,
2073.033861262, 1.017435797,
2073.054293334, 1.017498329,
2073.074725305, 1.017367697,
2073.095157276, 1.017097474,
2073.115589247, 1.017074463,
2073.136021217, 1.017593182,
2073.156453187, 1.018994310,
2073.176885156, 1.018785161,
2073.197317126, 1.019067116,
2073.258613032, 1.018573255,
2073.279044999, 1.018059114,
2073.299477066, 1.019426617,
2073.319908934, 1.019058174,
2073.340340900, 1.018914640,
2073.360772967, 1.019671478,
2073.381204833, 1.020018423,
2073.401636798, 1.020255805,
2073.422068763, 1.021179154,
2073.442500728, 1.020527170,
2073.462932793, 1.021133869,
2073.483364657, 1.021469575,
2073.503796621, 1.021337916,
2073.524228684, 1.021457086,
2073.544660547, 1.023508851,
2073.565092510, 1.024179498,
2073.585524572, 1.023941099,
2073.605956534, 1.023855053,
2073.646820457, 1.025175968,
2073.667252418, 1.027070877,
2073.748980158, 1.023796570,
2073.769412217, 1.023460202,
2073.789844175, 1.023279546,
2073.810276034, 1.023485250,
2073.830708092, 1.022864775,
2073.851140050, 1.023534905,
2073.871572107, 1.023379762,
2073.892003964, 1.024309672,
2073.912435920, 1.023729171,
2073.932867976, 1.023335153,
2073.994163843, 1.022949895,
2074.014595697, 1.022461862,
2074.035027652, 1.022454173,
2074.055459706, 1.022168580,
2074.075891660, 1.021869413,
2074.096323513, 1.021255704,
2074.116755566, 1.021340917,
2074.137187418, 1.021181065,
2074.157619371, 1.020519947,
2074.178051422, 1.020648337,
2074.239347276, 1.018867714,
2074.259779126, 1.017235724,
2074.280211077, 1.016686377,
2074.300643126, 1.018979085,
2074.321074976, 1.019451092,
2074.341507025, 1.019494280,
2074.361938973, 1.018915719,
2074.382370822, 1.019314504,
2074.402802870, 1.018881645,
2074.423234817, 1.016774730,
2074.443666765, 1.016885026,
2074.464098712, 1.017047321,
2074.484530658, 1.015741605,
2074.504962604, 1.015996231,
2074.525394550, 1.016143210,
2074.545826496, 1.014550819,
2074.566258441, 1.013963754,
2074.586690485, 1.013903836,
2074.607122330, 1.013603603,
2074.627554274, 1.013108156,
2074.647986318, 1.012983858,
2074.668418161, 1.012854672,
2074.709282147, 1.009814503,
2074.729713989, 1.009781826,
2074.750146031, 1.008710994,
2074.770577972, 1.009156024,
2074.791009814, 1.007741000,
2074.811441855, 1.005522787,
2074.831873795, 1.005842677,
2074.852305635, 1.004897386,
2074.872737675, 1.004546547,
2074.893169515, 1.004092547,
2074.913601454, 1.003569596,
2074.954465331, 1.000123842,
2074.974897269, 1.000897281,
2074.995329307, 1.001095695,
2075.015761244, 1.000510755,
2075.036193081, 0.999274173,
2075.056625118, 0.998221878,
2075.077057054, 0.998046898,
2075.097488890, 0.997532204,
2075.117920926, 0.996471962,
2075.138352861, 0.996286359,
2075.158784896, 0.995726812,
2075.179216730, 0.994516952,
2075.199648665, 0.994229827,
2075.220080698, 0.993665408,
2075.240512532, 0.993387120,
2075.260944465, 0.993108916,
2075.301808331, 0.990905383,
2075.322240263, 0.991718546,
2075.342672295, 0.990644217,
2075.363104126, 0.991544001,
2075.383536057, 0.989843266,
2075.465263878, 0.989061402,
2075.485695807, 0.988863034,
2075.506127636, 0.988250354,
2075.526559665, 0.988276184,
2075.546991593, 0.987829054,
2075.587855449, 0.987577406,
2075.608287376, 0.988432046,
2075.628719303, 0.986996477,
2075.710447007, 0.979172648,
2075.730878833, 0.984784234,
2075.751310857, 0.984173997,
2075.771742782, 0.983238797,
2075.792174606, 0.984799624,
2075.812606630, 0.988353558,
2075.833038553, 0.988359244,
2075.853470477, 0.988229702,
2075.873902400, 0.988387211,
2075.894334322, 0.988196691,
2075.955630087, 0.988261388,
2075.976062108, 0.986955456,
2075.996494029, 0.987868679,
2076.016925850, 0.990202033,
2076.037357870, 0.989747329,
2076.057789789, 0.989308958,
2076.078221609, 0.989984018,
2076.098653628, 0.990132283,
2076.119085546, 0.990338785,
2076.139517365, 0.991209510,
2076.159949383, 0.993108430,
2076.180381301, 0.993007396,
2076.200813118, 0.993434104,
2076.221245135, 0.994737279,
2076.241677052, 0.994065019,
2076.262108968, 0.994634054,
2076.282540884, 0.995604509,
2076.302972800, 0.995853694,
2076.323404715, 0.997275435,
2076.343836630, 0.998407102,
2076.364268544, 0.998425254,
2076.384700459, 1.000949630,
2076.425564286, 1.000253779,
2076.445996200, 1.000485245,
2076.466428112, 1.001265636,
2076.486860025, 1.001896572,
2076.507292037, 1.001550124,
2076.527723849, 1.001858307,
2076.548155761, 1.003115249,
2076.568587772, 1.004214579,
2076.589019583, 1.004965201,
2076.609451494, 1.006368244,
2076.670747223, 1.006087504,
2076.691179233, 1.007338476,
2076.711611041, 1.008048935,
2076.732042950, 1.008864111,
2076.752474958, 1.009494124,
2076.772906766, 1.009001701,
2076.793338774, 1.009918783,
2076.813770681, 1.011919241,
2076.834202588, 1.010775845,
2076.854634494, 1.010916004,
2076.875066401, 1.011413172,
2076.915930312, 1.013083741,
2076.936362117, 1.012235634,
2076.956794022, 1.013517894,
2076.977226027, 1.013923599,
2076.997657831, 1.012420145,
2077.018089735, 1.013631339,
2077.038521638, 1.013907215,
2077.058953542, 1.014777233,
2077.079385444, 1.013903329,
2077.099817347, 1.013906642,
2077.120249249, 1.014499230,
2077.140681051, 1.015496637,
2077.181544954, 1.014417513,
2077.222408755, 1.016318154,
2077.242840655, 1.017764528,
2077.263272655, 1.021404883,
2077.283704455, 1.020044447,
2077.304136354, 1.017602081,
2077.345000252, 1.019165051,
2077.365432050, 1.016604577,
2077.426727742, 1.015819344,
2077.447159740, 1.015541470,
2077.467591636, 1.015371637,
2077.488023432, 1.015854804,
2077.508455428, 1.016296850,
2077.528887324, 1.016426565,
2077.549319119, 1.016511935,
2077.569751114, 1.017035737,
2077.590183009, 1.019263663,
2077.671910684, 1.018689278,
2077.692342477, 1.017137463,
2077.712774370, 1.017404253,
2077.733206362, 1.017789317,
2077.753638154, 1.017814909,
2077.774070045, 1.016474703,
2077.794501937, 1.017107966,
2077.814933928, 1.017184674,
2077.835365719, 1.016424865,
2077.855797709, 1.017696352,
2077.937525167, 1.016202853,
2077.957957156, 1.015311785,
2077.978389044, 1.016336856,
2077.998820833, 1.017334213,
2078.019252820, 1.016667433,
2078.039684708, 1.016055627,
2078.060116495, 1.015379823,
2078.080548481, 1.015301520,
2078.100980368, 1.013674113,
2078.162276026, 1.011682913,
2078.182707911, 1.013870811,
2078.203139795, 1.014202311,
2078.223571680, 1.013833813,
2078.244003564, 1.012890121,
2078.264435448, 1.012940692,
2078.284867332, 1.011736673,
2078.305299215, 1.011607051,
2078.325731198, 1.011024608,
2078.346162981, 1.010993289,
2078.427890608, 1.008006839,
2078.448322489, 1.006894260,
2078.489186250, 1.007821021,
2078.530049910, 1.009250759,
2078.570913668, 1.009744450,
2078.591345547, 1.002946851,
2078.652641181, 1.001818808,
2078.673073159, 1.001471084,
2078.693505036, 1.001979086,
2078.713936813, 0.999917386,
2078.734368789, 0.999423400,
2078.775232541, 0.999604271,
2078.795664417, 1.000777761,
2078.816096292, 1.000480170,
2078.897823890, 0.998925302,
2078.918255664, 0.997414723,
2078.959119510, 0.993577490,
2078.979551283, 0.993025699,
2078.999983155, 0.992728312,
2079.020415127, 0.992207581,
2079.040846899, 0.992562945,
2079.061278771, 0.991989699,
2079.081710742, 0.990438765,
2079.143006353, 0.986722961,
2079.163438223, 0.986969323,
2079.183870093, 0.987045443,
2079.204301962, 0.988630070,
2079.224733831, 0.989562610,
2079.245165700, 0.985749726,
2079.265597568, 0.986791663,
2079.286029336, 0.985686802,
2079.306461304, 0.983958471,
2079.326893171, 0.985337341,
2079.347324938, 0.985395491,
2079.367756905, 0.986116631,
2079.388188771, 0.984823897,
2079.408620538, 0.984607391,
2079.429052503, 0.984248784,
2079.449484369, 0.984281813,
2079.469916134, 0.985351947,
2079.490348099, 0.983721425,
2079.510779963, 0.983605802,
2079.531211828, 0.983269471,
2079.551643692, 0.983742763,
2079.572075555, 0.983829147,
2079.592507519, 0.983162899,
2079.612939282, 0.983347822,
2079.633371144, 0.982209909,
2079.674234969, 0.984900926,
2079.694666731, 0.982466845,
2079.715098692, 0.982527156,
2079.735530553, 0.985044780,
2079.755962314, 0.982769480,
2079.776394275, 0.980834618,
2079.796826135, 0.985611648,
2079.817257895, 0.991767788,
2079.898985432, 0.983286290,
2079.919417290, 0.983552346,
2079.939849048, 0.984166696,
2079.960281006, 0.985310405,
2079.980712863, 0.986371594,
2080.001144720, 0.987255692,
2080.021576577, 0.988799439,
2080.123735857, 0.991987907,
2080.144167712, 0.989423728,
2080.164599567, 0.989622448,
2080.205463275, 0.990230034,
2080.225895129, 0.989678755,
2080.246327082, 0.990363739,
2080.266758836, 0.991792875,
2080.287190689, 0.992329576,
2080.307622641, 0.993404514,
2080.368918197, 0.991851230,
2080.389349948, 0.995877911,
2080.409781900, 0.999070852,
2080.430213750, 1.003724030,
2080.450645501, 1.004605452,
2080.471077451, 1.001551084,
2080.491509301, 0.999043190,
2080.511941150, 1.001034904,
2080.532373000, 1.001033737,
2080.552804848, 1.000530412,
2080.573236697, 1.002036191,
2080.593668546, 1.001891554,
2080.614100393, 1.002499669,
2080.634532241, 1.002668362,
2080.654964189, 1.003906866,
2080.675395936, 1.003558647,
2080.695827783, 1.004255526,
2080.716259629, 1.003497370,
2080.736691476, 1.002852297,
2080.757123221, 1.004682427,
2080.777555167, 1.005375447,
2080.859282547, 1.015439142,
2080.879714491, 1.012624215,
2080.900146235, 1.008998371,
2080.920578078, 1.006923273,
2080.941010021, 1.007820130,
2080.961441764, 1.008612651,
2080.981873607, 1.008498637,
2081.002305549, 1.009360922,
2081.022737391, 1.010234989,
2081.043169133, 1.009223216,
2081.063601075, 1.009000179,
2081.084032916, 1.009083379,
2081.104464657, 1.009039211,
2081.124896597, 1.008751487,
2081.145328437, 1.008604712,
2081.165760178, 1.008602858,
2081.186192117, 1.008655853,
2081.206623957, 1.009142069,
2081.227055896, 1.008949275,
2081.247487635, 1.010414137,
2081.267919473, 1.010821811,
2081.349646924, 1.010879079,
2081.370078661, 1.009907416,
2081.390510498, 1.010324365,
2081.410942334, 1.011610837,
2081.431374170, 1.010093310,
2081.451806006, 1.010232572,
2081.472237842, 1.008539067,
2081.492669677, 1.008936173,
2081.513101512, 1.008850124,
2081.533533347, 1.009685255,
2081.553965181, 1.009431026,
2081.574397015, 1.010647469,
2081.594828949, 1.011205022,
2081.615260683, 1.011693476,
2081.635692616, 1.016425896,
2081.676556181, 1.012803818,
2081.696988114, 1.015651858,
2081.717419946, 1.011380127,
2081.737851678, 1.014129935,
2081.758283609, 1.012312384,
2081.778715440, 1.012056420,
2081.840010932, 1.011030636,
2081.860442762, 1.010651793,
2081.880874592, 1.009688849,
2081.901306421, 1.011310570,
2081.921738250, 1.011154497,
2081.942170079, 1.011126545,
2081.962601908, 1.009750739,
2081.983033736, 1.010510449,
2082.003465564, 1.010355059,
2082.023897392, 1.010067728,
2082.044329319, 1.009857312,
2082.064761146, 1.007921693,
2082.085192873, 1.007205485,
2082.105624800, 1.007259879,
2082.126056526, 1.005411513,
2082.146488352, 1.006580295,
2082.166920278, 1.006612139,
2082.187352003, 1.010615494,
2082.207783828, 1.006354997,
2082.228215753, 1.005205140,
2082.248647478, 1.004613326,
2082.330374773, 1.011174518,
2082.350806696, 1.007128813,
2082.371238419, 1.003239668,
2082.391670241, 0.997452446,
2082.412102164, 1.000637248,
2082.432533986, 0.999513162,
2082.452965808, 0.998522415,
2082.473397629, 0.999404738,
2082.493829450, 0.999151442,
2082.514261371, 0.999154415,
2082.534693092, 0.998968904,
2082.555124912, 0.999400271,
2082.575556832, 0.998849708,
2082.595988552, 0.999366749,
2082.616420371, 0.997427415,
2082.636852290, 0.997088786,
2082.657284009, 0.997714893,
2082.677715827, 0.997322914,
2082.698147746, 0.996873789,
2082.718579464, 0.995304758,
2082.820738650, 0.988140140,
2082.841170366, 0.988533749,
2082.861602282, 0.988524381,
2082.882034098, 0.989748468,
2082.902465813, 0.991030032,
2082.922897729, 0.990855339,
2082.943329544, 0.989207397,
2082.963761258, 0.989406586,
2082.984193172, 0.988754282,
2083.004624987, 0.988922181,
2083.025056700, 0.988355056,
2083.065920427, 0.988046665,
2083.086352140, 0.987724455,
2083.106784053, 0.987503790,
2083.127215865, 0.985691467,
2083.147647577, 0.986460575,
2083.168079489, 0.985065579,
2083.188511301, 0.984675760,
2083.208943212, 0.984249996,
2083.229374923, 0.982756291,
2083.311102164, 0.979152479,
2083.331534074, 0.981583125,
2083.351965884, 0.981598492,
2083.372397593, 0.981116657,
2083.392829501, 0.982286734,
2083.413261310, 0.981498191,
2083.433693018, 0.982613185,
2083.454124926, 0.980774440,
2083.474556734, 0.982260391,
2083.494988441, 0.982207989,
2083.515420349, 0.982950518,
2083.535852156, 0.982625530,
2083.556284062, 0.982523563,
2083.576715769, 0.981800053,
2083.597147575, 0.982442762,
2083.617579380, 0.981846168,
2083.638011186, 0.981651470,
2083.658442891, 0.979490529,
2083.678874796, 0.979059083,
2083.699306601, 0.978162414,
2083.719738305, 0.977148190,
2083.740170209, 0.971407157,
2083.801465620, 0.981514057,
2083.821897423, 0.982103499,
2083.842329226, 0.982042839,
2083.862761029, 0.982859047,
2083.883192831, 0.983773498,
2083.903624633, 0.984215516,
2083.924056535, 0.985665354,
2083.944488236, 0.984869752,
2083.964920137, 0.984863880,
2083.985351938, 0.985370890,
2084.005783639, 0.984029405,
2084.026215539, 0.985413977,
2084.046647340, 0.986213420,
2084.067079039, 0.987042586,
2084.087510939, 0.987346995,
2084.107942738, 0.987649624,
2084.128374437, 0.987320792,
2084.148806336, 0.988222677,
2084.169238134, 0.988597265,
2084.189669933, 0.989768393,
2084.210101731, 0.990501294,
2084.291828920, 0.989525268,
2084.312260716, 0.990188878,
2084.332692513, 0.991807094,
2084.353124309, 0.993317546,
2084.373556105, 0.993532548,
2084.393987900, 0.993829272,
2084.414419695, 0.994814143,
2084.434851590, 0.995852781,
2084.455283285, 0.996604005,
2084.475715080, 0.996777545,
2084.496146974, 0.996727671,
2084.516578668, 0.997575380,
2084.537010461, 0.998479552,
2084.557442355, 0.999026305,
2084.577874048, 0.999353216,
2084.598305841, 0.999008222,
2084.618737734, 1.000051654,
2084.639169426, 1.000453953,
2084.680033110, 1.003102108,
2084.700464801, 0.999551700,
2084.720896693, 0.997904768,
2084.782192065, 1.004094611,
2084.802623856, 1.002574841,
2084.823055646, 1.003426801,
2084.843487435, 1.003917053,
2084.863919225, 1.004499878,
2084.884351014, 1.005303277,
2084.904782903, 1.005345004,
2084.925214592, 1.005828153,
2084.945646380, 1.005443581,
2084.966078268, 1.005256197,
2085.006941744, 1.004691572,
2085.027373631, 1.004798512,
2085.047805318, 1.007496402,
2085.068237105, 1.004820276,
2085.088668992, 1.004912792,
2085.109100678, 1.005184663,
2085.129532564, 1.006418947,
2085.149964250, 1.005909970,
2085.170396035, 1.005437526,
2085.190827921, 1.006078315,
2085.211259606, 1.005772609,
2085.231691391, 1.006860992,
2085.252123275, 1.006820155,
2085.272555060, 1.006481066,
2085.292986744, 1.006427595,
2085.313418627, 1.006606290,
2085.333850411, 1.005870978,
2085.374713977, 1.003551428,
2085.395145760, 1.006054587,
2085.415577442, 1.005805182,
2085.436009325, 1.004894448,
2085.517736451, 0.998093167,
2085.538168332, 1.002587813,
2085.558600013, 1.002057705,
2085.579031793, 1.002950653,
2085.599463673, 1.005663220,
2085.619895353, 1.005081015,
2085.640327133, 1.006105053,
2085.660759012, 1.006743495,
2085.681190691, 1.006815344,
2085.701622470, 1.006201443,
2085.762917805, 1.004600630,
2085.783349684, 1.003114250,
2085.803781461, 1.004869238,
2085.824213239, 1.005281131,
2085.844645015, 1.007361442,
2085.865076692, 1.006632265,
2085.885508569, 1.006450246,
2085.905940346, 1.004748922,
2085.926372022, 1.003439985,
2085.946803898, 1.003810807,
2085.967235673, 1.002862474,
2085.987667348, 1.005092857,
2086.008099224, 1.004256213,
2086.028530999, 1.004566757,
2086.048962673, 1.004914540,
2086.069394548, 1.046998142,
2086.089826322, 1.064119459,
2086.110258095, 1.022060310,
2086.130689869, 1.010560349,
2086.151121643, 1.008642433,
2086.171553416, 1.008114771,
2086.191985188, 1.008096230,
2086.253280606, 1.003241605,
2086.273712278, 1.001353023,
2086.294144149, 1.000474116,
2086.314575921, 1.001106122,
2086.335007592, 1.000499545,
2086.355439463, 0.998810252,
2086.375871233, 0.999413867,
2086.396302904, 0.998229859,
2086.416734774, 0.998079537,
2086.437166544, 0.998284341,
2086.457598213, 0.995437566,
2086.478030083, 0.994888437,
2086.498461852, 0.995307441,
2086.518893521, 0.994386834,
2086.539325390, 0.994912363,
2086.559757058, 0.993428329,
2086.580188926, 0.992493192,
2086.600620694, 0.992028007,
2086.621052462, 0.990431196,
2086.641484229, 0.990909821,
2086.743643063, 0.988198078,
2086.764074829, 0.989998498,
2086.784506594, 0.987611100,
2086.804938360, 0.987746020,
2086.825370225, 0.987516031,
2086.845801890, 0.988250509,
2086.866233655, 0.986500273,
2086.886665519, 0.984794937,
2086.907097184, 0.985846523,
2086.927529048, 0.985235884,
2086.947960811, 0.985312786,
2086.968392475, 0.985632257,
2086.988824338, 0.984537751,
2087.009256102, 0.983518525,
2087.029687764, 0.983901636,
2087.050119627, 0.984227901,
2087.070551389, 0.984336340,
2087.090983151, 0.983588641,
2087.111414913, 0.982698802,
2087.131846675, 0.982431652,
2087.234005479, 0.980548755,
2087.254437240, 0.981781434,
2087.274869100, 0.978719392,
2087.295300759, 0.980339988,
2087.315732519, 0.980157678,
2087.336164378, 0.979579342,
2087.356596037, 0.979740859,
2087.377027796, 0.979524040,
2087.397459654, 0.979928807,
2087.417891312, 0.979110938,
2087.438323071, 0.978765164,
2087.458754928, 0.979034056,
2087.479186586, 0.979016137,
2087.499618343, 0.978850006,
2087.520050200, 0.978791380,
2087.540481857, 0.978099961,
2087.581345470, 0.977017965,
2087.601777127, 0.977506356,
2087.622208982, 0.977309785,
2087.642640738, 0.976473102,
2087.744799613, 0.978344719,
2087.765231267, 0.979463430,
2087.785663021, 0.980262551,
2087.806094875, 0.980287771,
2087.826526529, 0.979268553,
2087.846958282, 0.979723613,
2087.867390135, 0.980388229,
2087.887821788, 0.981242581,
2087.908253541, 0.982324929,
2087.928685393, 0.981011082,
2087.949117045, 0.980221936,
2087.969548797, 0.980436307,
2087.989980549, 0.980625890,
2088.010412300, 0.981881068,
2088.030844152, 0.981238541,
2088.071707554, 0.983659338,
2088.092139404, 0.984470176,
2088.112571154, 0.985259763,
2088.133002804, 0.988263817,
2088.153434654, 0.990224278,
2088.214729903, 0.986763038,
2088.235161652, 0.987628849,
2088.255593300, 0.989834992,
2088.276025149, 0.989730358,
2088.296456897, 0.990037796,
2088.316888545, 0.990819294,
2088.337320393, 0.990766865,
2088.357752140, 0.990922404,
2088.378183988, 0.991533521,
2088.398615635, 0.992082731,
2088.419047382, 0.992826715,
2088.439479228, 0.991995718,
2088.459910875, 0.993085269,
2088.480342621, 0.993292810,
2088.500774467, 0.994274390,
2088.521206113, 0.994164173,
2088.541637858, 0.993475071,
2088.562069704, 0.995734699,
2088.582501449, 0.995545461,
2088.602933094, 0.996256498,
2088.684660171, 0.999146681,
2088.705091914, 1.000695254,
2088.725523658, 1.001223287,
2088.745955401, 0.999548896,
2088.766387044, 1.001040243,
2088.786818887, 1.000570786,
2088.807250630, 1.001206489,
2088.827682272, 1.001108754,
2088.848114114, 1.001286015,
2088.868545856, 1.001596890,
2088.888977498, 1.002571572,
2088.909409339, 1.001723784,
2088.929841081, 1.003335176,
2088.991136303, 1.001919480,
2089.011568044, 1.002618843,
2089.031999784, 1.003263598,
2089.052431524, 1.003093616,
2089.072863363, 1.003123728,
2089.093295103, 1.006542898,
2089.113726742, 1.006855604,
2089.134158581, 1.006650526,
2089.195453797, 1.005548958,
2089.215885535, 1.006907110,
2089.236317173, 1.006302899,
2089.256749011, 1.006095305,
2089.277180749, 1.006224540,
2089.297612386, 1.005782181,
2089.318044223, 1.005586241,
2089.338475960, 1.006057165,
2089.358907596, 1.004870782,
2089.379339433, 1.004657435,
2089.399771069, 1.006500949,
2089.420202905, 1.004052775,
2089.440634641, 1.005568385,
2089.461066276, 1.004965452,
2089.481498112, 1.004890038,
2089.501929847, 1.004500461,
2089.522361582, 1.004979684,
2089.542793317, 1.004488878,
2089.563225051, 1.005026464,
2089.583656785, 1.004602463,
2089.604088519, 1.004376434,
2089.624520253, 1.004069641,
2089.706247186, 1.006043644,
2089.726679019, 1.006080568,
2089.747110651, 1.009902636,
2089.767542484, 1.004777912,
2089.787974216, 1.004612220,
2089.808405848, 1.002319803,
2089.828837679, 1.002902358,
2089.849269411, 1.004797620,
2089.869701042, 1.004595989,
2089.890132873, 1.004954029,
2089.910564604, 1.005853962,
2089.930996335, 1.003360858,
2089.951428065, 1.003390980,
2089.971859795, 1.004085165,
2089.992291525, 1.003373695,
2090.012723255, 1.004240699,
2090.033154985, 1.003568929,
2090.053586714, 1.001176588,
2090.074018443, 1.000936711,
2090.094450172, 1.001584538,
2090.114882000, 1.001300002,
2090.155745357, 1.000569980,
2090.176177185, 1.000188066,
2090.196608813, 1.000355714,
2090.217040541, 0.999648181,
2090.237472368, 0.999586353,
2090.257903996, 0.998707105,
2090.278335723, 0.998213034,
2090.298767549, 0.997381156,
2090.319199176, 0.996798624,
2090.339630902, 0.996532671,
2090.360062729, 0.995919408,
2090.421357906, 0.998692487,
2090.441789531, 0.997791945,
2090.462221356, 0.992736196,
2090.482653081, 0.994291456,
2090.503084806, 0.995040730,
2090.523516531, 0.995237059,
2090.543948255, 0.996072014,
2090.564379979, 0.995494074,
2090.584811703, 0.989755334,
2090.605243427, 0.991775590,
2090.625675150, 0.991380134,
2090.646106973, 0.991087991,
2090.666538597, 0.990334409,
2090.707402142, 0.989315356,
2090.727833765, 0.987899452,
2090.748265487, 0.987323271,
2090.768697309, 0.986948414,
2090.789128931, 0.986654035,
2090.809560752, 0.985428789,
2090.829992474, 0.984418340,
2090.850424095, 0.984475121,
2090.870855916, 0.983931636,
2090.891287537, 0.984057884,
2090.911719258, 0.983298782,
2090.932151078, 0.983346186,
2090.952582698, 0.982339392,
2090.973014418, 0.981691479,
2090.993446238, 0.982052960,
2091.013877958, 0.982019061,
2091.034309577, 0.982054023,
2091.156900089, 0.976378227,
2091.177331707, 0.978367806,
2091.197763425, 0.973848985,
2091.218195243, 0.971491014,
2091.238626860, 0.971141555,
2091.259058578, 0.970712364,
2091.279490394, 0.975697942,
2091.299922011, 0.973183500,
2091.320353728, 0.974140541,
2091.340785544, 0.976291936,
2091.361217161, 0.974636340,
2091.381648877, 0.974558401,
2091.402080692, 0.977048947,
2091.422512308, 0.976646146,
2091.442944124, 0.977825819,
2091.463375839, 0.978548993,
2091.483807554, 0.976743827,
2091.504239269, 0.977880517,
2091.545102698, 0.978582705,
2091.565534412, 0.976303232,
2091.585966126, 0.977274909,
2091.647261267, 0.974338535,
2091.667692880, 0.974628989,
2091.688124693, 0.975148023,
2091.708556406, 0.974990367,
2091.728988019, 0.974592018,
2091.749419831, 0.975040889,
2091.769851544, 0.975892453,
2091.790283356, 0.974981962,
2091.810714968, 0.977254545,
2091.831146679, 0.976854171,
2091.892441813, 0.979418288,
2091.912873624, 0.979999104,
2091.933305235, 0.983069175,
2091.953736946, 0.984224348,
2091.974168756, 0.979733481,
2091.994600466, 0.981668832,
2092.015032076, 0.981154530,
2092.035463886, 0.978100205,
2092.055895595, 0.983299098,
2092.076327205, 0.984919660,
2092.096759014, 0.983956528,
2092.117190723, 0.985358980,
2092.137622532, 0.984489817,
2092.158054140, 0.983937357,
2092.178485849, 0.985409557,
2092.198917657, 0.985146718,
2092.219349265, 0.987084547,
2092.239780973, 0.987665193,
2092.260212681, 0.986061964,
2092.280644388, 0.986719103,
2092.301075996, 0.988169532,
2092.321507803, 0.988574001,
2092.341939510, 0.988381938,
2092.362371216, 0.988860128,
2092.382802923, 0.989210151,
2092.403234629, 0.990088250,
2092.423666436, 0.991878927,
2092.444098042, 0.992472410,
2092.464529747, 0.991731397,
2092.484961553, 0.990194034,
2092.505393259, 0.992051032,
2092.525824864, 0.993668945,
2092.627983488, 0.998837868,
2092.648415092, 0.998953423,
2092.668846895, 0.998614578,
2092.689278599, 1.006407008,
2092.709710203, 1.002247472,
2092.730142006, 1.000918183,
2092.750573709, 1.000785783,
2092.771005513, 0.999676536,
2092.791437115, 1.000671159,
2092.811868818, 1.002779291,
2092.832300621, 1.003822428,
2092.852732223, 1.004307033,
2092.873163925, 1.006087501,
2092.893595727, 1.006133259,
2092.914027329, 1.006073351,
2092.934459030, 1.001670532,
2092.954890831, 1.003541623,
2092.975322533, 1.004343555,
2092.995754134, 1.007699513,
2093.016185934, 1.001652062,
2093.036617535, 1.002171747,
2093.057049236, 1.003406240,
2093.077481036, 1.005686738,
2093.097912636, 1.003313890,
2093.118344436, 1.004630272,
2093.138776136, 1.004982387,
2093.159207735, 1.003830363,
2093.179639535, 1.004064651,
2093.200071234, 1.005870710,
2093.220502833, 1.006005638,
2093.240934632, 1.004856642,
2093.261366330, 1.006515133,
2093.281797929, 1.005756910,
2093.302229727, 1.005900836,
2093.322661425, 1.006408595,
2093.343093123, 1.006797081,
2093.363524821, 1.004815266,
2093.383956518, 1.005483126,
2093.424819913, 1.010632970,
2093.445251610, 1.007960800,
2093.465683407, 1.005905469,
2093.486115104, 1.005060711,
2093.526978497, 1.006062674,
2093.547410193, 1.007008189,
2093.608705280, 1.000721670,
2093.629136876, 1.002419618,
2093.649568671, 1.004626497,
2093.670000366, 1.006953285,
2093.690431961, 1.007084087,
2093.710863756, 1.007571445,
2093.731295450, 1.007472180,
2093.751727145, 1.007963197,
2093.772158839, 1.008444514,
2093.792590433, 1.007706105,
2093.833453921, 1.005432489,
2093.853885614, 1.007080168,
2093.894749001, 1.007348037,
2093.915180694, 1.003405423,
2093.935612387, 1.004375709,
2093.956044079, 1.001304095,
2093.976475772, 1.000594684,
2093.996907464, 1.001859886,
2094.017339156, 1.006373528,
2094.037770948, 1.005541593,
2094.058202640, 0.998933627,
2094.078634232, 0.999929426,
2094.099066023, 1.001851208,
2094.139929306, 1.001476375,
2094.160361097, 1.001047065,
2094.180792787, 0.998860077,
2094.221656169, 0.999766119,
2094.242087859, 1.001476081,
2094.262519449, 1.001718172,
2094.282951239, 0.997877886,
2094.303382929, 0.999348060,
2094.323814718, 0.999881825,
2094.344246308, 0.999905036,
2094.364677997, 0.999673927,
2094.385109686, 0.998415028,
2094.405541375, 0.997650851,
2094.425973064, 0.997117253,
2094.446404753, 0.996490451,
2094.466836441, 0.995063529,
2094.487268129, 0.995676626,
2094.589426568, 0.992137167,
2094.609858255, 0.991475165,
2094.630290042, 0.991369806,
2094.650721629, 0.989955912,
2094.671153416, 0.989193122,
2094.691585103, 0.987654990,
2094.712016689, 0.987681500,
2094.732448476, 0.984513754,
2094.752880162, 0.985553245,
2094.773311748, 0.986653633,
2094.793743534, 0.985202657,
2094.814175219, 0.982379338,
2094.834606805, 0.981759729,
2094.855038590, 0.983313410,
2094.875470275, 0.982664293,
2094.895901960, 0.981598668,
2094.916333645, 0.982678118,
2094.936765330, 0.982588200,
2094.957197114, 0.982273499,
2094.977628698, 0.982480066,
2094.998060383, 0.982883079,
2095.038923850, 0.980768353,
2095.059355434, 0.980183353,
2095.079787218, 0.981180899,
2095.100218901, 0.980571734,
2095.120650484, 0.980717671,
2095.161513850, 0.979374989,
2095.181945533, 0.979197593,
2095.202377315, 0.979320663,
2095.222808898, 0.979605966,
2095.243240680, 0.981322113,
2095.324967408, 0.979793777,
2095.345398989, 0.977845650,
2095.365830770, 0.977524087,
2095.386262451, 0.977507430,
2095.406694132, 0.979253560,
2095.427125813, 0.979351894,
2095.447557494, 0.978843906,
2095.467989174, 0.976259663,
2095.570147575, 0.972746236,
2095.590579354, 0.971551084,
2095.611011034, 0.971122593,
2095.631442613, 0.971837643,
2095.651874392, 0.970258952,
2095.672306071, 0.974401724,
2095.692737650, 0.974544646,
2095.713169428, 0.974521870,
2095.733601107, 0.974968706,
2095.754032685, 0.971770084,
2095.774464463, 0.971616202,
2095.794896141, 0.972308496,
2095.815327719, 0.972010712,
2095.835759497, 0.976441139,
2095.856191175, 0.969707911,
2095.876622852, 0.970054814,
2095.897054529, 0.972514543,
2095.917486206, 0.972839216,
2095.937917883, 0.975397194,
2095.958349560, 0.976080881,
2095.978781237, 0.975634575,
2095.999212913, 0.976630972,
2096.019644590, 0.978178628,
2096.040076266, 0.979388294,
2096.060508042, 0.979090806,
2096.080939618, 0.977471417,
2096.101371294, 0.979153023,
2096.121803069, 0.979744891,
2096.142234645, 0.980368978,
2096.162666420, 0.980863785,
2096.183098095, 0.981067467,
2096.203529670, 0.983211970,
2096.223961445, 0.983365550,
2096.244393120, 0.983709881,
2096.264824694, 0.983932418,
2096.285256469, 0.984669654,
2096.305688143, 0.985362012,
2096.326119717, 0.987011275,
2096.346551491, 0.986455926,
2096.366983165, 0.988360703,
2096.387414839, 0.987937953,
2096.428278186, 0.993043219,
2096.448709959, 0.995931994,
2096.469141532, 0.995040426,
2096.550868223, 0.995362208,
2096.571299995, 0.995239900,
2096.591731567, 0.992689593,
2096.612163239, 0.993730503,
2096.632595011, 0.993608803,
2096.653026583, 0.994128813,
2096.673458255, 0.993302951,
2096.693890026, 0.994873305,
2096.714321598, 0.993837374,
2096.734753369, 0.994357671,
2096.755185040, 0.992061108,
2096.775616611, 0.993958420,
2096.796048382, 0.998695719,
2096.816480052, 0.991715880,
2096.836911623, 0.996726268,
2096.857343393, 0.995528955,
2096.877775063, 0.997871342,
2096.898206733, 0.996646744,
2096.918638403, 0.998872689,
2096.939070073, 0.999003902,
2096.959501743, 1.000084381,
2096.979933412, 1.000897838,
2097.000365082, 1.000042447,
2097.020796851, 1.001568826,
2097.041228520, 1.001625600,
2097.082091858, 1.001592929,
2097.102523526, 1.002336938,
2097.122955095, 1.002038923,
2097.143386863, 1.003087054,
2097.163818532, 1.002754171,
2097.184250099, 1.003706665,
2097.204681867, 1.005069865,
2097.225113535, 1.004235952,
2097.286408438, 1.006169511,
2097.306840105, 1.005515274,
2097.327271872, 1.006768724,
2097.347703439, 1.008078610,
2097.368135206, 1.005562685,
2097.408998539, 1.007457167,
2097.429430206, 1.007207905,
2097.449861872, 1.007001822,
2097.470293539, 1.008189404,
2097.552020302, 1.000369491,
2097.572451867, 0.998900011,
2097.592883533, 1.000227565,
2097.613315298, 0.999983993,
2097.633746863, 0.997188300,
2097.654178628, 1.000118049,
2097.674610293, 0.999966111,
2097.695041858, 1.000782441,
2097.715473622, 1.002044613,
2097.735905287, 1.001693352,
2097.756336851, 1.000274330,
2097.776768615, 0.999738682,
2097.797200279, 0.998042090,
2097.817631843, 1.000430865,
2097.838063607, 1.002054247,
2097.858495270, 1.002446145,
2097.878926934, 1.001784706,
2097.899358597, 1.000975086,
2097.919790261, 1.000774575,
2097.940221924, 1.001409751,
2097.960653587, 1.001811551,
2097.981085249, 1.000895071,
2098.001516912, 0.999964563,
2098.021948575, 1.001789070,
2098.042380237, 1.000215869,
2098.062811900, 1.001390888,
2098.083243562, 1.001634886,
2098.103675224, 1.001010996,
2098.144538548, 1.000879466,
2098.185401971, 1.000226918,
2098.267128516, 1.000492336,
2098.287560277, 0.999731305,
2098.307991937, 0.999290657,
2098.328423498, 0.998729898,
2098.348855259, 0.997966220,
2098.369286919, 0.997832395,
2098.389718579, 0.995747021,
2098.410150239, 0.994519730,
2098.430581900, 0.994432225,
2098.451013559, 0.995173199,
2098.471445219, 0.988188123,
2098.491876879, 0.991455837,
2098.512308638, 0.988097670,
2098.532740198, 0.991217960,
2098.553171857, 0.990465597,
2098.573603616, 0.989336316,
2098.594035275, 0.988435635,
2098.614466834, 0.988868760,
2098.634898593, 0.986374097,
2098.655330152, 0.983996773,
2098.696193568, 0.984685932,
2098.716625127, 0.985107261,
2098.737056785, 0.986655152,
2098.757488543, 0.982733283,
2098.777920101, 0.983221396,
2098.798351859, 0.983703845,
2098.818783516, 0.983751831,
2098.839215074, 0.983429878,
2098.859646831, 0.981830220,
2098.880078489, 0.982013115,
2098.900510046, 0.981540458,
2098.920941803, 0.981084337,
2098.941373460, 0.980256216,
2098.961805117, 0.980085987,
2098.982236774, 0.978997249,
2099.002668430, 0.978140383,
2099.023100087, 0.977259540,
2099.043531843, 0.977744949,
2099.063963399, 0.977792471,
2099.084395155, 0.978645912,
2099.104826811, 0.978476762,
2099.125258367, 0.977031429,
2099.145690123, 0.975909419,
2099.166121779, 0.975718743,
2099.186553334, 0.975946458,
2099.206985090, 0.973904203,
2099.227416745, 0.974856693,
2099.247848300, 0.974500249,
2099.268280055, 0.975473553,
2099.288711710, 0.974617014,
2099.309143265, 0.975324463,
2099.329575019, 0.974402529,
2099.350006674, 0.974726892,
2099.370438329, 0.974332189,
2099.390869983, 0.974378564,
2099.411301637, 0.973014779,
2099.431733291, 0.973332332,
2099.493028253, 0.968275347,
2099.513459907, 0.967244773,
2099.533891560, 0.967669314,
2099.554323214, 0.966721497,
2099.574754867, 0.965651719,
2099.595186620, 0.968599867,
2099.615618273, 0.968545823,
2099.636049826, 0.968538229,
2099.656481579, 0.967898250,
2099.676913232, 0.968979755,
2099.697344785, 0.968346469,
2099.717776537, 0.968495326,
2099.738208189, 0.969150740,
2099.758639742, 0.967934837,
2099.779071494, 0.969335415,
2099.799503146, 0.970151872,
2099.819934698, 0.972204416,
2099.840366450, 0.972846037,
2099.983388010, 0.975381659,
2100.003819761, 0.975347824,
2100.024251312, 0.973319200,
2100.044682962, 0.976619424,
2100.065114613, 0.976775712,
2100.085546264, 0.978112770,
2100.105977914, 0.977318248,
2100.126409664, 0.977876713,
2100.146841215, 0.977167656,
2100.167272965, 0.980318013,
2100.187704615, 0.981610840,
2100.208136165, 0.981269860,
2100.228567915, 0.978049809,
2100.248999564, 0.980606366,
2100.269431114, 0.983176721,
2100.289862863, 0.982395336,
2100.310294513, 0.981524370,
2100.330726062, 0.981318902,
2100.351157811, 0.982883978,
2100.371589460, 0.985442846,
2100.392021009, 0.984033667,
2100.412452758, 0.981377708,
2100.432884407, 0.983916953,
2100.453316155, 0.984018146,
2100.473747704, 0.986718228,
2100.494179352, 0.986844882,
2100.514611101, 0.984923116,
2100.535042649, 0.985709439,
2100.555474297, 0.987746169,
2100.575906045, 0.987222387,
2100.596337693, 0.986459317,
2100.616769241, 0.987731225,
2100.637200988, 0.990710694,
2100.657632636, 0.987907973,
2100.678064183, 0.988478792,
2100.698495931, 0.990595601,
2100.718927578, 0.993292146,
2100.739359325, 0.992334549,
2100.759790872, 0.991844459,
2100.780222519, 0.993956977,
2100.800654166, 0.994768768,
2100.821085813, 0.993509041,
2100.841517360, 0.994852664,
2100.861949106, 0.994949624,
2100.882380753, 0.995736020,
2100.902812299, 0.995331885,
2100.923244046, 0.996798495,
2100.943675692, 0.995653945,
2100.964107338, 0.995213838,
2100.984538984, 0.995945132,
2101.004970630, 0.997077087,
2101.025402376, 0.995284165,
2101.045833921, 0.995451100,
2101.066265567, 0.995269181,
2101.086697312, 0.995131331,
2101.107128958, 0.996046344,
2101.127560503, 0.996239376,
2101.147992248, 0.995612653,
2101.168423893, 0.995727589,
2101.188855438, 0.995655881,
2101.209287183, 0.995105595,
2101.229718828, 0.995565099,
2101.250150573, 0.994154150,
2101.270582117, 0.994425868,
2101.291013762, 0.994655749,
2101.311445506, 0.994468896,
2101.331877051, 0.994737368,
2101.352308695, 0.993703528,
2101.372740439, 0.993940929,
2101.393171983, 0.993883146,
2101.454466915, 0.994271572,
2101.474898559, 0.993020946,
2101.495330202, 0.991790739,
2101.515761846, 0.992672452,
2101.536193589, 0.990474071,
2101.556625132, 0.993035623,
2101.577056776, 0.993740009,
2101.597488519, 0.994644115,
2101.617920062, 0.995572624,
2101.658783448, 0.993353975,
2101.679215090, 0.992944637,
2101.699646633, 0.994727591,
2101.720078376, 0.992485107,
2101.740510018, 0.991178059,
2101.760941561, 0.991925567,
2101.781373303, 0.991400456,
2101.801804945, 0.992214320,
2101.842668229, 0.992209958,
2101.863099871, 0.992877649,
2101.903963155, 0.992634000,
2101.924394797, 0.993238844,
2101.944826538, 0.993717041,
2101.965258080, 0.992744074,
2101.985689721, 0.991858387,
2102.006121462, 0.992187194,
2102.026553004, 0.992283357,
2102.046984745, 0.992446775,
2102.067416386, 0.992533047,
2102.087848027, 0.991524547,
2102.108279668, 0.992434387,
2102.149142949, 0.992775893,
2102.169574590, 0.991894859,
2102.190006230, 0.989289755,
2102.210437771, 0.989404935,
2102.230869511, 0.989587108,
2102.251301152, 0.989289303,
2102.271732692, 0.989370376,
2102.292164432, 0.987967621,
2102.312596072, 0.989071412,
2102.333027812, 0.988147727,
2102.353459352, 0.986391752,
2102.394322731, 0.985994015,
2102.414754271, 0.986134517,
2102.435185910, 0.986484968,
2102.455617650, 0.985275654,
2102.476049189, 0.984176567,
2102.496480829, 0.983878147,
2102.516912568, 0.983455925,
2102.537344107, 0.983079668,
2102.557775746, 0.982290624,
2102.578207485, 0.981761303,
2102.598639124, 0.982360543,
2102.639502401, 0.981754582,
2102.659934040, 0.981525629,
2102.680365679, 0.981490056,
2102.700797317, 0.980978461,
2102.721228955, 0.979298816,
2102.741660694, 0.980460389,
2102.762092232, 0.981049273,
2102.782523870, 0.979395721,
2102.802955508, 0.980908344,
2102.823387146, 0.978295299,
2102.843818884, 0.979234196,
2102.884682060, 0.979629497,
2102.905113797, 0.976236644,
2102.925545335, 0.976844573,
2102.945976972, 0.975886361,
2102.966408710, 0.977667744,
2102.986840247, 0.976379859,
2103.007271885, 0.980323679,
2103.027703622, 0.974452515,
2103.048135159, 0.976598467,
2103.068566796, 0.977176535,
2103.088998533, 0.975008925,
2103.109430170, 0.977042261,
2103.129861807, 0.976283123,
2103.150293444, 0.973635157,
2103.170725080, 0.973947975,
2103.191156717, 0.972735039,
2103.211588353, 0.972205556,
2103.232019990, 0.971649701,
2103.252451626, 0.971244601,
2103.272883263, 0.969380058,
2103.293314899, 0.969715363,
2103.313746635, 0.968445120,
2103.334178171, 0.968039062,
2103.354609807, 0.966426662,
2103.415904815, 0.962938740,
2103.436336450, 0.961719326,
2103.456767986, 0.960434271,
2103.477199722, 0.964322741,
2104.090148757, 0.989143839,
2104.110580490, 0.989202465,
2104.131012124, 0.991781086,
2104.151443857, 0.990792712,
2104.171875390, 0.990859043,
2104.192307023, 0.989882694,
2104.212738657, 0.991622939,
2104.233170290, 0.993979859,
2104.253601923, 0.995388629,
2104.274033556, 0.995885445,
2104.294465189, 0.996260216,
2104.314896821, 0.996757728,
2104.335328554, 0.998211560,
2104.396623452, 0.998039187,
2104.417054984, 0.999333939,
2104.437486717, 1.000033469,
2104.457918349, 1.000446692,
2104.478349882, 1.001315144,
2104.498781614, 1.002215805,
2104.519213246, 1.003054868,
2104.539644778, 1.004173289,
2104.560076510, 1.004391990,
2104.580508142, 1.005371679,
2104.641803038, 1.005815636,
2104.682666302, 1.007325944,
2104.703097933, 1.008016778,
2104.723529665, 1.009601284,
2104.743961196, 1.010031257,
2104.764392828, 1.010348921,
2104.784824559, 1.011145503,
2104.805256191, 1.012228548,
2104.825687722, 1.013411561,
2104.886982716, 1.012911129,
2104.907414347, 1.013947239,
2104.927845978, 1.013637069,
2104.948277609, 1.036621843,
2104.968709240, 1.020961944,
2104.989140771, 1.019210543,
2105.009572501, 1.019487099,
2105.030004132, 1.018292383,
2105.050435663, 1.017945666,
2105.070867394, 1.015457728,
2105.132162285, 1.018130461,
2105.152593916, 1.017012648,
2105.173025646, 1.014519192,
2105.193457176, 1.015425895,
2105.213888807, 1.017406822,
2105.234320537, 1.016928847,
2105.254752067, 1.016263701,
2105.275183697, 1.016151996,
2105.295615427, 1.015999450,
2105.316047057, 1.016002698,
2105.377341947, 1.016387268,
2105.397773577, 1.019529984,
2105.418205206, 1.016307987,
2105.438636836, 1.019880258,
2105.459068566, 1.019446463,
2105.479500095, 1.023226440,
2105.499931725, 1.021820744,
2105.520363454, 1.020777090,
2105.540794984, 1.018513822,
2105.561226613, 1.015590128,
2105.581658343, 1.017059300,
2105.602089872, 1.014934226,
2105.622521601, 1.014602592,
2105.642953230, 1.014003907,
2105.663384760, 1.014699846,
2105.683816489, 1.015288215,
2105.704248018, 1.015216565,
2105.724679647, 1.015161768,
2105.745111376, 1.015450198,
2105.765542905, 1.017017668,
2105.785974534, 1.016357945,
2105.806406262, 1.015721533,
2105.867701149, 1.018927981,
2105.888132777, 1.017133767,
2105.908564406, 1.017000312,
2105.928996034, 1.016447166,
2105.949427663, 1.016782298,
2105.969859391, 1.016905409,
2105.990290920, 1.016820936,
2106.010722548, 1.016489606,
2106.031154277, 1.014936647,
2106.051585805, 1.017290590,
2106.112880689, 1.016957602,
2106.133312418, 1.015248647,
2106.153744046, 1.014736293,
2106.174175574, 1.014465876,
2106.194607302, 1.013714063,
2106.215038930, 1.013009366,
2106.235470458, 1.013453223,
2106.255902185, 1.013667844,
2106.276333813, 1.014246452,
2106.296765441, 1.012100116,
2106.358060324, 1.011013854,
2106.378491952, 1.009725541,
2106.398923579, 1.009285956,
2106.419355207, 1.008680884,
2106.439786834, 1.008000301,
2106.460218462, 1.007460779,
2106.480650089, 1.007535465,
2106.501081716, 1.007054009,
2106.521513344, 1.006658375,
2106.541945071, 1.004912159,
2106.603239953, 1.004308539,
2106.623671480, 1.002526880,
2106.644103207, 1.001738385,
2106.664534834, 1.002288093,
2106.684966361, 1.000591955,
2106.705398088, 1.000036533,
2106.725829715, 0.999481157,
2106.746261242, 0.999954518,
2106.766692969, 0.998634732,
2106.787124596, 0.998232366,
2106.848419476, 0.998055241,
2106.868851203, 0.996955201,
2106.889282729, 0.996146407,
2106.909714356, 0.996097920,
2106.930146083, 0.994844070,
2106.950577609, 0.994627759,
2106.971009236, 0.992957193,
2106.991440962, 0.993862646,
2107.011872589, 0.992273647,
2107.032304215, 0.990419502,
2107.073167368, 0.991559171,
2107.093599094, 0.990122788,
2107.114030721, 0.989692326,
2107.134462247, 0.989698339,
2107.154893973, 0.988703842,
2107.175325599, 0.987633480,
2107.195757126, 0.986270759,
2107.216188852, 0.984494271,
2107.257052204, 0.982963441,
2107.277483730, 0.984183054,
2107.359210234, 0.984880833,
2107.379641960, 0.986016840,
2107.400073486, 0.985714348,
2107.420505112, 0.986124742,
2107.440936837, 0.984974694,
2107.461368463, 0.985211182,
2107.481800089, 0.984262131,
2107.502231715, 0.985197159,
2107.522663340, 0.981888257,
2107.543094966, 0.981266286,
2107.563526592, 0.980541949,
2107.583958217, 0.982003818,
2107.604389943, 0.982280823,
2107.624821468, 0.982113357,
2107.645253094, 0.981242331,
2107.665684820, 0.981230973,
2107.686116345, 0.981281253,
2107.706548071, 0.982103974,
2107.726979596, 0.980707884,
2107.747411221, 0.980333067,
2107.767842947, 0.981601061,
2107.829137823, 0.983555407,
2107.849569348, 0.983133970,
2107.870000973, 0.984598046,
2107.890432699, 0.983870626,
2107.910864224, 0.983919614,
2107.931295849, 0.984476516,
2107.951727574, 0.983914607,
2107.972159099, 0.982487375,
2107.992590825, 0.985047898,
2108.013022450, 0.986105284,
2108.074317325, 0.988331358,
2108.094748950, 0.988117427,
2108.115180575, 0.988356640,
2108.135612200, 0.988193102,
2108.156043825, 0.988655144,
2108.176475550, 0.991622655,
2108.196907075, 0.990979525,
2108.217338800, 0.991428709,
2108.237770424, 0.991690075,
2108.258201949, 0.991373249,
2108.319496824, 0.994964915,
2108.339928549, 0.995397730,
2108.360360173, 0.995196480,
2108.380791698, 0.995270152,
2108.401223423, 0.996365799,
2108.421655048, 0.996353296,
2108.442086672, 0.997071627,
2108.462518297, 0.997982312,
2108.482949822, 1.000567891,
2108.503381546, 1.001838816,
2108.564676420, 1.001639389,
2108.585108045, 1.001968638,
2108.605539669, 1.001961255,
2108.625971294, 1.002527487,
2108.646402918, 1.009147982,
2108.666834643, 1.004438107,
2108.687266267, 1.006704973,
2108.707697792, 1.005082088,
2108.728129516, 1.004356016,
2108.748561141, 1.005096070,
2108.809856014, 1.008128596,
2108.830287538, 1.007138884,
2108.850719263, 1.006643624,
2108.871150887, 1.007883435,
2108.912014136, 1.005581752,
2108.932445760, 1.004989337,
2108.952877484, 1.006853178,
2108.973309009, 1.004896430,
2108.993740633, 1.009999537,
2109.055035506, 1.009496161,
2109.075467230, 1.008380954,
2109.095898754, 1.009016968,
2109.116330479, 1.008485744,
2109.136762003, 1.008722619,
2109.157193627, 1.009550427,
2109.177625351, 1.006939826,
2109.198056875, 1.008092344,
2109.218488500, 1.014830008,
2109.238920224, 1.030711651,
2109.300215096, 1.015865603,
2109.320646720, 1.012848136,
2109.341078445, 1.011696536,
2109.361509969, 1.009913076,
2109.381941593, 1.009699289,
2109.402373317, 1.008385519,
2109.422804841, 1.007934638,
2109.443236465, 1.008616502,
2109.463668189, 1.007918148,
2109.484099713, 1.009671457,
2109.524963062, 1.014893443,
2109.545394586, 1.011846567,
2109.565826310, 1.013069034,
2109.586257934, 1.012281700,
2109.606689458, 1.010973322,
2109.627121182, 1.014672931,
2109.647552806, 1.012529311,
2109.667984430, 1.010803330,
2109.688416054, 1.010470297,
2109.708847678, 1.010589247,
2109.729279302, 1.011218866,
2109.770142550, 1.013839418,
2109.790574174, 1.011548004,
2109.811005898, 1.011000257,
2109.831437422, 1.010724290,
2109.851869146, 1.011181798,
2109.872300670, 1.012109917,
2109.892732294, 1.010388184,
2109.913164018, 1.011870113,
2109.933595542, 1.012811539,
2109.954027166, 1.014332913,
2110.015322138, 1.013412297,
2110.035753762, 1.013620256,
2110.056185286, 1.011150265,
2110.076617010, 1.010220077,
2110.097048634, 1.011172165,
2110.117480158, 1.010155634,
2110.137911882, 1.011004390,
2110.158343506, 1.012104307,
2110.178775131, 1.009655915,
2110.199206755, 1.013906070,
2110.219638379, 1.013520257,
2110.280933251, 1.011082608,
2110.301364975, 1.010003150,
2110.321796599, 1.008418528,
2110.342228123, 1.007628887,
2110.362659847, 1.006783013,
2110.383091471, 1.006204445,
2110.403523095, 1.007921869,
2110.423954719, 1.004415087,
2110.444386343, 1.005641529,
2110.464817967, 1.007895419,
2110.505681115, 1.006639321,
2110.526112839, 1.004978257,
2110.546544463, 1.003602071,
2110.566975987, 1.003429546,
2110.587407712, 1.002204079,
2110.607839336, 1.004496478,
2110.628271060, 1.001357244,
2110.648702584, 1.001359441,
2110.669134208, 1.000749096,
2110.689565932, 0.998278324,
2110.709997456, 0.999030398,
2110.771292329, 0.998760709,
2110.791723953, 0.998594371,
2110.812155677, 0.996978247,
2110.832587201, 0.997666786,
2110.853018925, 0.995160707,
2110.873450550, 0.995535233,
2110.893882174, 0.998912876,
2110.914313798, 0.997527483,
2110.934745422, 0.997213976,
2110.975608671, 0.993243776,
2111.016471919, 0.989997761,
2111.036903644, 0.989748167,
2111.057335168, 0.989981361,
2111.077766892, 0.990040689,
2111.098198517, 0.988883492,
2111.118630041, 0.988680622,
2111.139061765, 0.988767938,
2111.159493290, 0.986042671,
2111.179924914, 0.982409616,
2111.200356638, 0.982497152,
2111.261651512, 0.984978155,
2111.282083036, 0.984476332,
2111.302514761, 0.982742486,
2111.322946385, 0.981778662,
2111.343377910, 0.981511376,
2111.363809634, 0.981132643,
2111.384241259, 0.979143220,
2111.404672883, 0.980331153,
2111.425104508, 0.980251878,
2111.445536132, 0.980475220,
2111.486399381, 0.981506452,
2111.506831006, 0.980308927,
2111.527262731, 0.980092444,
2111.547694355, 0.978949549,
2111.568125880, 0.978918233,
2111.588557605, 0.978038543,
2111.608989229, 0.977858452,
2111.629420754, 0.978280925,
2111.649852479, 0.978454178,
2111.670284104, 0.978831069,
2111.690715828, 0.980570353,
2111.752010703, 0.978983099,
2111.772442228, 0.978889428,
2111.792873852, 0.979310228,
2111.813305477, 0.978255077,
2111.833737102, 0.978104700,
2111.854168727, 0.980584434,
2111.874600352, 0.981096330,
2111.895031977, 0.984328599,
2111.915463702, 0.987234491,
2111.935895227, 0.983036360,
2112.017621727, 0.989071083,
2112.058485078, 0.985701074,
2112.078916703, 0.984144396,
2112.099348328, 0.984246946,
2112.119779953, 0.984720642,
2112.140211578, 0.984027212,
2112.160643204, 0.983879152,
2112.181074829, 0.984911162,
2112.242369705, 0.993686299,
2112.262801430, 0.991041780,
2112.283232956, 0.990508158,
2112.303664681, 0.990535060,
2112.324096307, 0.991576314,
2112.344527832, 0.989167280,
2112.364959558, 0.988702855,
2112.385391183, 0.989653229,
2112.405822709, 0.992671489,
2112.426254434, 0.992236895,
2112.528412563, 0.996087126,
2112.548844188, 0.994535250,
2112.569275814, 0.994725750,
2112.589707440, 0.995549067,
2112.610139066, 0.996216687,
2112.630570692, 0.998037910,
2112.651002318, 0.997307254,
2112.671433944, 0.997418989,
2112.753160548, 1.003122446,
2112.794023700, 1.003353246,
2112.814455426, 1.001389834,
2112.834887052, 1.001367981,
2112.855318578, 1.002429052,
2112.875750304, 0.998966267,
2112.896181931, 0.998375117,
2112.916613657, 0.997727573,
2112.957476810, 1.005746406,
2112.977908536, 1.007225247,
2112.998340063, 1.007387253,
2113.018771689, 1.005176532,
2113.039203416, 1.004461348,
2113.059634942, 1.003221329,
2113.080066569, 1.004085234,
2113.100498295, 1.002296813,
2113.120929822, 1.004945805,
2113.161793175, 1.005089560,
2113.243519582, 1.003357773,
2113.263951309, 1.006202503,
2113.284382936, 1.008092212,
2113.304814563, 1.008726342,
2113.325246190, 1.008405972,
2113.345677817, 1.009957319,
2113.366109544, 1.011238135,
2113.386541071, 1.010709037,
2113.406972698, 1.010295557,
2113.427404426, 1.006531758,
2113.447835953, 1.006212831,
2113.468267580, 1.006005911,
2113.488699307, 1.006656867,
2113.509130835, 1.005640289,
2113.529562562, 1.006671376,
2113.549994189, 1.006556959,
2113.570425717, 1.007249168,
2113.590857444, 1.005301203,
2113.611289072, 1.006282296,
2113.631720599, 1.007650138,
2113.652152327, 1.008857834,
2113.693015482, 1.007369563,
2113.713447210, 1.006748665,
2113.733878838, 1.007366958,
2113.754310566, 1.007405322,
2113.774742094, 1.008027975,
2113.795173722, 1.007874197,
2113.815605349, 1.007295954,
2113.836037077, 1.007985256,
2113.856468605, 1.009399366,
2113.876900333, 1.011526135,
2113.897331862, 1.012822721,
2113.938195218, 1.009192667,
2113.958626746, 1.009405614,
2113.979058475, 1.007493928,
2113.999490103, 1.008403694,
2114.019921631, 1.009267481,
2114.040353360, 1.008711992,
2114.060784988, 1.009047886,
2114.081216517, 1.012502008,
2114.101648245, 1.008500582,
2114.122079874, 1.009132512,
2114.142511602, 1.010061704,
2114.183374760, 1.010603490,
2114.203806489, 1.012192651,
2114.224238018, 1.009992825,
2114.244669646, 1.007941673,
2114.265101375, 1.007779404,
2114.285532904, 1.007497094,
2114.305964633, 1.006087959,
2114.326396262, 1.007409217,
2114.346827892, 1.006808849,
2114.367259521, 1.008413151,
2114.387691150, 1.007301662,
2114.428554409, 1.006423061,
2114.448986038, 1.003875089,
2114.469417667, 1.003411592,
2114.489849297, 1.003888214,
2114.510280926, 1.004704254,
2114.530712656, 1.005526966,
2114.551144185, 1.003989005,
2114.571575815, 1.004746948,
2114.592007545, 1.002585528,
2114.612439075, 1.003735738,
2114.632870704, 1.000971495,
2114.673733964, 1.007196272,
2114.694165594, 0.998567282,
2114.714597324, 0.997799424,
2114.735028854, 0.997819595,
2114.755460585, 0.999093081,
2114.775892215, 0.997795728,
2114.796323745, 0.997488650,
2114.816755475, 0.997164914,
2114.837187106, 0.996940748,
2114.857618636, 0.996074546,
2114.878050366, 0.992971141,
2114.939345258, 0.996217998,
2114.980208620, 0.995138540,
2115.000640150, 0.993456290,
2115.021071781, 0.994967408,
2115.041503512, 0.995379645,
2115.061935143, 0.989793983,
2115.082366674, 0.989227697,
2115.102798405, 0.987651944,
2115.123230036, 0.987532195,
2115.184524930, 0.993598965,
2115.204956561, 0.988629766,
2115.225388193, 0.988407500,
2115.245819824, 0.986153002,
2115.266251456, 0.983204966,
2115.286683087, 0.986165607,
2115.307114819, 0.983541989,
2115.327546351, 0.981680356,
2115.347977983, 0.983998469,
2115.368409714, 0.984762716,
2115.409272878, 0.987440137,
2115.429704610, 0.982911542,
2115.450136142, 0.980414494,
2115.470567774, 0.980194922,
2115.490999507, 0.982220096,
2115.511431039, 0.981070182,
2115.531862771, 0.981002832,
2115.552294404, 0.981065996,
2115.572726036, 0.979639448,
2115.593157669, 0.981743872,
2115.613589301, 0.981187916,
2115.654452566, 0.985536026,
2115.674884199, 0.980663266,
2115.695315832, 0.979631296,
2115.715747565, 0.980272695,
2115.736179098, 0.979913707,
2115.756610831, 0.981545583,
2115.777042464, 0.980620334,
2115.797473997, 0.980125981,
2115.817905730, 0.980650106,
2115.838337364, 0.981641065,
2115.858768897, 0.979120500,
2115.899632264, 0.981340071,
2115.920063897, 0.981236767,
2115.940495531, 0.981859747,
2115.960927065, 0.983063484,
2115.981358798, 0.982274441,
2116.001790432, 0.981879749,
2116.022221966, 0.983527158,
2116.042653700, 0.982933577,
2116.063085334, 0.982409848,
2116.083516968, 0.983136211,
2116.103948602, 0.984404576,
2116.144811971, 0.987340413,
2116.165243505, 0.985885259,
2116.185675139, 0.985564528,
2116.206106874, 0.985304114,
2116.226538508, 0.986723917,
2116.246970043, 0.987606113,
2116.267401778, 0.986644678,
2116.287833412, 0.988015923,
2116.308265047, 0.987403425,
2116.328696682, 0.988925024,
2116.349128317, 0.989142112,
2116.389991587, 0.990650385,
2116.410423223, 0.990526922,
2116.430854958, 0.992539157,
2116.451286493, 0.992726746,
2116.471718129, 0.992457191,
2116.492149864, 0.994485936,
2116.512581400, 0.994757401,
2116.533013135, 0.992830501,
2116.553444771, 0.995048101,
2116.573876307, 0.993851368,
2116.594308043, 0.992131037,
2116.635171214, 0.996686679,
2116.655602950, 0.997728878,
2116.676034487, 0.998369399,
2116.696466223, 0.999096117,
2116.716897859, 1.000109416,
2116.737329396, 0.999050843,
2116.757761132, 0.996358330,
2116.778192768, 0.998689192,
2116.798624405, 1.000759214,
2116.819056042, 0.998185023,
2116.839487678, 1.003581378,
2116.900782589, 1.004435718,
2116.921214326, 1.005414853,
2116.941645963, 1.005800222,
2116.962077501, 1.003689818,
2116.982509238, 1.005346605,
2117.002940875, 1.005295709,
2117.023372413, 1.004712048,
2117.043804150, 1.004757774,
2117.064235788, 1.004626266,
2117.084667525, 1.003992656,
2117.145962439, 1.010868970,
2117.166393977, 1.009096274,
2117.186825615, 1.007802229,
2117.207257253, 1.009771226,
2117.227688891, 1.007216292,
2117.248120530, 1.007519951,
2117.268552168, 1.006237813,
2117.288983807, 1.005328501,
2117.309415545, 1.005341238,
2117.329847084, 1.005243137,
2117.391142000, 1.008020206,
2117.411573639, 1.007631448,
2117.432005378, 1.012806612,
2117.452437018, 1.009696952,
2117.472868657, 1.008354813,
2117.493300296, 1.013652664,
2117.534163575, 1.009273543,
2117.554595215, 1.009358925,
2117.575026854, 1.009608065,
2117.595458594, 1.008409913,
2117.615890134, 1.008544360,
2117.636321774, 1.007795043,
2117.656753514, 1.007800313,
2117.677185054, 1.006350293,
2117.697616794, 1.008757844,
2117.718048434, 1.008488328,
2117.738479974, 1.010953836,
2117.758911715, 1.013692618,
2117.779343355, 1.012954649,
2117.799774896, 1.013008306,
2117.820206637, 1.014265741,
2117.881501559, 1.010772600,
2117.901933200, 1.011978646,
2117.922364841, 1.012737087,
2117.942796483, 1.026414450,
2117.963228124, 1.029897587,
2117.983659765, 1.019725795,
2118.004091407, 1.017676293,
2118.024523048, 1.021917469,
2118.044954690, 1.018127755,
2118.065386332, 1.012533063,
2118.106249716, 1.011452732,
2118.126681258, 1.014048246,
2118.147113000, 1.014297095,
2118.167544642, 1.016339129,
2118.187976184, 1.014597005,
2118.208407927, 1.011667201,
2118.228839569, 1.011197914,
2118.249271112, 1.010584443,
2118.269702854, 1.011249293,
2118.290134497, 1.007796353,
2118.310566240, 1.008715233,
2118.351429426, 1.008021623,
2118.371861169, 1.012176014,
2118.392292712, 1.007617676,
2118.412724356, 1.007924216,
2118.433156099, 1.008329195,
2118.453587643, 1.007157678,
2118.474019386, 1.007172216,
2118.494451030, 1.005627892,
2118.514882574, 1.003988941,
2118.535314318, 1.003527076,
2118.555745962, 1.003897176,
2118.596609250, 1.003469922,
2118.678335828, 1.001742725,
2118.698767472, 1.000875599,
2118.719199117, 0.999427977,
2118.739630762, 0.999064776,
2118.760062407, 0.998718699,
2118.780494052, 0.996597292,
2118.800925697, 0.997547721,
2118.841788988, 0.996265385,
2118.862220733, 0.996733677,
2118.882652379, 0.995203014,
2118.903083925, 0.995053710,
2118.923515670, 0.993310065,
2118.943947316, 0.990953421,
2118.964378862, 0.990674695,
2118.984810608, 0.991795891,
2119.005242254, 0.994130885,
2119.025673801, 0.989481556,
2119.046105547, 0.987995383,
2119.107400487, 0.988559649,
2119.127832133, 0.993488771,
2119.148263880, 0.991336677,
2119.168695427, 0.987350806,
2119.189127074, 0.985896250,
2119.209558822, 0.986514687,
2119.229990369, 0.984613529,
2119.250422116, 0.984207680,
2119.270853764, 0.984196110,
2119.291285411, 0.984501756,
2119.352580255, 0.980260164,
2119.373012003, 0.981741684,
2119.393443651, 0.982237427,
2119.413875399, 0.988408156,
2119.434306947, 0.985785377,
2119.454738596, 0.984334764,
2119.475170344, 0.983718157,
2119.495601893, 0.985363642,
2119.516033542, 0.983990564,
2119.536465291, 0.981923495,
2119.577328489, 0.983983814,
2119.597760238, 0.980595755,
2119.618191787, 0.982742810,
2119.638623537, 0.984026733,
2119.659055186, 0.981634814,
2119.679486736, 0.981131024,
2119.699918486, 0.981414677,
2119.720350135, 0.980446859,
2119.740781785, 0.981811606,
2119.761213435, 0.980415925,
2119.781645086, 0.979758369,
2119.822508386, 0.980072714,
2119.863371787, 0.979793671,
2119.883803438, 0.981395414,
2119.904234989, 0.979971691,
2119.924666640, 0.979865775,
2119.945098291, 0.981875014,
2119.965529942, 0.982138376,
2119.985961693, 0.981070550,
2120.006393245, 0.980482717,
2120.026824996, 0.980261716,
2120.067688200, 0.983429838,
2120.088119952, 0.984853057,
2120.108551604, 0.988644351,
2120.128983156, 0.985665220,
2120.149414908, 0.983575877,
2120.169846560, 0.985025179,
2120.190278313, 0.985581106,
2120.210709865, 0.986687283,
2120.231141518, 0.985377773,
2120.251573270, 0.986931463,
2120.272004823, 0.985711406,
2120.312868229, 0.987990505,
2120.333299783, 0.986895764,
2120.353731436, 0.988176101,
2120.374163189, 0.989836153,
2120.394594743, 0.988127084,
2120.415026497, 0.992546414,
2120.435458151, 0.995821024,
2120.455889804, 0.992429312,
2120.476321459, 0.992422358,
2120.496753113, 0.992577980,
2120.517184767, 0.991931927,
2120.558048076, 0.996934606,
2120.578479831, 0.996703285,
2120.598911385, 0.998225197,
2120.619343040, 0.997019176,
2120.639774795, 0.996333389,
2120.660206350, 0.995930941,
2120.680638006, 0.996371822,
2120.701069761, 0.996608405,
2120.721501316, 0.998924015,
2120.741932972, 0.999150023,
2120.762364728, 1.001502110,
2120.803228039, 1.002753259,
2120.823659696, 1.001790483,
2120.844091252, 1.000941308,
2120.864523008, 1.001362300,
2120.884954665, 1.000988083,
2120.905386221, 1.001202355,
2120.925817978, 1.004504304,
2120.946249635, 1.007240138,
2120.966681392, 1.003977007,
2120.987112949, 1.003214993,
2121.007544606, 1.002232238,
2121.068839578, 1.004357114,
2121.089271336, 1.003671935,
2121.109702994, 1.003620384,
2121.130134552, 1.006446876,
2121.150566310, 1.006865759,
2121.170997968, 1.005837473,
2121.191429626, 1.006755961,
2121.211861285, 1.007350286,
2121.232292943, 1.003688662,
2121.252724602, 1.004923343,
2121.273156261, 1.010031792,
2121.293587920, 1.013004975,
2121.314019579, 1.014037436,
2121.334451238, 1.013134944,
2121.354882997, 1.013109975,
2121.375314557, 1.013467410,
2121.395746216, 1.011299012,
2121.416177976, 1.011031223,
2121.436609536, 1.009296593,
2121.457041196, 1.008079165,
2121.477472956, 1.009701174,
2121.497904516, 1.009315889,
2121.538767937, 1.012721755,
2121.559199498, 1.015159703,
2121.579631258, 1.010835783,
2121.600062919, 1.010803944,
2121.620494580, 1.009943095,
2121.640926241, 1.009219962,
2121.661357903, 1.009656952,
2121.681789564, 1.009859528,
2121.702221225, 1.009529772,
2121.722652887, 1.011513761,
2121.743084649, 1.011491010,
2121.783947873, 1.016304530,
2121.804379635, 1.015191160,
2121.824811297, 1.016182411,
2121.845242860, 1.013894682,
2121.865674623, 1.012307747,
2121.906537848, 1.012896908,
2121.926969611, 1.011569661,
2121.947401274, 1.011972957,
2121.967832938, 1.013196500,
2121.988264601, 1.013331018,
2122.049559592, 1.011727038,
2122.069991156, 1.010868406,
2122.090422920, 1.014479426,
2122.110854584, 1.011823845,
2122.131286349, 1.012498766,
2122.151717913, 1.013478265,
2122.172149578, 1.011636741,
2122.192581342, 1.012419360,
2122.213012907, 1.011577206,
2122.233444572, 1.012556977,
2122.274308003, 1.012198981,
2122.294739568, 1.013151885,
2122.315171334, 1.005671180,
2122.335603000, 1.010128168,
2122.356034665, 1.007582734,
2122.376466331, 1.007956883,
2122.396897998, 1.009017159,
2122.417329664, 1.008728229,
2122.437761330, 1.008098515,
2122.458192997, 1.007554422,
2122.478624764, 1.007055075,
2122.519488097, 1.005859384,
2122.539919765, 1.005338863,
2122.560351332, 1.004289329,
2122.580783099, 1.003550895,
2122.601214767, 1.003154346,
2122.621646335, 1.004501227,
2122.642078102, 1.003411922,
2122.662509670, 1.001248841,
2122.682941438, 1.000228592,
2122.703373107, 0.998427012,
2122.723804675, 0.996366328,
2122.785099681, 0.996867506,
2122.805531450, 0.997205415,
2122.846394789, 0.995672154,
2122.866826458, 0.993456661,
2122.887258128, 0.993981808,
2122.907689897, 0.993809201,
2122.928121567, 0.993872053,
2122.948553137, 0.993460377,
2122.968984907, 0.991739162,
2123.030279919, 0.986600383,
2123.050711589, 0.980751108,
2123.071143360, 0.986778681,
2123.091574931, 0.989289243,
2123.112006603, 0.990169028,
2123.152869945, 0.986587124,
2123.173301617, 0.984141776,
2123.234596633, 0.981163327,
2123.275459977, 0.981725171,
2123.295891750, 0.982205562,
2123.316323323, 0.984225725,
2123.336754995, 0.982312754,
2123.357186768, 0.981029570,
2123.377618341, 0.980849762,
2123.398050015, 0.980707231,
2123.418481788, 0.980637030,
2123.438913362, 0.981499038,
2123.459345135, 0.979639771,
2123.500208483, 0.978128674,
2123.520640158, 0.980436887,
2123.541071832, 0.979563928,
2123.561503506, 0.979313522,
2123.581935181, 0.979776342,
2123.602366856, 0.980659699,
2123.622798631, 0.979923002,
2123.663661881, 0.980268777,
2123.684093657, 0.979534483,
2123.704525332, 0.979753476,
2123.745388684, 0.980617696,
2123.765820360, 0.978634701,
2123.786251936, 0.982025682,
2123.806683712, 0.981072730,
2123.827115389, 0.980320389,
2123.847547165, 0.980792057,
2123.867978742, 0.981119444,
2123.888410419, 0.980781975,
2123.908842096, 0.981712520,
2123.929273774, 0.982032872,
2123.949705451, 0.981401978,
2123.990568806, 0.982557335,
2124.011000584, 0.981575967,
2124.031432162, 0.982777452,
2124.051863841, 0.982304152,
2124.072295619, 0.983839912,
2124.092727197, 0.985473685,
2124.113158876, 0.984242784,
2124.133590655, 0.987083801,
2124.154022334, 0.988329128,
2124.174453913, 0.987865018,
2124.235749052, 0.987883493,
2124.256180732, 0.987271362,
2124.276612411, 0.989957679,
2124.297044192, 0.988688514,
2124.317475772, 0.991623715,
2124.337907452, 0.990939954,
2124.358339233, 0.992263694,
2124.378770814, 0.993222237,
2124.399202595, 0.993438516,
2124.419634276, 0.993385637,
2124.440065857, 0.994865044,
2124.480929320, 0.993242539,
2124.501360902, 0.995243306,
2124.521792684, 0.995848032,
2124.542224366, 0.999208592,
2124.562656048, 0.999206787,
2124.583087731, 0.999681938,
2124.603519413, 0.999313806,
2124.623951096, 1.001393063,
2124.644382779, 1.000442164,
2124.664814462, 1.002619575,
2124.685246145, 1.002492947,
2124.746541196, 0.998281898,
2124.766972880, 1.003593248,
2124.787404664, 1.002968078,
2124.807836348, 1.007046936,
2124.828267933, 1.005939221,
2124.848699717, 1.005685434,
2124.869131402, 1.008147759,
2124.889562987, 1.006299271,
2124.909994772, 1.006248150,
2124.930426457, 1.006252589,
2124.991721514, 1.009944193,
2125.012153300, 1.010487914,
2125.032584886, 1.009187664,
2125.053016572, 1.011947231,
2125.073448359, 1.010727896,
2125.093879946, 1.009697132,
2125.114311632, 1.008373555,
2125.134743419, 1.010133904,
2125.155175006, 1.009215014,
2125.175606794, 1.009602470,
2125.196038481, 1.008595144,
2125.216470069, 1.011906425,
2125.236901857, 1.010263820,
2125.257333545, 1.010631875,
2125.298196921, 1.009503989,
2125.318628610, 1.011480179,
2125.339060298, 1.009893977,
2125.359491987, 1.011877576,
2125.379923676, 1.011186606,
2125.400355365, 1.009947198,
2125.420787055, 1.014050040,
2125.461650434, 1.014071104,
2125.482082124, 1.016757269,
2125.502513914, 1.014753039,
2125.522945604, 1.013953710,
2125.543377195, 1.014969122,
2125.563808985, 1.013238825,
2125.584240676, 1.012910332,
2125.604672267, 1.012143954,
2125.625104058, 1.011794905,
2125.645535749, 1.012104348,
2125.665967341, 1.012460361,
2125.706830824, 1.010054170,
2125.727262616, 1.014780266,
2125.747694208, 1.016173390,
2125.768125901, 1.018730179,
2125.788557693, 1.017726512,
2125.808989286, 1.014843404,
2125.829420979, 1.015766491,
2125.849852772, 1.016803353,
2125.870284365, 1.015251788,
2125.890716159, 1.014187384,
2125.911147852, 1.013599766,
2125.952011240, 1.018259289,
2125.972442834, 1.016289300,
2125.992874629, 1.015842082,
2126.013306323, 1.013293795,
2126.033738018, 1.014624918,
2126.054169613, 1.013247257,
2126.074601408, 1.013628752,
2126.095033103, 1.012111450,
2126.115464798, 1.012257337,
2126.135896494, 1.013161162,
2126.197191582, 1.014923921,
2126.217623278, 1.011626046,
2126.238055075, 1.010486407,
2126.258486671, 1.010098623,
2126.278918468, 1.008817711,
2126.299350165, 1.009810486,
2126.319781763, 1.009757197,
2126.340213560, 1.008137736,
2126.360645258, 1.005055912,
2126.381076856, 1.005220198,
2126.401508653, 1.004531094,
2126.442371950, 1.008447221,
2126.462803749, 1.005668261,
2126.483235447, 1.005355843,
2126.503667246, 1.004618993,
2126.524098845, 1.004137300,
2126.544530545, 1.003442769,
2126.564962344, 1.004175638,
2126.585394044, 0.998586834,
2126.605825644, 0.998117885,
2126.626257344, 0.996911489,
2126.646689144, 0.998902748,
2126.687552545, 1.001248036,
2126.707984146, 0.999640554,
2126.728415947, 0.999124806,
2126.748847648, 0.998693189,
2126.769279249, 0.997134609,
2126.789711051, 0.995793721,
2126.810142753, 0.993794235,
2126.830574554, 0.993050665,
2126.851006157, 0.996689308,
2126.871437859, 0.994117519,
2126.953164770, 0.990609142,
2126.973596373, 0.990098430,
2126.994028077, 0.989408946,
2127.014459880, 0.989068394,
2127.034891484, 0.988790148,
2127.055323288, 0.987234916,
2127.075754993, 0.987034877,
2127.096186597, 0.985811443,
2127.116618402, 0.984238528,
2127.137050106, 0.984575267,
2127.198345222, 0.980812284,
2127.218777028, 0.983377116,
2127.239208633, 0.982999550,
2127.259640339, 0.983290949,
2127.280072046, 0.984122408,
2127.300503752, 0.981576169,
2127.320935459, 0.981770413,
2127.341367265, 0.981156955,
2127.361798872, 0.980431967,
2127.382230579, 0.980101721,
2127.423093994, 0.980914311,
2127.443525802, 0.981064679,
2127.463957510, 0.979380648,
2127.484389118, 0.979747391,
2127.504820927, 0.979487311,
2127.525252635, 0.983270192,
2127.545684244, 0.984250892,
2127.566116053, 0.982315659,
2127.586547762, 0.983418165,
2127.606979571, 0.982096990,
2127.627411181, 0.982438529,
2127.688706311, 0.978072969,
2127.709138021, 0.982085764,
2127.729569831, 0.983454282,
2127.750001442, 0.982899434,
2127.770433253, 0.982756532,
2127.790864964, 0.983835761,
2127.831728387, 0.983776260,
2127.893023523, 0.984935735,
2127.913455235, 0.985807642,
2127.933886948, 0.985530510,
2127.954318660, 0.986396643,
2127.974750373, 0.985626142,
2127.995182187, 0.985889309,
2128.015613800, 0.986225440,
2128.036045513, 0.989372001,
2128.056477327, 0.988061483,
2128.076908941, 0.987754597,
2128.097340655, 0.988332336,
2128.117772470, 0.985620153,
2128.158635899, 0.989556872,
2128.179067614, 0.990518884,
2128.199499229, 0.990161843,
2128.219931045, 0.991549032,
2128.240362760, 0.992495999,
2128.260794376, 0.995010567,
2128.281226192, 0.992638419,
2128.301657908, 0.993094713,
2128.322089525, 0.992542581,
2128.342521341, 0.993160928,
2128.362953058, 0.989928671,
2128.424248210, 0.995032744,
2128.444680028, 0.994298469,
2128.465111745, 0.995244548,
2128.485543364, 0.994789002,
2128.505975182, 0.997992910,
2128.526406900, 1.002262101,
2128.546838619, 1.003342498,
2128.567270338, 1.004137306,
2128.587702057, 1.003624079,
2128.608133777, 1.005051277,
2128.628565496, 1.003774500,
2128.648997216, 1.004110055,
2128.669428936, 1.004945912,
2128.689860656, 1.004746234,
2128.710292476, 1.005723833,
2128.730724097, 1.005773321,
2128.751155818, 1.004905341,
2128.771587639, 1.004416491,
2128.792019260, 1.006559311,
2128.812450982, 1.009551374,
2128.832882803, 1.010699509,
2128.853314425, 1.004964922,
2128.914609592, 1.013865460,
2128.935041415, 1.011055093,
2128.955473138, 1.012536533,
2128.975904861, 1.013484477,
2128.996336584, 1.011506008,
2129.016768308, 1.010435959,
2129.037200032, 1.010706167,
2129.057631756, 1.010779482,
2129.078063480, 1.010660393,
2129.098495304, 1.012660536,
2129.159790479, 1.018432068,
2129.180222205, 1.015998676,
2129.200653830, 1.016367877,
2129.221085656, 1.015109804,
2129.241517382, 1.013529492,
2129.261949108, 1.013388913,
2129.282380834, 1.014043687,
2129.302812561, 1.013779184,
2129.323244288, 1.013333777,
2129.343676015, 1.015325388,
2129.384539470, 1.015551800,
2129.404971198, 1.014940484,
2129.425402825, 1.014886578,
2129.445834654, 1.016337013,
2129.466266382, 1.013635891,
2129.486698211, 1.013485998,
2129.507129839, 1.013471114,
2129.527561568, 1.014976207,
2129.547993398, 1.014336551,
2129.568425027, 1.010629436,
2129.588856757, 1.011847275,
2129.650152047, 1.018464529,
2129.670583778, 1.019131830,
2129.691015509, 1.020589850,
2129.711447240, 1.020510408,
2129.731878971, 1.019070743,
2129.752310703, 1.017109654,
2129.772742434, 1.016253881,
2129.793174166, 1.014732692,
2129.813605898, 1.033989676,
2129.834037731, 1.027444320,
2129.874901196, 1.084628336,
2129.895332929, 1.052788480,
2129.915764563, 1.035660147,
2129.936196396, 1.029552684,
2129.956628130, 1.022007834,
2129.977059764, 1.024092249,
2129.997491598, 1.020653487,
2130.017923232, 1.018097923,
2130.038355067, 1.015663821,
2130.058786802, 1.013853026,
2130.079218437, 1.013954646,
2130.120082008, 1.009955567,
2130.140513644, 1.009686985,
2130.160945480, 1.009593598,
2130.181377216, 1.010540071,
2130.201809052, 1.011449520,
2130.222240689, 1.012543309,
2130.242672426, 1.011391931,
2130.263104263, 1.014070365,
2130.283535900, 1.012877463,
2130.303967638, 1.010548901,
2130.324399476, 1.007953427,
2130.365262852, 1.003604197,
2130.385694691, 1.003729824,
2130.406126429, 1.002555000,
2130.426558168, 1.002812795,
2130.446989908, 1.003485114,
2130.467421647, 1.003545479,
2130.487853487, 1.003173190,
2130.508285127, 1.002829485,
2130.528716867, 1.005229737,
2130.549148707, 1.005376378,
2130.569580348, 1.004372915,
2130.630875571, 0.996286565,
2130.651307412, 0.995274005,
2130.671739054, 0.994933749,
2130.692170796, 0.995716487,
2130.712602638, 0.996655865,
2130.733034281, 0.996643861,
2130.753466124, 0.998533121,
2130.773897867, 0.996562177,
2130.794329510, 0.997183061,
2130.876056585, 0.988569218,
2130.896488329, 0.988266557,
2130.916920074, 0.989219373,
2130.937351819, 0.987620723,
2130.957783564, 0.987018996,
2130.978215409, 0.988798786,
2130.998647154, 0.986965666,
2131.019078800, 0.987515346,
2131.039510646, 0.988947611,
2131.059942392, 0.987413881,
2131.121237633, 0.983574901,
2131.141669380, 0.983234705,
2131.162101127, 0.983505938,
2131.182532875, 0.983013197,
2131.202964723, 0.983270803,
2131.223396371, 0.982818085,
2131.243828119, 0.982443911,
2131.264259868, 0.982239102,
2131.284691617, 0.981244779,
2131.305123466, 0.982481145,
2131.366418715, 0.987192432,
2131.386850365, 0.986042276,
2131.407282115, 0.982555590,
2131.427713966, 0.978034570,
2131.448145617, 0.976568065,
2131.468577368, 0.978857054,
2131.489009219, 0.976932255,
2131.509440871, 0.977967549,
2131.529872722, 0.978636128,
2131.550304474, 0.978540575,
2131.591167979, 0.980791133,
2131.611599732, 0.978626356,
2131.632031485, 0.977992010,
2131.652463338, 0.979041161,
2131.672894992, 0.978087605,
2131.693326845, 0.979590671,
2131.713758599, 0.978866678,
2131.734190254, 0.979782372,
2131.754622108, 0.981041028,
2131.775053863, 0.982556461,
2131.795485518, 0.984647968,
2131.856780984, 0.986642719,
2131.877212640, 0.989126820,
2131.897644396, 0.986866196,
2131.918076153, 0.988533382,
2131.938507909, 0.992598578,
2131.958939666, 0.992604997,
2131.999803181, 0.992885980,
2132.061098455, 0.992924984,
2132.081530313, 0.993881461,
2132.101961972, 0.992697080,
2132.122393731, 0.995279530,
2132.142825590, 0.993809846,
2132.163257249, 0.991608790,
2132.183689009, 0.990860615,
2132.224552629, 0.994345173,
2132.244984390, 0.993551740,
2132.265416150, 0.994921000,
2132.285847911, 0.995820302,
2132.326711434, 1.001244633,
2132.347143196, 0.998430606,
2132.367575058, 0.999974058,
2132.388006720, 0.997838392,
2132.408438582, 1.000205610,
2132.428870345, 1.000786953,
2132.449302008, 1.000840098,
2132.469733871, 1.000732483,
2132.490165634, 1.002936471,
2132.510597298, 1.003786100,
2132.531029162, 1.005101393,
2132.571892591, 1.006834262,
2132.592324456, 1.010870556,
2132.612756221, 1.013086161,
2132.633187986, 1.010998100,
2132.653619751, 1.009724707,
2132.674051417, 1.008366322,
2132.694483283, 1.006688670,
2132.735346816, 1.009372070,
2132.755778583, 1.011709484,
2132.817073885, 1.012665781,
2132.837505653, 1.012549262,
2132.857937521, 1.011939135,
2132.878369289, 1.012930891,
2132.898800958, 1.013335757,
2132.919232826, 1.012895415,
2132.939664596, 1.015227890,
2132.960096365, 1.015356582,
2132.980528135, 1.014908774,
2133.000959904, 1.015726332,
2133.021391775, 1.019153920,
2133.082687087, 1.024208869,
2133.103118758, 1.022641623,
2133.123550629, 1.020935629,
2133.143982401, 1.017369564,
2133.164414073, 1.017129251,
2133.184845945, 1.016085584,
2133.205277718, 1.017169923,
2133.225709390, 1.016307312,
2133.246141263, 1.017460144,
2133.266573037, 1.016814495,
2133.307436584, 1.023551772,
2133.327868258, 1.022636388,
2133.348300133, 1.023569948,
2133.368731907, 1.021522560,
2133.389163582, 1.019182651,
2133.409595457, 1.020255509,
2133.430027233, 1.018317800,
2133.450459008, 1.017727729,
2133.470890784, 1.016267880,
2133.491322560, 1.016612121,
2133.511754437, 1.017224371,
2133.552617891, 1.016612712,
2133.573049768, 1.016124309,
2133.593481545, 1.016612735,
2133.613913223, 1.020983670,
2133.675208758, 1.025888694,
2133.695640437, 1.023113205,
2133.716072216, 1.018209795,
2133.777367555, 1.017039548,
2133.797799435, 1.015241360,
2133.818231116, 1.015191123,
2133.859094777, 1.013947199,
2133.879526459, 1.013559018,
2133.899958340, 1.013604341,
2133.920390122, 1.013666059,
2133.940821804, 1.013213204,
2133.961253686, 1.012672172,
2133.981685369, 1.014842373,
2134.002117252, 1.015006115,
2134.063412602, 1.010347459,
2134.083844386, 1.009422616,
2134.104276171, 1.014489551,
2134.124707955, 1.011339810,
2134.145139740, 1.012244417,
2134.165571525, 1.009981019,
2134.186003310, 1.010228259,
2134.206435096, 1.007873026,
2134.226866882, 1.007538995,
2134.267730454, 1.006094765,
2134.288162341, 1.005192772,
2134.308594128, 1.005971749,
2134.329025815, 1.005929059,
2134.349457703, 1.004523069,
2134.369889491, 1.002904809,
2134.390321179, 1.006443430,
2134.410753067, 1.002714017,
2134.431184856, 1.002225440,
2134.451616745, 1.003551924,
2134.472048434, 1.004431338,
2134.492480223, 1.000425903,
2134.553775593, 0.999490063,
2134.574207384, 0.999254986,
2134.594639175, 0.998370614,
2134.615071066, 0.999223720,
2134.635502857, 0.999700882,
2134.676366441, 0.997017452,
2134.696798133, 0.995412614,
2134.717229926, 0.993476389,
2134.778525305, 0.991172358,
2134.798957199, 0.991338249,
2134.819388993, 0.991195380,
2134.839820787, 0.990589838,
2134.860252581, 0.991338500,
2134.880684376, 0.993795152,
2134.901116271, 0.990828563,
2134.921547966, 0.988850150,
2134.941979762, 0.990683663,
2134.962411658, 0.988755224,
2134.982843354, 0.987172767,
2135.044138744, 0.988214959,
2135.064570642, 0.986508669,
2135.085002439, 0.987610963,
2135.105434137, 0.988617224,
2135.125866035, 0.987252435,
2135.146297834, 0.986099498,
2135.166729732, 0.985184123,
2135.187161431, 0.983706373,
2135.207593231, 0.982602471,
2135.228025130, 0.981209381,
2135.268888630, 0.982718196,
2135.289320531, 0.983564229,
2135.309752231, 0.983156077,
2135.330184032, 0.983413780,
2135.350615834, 0.981372048,
2135.371047635, 0.980727821,
2135.391479537, 0.980590777,
2135.411911339, 0.980440786,
2135.432343042, 0.980059528,
2135.452774944, 0.978911108,
2135.473206747, 0.978425346,
2135.534502158, 0.979217560,
2135.554934062, 0.977433071,
2135.575365767, 0.978282404,
2135.595797571, 0.980049928,
2135.616229476, 0.982308665,
2135.636661182, 0.981874569,
2135.657092987, 0.982419430,
2135.677524893, 0.983753317,
2135.697956599, 0.984228062,
2135.718388506, 0.984880820,
2135.779683927, 0.985234989,
2135.800115735, 0.981932689,
2135.840979351, 0.984272185,
2135.861411159, 0.985885872,
2135.881842968, 0.985933071,
2135.902274777, 0.985786210,
2135.922706586, 0.986761326,
2135.943138496, 0.987690829,
2135.963570206, 0.990293334,
2135.984002016, 0.991363326,
2136.004433827, 0.994982511,
2136.024865638, 0.993432949,
2136.045297449, 0.993857474,
2136.065729360, 0.993116376,
2136.086161072, 0.993719259,
2136.106592984, 0.994285067,
2136.127024796, 0.993961898,
2136.147456509, 0.994209287,
2136.167888422, 0.993551171,
2136.188320235, 0.992422986,
2136.208751949, 0.992193831,
2136.249615676, 0.999953761,
2136.270047591, 0.999744622,
2136.290479305, 1.000017905,
2136.310911120, 0.999778408,
2136.331343036, 0.999082381,
2136.351774751, 0.999895831,
2136.372206567, 0.999148630,
2136.392638483, 1.001850877,
2136.413070200, 1.007118605,
2136.433502017, 1.005929310,
2136.453933934, 0.999733711,
2136.515229387, 1.012948395,
2136.535661205, 1.010679648,
2136.556093023, 1.015478975,
2136.576524842, 1.016735424,
2136.596956661, 1.012497388,
2136.617388481, 1.011224129,
2136.637820301, 1.011993099,
2136.658252121, 1.010290392,
2136.678683941, 1.010374856,
2136.699115762, 1.012445658,
2136.760411225, 1.018779110,
2136.780843147, 1.018138524,
2136.801274869, 1.021893672,
2136.821706792, 1.020620683,
2136.842138615, 1.021120752,
2136.862570338, 1.020400024,
2136.883002261, 1.019747163,
2136.903434085, 1.019271139,
2136.923865809, 1.018160435,
2136.944297733, 1.020059645,
2137.005593208, 1.016215723,
2137.026025033, 1.017030259,
2137.046456959, 1.018986591,
2137.066888685, 1.022178920,
2137.087320511, 1.024499314,
2137.107752438, 1.028251450,
2137.128184165, 1.030684890,
2137.148615993, 1.031634641,
2137.169047920, 1.029385243,
2137.189479748, 1.028172108,
2137.250775234, 1.027776882,
2137.271207063, 1.031704681,
2137.291638892, 1.032195249,
2137.312070722, 1.029450583,
2137.332502552, 1.028735133,
2137.352934383, 1.026408972,
2137.373366214, 1.024913285,
2137.393798044, 1.023667248,
2137.414229876, 1.024555059,
2137.434661807, 1.022534557,
2137.495957304, 1.018034773,
2137.516389037, 1.018801324,
2137.536820970, 1.023208715,
2137.557252804, 1.023584486,
2137.577684538, 1.029854040,
2137.598116472, 1.030226311,
2137.618548306, 1.030042974,
2137.638980041, 1.027070069,
2137.659411976, 1.024011519,
2137.679843811, 1.023509869,
2137.720707483, 1.025571453,
2137.741139319, 1.026894523,
2137.761571256, 1.027424109,
2137.782002993, 1.027253038,
2137.802434830, 1.025169279,
2137.822866768, 1.022990236,
2137.843298505, 1.020384156,
2137.863730344, 1.019525752,
2137.884162282, 1.018644118,
2137.904594121, 1.016875677,
2137.925025960, 1.016241331,
2137.965889539, 1.020805009,
2137.986321479, 1.018463857,
2138.006753320, 1.017255644,
2138.027185060, 1.016137238,
2138.047617001, 1.015293972,
2138.068048843, 1.014124594,
2138.088480784, 1.012044973,
2138.108912526, 1.010855105,
2138.129344369, 1.011291388,
2138.149776311, 1.010190484,
2138.170208054, 1.006013617,
2138.231503585, 1.002416063,
2138.251935529, 1.002582925,
2138.272367373, 1.003054811,
2138.292799118, 1.004292808,
2138.313231063, 1.006222900,
2138.333662909, 1.005224718,
2138.354094655, 1.008918617,
2138.374526601, 1.010356407,
2138.394958447, 1.010024207,
2138.415390294, 1.010342342,
2138.435822141, 1.007819615,
2138.456253988, 1.006990758,
2138.476685936, 1.005455294,
2138.497117684, 1.002361535,
2138.517549532, 1.001363434,
2138.537981481, 0.998785002,
2138.558413330, 0.997857275,
2138.578845079, 0.994479123,
2138.599277029, 0.994170487,
2138.619708779, 0.992601676,
2138.640140729, 0.989549281,
2138.660572580, 0.993296513,
2138.742299885, 0.992426498,
2138.762731837, 0.994917949,
2138.783163690, 0.996026172,
