BJD - 2454833, Corrected Flux
2146.452754101, 0.989205677,
2146.473186424, 0.989264732,
2146.514050769, 0.988948408,
2146.534483090, 0.989065998,
2146.554915211, 0.989331035,
2146.595779752, 0.989073483,
2146.616211872, 0.989358410,
2146.636644091, 0.988886019,
2146.657076309, 0.988838499,
2146.677508527, 0.988663807,
2146.697940844, 0.988732112,
2146.718372961, 0.988907530,
2146.738805177, 0.988779354,
2146.759237493, 0.988616774,
2146.779669709, 0.988825912,
2146.800101823, 0.988984167,
2146.820534137, 0.988883847,
2146.840966351, 0.988937308,
2146.861398464, 0.988873565,
2146.881830777, 0.989104406,
2146.902262989, 0.988520698,
2146.922695100, 0.988725013,
2146.943127411, 0.988609915,
2146.963559622, 0.988803334,
2146.983991732, 0.988823053,
2147.004424041, 0.988579430,
2147.024856250, 0.988558570,
2147.045288359, 0.988397663,
2147.065720667, 0.988585461,
2147.086152874, 0.988595268,
2147.106585081, 0.988353972,
2147.127017287, 0.988476762,
2147.147449493, 0.988482501,
2147.167881798, 0.988694463,
2147.188313903, 0.988351568,
2147.208746107, 0.988955092,
2147.229178410, 0.988337084,
2147.249610614, 0.988385558,
2147.270042716, 0.988212335,
2147.290475019, 0.988288498,
2147.310907220, 0.988615504,
2147.331339321, 0.988296021,
2147.351771622, 0.988316268,
2147.372203722, 0.988374357,
2147.392635921, 0.988344243,
2147.413068220, 0.988278068,
2147.433500318, 0.987692013,
2147.453932516, 0.988148546,
2147.494796911, 0.987982200,
2147.535661403, 0.988119191,
2147.556093498, 0.988476914,
2147.576525693, 0.988543625,
2147.596957987, 0.988301350,
2147.617390181, 0.988206401,
2147.637822274, 0.988237239,
2147.658254567, 0.988035749,
2147.678686759, 0.988227744,
2147.699118950, 0.988292556,
2147.719551142, 0.988074970,
2147.739983332, 0.988223713,
2147.760415622, 0.988064352,
2147.780847712, 0.988280817,
2147.801279901, 0.988164766,
2147.821712189, 0.988285688,
2147.842144277, 0.988216836,
2147.862576465, 0.988245539,
2147.883008752, 0.988188979,
2147.903440838, 0.988133942,
2147.923873024, 0.988093074,
2147.944305310, 0.988326401,
2147.985169579, 0.988318276,
2148.005601862, 0.987800772,
2148.026033946, 0.988397563,
2148.046466129, 0.987876685,
2148.066898411, 0.988277486,
2148.087330593, 0.987853534,
2148.107762674, 0.988210448,
2148.148627035, 0.988165938,
2148.169059215, 0.987940261,
2148.189491494, 0.987987874,
2148.209923572, 0.987903569,
2148.230355751, 0.989412692,
2148.250788028, 0.988097827,
2148.271220105, 0.988074601,
2148.291652382, 0.988189181,
2148.312084558, 0.987969790,
2148.332516633, 0.988461095,
2148.352948908, 0.988252227,
2148.373381083, 0.988237098,
2148.393813157, 0.988324298,
2148.414245430, 0.988129841,
2148.434677604, 0.988145585,
2148.475541948, 0.988602913,
2148.495974119, 0.988360161,
2148.516406290, 0.988152809,
2148.536838461, 0.988200669,
2148.557270630, 0.988439145,
2148.577702800, 0.988634738,
2148.598135069, 0.988297294,
2148.618567137, 0.988392742,
2148.638999305, 0.988534006,
2148.659431572, 0.988345489,
2148.679863639, 0.988159922,
2148.700295805, 0.988330295,
2148.720728071, 0.988530305,
2148.741160136, 0.988117224,
2148.761592301, 0.988068412,
2148.782024565, 0.988180158,
2148.802456629, 0.988143251,
2148.822888792, 0.988330668,
2148.843321055, 0.988273612,
2148.863753117, 0.988246194,
2148.884185379, 0.988378006,
2148.904617440, 0.988101431,
2148.925049601, 0.988295035,
2148.945481861, 0.988208584,
2148.965913920, 0.988025071,
2148.986346079, 0.988170255,
2149.006778338, 0.988068519,
2149.027210496, 0.988339942,
2149.047642554, 0.988105393,
2149.068074811, 0.988229059,
2149.088506967, 0.988290348,
2149.108939024, 0.988391647,
2149.129371279, 0.988229474,
2149.149803434, 0.988259370,
2149.190667742, 0.988378040,
2149.211099896, 0.988363424,
2149.231531949, 0.988261579,
2149.251964201, 0.988437298,
2149.272396353, 0.988479247,
2149.292828505, 0.988420135,
2149.313260656, 0.988336145,
2149.333692806, 0.988302655,
2149.354124956, 0.988383764,
2149.374557106, 0.988038056,
2149.394989254, 0.988436584,
2149.456285698, 0.988436707,
2149.476717945, 0.988572164,
2149.497150091, 0.988392719,
2149.517582137, 0.988281023,
2149.538014382, 0.988388206,
2149.558446528, 0.988247121,
2149.578878572, 0.988409414,
2149.599310815, 0.988666878,
2149.619742859, 0.988151092,
2149.640175002, 0.988653593,
2149.681039286, 0.988810031,
2149.701471427, 0.988180039,
2149.742335708, 0.988442621,
2149.762767848, 0.988402907,
2149.783200087, 0.988671921,
2149.803632126, 0.988303250,
2149.824064264, 0.988262832,
2149.844496502, 0.988053604,
2149.864928639, 0.988438537,
2149.885360676, 0.988458682,
2149.905792912, 0.988813757,
2149.946657083, 0.988582834,
2149.967089318, 0.988689305,
2149.987521453, 0.988690962,
2150.007953486, 0.988708246,
2150.028385719, 0.988731790,
2150.048817852, 0.988471137,
2150.069250084, 0.988648721,
2150.089682116, 0.988673870,
2150.110114247, 0.988768747,
2150.130546478, 0.988839208,
2150.150978508, 0.988922220,
2150.171410638, 0.988485415,
2150.191842867, 0.988627555,
2150.212274896, 0.988378743,
2150.232707024, 0.988449002,
2150.253139252, 0.988446880,
2150.273571379, 0.988418367,
2150.314435632, 0.988738535,
2150.355299783, 0.988592874,
2150.375732007, 0.988581141,
2150.396164032, 0.988816694,
2150.416596156, 0.988822403,
2150.437028378, 0.988470272,
2150.457460401, 0.988765903,
2150.477892523, 0.988870818,
2150.498324745, 0.988495578,
2150.518756766, 0.989079571,
2150.539188887, 0.988563821,
2150.559621108, 0.988605046,
2150.580053127, 0.988436836,
2150.600485246, 0.988748027,
2150.620917465, 0.988676899,
2150.641349483, 0.988568948,
2150.682213818, 0.988658137,
2150.702645935, 0.988778222,
2150.723078051, 0.988621273,
2150.743510167, 0.988908926,
2150.763942282, 0.988948005,
2150.784374497, 0.988673639,
2150.804806511, 0.988688661,
2150.825238625, 0.988650414,
2150.845670838, 0.988613264,
2150.866102851, 0.988670106,
2150.886534963, 0.988656620,
2150.906967175, 0.988687601,
2150.927399186, 0.988781238,
2150.947831297, 0.988693157,
2150.968263507, 0.989047358,
2150.988695517, 0.988964973,
2151.009127626, 0.988737357,
2151.029559735, 0.988755273,
2151.049991843, 0.988609940,
2151.070423951, 0.988716600,
2151.090856158, 0.988599640,
2151.111288165, 0.988451107,
2151.131720271, 0.988804756,
2151.152152477, 0.988786601,
2151.172584482, 0.988685317,
2151.213448791, 0.988676856,
2151.233880795, 0.988875038,
2151.254312999, 0.988978490,
2151.274745101, 0.988626810,
2151.295177104, 0.988776083,
2151.315609306, 0.988778355,
2151.336041407, 0.989088615,
2151.356473408, 0.989017268,
2151.376905609, 0.988632694,
2151.397337708, 0.988842768,
2151.417769708, 0.989382907,
2151.438201907, 0.988982592,
2151.458634005, 0.988978811,
2151.479066003, 0.988808762,
2151.499498200, 0.988778007,
2151.540362394, 0.988700455,
2151.560794490, 0.988710237,
2151.581226585, 0.989028234,
2151.601658680, 0.988928599,
2151.622090875, 0.989229632,
2151.662954962, 0.989111799,
2151.683387155, 0.988942504,
2151.703819148, 0.989092488,
2151.724251240, 0.988751132,
2151.744683431, 0.989169494,
2151.785547513, 0.988997049,
2151.805979703, 0.989026264,
2151.826411693, 0.988743283,
2151.846843782, 0.988996530,
2151.867275870, 0.989000438,
2151.908140146, 0.989059522,
2151.928572133, 0.988938382,
2151.949004220, 0.989273634,
2151.989868492, 0.989232356,
2152.010300477, 0.989344246,
2152.030732662, 0.988891626,
2152.071596730, 0.988915358,
2152.092028913, 0.989248204,
2152.132892978, 0.989127089,
2152.153325160, 0.989083948,
2152.173757241, 0.989013327,
2152.194189222, 0.989168323,
2152.214621403, 0.989133584,
2152.235053482, 0.989314774,
2152.255485462, 0.989229905,
2152.275917641, 0.989274726,
2152.296349719, 0.989057326,
2152.316781697, 0.989221864,
2152.337213874, 0.989245802,
2152.357645952, 0.989102627,
2152.378078028, 0.989483215,
2152.398510104, 0.989123616,
2152.418942179, 0.988957281,
2152.439374254, 0.989255287,
2152.459806429, 0.989251468,
2152.480238403, 0.989254792,
2152.500670576, 0.989417360,
2152.521102649, 0.989225366,
2152.541534622, 0.989065521,
2152.561966794, 0.989155892,
2152.582398866, 0.989120406,
2152.602830837, 0.988829008,
2152.623263008, 0.989439044,
2152.643694978, 0.989272907,
2152.664127048, 0.989100679,
2152.684559217, 0.989199232,
2152.704991186, 0.989183030,
2152.725423254, 0.989475813,
2152.745855422, 0.989298524,
2152.766287389, 0.989427495,
2152.786719456, 0.989110635,
2152.807151622, 0.989501670,
2152.827583688, 0.989551943,
2152.848015653, 0.989101378,
2152.868447818, 0.989407893,
2152.888879883, 0.989118970,
2152.929744010, 0.989148705,
2152.950176073, 0.989400043,
2152.970608036, 0.989271958,
2152.991040198, 0.989245268,
2153.011472259, 0.989607761,
2153.031904220, 0.989483929,
2153.052336381, 0.989231409,
2153.072768441, 0.989296882,
2153.093200601, 0.989340599,
2153.113632560, 0.989252233,
2153.134064619, 0.989482643,
2153.154496777, 0.989382819,
2153.174928735, 0.989320454,
2153.195360792, 0.989316172,
2153.215792949, 0.989473365,
2153.236224905, 0.989212343,
2153.256656961, 0.989559903,
2153.277089016, 0.989414303,
2153.297521171, 0.989378684,
2153.317953125, 0.989192628,
2153.338385179, 0.989082746,
2153.379249286, 0.989001609,
2153.399681438, 0.989323727,
2153.420113390, 0.989418890,
2153.440545442, 0.989535789,
2153.460977593, 0.989406023,
2153.481409543, 0.989511732,
2153.501841594, 0.989430075,
2153.522273743, 0.989408335,
2153.542705692, 0.989485816,
2153.563137741, 0.989285703,
2153.583569889, 0.989285099,
2153.604001837, 0.989310641,
2153.624433884, 0.989732262,
2153.644866031, 0.989314593,
2153.665298077, 0.989611802,
2153.685730123, 0.989478317,
2153.706162168, 0.989650610,
2153.726594214, 0.989320838,
2153.747026258, 0.989602673,
2153.767458302, 0.989643042,
2153.787890345, 0.989465557,
2153.808322489, 0.989388462,
2153.828754431, 0.989361138,
2153.910482597, 0.989575006,
2153.930914737, 0.989430518,
2153.951346676, 0.989329612,
2153.971778716, 0.989671714,
2153.992210855, 0.989694709,
2154.012642793, 0.989596743,
2154.033074831, 0.989691093,
2154.053506868, 0.989633447,
2154.073938905, 0.989738540,
2154.094370942, 0.989705051,
2154.114802978, 0.989385034,
2154.135235013, 0.989718434,
2154.155667048, 0.989627126,
2154.176099083, 0.989598435,
2154.196531117, 0.989777755,
2154.216963150, 0.989632557,
2154.237395283, 0.989509289,
2154.257827216, 0.989740119,
2154.278259348, 0.989901582,
2154.298691380, 0.989639455,
2154.319123311, 0.989512644,
2154.339555442, 0.989449312,
2154.359987473, 0.989370326,
2154.380419403, 0.989619109,
2154.400851532, 0.989664603,
2154.421283561, 0.989649996,
2154.441715490, 0.989774949,
2154.462147617, 0.989704101,
2154.482579645, 0.989409146,
2154.503011672, 0.989674657,
2154.523443698, 0.989627158,
2154.543875725, 0.989916942,
2154.564307751, 0.989692961,
2154.584739776, 0.989617005,
2154.605171800, 0.989524333,
2154.625603825, 0.989765912,
2154.646035949, 0.989640743,
2154.666467872, 0.989653469,
2154.686899895, 0.989458384,
2154.707332017, 0.989928175,
2154.727763940, 0.989707774,
2154.748195961, 0.989741492,
2154.768627982, 0.989598099,
2154.789060002, 0.990043623,
2154.809492123, 0.989854280,
2154.829924042, 0.990057955,
2154.850356061, 0.989996907,
2154.870788180, 0.989811183,
2154.891220099, 0.989557076,
2154.911652116, 0.989632885,
2154.932084234, 0.989747921,
2154.952516151, 0.989573765,
2154.972948167, 0.989975361,
2154.993380283, 0.990717325,
2155.013812199, 0.989837217,
2155.034244214, 0.989899456,
2155.054676328, 0.989909822,
2155.075108342, 0.989748438,
2155.095540256, 0.989839639,
2155.115972369, 0.989627909,
2155.136404382, 0.989885774,
2155.156836294, 0.989765746,
2155.177268406, 0.989632888,
2155.197700417, 0.989475602,
2155.218132329, 0.990075287,
2155.238564439, 0.989928636,
2155.258996449, 0.990079070,
2155.279428358, 0.989836807,
2155.299860468, 0.990619832,
2155.320292476, 0.989969774,
2155.340724484, 0.989782557,
2155.361156492, 0.990154780,
2155.381588499, 0.989896456,
2155.402020606, 0.989893783,
2155.422452512, 0.990090911,
2155.442884518, 0.990991381,
2155.463316623, 0.989824835,
2155.483748529, 0.990059351,
2155.504180533, 0.989789502,
2155.524612537, 0.990076187,
2155.545044541, 0.990112883,
2155.565476544, 0.989883732,
2155.585908646, 0.990200969,
2155.606340548, 0.990124663,
2155.626772550, 0.990274347,
2155.647204652, 0.990000477,
2155.667636553, 0.990010194,
2155.688068553, 0.989867445,
2155.708500653, 0.990247669,
2155.728932552, 0.989891720,
2155.749364551, 0.989872038,
2155.769796650, 0.990083812,
2155.790228548, 0.990197350,
2155.851524539, 0.990324753,
2155.871956536, 0.989839384,
2155.892388632, 0.990109615,
2155.912820627, 0.990131389,
2155.933252522, 0.990050453,
2155.953684617, 0.990202996,
2155.974116611, 0.990023965,
2155.994548604, 0.989989450,
2156.014980597, 0.990098540,
2156.055844683, 0.990109152,
2156.076276574, 0.989867769,
2156.117140656, 0.990108335,
2156.137572547, 0.990042172,
2156.158004537, 0.990074530,
2156.178436627, 0.990111009,
2156.198868515, 0.990100348,
2156.219300504, 0.990146348,
2156.239732592, 0.990088901,
2156.260164480, 0.989782373,
2156.280596467, 0.990011260,
2156.321460440, 0.990100299,
2156.403188382, 0.990349819,
2156.423620466, 0.990231098,
2156.444052349, 0.990147134,
2156.464484333, 0.990141597,
2156.484916415, 0.990149307,
2156.505348298, 0.990041938,
2156.525780280, 0.990068439,
2156.566644242, 0.990079428,
2156.587076323, 0.990106278,
2156.607508303, 0.990412706,
2156.627940183, 0.990377787,
2156.648372262, 0.990125938,
2156.668804240, 0.990448373,
2156.689236119, 0.990281032,
2156.709668196, 0.990431294,
2156.730100174, 0.990234750,
2156.750532151, 0.990479935,
2156.791396104, 0.990296828,
2156.811828080, 0.990156511,
2156.832260054, 0.990419502,
2156.852692029, 0.990257892,
2156.873124004, 0.990541815,
2156.893556077, 0.990432131,
2156.913987951, 0.990280269,
2156.934419924, 0.990391632,
2156.954851996, 0.990407109,
2156.975283868, 0.990439516,
2156.995715840, 0.990531976,
2157.016147812, 0.990465249,
2157.036579782, 0.990597322,
2157.057011752, 0.990703461,
2157.077443723, 0.990291188,
2157.097875692, 0.990533172,
2157.118307661, 0.990304946,
2157.138739629, 0.990765614,
2157.159171598, 0.990510108,
2157.179603665, 0.990426658,
2157.200035533, 0.990321543,
2157.240899566, 0.990718598,
2157.261331532, 0.990564820,
2157.302195462, 0.990852657,
2157.322627427, 0.990462242,
2157.343059291, 0.990587716,
2157.363491355, 0.990551612,
2157.383923318, 0.990473005,
2157.404355180, 0.990692063,
2157.424787243, 0.990701610,
2157.445219205, 0.991135152,
2157.465651066, 0.990520771,
2157.486083128, 0.990625675,
2157.506515088, 0.990705522,
2157.526946948, 0.990659903,
2157.547379008, 0.990486564,
2157.567810967, 0.990824368,
2157.588242926, 0.990838988,
2157.608674885, 0.990788897,
2157.629106843, 0.990700289,
2157.649538801, 0.990812776,
2157.669970758, 0.990755727,
2157.690402714, 0.990969623,
2157.710834671, 0.990868686,
2157.731266626, 0.990911824,
2157.751698582, 0.990862113,
2157.812994445, 0.990896910,
2157.833426499, 0.990802856,
2157.853858352, 0.990679468,
2157.874290305, 0.990566078,
2157.894722358, 0.990809086,
2157.915154209, 0.990906041,
2157.935586161, 0.990910025,
2157.956018212, 0.991194928,
2157.976450062, 0.991129750,
2157.996882013, 0.990995261,
2158.017314062, 0.990785916,
2158.037745911, 0.991122776,
2158.058177861, 0.991058344,
2158.078609909, 0.991084362,
2158.099041857, 0.990847573,
2158.119473705, 0.990644993,
2158.139905752, 0.990866555,
2158.160337698, 0.990890233,
2158.180769544, 0.990937021,
2158.201201590, 0.991017989,
2158.221633536, 0.990816679,
2158.242065381, 0.990890548,
2158.262497426, 0.990938575,
2158.282929370, 0.991106724,
2158.303361213, 0.990878346,
2158.323793256, 0.991346569,
2158.344225199, 0.991034822,
2158.364657242, 0.991147894,
2158.385089084, 0.991005265,
2158.405521025, 0.991184235,
2158.425953066, 0.991151279,
2158.446384907, 0.991134754,
2158.466816848, 0.991007521,
2158.487248887, 0.990964462,
2158.507680726, 0.991205069,
2158.528112665, 0.990942505,
2158.548544604, 0.991357579,
2158.568976542, 0.991115203,
2158.589408480, 0.991185596,
2158.609840517, 0.991187196,
2158.630272354, 0.991220829,
2158.650704290, 0.991106629,
2158.671136326, 0.991186753,
2158.691568162, 0.990969093,
2158.712000097, 0.991294573,
2158.773295900, 0.991012146,
2158.793727933, 0.991145374,
2158.814159766, 0.991300420,
2158.834591699, 0.991022431,
2158.855023731, 0.990971239,
2158.875455563, 0.991035456,
2158.895887594, 0.991502979,
2158.916319525, 0.991457598,
2158.936751455, 0.991144187,
2158.957183385, 0.991140510,
2158.977615315, 0.991055351,
2158.998047244, 0.991423124,
2159.018479173, 0.991131517,
2159.038911101, 0.991328464,
2159.059343029, 0.991181226,
2159.100206883, 0.991109135,
2159.120638810, 0.991307769,
2159.141070836, 0.990940322,
2159.161502662, 0.991223232,
2159.181934587, 0.991493950,
2159.202366612, 0.991191154,
2159.222798437, 0.991312905,
2159.243230361, 0.991145317,
2159.263662284, 0.991356564,
2159.284094208, 0.991321561,
2159.304526130, 0.991196908,
2159.324958052, 0.991476235,
2159.345389975, 0.991386338,
2159.365821896, 0.991289345,
2159.386253817, 0.991612215,
2159.427117658, 0.991480515,
2159.447549678, 0.991172799,
2159.467981498, 0.991607418,
2159.508845435, 0.991469187,
2159.529277253, 0.991599680,
2159.549709271, 0.991476081,
2159.570141188, 0.991896365,
2159.590573006, 0.991431384,
2159.611005022, 0.991410964,
2159.631436938, 0.991714866,
2159.651868754, 0.991386804,
2159.672300769, 0.991581951,
2159.692732684, 0.991523876,
2159.713164498, 0.991696332,
2159.774460339, 0.991939484,
2159.794892252, 0.991827943,
2159.815324164, 0.991752863,
2159.835756076, 0.991747996,
2159.856187988, 0.991605535,
2159.876619899, 0.992045969,
2159.897051809, 0.991804881,
2159.917483820, 0.991863942,
2159.937915630, 0.991958404,
2159.958347539, 0.991819174,
2159.978779448, 0.991816486,
2159.999211357, 0.991836625,
2160.019643165, 0.991435733,
2160.040075173, 0.991861786,
2160.060507080, 0.992058088,
2160.080939087, 0.991547148,
2160.101370893, 0.991628323,
2160.121802800, 0.992059185,
2160.142234805, 0.991879111,
2160.162666611, 0.991864165,
2160.183098516, 0.992307020,
2160.203530520, 0.991887576,
2160.223962324, 0.991898829,
2160.244394228, 0.991767810,
2160.264826231, 0.991944477,
2160.285258134, 0.991718931,
2160.305689936, 0.992301861,
2160.326121938, 0.991798618,
2160.346553840, 0.991888703,
2160.366985641, 0.992162018,
2160.407849542, 0.992132757,
2160.428281342, 0.991735248,
2160.469145240, 0.992200339,
2160.489577039, 0.992082702,
2160.510009037, 0.992497052,
2160.530440935, 0.991950066,
2160.550872733, 0.992205427,
2160.571304730, 0.992325389,
2160.591736627, 0.992041415,
2160.612168523, 0.992055036,
2160.632600419, 0.991806552,
2160.653032314, 0.992345176,
2160.673464309, 0.992065183,
2160.734759992, 0.992247660,
2160.755191785, 0.992301105,
2160.775623678, 0.992177908,
2160.796055571, 0.992194624,
2160.816487463, 0.992372294,
2160.836919355, 0.992270519,
2160.857351346, 0.992270351,
2160.877783137, 0.992151844,
2160.898215028, 0.992140331,
2160.918647018, 0.992185529,
2160.939078807, 0.992236855,
2160.959510697, 0.992657843,
2160.979942686, 0.992333853,
2161.000374474, 0.992403918,
2161.020806362, 0.992349327,
2161.041238350, 0.992328337,
2161.061670137, 0.992288146,
2161.082102025, 0.992425445,
2161.102534011, 0.992449239,
2161.122965897, 0.992378535,
2161.143397683, 0.992210422,
2161.163829668, 0.992407465,
2161.184261553, 0.992571008,
2161.204693337, 0.992614500,
2161.225125321, 0.992255637,
2161.245557205, 0.992796587,
2161.265988988, 0.992770337,
2161.286420971, 0.992547321,
2161.306852854, 0.992628179,
2161.347716618, 0.992589488,
2161.368148499, 0.992675198,
2161.388580480, 0.992541537,
2161.409012260, 0.993153144,
2161.429444140, 0.992672441,
2161.470307899, 0.992684931,
2161.490739778, 0.992707546,
2161.511171656, 0.992690531,
2161.531603535, 0.992960587,
2161.552035412, 0.992646246,
2161.572467289, 0.992553796,
2161.592899166, 0.992557892,
2161.613331043, 0.992455741,
2161.633762919, 0.992812896,
2161.654194795, 0.992610221,
2161.674626670, 0.992741414,
2161.735922293, 0.992572695,
2161.756354267, 0.993159079,
2161.797217913, 0.992925040,
2161.817649886, 0.992700457,
2161.838081658, 0.992760635,
2161.858513629, 0.993011861,
2161.878945501, 0.992994242,
2161.899377272, 0.992974225,
2161.919809242, 0.993024215,
2161.940241113, 0.992868458,
2161.960672982, 0.993022319,
2161.981104852, 0.992919849,
2162.021968589, 0.992940419,
2162.042400457, 0.992706042,
2162.083264192, 0.993002323,
2162.103696059, 0.992787261,
2162.124127926, 0.993070769,
2162.144559792, 0.993127917,
2162.164991758, 0.992903288,
2162.205855388, 0.992874062,
2162.226287253, 0.993342475,
2162.246719117, 0.993138294,
2162.267150881, 0.993010371,
2162.287582844, 0.992871733,
2162.308014707, 0.993159837,
2162.328446470, 0.993008675,
2162.348878432, 0.993044426,
2162.369310294, 0.992737224,
2162.389742156, 0.992884360,
2162.410174017, 0.993155526,
2162.430605878, 0.993222720,
2162.451037838, 0.992935351,
2162.471469598, 0.993094312,
2162.491901457, 0.993171308,
2162.512333416, 0.993107328,
2162.532765275, 0.993193996,
2162.553197033, 0.993122575,
2162.573628991, 0.993033566,
2162.594060849, 0.993350996,
2162.614492606, 0.993124188,
2162.634924563, 0.993090027,
2162.655356420, 0.993079626,
2162.696220131, 0.993226356,
2162.716651986, 0.993199477,
2162.737083741, 0.993311832,
2162.757515696, 0.993311042,
2162.777947550, 0.993430967,
2162.798379403, 0.993054237,
2162.818811257, 0.993357189,
2162.839243110, 0.993234306,
2162.859674962, 0.993137798,
2162.880106814, 0.993170164,
2162.900538666, 0.993225016,
2162.920970518, 0.993492560,
2162.941402369, 0.993047214,
2162.961834219, 0.993472853,
2162.982266069, 0.993257268,
2163.002697919, 0.993385536,
2163.023129769, 0.993382774,
2163.043561718, 0.993223372,
2163.063993467, 0.993317030,
2163.084425315, 0.993176365,
2163.104857263, 0.993584547,
2163.125289010, 0.993508755,
2163.186584550, 0.993509916,
2163.207016397, 0.993477443,
2163.227448342, 0.993259046,
2163.247880088, 0.993624379,
2163.268311932, 0.993322342,
2163.288743877, 0.993694178,
2163.309175621, 0.993240969,
2163.329607465, 0.993426748,
2163.350039408, 0.993430484,
2163.370471251, 0.993625934,
2163.390902993, 0.993684752,
2163.411334936, 0.993483296,
2163.431766777, 0.993424618,
2163.452198519, 0.993583667,
2163.472630460, 0.993781526,
2163.493062301, 0.993510768,
2163.513494041, 0.993383762,
2163.533925981, 0.993446908,
2163.554357820, 0.993842543,
2163.574789760, 0.993492517,
2163.595221498, 0.993450809,
2163.615653337, 0.993501624,
2163.636085175, 0.993480173,
2163.697380687, 0.993369828,
2163.717812523, 0.993808109,
2163.738244359, 0.993741061,
2163.758676195, 0.993716519,
2163.779108030, 0.993922987,
2163.799539865, 0.993289285,
2163.819971700, 0.993598757,
2163.840403534, 0.993682288,
2163.860835368, 0.993803667,
2163.881267302, 0.993651071,
2163.922130867, 0.993515762,
2163.942562800, 0.993584272,
2163.962994532, 0.993700818,
2163.983426364, 0.993885487,
2164.003858295, 0.993955894,
2164.024290026, 0.993902349,
2164.044721856, 0.994122545,
2164.065153786, 0.993923768,
2164.085585516, 0.993671678,
2164.106017346, 0.993568493,
2164.126449274, 0.994274938,
2164.146881003, 0.993760447,
2164.167312931, 0.993918940,
2164.187744759, 0.993955541,
2164.208176587, 0.993737537,
2164.228608414, 0.993872041,
2164.249040241, 0.993504372,
2164.269472067, 0.993739263,
2164.289903993, 0.993886320,
2164.310335719, 0.993635332,
2164.351199469, 0.993837423,
2164.371631193, 0.993747183,
2164.412494842, 0.993959625,
2164.432926665, 0.993902874,
2164.453358488, 0.993682511,
2164.494222133, 0.993788293,
2164.514653855, 0.993633775,
2164.535085777, 0.993842110,
2164.555517598, 0.994352273,
2164.575949419, 0.993828900,
2164.596381239, 0.993864467,
2164.616813059, 0.994015668,
2164.637244879, 0.993868020,
2164.657676699, 0.993827314,
2164.678108518, 0.994154977,
2164.718972254, 0.993819613,
2164.739403972, 0.993861593,
2164.759835890, 0.993889057,
2164.780267707, 0.993863314,
2164.800699424, 0.993838097,
2164.821131340, 0.993679451,
2164.841563156, 0.994009266,
2164.861994872, 0.993942769,
2164.902858603, 0.993848290,
2164.923290317, 0.993758785,
2164.943722231, 0.993887346,
2164.964154045, 0.993714249,
2164.984585759, 0.994169508,
2165.005017672, 0.994081313,
2165.025449485, 0.994087996,
2165.045881297, 0.993730340,
2165.066313109, 0.994012940,
2165.086744921, 0.994002514,
2165.107176732, 0.994260532,
2165.127608543, 0.994131070,
2165.148040354, 0.994182042,
2165.168472164, 0.994069783,
2165.188904074, 0.994002736,
2165.209335784, 0.994043740,
2165.229767693, 0.993995616,
2165.250199402, 0.994195505,
2165.270631210, 0.993987040,
2165.291063118, 0.994360057,
2165.311494826, 0.994342435,
2165.331926633, 0.993867300,
2165.352358540, 0.994186009,
2165.393222053, 0.994417151,
2165.413653959, 0.994228229,
2165.434085665, 0.994105711,
2165.454517470, 0.994108353,
2165.474949375, 0.994181613,
2165.495381079, 0.994396165,
2165.515812883, 0.994258822,
2165.536244787, 0.994299792,
2165.556676591, 0.994069444,
2165.577108294, 0.994127779,
2165.597540196, 0.994351231,
2165.638403701, 0.994581267,
2165.658835602, 0.994406725,
2165.679267404, 0.993943911,
2165.699699105, 0.994180529,
2165.720131005, 0.994498017,
2165.740562805, 0.994476806,
2165.760994705, 0.994606932,
2165.781426405, 0.994697189,
2165.801858204, 0.994562729,
2165.822290103, 0.994711756,
2165.842721801, 0.994687923,
2165.863153599, 0.994525104,
2165.883585397, 0.994368901,
2165.904017194, 0.994604724,
2165.924448991, 0.994402944,
2165.944880788, 0.994599268,
2165.965312584, 0.994604182,
2165.985744380, 0.994605472,
2166.006176176, 0.994449319,
2166.026607971, 0.994570311,
2166.047039766, 0.994537859,
2166.067471660, 0.994650410,
2166.087903355, 0.994543995,
2166.108335149, 0.994472192,
2166.128767042, 0.994695754,
2166.149198735, 0.994658881,
2166.169630528, 0.994588489,
2166.190062420, 0.994762137,
2166.210494112, 0.994746042,
2166.230925904, 0.994658141,
2166.251357796, 0.994717579,
2166.271789486, 0.994842917,
2166.292221377, 0.994603375,
2166.312653168, 0.994913858,
2166.333084858, 0.994743843,
2166.373948536, 0.994897950,
2166.394380325, 0.994707115,
2166.414812114, 0.994780215,
2166.435243902, 0.994639797,
2166.455675690, 0.994983327,
2166.476107478, 0.994833919,
2166.496539265, 0.995096028,
2166.516971052, 0.994886451,
2166.537402938, 0.994964517,
2166.557834624, 0.995095265,
2166.578266410, 0.994791522,
2166.598698296, 0.994770637,
2166.619129981, 0.994837468,
2166.639561765, 0.995014266,
2166.659993550, 0.994936079,
2166.680425334, 0.995053231,
2166.700857118, 0.994663000,
2166.721288901, 0.994720960,
2166.741720684, 0.995017657,
2166.762152467, 0.994802621,
2166.782584249, 0.994831685,
2166.803016031, 0.994849342,
2166.823447913, 0.995051171,
2166.864311375, 0.994946197,
2166.884743255, 0.994770369,
2166.905175036, 0.994863887,
2166.925606716, 0.994940470,
2166.946038595, 0.995042957,
2166.966470375, 0.994767808,
2166.986902053, 0.994666897,
2167.007333932, 0.994825605,
2167.027765710, 0.995064222,
2167.048197388, 0.995155623,
2167.109492720, 0.995029121,
2167.129924596, 0.995095898,
2167.150356372, 0.994914254,
2167.170788048, 0.995149511,
2167.191219924, 0.995104461,
2167.211651699, 0.995475863,
2167.232083474, 0.995035890,
2167.252515248, 0.995326323,
2167.272947022, 0.995231441,
2167.293378796, 0.994876640,
2167.313810569, 0.995253147,
2167.354674215, 0.995257237,
2167.375105888, 0.995178577,
2167.395537660, 0.994942422,
2167.415969531, 0.995041629,
2167.436401203, 0.995029753,
2167.456832974, 0.995138750,
2167.518128285, 0.995224066,
2167.538560155, 0.995248170,
2167.558991824, 0.995398318,
2167.599855462, 0.995170168,
2167.620287130, 0.995398564,
2167.640718898, 0.995022178,
2167.661150766, 0.995377415,
2167.681582433, 0.995193589,
2167.702014201, 0.995043834,
2167.722446067, 0.995169143,
2167.742877834, 0.995419539,
2167.763309500, 0.995557500,
2167.783741365, 0.995284893,
2167.804173131, 0.995247337,
2167.845036660, 0.995494749,
2167.865468425, 0.995369223,
2167.885900289, 0.995362856,
2167.906331953, 0.995605563,
2167.947195579, 0.995272970,
2167.988059004, 0.995397989,
2168.008490866, 0.995606241,
2168.028922528, 0.995716334,
2168.049354289, 0.995519124,
2168.090217811, 0.995631811,
2168.110649571, 0.995603978,
2168.131081331, 0.995804252,
2168.151513091, 0.998732809,
2168.171944850, 0.995483337,
2168.192376610, 0.995442778,
2168.212808368, 0.995675689,
2168.233240127, 0.995647848,
2168.253671985, 0.996122936,
2168.274103642, 0.995730291,
2168.294535400, 0.995754812,
2168.355830870, 0.995604343,
2168.376262726, 0.995922146,
2168.396694482, 0.995722031,
2168.417126338, 0.995846955,
2168.437557993, 0.995803433,
2168.457989747, 0.995940782,
2168.478421602, 0.995795347,
2168.498853256, 0.995919418,
2168.519285010, 0.995778096,
2168.539716863, 0.995740652,
2168.580580269, 0.995893160,
2168.601012122, 0.995844951,
2168.621443874, 0.996064657,
2168.641875526, 0.996287218,
2168.662307378, 0.996048057,
2168.682739129, 0.995896749,
2168.703170780, 0.996161409,
2168.723602630, 0.996205066,
2168.744034380, 0.996181462,
2168.764466030, 0.995748014,
2168.784897880, 0.996450477,
2168.825761278, 0.996036858,
2168.846193127, 0.995912159,
2168.866624775, 0.996059399,
2168.887056523, 0.996987109,
2168.907488371, 0.996126204,
2168.927920018, 0.996266442,
2168.948351865, 0.996264146,
2168.968783612, 0.996076606,
2168.989215258, 0.995981617,
2169.009647104, 0.996036429,
2169.030078850, 0.996176305,
2169.070942341, 0.996218319,
2169.091374085, 0.996202646,
2169.111805830, 0.996148652,
2169.132237574, 0.995814181,
2169.173101061, 0.996146975,
2169.193532905, 0.996418125,
2169.213964547, 0.996066523,
2169.234396290, 0.996253490,
2169.275259774, 0.996119275,
2169.316123357, 0.996315240,
2169.336554998, 0.996400472,
2169.356986739, 0.996422730,
2169.377418579, 0.996458750,
2169.397850219, 0.996477161,
2169.418282059, 0.996361546,
2169.438713798, 0.996113383,
2169.459145537, 0.996360783,
2169.479577276, 0.996225605,
2169.500008914, 0.996309655,
2169.520440752, 0.996332862,
2169.561304228, 0.996267632,
2169.581735865, 0.996334937,
2169.602167702, 0.996332975,
2169.622599439, 0.996728854,
2169.643031075, 0.996499186,
2169.663462911, 0.996350780,
2169.683894646, 0.996444138,
2169.704326281, 0.996380516,
2169.724758116, 0.996266033,
2169.745189851, 0.996444635,
2169.765621486, 0.996650390,
2169.806485053, 0.996562861,
2169.826916687, 0.996461858,
2169.847348520, 0.996489305,
2169.867780253, 0.996174957,
2169.888212085, 0.996448991,
2169.908643717, 0.996579195,
2169.929075449, 0.996692548,
2169.949507281, 0.996383889,
2169.969938912, 0.996749209,
2169.990370643, 0.996416291,
2170.010802474, 0.996603098,
2170.051665834, 0.996476906,
2170.072097664, 0.996586427,
2170.092529393, 0.996466304,
2170.112961022, 0.996950843,
2170.133392851, 0.996679300,
2170.153824579, 0.996747398,
2170.174256207, 0.996645072,
2170.194688035, 0.996717389,
2170.215119763, 0.996310634,
2170.235551390, 0.996757338,
2170.255983217, 0.996902504,
2170.296846570, 0.996705711,
2170.317278396, 0.996712176,
2170.337710022, 0.996558023,
2170.358141747, 0.996696239,
2170.378573572, 0.996969171,
2170.399005297, 0.996499012,
2170.419437022, 0.996595079,
2170.439868746, 0.996943059,
2170.460300470, 0.996826509,
2170.480732193, 0.996493634,
2170.501163917, 0.996620115,
2170.521595639, 0.996603300,
2170.542027462, 0.996672521,
2170.562459085, 0.996645690,
2170.582890807, 0.996542359,
2170.603322628, 0.996773166,
2170.623754250, 0.996608160,
2170.644185971, 0.996845006,
2170.664617792, 0.996529884,
2170.685049412, 0.996410945,
2170.705481133, 0.996444524,
2170.725912953, 0.996626941,
2170.746344572, 0.996853456,
2170.787208111, 0.997052237,
2170.807639729, 0.996896746,
2170.828071448, 0.996964765,
2170.848503266, 0.997031652,
2170.868934984, 0.996792743,
2170.889366701, 0.996950302,
2170.909798419, 0.996763126,
2170.930230135, 0.996722193,
2170.950661852, 0.996938261,
2170.971093568, 0.996981954,
2170.991525185, 0.996881362,
2171.032388716, 0.996942237,
2171.052820331, 0.996714830,
2171.073252146, 0.996971097,
2171.093683860, 0.997077526,
2171.114115475, 0.997002141,
2171.134547289, 0.996747442,
2171.154979002, 0.996817740,
2171.175410616, 0.997408793,
2171.195842429, 0.996924177,
2171.216274142, 0.998263293,
2171.236705854, 0.996894426,
2171.277569278, 0.997176584,
2171.318432701, 0.997153476,
2171.338864412, 0.996922961,
2171.359296223, 0.997418209,
2171.379727933, 0.999774666,
2171.400159543, 0.997058081,
2171.420591353, 0.997263682,
2171.441023063, 0.997064135,
2171.461454672, 0.997254415,
2171.481886481, 0.996738248,
2171.522749798, 0.997197045,
2171.543181606, 0.997096751,
2171.563613314, 0.996627226,
2171.584044921, 0.997144676,
2171.604476728, 0.996939315,
2171.624908435, 0.996828943,
2171.665771848, 0.997176179,
2171.686203554, 0.997085459,
2171.706635160, 0.996970235,
2171.727066965, 0.997371451,
2171.747498671, 0.997123424,
2171.767930276, 0.997220890,
2171.788362080, 0.997197799,
2171.808793785, 0.997320962,
2171.829225489, 0.997073024,
2171.849657192, 0.997422045,
2171.870088896, 0.997222389,
2171.890520599, 0.997226073,
2171.910952302, 0.997435891,
2171.931384004, 0.997564646,
2171.951815807, 0.997415644,
2171.972247409, 0.997569367,
2172.013110912, 0.997319095,
2172.033542513, 0.997347074,
2172.053974214, 0.997355957,
2172.074406014, 0.997334774,
2172.094837615, 0.997149011,
2172.115269314, 0.997487528,
2172.135701114, 0.997253352,
2172.156132714, 0.997629408,
2172.176564413, 0.997302934,
2172.196996212, 0.997410998,
2172.217427910, 0.997632184,
2172.278723004, 0.997351986,
2172.299154702, 0.997466374,
2172.319586399, 0.997388523,
2172.340018096, 0.997593093,
2172.360449792, 0.997276086,
2172.380881489, 0.997650306,
2172.401313185, 0.997585371,
2172.421744880, 0.997591054,
2172.442176576, 0.997515481,
2172.462608271, 0.997487809,
2172.483039966, 0.997565144,
2172.503471661, 0.997750922,
2172.523903255, 0.997378584,
2172.544335049, 0.997724619,
2172.564766743, 0.997690665,
2172.585198436, 0.997822177,
2172.605630130, 0.997595175,
2172.626061822, 0.997624184,
2172.646493515, 0.997467903,
2172.666925208, 0.997793137,
2172.687356900, 0.997458508,
2172.748651974, 0.997977033,
2172.769083765, 0.997690126,
2172.789515456, 0.997897215,
2172.809947046, 0.997578151,
2172.830378836, 0.997753529,
2172.850810526, 0.997732442,
2172.871242116, 0.997746895,
2172.891673905, 0.997927330,
2172.912105594, 0.997486539,
2172.932537183, 0.997711953,
2172.952968972, 0.997529916,
2172.973400660, 0.997420343,
2172.993832248, 0.997718521,
2173.014264035, 0.998036515,
2173.034695723, 0.997949342,
2173.055127410, 0.997742695,
2173.075559097, 0.997894076,
2173.095990783, 0.997599601,
2173.116422470, 0.997782814,
2173.136854156, 0.997906997,
2173.157285841, 0.997543930,
2173.177717527, 0.997567771,
2173.239012682, 0.997960372,
2173.259444266, 0.998205898,
2173.279875950, 0.998179205,
2173.300307734, 0.997908625,
2173.320739318, 0.997744462,
2173.341171001, 0.997842093,
2173.361602784, 0.997800215,
2173.382034367, 0.998084838,
2173.402466049, 0.997842899,
2173.422897831, 0.997742785,
2173.443329413, 0.998094826,
2173.484192876, 0.997529730,
2173.504624458, 0.997751285,
2173.525056138, 0.997838393,
2173.545487919, 0.998193787,
2173.565919499, 0.997914698,
2173.586351279, 0.997879746,
2173.606782959, 0.997825475,
2173.627214639, 0.998121466,
2173.647646318, 0.997724030,
2173.668077997, 0.997623110,
2173.688509676, 0.998009830,
2173.729373032, 0.997501029,
2173.749804710, 0.997640886,
2173.770236488, 0.997816299,
2173.790668065, 0.997984836,
2173.811099742, 0.997889329,
2173.831531519, 0.997878671,
2173.851963096, 0.997812658,
2173.872394772, 0.997917446,
2173.892826448, 0.997914657,
2173.913258124, 0.997838043,
2173.933689700, 0.998487386,
2173.954121475, 0.997800969,
2173.974553150, 0.997916290,
2173.994984925, 0.997906051,
2174.015416499, 0.997803785,
2174.035848173, 0.997791263,
2174.056279947, 0.997965888,
2174.076711621, 0.997553041,
2174.097143194, 0.997624641,
2174.117574968, 0.997888334,
2174.138006640, 0.997760271,
2174.158438213, 0.997927140,
2174.178869986, 0.997796974,
2174.219733229, 0.998029952,
2174.240165001, 0.998007527,
2174.260596672, 0.997755709,
2174.281028243, 0.997947699,
2174.301460014, 0.997996389,
2174.321891685, 0.998071705,
2174.342323255, 0.997687702,
2174.362755025, 0.998158520,
2174.383186695, 0.997959939,
2174.403618265, 0.998002704,
2174.424050034, 0.997892572,
2174.464913471, 0.998103733,
2174.485345040, 0.997948435,
2174.526208376, 0.998279847,
2174.567071711, 0.997927086,
2174.587503379, 0.998017630,
2174.607935046, 0.997853167,
2174.628366712, 0.997876060,
2174.648798479, 0.998124285,
2174.669230045, 0.998172530,
2174.689661711, 0.997769813,
2174.710093476, 0.998096987,
2174.730525042, 0.998015857,
2174.750956707, 0.997987670,
2174.771388472, 0.998098126,
2174.791820037, 0.998107211,
2174.812251701, 0.998390049,
2174.832683465, 0.998139159,
2174.853115029, 0.998081173,
2174.873546793, 0.998418646,
2174.893978456, 0.998328754,
2174.955273445, 0.998284387,
2174.975705107, 0.997953068,
2174.996136769, 0.998197691,
2175.016568431, 0.998450453,
2175.037000093, 0.998432446,
2175.057431854, 0.998230579,
2175.077863415, 0.998170760,
2175.098295076, 0.998236183,
2175.118726837, 0.998320012,
2175.139158397, 0.998549798,
2175.200453376, 0.998216786,
2175.220885036, 0.998228343,
2175.241316795, 0.998319395,
2175.261748354, 0.998334418,
2175.282180112, 0.998416814,
2175.302611771, 0.998478143,
2175.323043329, 0.998496459,
2175.384338302, 0.998711156,
2175.404770059, 0.998402734,
2175.466065029, 0.998389564,
2175.486496685, 0.997900269,
2175.506928241, 0.998760886,
2175.527359997, 0.998033811,
2175.547791652, 0.998626646,
2175.568223207, 0.998488700,
2175.588654962, 0.998476840,
2175.609086617, 0.998304751,
2175.629518171, 0.998347360,
2175.649949925, 0.998304648,
2175.670381579, 0.998300787,
2175.690813333, 0.998365604,
2175.711244887, 0.998422670,
2175.731676540, 0.998537800,
2175.752108293, 0.998554001,
2175.772539845, 0.998423890,
2175.792971498, 0.998560713,
2175.813403250, 0.998496455,
2175.833834802, 0.998697569,
2175.854266454, 0.998543317,
2175.874698205, 0.998348939,
2175.895129857, 0.998351447,
2175.915561408, 0.998592545,
2175.935993158, 0.998460281,
2175.956424809, 0.998899852,
2175.976856359, 0.998604458,
2175.997288109, 0.998542828,
2176.017719659, 0.998543150,
2176.038151309, 0.998544402,
2176.058583058, 0.998533540,
2176.079014707, 0.998714674,
2176.099446356, 0.998518733,
2176.119878005, 0.998593608,
2176.140309553, 0.998422784,
2176.181172949, 0.998651182,
2176.201604497, 0.998624536,
2176.222036245, 0.998460592,
2176.242467892, 0.998702164,
2176.262899439, 0.998502858,
2176.283331185, 0.998941848,
2176.303762832, 0.998574687,
2176.324194478, 0.998685405,
2176.344626124, 0.998729734,
2176.365057770, 0.998473456,
2176.385489416, 0.998623301,
2176.426352706, 0.998544181,
2176.446784351, 0.998653303,
2176.467216096, 0.998636398,
2176.487647640, 0.998796929,
2176.508079384, 0.998628079,
2176.528511028, 0.998428357,
2176.548942572, 0.998467492,
2176.569374315, 0.998760028,
2176.589805959, 0.998520746,
2176.610237502, 0.998686896,
2176.630669244, 0.998556730,
2176.671532429, 0.998569047,
2176.691964171, 0.998874831,
2176.712395813, 0.998683380,
2176.732827355, 0.998675330,
2176.753259096, 0.998669610,
2176.773690637, 0.998700041,
2176.794122278, 0.998651153,
2176.814554019, 0.998414742,
2176.834985659, 0.998661525,
2176.855417199, 0.998898525,
2176.875848939, 0.998587678,
2176.896280579, 0.998362159,
2176.916712219, 0.999021873,
2176.937143858, 0.998900908,
2176.957575497, 0.998599581,
2176.978007236, 0.998832130,
2176.998438775, 0.998553630,
2177.018870413, 0.998829244,
2177.039302151, 0.998785432,
2177.059733689, 0.998805763,
2177.080165327, 0.998548089,
2177.100597064, 0.998888774,
2177.161891975, 0.999084962,
2177.182323512, 0.998589968,
2177.202755148, 0.998676022,
2177.223186884, 0.998843021,
2177.243618420, 0.998959964,
2177.264050056, 0.998833311,
2177.284481791, 0.998903986,
2177.304913427, 0.999088011,
2177.325345062, 0.998709036,
2177.345776697, 0.998931131,
2177.366208331, 0.998873989,
2177.407071599, 0.998791646,
2177.427503233, 0.998741122,
2177.447934967, 0.998955200,
2177.488798134, 0.998784134,
2177.509229767, 0.998683045,
2177.529661400, 0.998862706,
2177.550092932, 0.998842889,
2177.570524665, 0.999314659,
2177.590956297, 0.998903075,
2177.611387829, 0.999046371,
2177.652251192, 0.998770543,
2177.672682823, 0.998904545,
2177.693114454, 0.999349576,
2177.733977815, 0.998863209,
2177.754409346, 0.998889998,
2177.795272706, 0.998803819,
2177.836135865, 0.999121960,
2177.856567594, 0.998934750,
2177.897430752, 0.999112671,
2177.938294109, 0.999335476,
2177.958725637, 1.000042598,
2177.979157365, 0.998793121,
2177.999588993, 0.999049799,
2178.040452248, 0.999273202,
2178.060883875, 0.999199584,
2178.081315402, 0.998920723,
2178.101747129, 0.998782556,
2178.122178755, 0.999409102,
2178.142610381, 0.999299074,
2178.163042007, 0.999131712,
2178.183473633, 0.999223471,
2178.203905259, 0.999182450,
2178.224336884, 0.998751461,
2178.265200134, 0.999245560,
2178.285631759, 0.998918203,
2178.306063384, 0.999026912,
2178.326495008, 0.998897319,
2178.346926632, 0.998872454,
2178.367358256, 0.998891523,
2178.387789980, 0.999023088,
2178.408221503, 0.999045959,
2178.428653126, 0.999166047,
2178.449084850, 0.999174532,
2178.469516372, 0.999244698,
2178.489947995, 0.999218699,
2178.510379718, 0.999318875,
2178.530811240, 0.999172917,
2178.571674584, 0.999132448,
2178.592106105, 0.999336516,
2178.632969448, 0.999179397,
2178.653401069, 0.999135275,
2178.673832690, 0.999072467,
2178.694264310, 0.999176139,
2178.714695931, 0.999054851,
2178.735127551, 0.999226793,
2178.755559171, 0.999409144,
2178.775990790, 0.999345099,
2178.796422510, 0.999201568,
2178.816854029, 0.999264655,
2178.837285648, 0.999150471,
2178.857717367, 0.999435712,
2178.878148886, 0.999322488,
2178.898580605, 0.999237747,
2178.919012123, 0.999117786,
2178.939443741, 0.999231699,
2178.980306977, 0.999296718,
2179.000738594, 0.999314597,
2179.021170311, 0.999585254,
2179.041601829, 0.999017050,
2179.062033445, 0.999216674,
2179.082465162, 0.999414874,
2179.123328295, 0.999210390,
2179.143760011, 0.999373477,
2179.164191527, 0.999586362,
2179.184623143, 0.999397033,
2179.205054858, 0.999716561,
2179.225486473, 0.999421695,
2179.245917988, 0.999406889,
2179.266349703, 0.999389392,
2179.286781318, 0.999605413,
2179.307213032, 0.999472009,
2179.327644546, 0.999785175,
2179.368507874, 0.999451511,
2179.388939388, 0.999601396,
2179.409371002, 0.999507970,
2179.429802715, 0.999561852,
2179.450234228, 0.999455530,
2179.470665841, 0.999497173,
2179.491097553, 0.999249730,
2179.511529066, 0.999308454,
2179.531960678, 0.999581370,
2179.552392390, 0.999443170,
2179.572823902, 0.999672132,
2179.593255514, 0.999450156,
2179.613687226, 0.999489743,
2179.634118737, 0.999509811,
2179.654550448, 0.999595628,
2179.674982059, 0.999678799,
2179.695413569, 0.999603147,
2179.715845280, 0.999815974,
2179.736276890, 0.999972648,
2179.756708401, 0.999643621,
2179.777140110, 0.999656300,
2179.797571720, 0.999643779,
2179.818003230, 0.999708118,
2179.838434939, 0.999701178,
2179.858866548, 0.999973926,
2179.879298057, 0.999692447,
2179.899729766, 1.000052134,
2179.920161375, 0.999797190,
2179.940592883, 0.999854331,
2179.961024591, 0.999527915,
2179.981456199, 1.000076212,
2180.001887907, 0.999798786,
2180.022319415, 1.000033368,
2180.042751022, 0.999753371,
2180.063182730, 0.999866149,
2180.104045844, 1.000133790,
2180.124477550, 0.999454547,
2180.144909157, 0.999801701,
2180.165340663, 0.999793939,
2180.185772369, 0.999749522,
2180.206203975, 0.999728666,
2180.226635481, 0.999646757,
2180.247067186, 0.999906117,
2180.267498792, 1.000126733,
2180.308362002, 0.999653745,
2180.349225111, 0.999924270,
2180.369656816, 1.000704984,
2180.390088320, 0.999862902,
2180.430951628, 0.999977059,
2180.451383132, 0.999990776,
2180.471814835, 1.000083274,
2180.492246439, 0.999853964,
2180.512678042, 0.999948145,
2180.533109645, 1.000207804,
2180.553541247, 0.999926801,
2180.573972850, 1.000134481,
2180.594404452, 1.000000715,
2180.614836054, 1.000207964,
2180.635267657, 1.000152590,
2180.655699358, 1.000070158,
2180.676130860, 1.000145069,
2180.696562462, 1.000139265,
2180.716994163, 1.000066316,
2180.737425664, 1.000176230,
2180.757857365, 1.000057770,
2180.778288966, 0.999789343,
2180.798720466, 0.999686512,
2180.819152167, 1.000080594,
2180.839583767, 1.000181214,
2180.860015267, 1.000181055,
2180.880446967, 0.999805382,
2180.900878566, 1.000691649,
2180.921310066, 1.000306320,
2180.941741765, 1.000570829,
2180.962173364, 1.000207140,
2180.982604963, 1.000213197,
2181.003036562, 1.000084205,
2181.023468161, 1.000221321,
2181.043899759, 0.999959684,
2181.064331357, 1.000254416,
2181.084762955, 1.000250998,
2181.105194553, 1.000493671,
2181.146057749, 1.000367171,
2181.166489346, 1.000176701,
2181.207352540, 1.000315662,
2181.227784237, 1.000399821,
2181.248215734, 1.000850158,
2181.268647330, 1.000520727,
2181.329942118, 1.000447451,
2181.350373814, 1.000362856,
2181.370805310, 1.000310638,
2181.391236905, 1.000415394,
2181.411668600, 1.000308205,
2181.432100095, 1.000745753,
2181.452531691, 1.000645770,
2181.472963385, 1.000639365,
2181.493394980, 1.000332002,
2181.513826574, 1.000787405,
2181.534258168, 1.000602904,
2181.554689762, 1.000544990,
2181.575121356, 1.000460449,
2181.595552950, 1.000355972,
2181.615984544, 1.000548546,
2181.636416137, 1.000757249,
2181.656847730, 1.000397608,
2181.677279323, 1.000501023,
2181.697711016, 1.000810668,
2181.718142509, 1.000685952,
2181.738574101, 1.000578019,
2181.759005693, 1.000476617,
2181.779437286, 1.000360418,
2181.820300469, 1.000920017,
2181.840732061, 1.000402600,
2181.861163753, 1.000641224,
2181.881595244, 1.000813557,
2181.902026835, 1.000525955,
2181.922458526, 1.000654613,
2181.942890017, 1.000573570,
2181.963321608, 1.000749355,
2181.983753298, 1.000068144,
2182.004184789, 1.000678370,
2182.024616379, 1.000459379,
2182.045048069, 1.000579136,
2182.065479658, 1.000525870,
2182.106342838, 1.000569027,
2182.126774427, 1.000762552,
2182.147205916, 1.000684330,
2182.167637605, 1.000553777,
2182.188069194, 1.000787905,
2182.208500883, 1.000582383,
2182.228932371, 1.000716574,
2182.249363960, 1.000466283,
2182.269795648, 1.000350104,
2182.290227136, 1.000598895,
2182.310658724, 1.000365925,
2182.331090412, 1.000578959,
2182.351521899, 1.000898656,
2182.371953486, 1.000600989,
2182.392385174, 1.000440715,
2182.412816661, 1.000266295,
2182.433248248, 1.000541448,
2182.453679834, 1.000537070,
2182.474111421, 1.000750030,
2182.494543007, 1.000539928,
2182.514974694, 1.000486189,
2182.535406180, 1.000516000,
2182.555837866, 1.000632447,
2182.576269451, 1.000447468,
2182.596700937, 1.000808567,
2182.617132623, 1.000409605,
2182.637564208, 1.000692599,
2182.657995693, 1.000628786,
2182.678427378, 1.000512376,
2182.698858963, 1.000857775,
2182.719290447, 1.000648237,
2182.739722132, 1.000655671,
2182.760153716, 1.000276459,
2182.801016885, 1.000596172,
2182.821448468, 1.000835349,
2182.841879952, 1.000550258,
2182.862311636, 1.000457976,
2182.882743219, 1.000831526,
2182.903174902, 1.000683101,
2182.923606386, 1.000572003,
2182.944037969, 1.000676587,
2182.964469651, 1.000721719,
2183.005332717, 1.001003000,
2183.025764399, 1.000564003,
2183.046195981, 1.001050110,
2183.066627463, 1.001079778,
2183.107490727, 1.000698541,
2183.127922208, 1.000645242,
2183.148353890, 1.000760335,
2183.168785371, 1.000758203,
2183.189216952, 1.000615605,
2183.209648633, 1.000423477,
2183.230080114, 1.000666125,
2183.250511795, 1.000498562,
2183.291374856, 1.000381133,
2183.311806536, 1.000673677,
2183.332238116, 1.000605758,
2183.352669596, 1.000721767,
2183.373101276, 1.000779704,
2183.393532855, 1.000725202,
2183.413964435, 1.000419938,
2183.434396014, 1.000744682,
2183.454827593, 1.000676287,
2183.475259172, 1.000703103,
2183.495690751, 1.000371182,
2183.536553909, 1.000632166,
2183.556985587, 1.000602865,
2183.577417066, 1.000551143,
2183.597848744, 1.000730372,
2183.618280322, 1.000944247,
2183.638711800, 1.001007131,
2183.659143477, 1.000499356,
2183.679575055, 1.000813760,
2183.700006532, 1.000761055,
2183.720438210, 1.000564351,
2183.740869787, 1.000542534,
2183.781732941, 1.000669375,
2183.822595994, 1.000484631,
2183.843027670, 1.000440643,
2183.863459247, 1.000518985,
2183.883890823, 1.000793505,
2183.904322399, 1.000581390,
2183.924753975, 1.000493062,
2183.945185550, 1.000317585,
2183.965617126, 1.000454141,
2183.986048701, 1.000486475,
2184.006480277, 1.000722342,
2184.026911852, 1.000628701,
2184.047343427, 1.000489455,
2184.067775102, 1.000517141,
2184.088206577, 1.000501241,
2184.108638151, 1.000450350,
2184.129069826, 1.000453098,
2184.149501300, 1.000615264,
2184.169932874, 1.000492476,
2184.190364548, 1.000741804,
2184.210796022, 1.000595438,
2184.231227596, 1.000666788,
2184.272090743, 1.000553287,
2184.292522416, 1.000675209,
2184.312953989, 1.000610584,
2184.333385463, 1.000007665,
2184.353817136, 1.000805112,
2184.374248708, 1.000638009,
2184.394680281, 1.000630001,
2184.415111854, 1.000653830,
2184.435543426, 1.000694563,
2184.476406570, 1.000467652,
2184.496838142, 1.000853900,
2184.517269714, 1.000410878,
2184.537701386, 1.000297052,
2184.558132857, 1.000651869,
2184.578564429, 1.000300458,
2184.598996100, 1.000200186,
2184.619427572, 1.000582407,
2184.639859243, 1.000615672,
2184.660290714, 1.000316166,
2184.680722284, 1.000312719,
2184.701153955, 1.000578439,
2184.721585425, 1.000382730,
2184.742016996, 1.000490275,
2184.762448666, 1.000761653,
2184.782880136, 1.000400142,
2184.803311706, 1.000714049,
2184.844174846, 1.000304283,
2184.885038085, 1.000709603,
2184.905469654, 1.000492140,
2184.925901124, 1.000690870,
2184.946332793, 1.000420507,
2184.966764362, 1.000435027,
2185.007627499, 1.000409469,
2185.028059068, 1.000497535,
2185.048490736, 1.000370828,
2185.068922205, 1.000321683,
2185.089353773, 1.000499027,
2185.109785441, 1.001036076,
2185.130216909, 1.000506491,
2185.150648477, 1.000706730,
2185.171080144, 1.000451888,
2185.191511612, 1.000485089,
2185.211943179, 1.000932080,
2185.252806314, 1.000351377,
2185.273237881, 1.000903978,
2185.293669548, 1.000277275,
2185.314101015, 1.000464155,
2185.334532682, 1.000553810,
2185.354964148, 1.000655414,
2185.375395815, 1.000642208,
2185.395827381, 1.000458967,
2185.416258947, 1.000632745,
2185.436690413, 1.000257758,
2185.457122079, 1.000539719,
2185.497985111, 1.000607456,
2185.518416776, 1.000250620,
2185.538848342, 1.000493198,
2185.559279807, 1.000222502,
2185.579711472, 1.000486673,
2185.600143038, 1.000353273,
2185.620574703, 1.000459217,
2185.641006167, 1.000437944,
2185.661437732, 1.000453725,
2185.681869397, 1.000652218,
2185.702300861, 1.000422990,
2185.722732426, 1.000758619,
2185.743164090, 1.000303304,
2185.763595554, 1.001197364,
2185.784027118, 1.000484642,
2185.804458782, 1.000745886,
2185.824890246, 1.000583215,
2185.845321810, 1.000427132,
2185.865753473, 1.000431286,
2185.886185037, 1.000434322,
2185.906616500, 1.000513649,
2185.927048163, 1.000572058,
2185.947479726, 1.000328989,
2185.967911289, 1.000234823,
2185.988342852, 1.000809620,
2186.008774415, 1.000803935,
2186.029205978, 1.000556724,
2186.049637540, 1.000654078,
2186.070069003, 1.000575594,
2186.090500665, 1.000743598,
2186.110932227, 1.000824466,
2186.131363689, 1.000672614,
2186.151795351, 1.000554100,
2186.172226913, 1.000580864,
2186.192658375, 1.000577544,
2186.213090036, 1.000768026,
2186.233521598, 1.000633835,
2186.253953159, 1.000397907,
2186.274384721, 1.000537248,
2186.294816282, 1.000613664,
2186.315247943, 1.000639107,
2186.335679404, 1.000556790,
2186.356110965, 1.000719565,
2186.376542625, 1.000697920,
2186.396974086, 1.000558792,
2186.417405647, 1.000916298,
2186.437837307, 1.000646627,
2186.458268867, 1.000806751,
2186.478700327, 1.000822104,
2186.499131987, 1.000423530,
2186.519563547, 1.001020506,
2186.539995007, 1.000945991,
2186.560426667, 1.000769153,
2186.580858227, 1.000845708,
2186.601289886, 1.000631877,
2186.621721346, 1.001015176,
2186.642152905, 1.000907516,
2186.662584564, 1.000780653,
2186.723879141, 1.000674383,
2186.744310700, 1.000652364,
2186.764742259, 1.000840276,
2186.785173817, 1.001027514,
2186.805605376, 1.000916622,
2186.826036934, 1.000993190,
2186.846468492, 1.001034876,
2186.866900050, 1.001071883,
2186.887331609, 1.001123834,
2186.907763167, 1.001337445,
2186.928194724, 1.001014832,
2186.948626382, 1.001115444,
2186.969057940, 1.001044598,
2186.989489397, 1.001135165,
2187.009921055, 1.001147420,
2187.030352612, 1.001069487,
2187.050784069, 1.000963125,
2187.071215726, 1.001177298,
2187.091647283, 1.001171814,
2187.112078740, 1.000956770,
2187.132510397, 1.001197354,
2187.152941954, 1.001570536,
2187.173373411, 1.001115235,
2187.214236624, 1.001056127,
2187.234668080, 1.000937542,
2187.255099736, 1.001353936,
2187.275531292, 1.001311894,
2187.295962948, 1.001120652,
2187.316394404, 1.001170640,
2187.336825960, 1.001541338,
2187.357257616, 1.001180445,
2187.377689072, 1.000833845,
2187.398120627, 1.001441860,
2187.418552282, 1.001115423,
2187.438983738, 1.001430491,
2187.459415293, 1.001518180,
2187.479846948, 1.001117918,
2187.500278403, 1.001598242,
2187.520709958, 1.001610994,
2187.541141613, 1.001496282,
2187.561573068, 1.001337184,
2187.582004723, 1.001487086,
2187.602436277, 1.001365418,
2187.622867732, 1.001696720,
2187.643299386, 1.001626452,
2187.663730940, 1.001596929,
2187.684162395, 1.001657271,
2187.704594049, 1.001405333,
2187.725025603, 1.001564464,
2187.745457057, 1.002050225,
2187.765888711, 1.001605285,
2187.786320264, 1.001607585,
2187.806751818, 1.001609359,
2187.827183372, 1.001733926,
2187.847614925, 1.001762798,
2187.868046578, 1.001788569,
2187.888478032, 1.001861098,
2187.908909585, 1.001775527,
2187.929341238, 1.002068641,
2187.949772791, 1.001787265,
2187.970204244, 1.001662517,
2187.990635897, 1.002048569,
2188.011067449, 1.002075740,
2188.031498902, 1.001911959,
2188.051930555, 1.001570675,
2188.072362107, 1.001872548,
2188.092793560, 1.001986669,
2188.113225212, 1.001616519,
2188.133656764, 1.002596467,
2188.154088216, 1.001991058,
2188.174519868, 1.001995167,
2188.194951320, 1.001919992,
2188.215382972, 1.001872523,
2188.235814524, 1.002262800,
2188.256245976, 1.001875780,
2188.276677627, 1.001960665,
2188.297109179, 1.002044660,
2188.317540730, 1.002058676,
2188.337972282, 1.001959881,
2188.358403833, 1.002236412,
2188.378835384, 1.002069361,
2188.399266935, 1.001725355,
2188.419698486, 1.002269103,
2188.440130037, 1.002134003,
2188.460561688, 1.002501839,
2188.480993139, 1.002217647,
2188.501424789, 1.002254016,
2188.521856340, 1.002278364,
2188.542287791, 1.002158810,
2188.562719441, 1.002055231,
2188.583150991, 1.002170212,
2188.603582442, 1.002526239,
2188.624014092, 1.002319839,
2188.664877092, 1.002041768,
2188.685308742, 1.002431391,
2188.705740292, 1.002579619,
2188.726171742, 1.002155997,
2188.746603391, 1.002807012,
2188.767034941, 1.003155344,
2188.787466590, 1.002278395,
2188.807898040, 1.002276662,
2188.828329589, 1.002153549,
2188.848761139, 1.002371927,
2188.869192688, 1.002411475,
2188.889624237, 1.002171263,
2188.910055786, 1.002315548,
2188.930487335, 1.002472216,
2188.950918884, 1.002408650,
2188.971350533, 1.002436168,
2188.991781982, 1.002620273,
2189.012213530, 1.002513410,
2189.032645179, 1.002606193,
2189.053076628, 1.002704722,
2189.093939825, 1.002826430,
2189.114371273, 1.002511296,
2189.134802921, 1.002496140,
2189.196097565, 1.002571696,
2189.216529113, 1.002316519,
2189.236960561, 1.002541934,
2189.257392209, 1.002305879,
2189.277823757, 1.002675025,
2189.298255304, 1.002615535,
2189.318686852, 1.002775275,
2189.339118400, 1.002477828,
2189.359549947, 1.002824148,
2189.379981494, 1.002882077,
2189.400413042, 1.002615773,
2189.420844689, 1.002577667,
2189.441276236, 1.002428494,
2189.461707683, 1.002570067,
2189.482139330, 1.002814018,
2189.502570877, 1.002418219,
2189.523002324, 1.002448397,
2189.543433971, 1.002658688,
2189.563865518, 1.002625684,
2189.584296964, 1.002732367,
2189.604728611, 1.002651154,
2189.625160057, 1.002608930,
2189.645591604, 1.002787954,
2189.666023250, 1.002750574,
2189.686454697, 1.003024299,
2189.706886343, 1.002757411,
2189.727317889, 1.002824891,
2189.747749335, 1.002902550,
2189.768180981, 1.002650863,
2189.809044073, 1.002910958,
2189.829475619, 1.002880177,
2189.849907165, 1.002708266,
2189.870338711, 1.002906411,
2189.890770256, 1.002791926,
2189.911201802, 1.003057965,
2189.931633347, 1.002777370,
2189.952064993, 1.003022812,
2189.972496438, 1.003170005,
2189.992928084, 1.002914216,
2190.013359629, 1.002810997,
2190.033791074, 1.003222135,
2190.054222719, 1.003132427,
2190.074654264, 1.003207912,
2190.095085709, 1.002974527,
2190.135948899, 1.003027295,
2190.156380344, 1.002934209,
2190.176811989, 1.003380986,
2190.197243534, 1.003211950,
2190.217674978, 1.003277183,
2190.238106623, 1.003163140,
2190.258538068, 1.003003738,
2190.278969712, 1.003438719,
2190.299401256, 1.003273327,
2190.319832701, 1.003285139,
2190.340264345, 1.003063459,
2190.360695889, 1.003642600,
2190.381127434, 1.003131794,
2190.401558978, 1.003412429,
2190.421990522, 1.002979133,
2190.442422066, 1.003470790,
2190.462853610, 1.003225109,
2190.483285154, 1.003604532,
2190.503716698, 1.003376368,
2190.524148342, 1.003419058,
2190.544579785, 1.004397798,
2190.565011429, 1.005834921,
2190.585442973, 1.003054593,
2190.605874416, 1.003551792,
2190.646737603, 1.003736547,
2190.667169047, 1.003425870,
2190.687600690, 1.003754099,
2190.708032233, 1.003887104,
2190.728463677, 1.003669518,
2190.748895320, 1.003412635,
2190.769326863, 1.003552392,
2190.789758406, 1.003760049,
2190.810189949, 1.003692459,
2190.830621492, 1.003872903,
2190.871484578, 1.003750206,
2190.891916121, 1.003498567,
2190.912347763, 1.003672706,
2190.932779206, 1.003722435,
2190.953210749, 1.003838894,
2190.973642391, 1.003659743,
2190.994073834, 1.003826679,
2191.014505376, 1.003674371,
2191.034937019, 1.003796439,
2191.055368461, 1.003678538,
2191.075800004, 1.003972818,
2191.096231646, 1.003966745,
2191.137094731, 1.003786222,
2191.157526273, 1.003739250,
2191.177957715, 1.003645099,
2191.198389357, 1.004113121,
2191.218820899, 1.003914725,
2191.239252341, 1.004180196,
2191.259683983, 1.003841577,
2191.280115525, 1.004137278,
2191.300546967, 1.003789038,
2191.320978608, 1.004285130,
2191.341410150, 1.003960172,
2191.361841692, 1.004050637,
2191.382273234, 1.004000861,
2191.402704775, 1.004013004,
2191.423136417, 1.003828254,
2191.443567958, 1.004316697,
2191.463999400, 1.004080944,
2191.484431041, 1.004086700,
2191.504862583, 1.004202375,
2191.525294024, 1.004087381,
2191.545725665, 1.004279469,
2191.566157207, 1.004321164,
2191.586588648, 1.004123496,
2191.627451730, 1.004335248,
2191.647883271, 1.004648970,
2191.668314912, 1.004322264,
2191.688746453, 1.004307656,
2191.709177994, 1.004348641,
2191.729609535, 1.004177531,
2191.750040976, 1.004648718,
2191.770472617, 1.004314972,
2191.790904158, 1.004253681,
2191.811335599, 1.004358332,
2191.831767239, 1.004356706,
2191.852198780, 1.004407505,
2191.872630321, 1.004452363,
2191.893061861, 1.004717880,
2191.913493402, 1.004605558,
2191.933925042, 1.004496045,
2191.954356483, 1.004249999,
2191.995219664, 1.004560802,
2192.015651204, 1.004632764,
2192.036082645, 1.004646894,
2192.056514285, 1.004656678,
2192.076945825, 1.004568290,
2192.117808906, 1.004547533,
2192.138240446, 1.004750765,
2192.158671886, 1.004605506,
2192.179103526, 1.004838112,
2192.199535066, 1.004441935,
2192.219966706, 1.004968713,
2192.240398146, 1.004926384,
2192.260829686, 1.004863165,
2192.281261326, 1.004861411,
2192.301692766, 1.005087263,
2192.322124306, 1.004985633,
2192.342555946, 1.004656899,
2192.362987386, 1.005107609,
2192.403850465, 1.004781501,
2192.424282005, 1.004816160,
2192.444713545, 1.005108039,
2192.465145084, 1.004894953,
2192.506008263, 1.005069939,
2192.526439803, 1.004965824,
2192.546871243, 1.005076571,
2192.567302882, 1.005040651,
2192.608165861, 1.005296722,
2192.628597500, 1.005126441,
2192.649029040, 1.004918558,
2192.669460479, 1.005260850,
2192.689892118, 1.005326711,
2192.710323658, 1.005228781,
2192.730755297, 1.005264272,
2192.751186736, 1.005233879,
2192.771618275, 1.005590810,
2192.792049915, 1.005183817,
2192.812481354, 1.005414339,
2192.853344532, 1.005334147,
2192.873775971, 1.005232744,
2192.894207510, 1.005401982,
2192.914639149, 1.005340563,
2192.935070588, 1.005605620,
2192.955502127, 1.005362746,
2192.975933766, 1.005498239,
2192.996365205, 1.005596223,
2193.016796844, 1.005436936,
2193.037228383, 1.005638171,
2193.057659922, 1.005462594,
2193.098523000, 1.005727766,
2193.118954438, 1.005617265,
2193.139386077, 1.005552268,
2193.159817616, 1.005514801,
2193.180249055, 1.005988190,
2193.200680693, 1.005601054,
2193.221112232, 1.005544718,
2193.241543871, 1.005482828,
2193.261975309, 1.005565310,
2193.282406848, 1.005590227,
2193.302838487, 1.005491044,
2193.343701464, 1.005494654,
2193.364133102, 1.005781462,
2193.384564541, 1.005935020,
2193.404996079, 1.005799092,
2193.425427718, 1.005630915,
2193.445859156, 1.005839433,
2193.466290695, 1.005743945,
2193.486722333, 1.005778817,
2193.527585410, 1.005753492,
2193.548016949, 1.005658659,
2193.588880025, 1.005892961,
2193.609311564, 1.005820489,
2193.629743102, 1.005816741,
2193.650174740, 1.005862749,
2193.670606179, 1.005881438,
2193.691037717, 1.005909717,
2193.711469355, 1.005765353,
2193.731900793, 1.005838873,
2193.752332332, 1.005894791,
2193.793195408, 1.006153940,
2193.834058485, 1.006042685,
2193.854490023, 1.005855735,
2193.895353099, 1.006128968,
2193.915784637, 1.006243894,
2193.936216275, 1.005853198,
2193.956647713, 1.006103076,
2193.977079252, 1.006111989,
2193.997510890, 1.006025292,
2194.017942328, 1.005962936,
2194.038373966, 1.006134147,
2194.079237042, 1.006328234,
2194.099668580, 1.006160300,
2194.120100118, 1.006268779,
2194.140531656, 1.006267804,
2194.160963294, 1.006186536,
2194.181394732, 1.006431816,
2194.201826270, 1.006266212,
2194.222257908, 1.006232614,
2194.242689346, 1.006260698,
2194.263120884, 1.006220329,
2194.303983960, 1.006292433,
2194.324415598, 1.006152980,
2194.344847136, 1.006350725,
2194.365278574, 1.006241789,
2194.385710212, 1.006042220,
2194.406141650, 1.006379568,
2194.426573188, 1.006734148,
2194.447004826, 1.006180963,
2194.467436264, 1.006406388,
2194.508299439, 1.006275061,
2194.569594053, 1.006409214,
2194.590025591, 1.006733004,
2194.610457129, 1.006281879,
2194.630888667, 1.006636872,
2194.651320205, 1.006457398,
2194.671751843, 1.006398775,
2194.692183281, 1.006644389,
2194.712614819, 1.006332613,
2194.733046456, 1.006296106,
2194.753477894, 1.006427499,
2194.814772508, 1.006543313,
2194.835204146, 1.006654901,
2194.855635684, 1.006670806,
2194.876067122, 1.006506040,
2194.896498760, 1.006420095,
2194.916930297, 1.006472199,
2194.937361735, 1.006870604,
2194.957793373, 1.006835324,
2194.978224911, 1.006567311,
2194.998656449, 1.006446133,
2195.019087987, 1.006576837,
2195.080382601, 1.007390991,
2195.100814139, 1.006712536,
2195.121245677, 1.006683992,
2195.141677214, 1.006712008,
2195.162108752, 1.006838883,
2195.182540290, 1.006734667,
2195.202971828, 1.006747011,
2195.223403366, 1.006893077,
2195.243835004, 1.006958568,
2195.264266442, 1.006663783,
2195.284698080, 1.006895556,
2195.305129618, 1.007085477,
2195.325561056, 1.007017622,
2195.345992694, 1.007370409,
2195.366424232, 1.007025233,
2195.386855670, 1.007142556,
2195.407287308, 1.007408569,
2195.427718846, 1.006886465,
2195.448150284, 1.006973816,
2195.468581922, 1.007237428,
2195.489013460, 1.007011883,
2195.509445098, 1.007294421,
2195.570739713, 1.007101821,
2195.591171151, 1.007432902,
2195.611602689, 1.007254176,
2195.632034327, 1.006960193,
2195.652465765, 1.007150101,
2195.672897303, 1.007178614,
2195.693328941, 1.007293404,
2195.713760479, 1.007240100,
2195.734192018, 1.007413523,
2195.754623556, 1.007259501,
2195.795486632, 1.007296583,
2195.815918170, 1.007414765,
2195.836349609, 1.007315468,
2195.877212785, 1.007206009,
2195.897644223, 1.007440681,
2195.918075862, 1.007344041,
2195.938507400, 1.007389257,
2195.958939038, 1.007478397,
2195.979370477, 1.007228418,
2195.999802015, 1.007291381,
2196.040665092, 1.007301947,
2196.061096630, 1.007635525,
2196.081528269, 1.007374291,
2196.122391246, 1.007533751,
2196.142822884, 1.007587612,
2196.163254323, 1.007359319,
2196.183685861, 1.007497037,
2196.204117500, 1.007495051,
2196.224549038, 1.007774423,
2196.244980577, 1.007667248,
2196.285843654, 1.007673620,
2196.306275193, 1.007663298,
2196.326706731, 1.007522461,
2196.347138270, 1.008534059,
2196.367569909, 1.007910439,
2196.388001347, 1.007701415,
2196.408432886, 1.007782162,
2196.428864425, 1.007837253,
2196.449295964, 1.007441648,
2196.469727602, 1.007852005,
2196.490159041, 1.007971210,
2196.531022219, 1.007720060,
2196.551453658, 1.007818565,
2196.571885197, 1.007872659,
2196.592316836, 1.007688017,
2196.612748275, 1.007725365,
2196.633179814, 1.007685029,
2196.653611453, 1.007936355,
2196.674042892, 1.007993356,
2196.694474531, 1.007904561,
2196.714906070, 1.007990440,
2196.735337609, 1.008007085,
2196.776200687, 1.007939265,
2196.796632226, 1.008072685,
2196.817063766, 1.007709394,
2196.837495305, 1.008030966,
2196.857926844, 1.007905717,
2196.878358483, 1.008180101,
2196.919221562, 1.008327367,
2196.939653102, 1.008310646,
2196.960084541, 1.008277654,
2196.980516180, 1.007736281,
2197.021379159, 1.008038323,
2197.041810799, 1.008409029,
2197.062242338, 1.007846689,
2197.082673778, 1.008433963,
2197.103105418, 1.008021398,
2197.123536957, 1.008215918,
2197.143968597, 1.008520478,
2197.164400037, 1.008084225,
2197.184831476, 1.007957137,
2197.205263116, 1.008009944,
2197.225694656, 1.008153273,
2197.266557736, 1.008131890,
2197.286989276, 1.008101448,
2197.307420816, 1.008213593,
2197.327852356, 1.008362819,
2197.348283896, 1.008243678,
2197.368715536, 1.008170934,
2197.389147076, 1.008176217,
2197.409578516, 1.008054749,
2197.430010156, 1.008013098,
2197.450441696, 1.008364198,
2197.470873136, 1.007952208,
2197.593462579, 1.007976120,
2197.613894019, 1.008066185,
2197.634325560, 1.008133277,
2197.654757200, 1.008438992,
2197.675188641, 1.008310913,
2197.695620181, 1.008220191,
2197.716051822, 1.008340161,
2197.756914803, 1.008280627,
2197.777346444, 1.008169900,
2197.797777885, 1.008349937,
2197.818209526, 1.008067373,
2197.838640967, 1.008394626,
2197.859072608, 1.008388857,
2197.879504149, 1.008179823,
2197.899935590, 1.008581321,
2197.920367131, 1.008399459,
2197.940798772, 1.008277988,
2197.961230313, 1.008587911,
2198.002093395, 1.008672145,
2198.022524937, 1.008564435,
2198.042956478, 1.008643878,
2198.083819561, 1.008238458,
2198.104251202, 1.008500303,
2198.124682644, 1.008686514,
2198.145114185, 1.008288100,
2198.165545827, 1.008544686,
2198.185977268, 1.008633109,
2198.206408810, 1.008450312,
2198.247271894, 1.008505269,
2198.267703535, 1.008631778,
2198.288135077, 1.008570524,
2198.308566519, 1.008344903,
2198.349429703, 1.008412127,
2198.369861245, 1.008593249,
2198.390292787, 1.008897500,
2198.410724329, 1.008360567,
2198.431155871, 1.008780596,
2198.451587414, 1.008161580,
2198.492450498, 1.008516091,
2198.512882041, 1.008760765,
2198.533313583, 1.008493695,
2198.574176668, 1.008694612,
2198.594608211, 1.008666152,
2198.615039853, 1.008633958,
2198.635471296, 1.008717785,
2198.655902839, 1.008486629,
2198.676334481, 1.008735545,
2198.696765924, 1.008542877,
2198.737629110, 1.008667038,
2198.758060553, 1.008797217,
2198.778492196, 1.008749420,
2198.798923739, 1.008610750,
2198.819355182, 1.008880804,
2198.839786826, 1.009053209,
2198.860218369, 1.008851691,
2198.880649812, 1.008663918,
2198.901081455, 1.008920359,
2198.921512999, 1.008867301,
2198.941944642, 1.008834677,
2199.003239273, 1.008626036,
2199.044102261, 1.008725537,
2199.064533904, 1.008680950,
2199.084965448, 1.008602163,
2199.105396992, 1.008633696,
2199.125828536, 1.008512954,
2199.146260080, 1.008809615,
2199.166691624, 1.008778055,
2199.187123168, 1.008640461,
2199.227986257, 1.008738866,
2199.248417801, 1.008377415,
2199.268849246, 1.008657659,
2199.289280890, 1.008538927,
2199.309712435, 1.008475200,
2199.330144079, 1.008731969,
2199.350575524, 1.008590538,
2199.371007068, 1.008531192,
2199.391438713, 1.008369570,
2199.411870158, 1.008693719,
2199.432301703, 1.008870806,
2199.452733348, 1.008661409,
2199.473164793, 1.008830943,
2199.493596338, 1.008618012,
2199.514027983, 1.008824461,
2199.534459428, 1.008572948,
2199.554891073, 1.008882534,
2199.575322619, 1.008567063,
2199.595754164, 1.008900393,
2199.616185710, 1.009143004,
2199.636617255, 1.008714592,
2199.657048801, 1.009345873,
2199.677480346, 1.008786697,
2199.718343438, 1.008856204,
2199.738775084, 1.008809371,
2199.759206529, 1.008782966,
2199.779638175, 1.008694552,
2199.800069721, 1.008860398,
2199.820501168, 1.008760427,
2199.840932814, 1.008574519,
2199.861364260, 1.008795533,
2199.881795806, 1.008987813,
2199.902227453, 1.008904556,
2199.922658899, 1.008811838,
2199.963522092, 1.008853235,
2199.983953539, 1.008683704,
2200.004385185, 1.008676713,
2200.024816732, 1.008755926,
2200.045248179, 1.008874805,
2200.065679826, 1.008866049,
2200.086111373, 1.008848123,
2200.106542920, 1.008595038,
2200.126974467, 1.008855454,
2200.147406014, 1.009030540,
2200.167837662, 1.008881036,
2200.208700656, 1.008785483,
2200.229132304, 1.009544966,
2200.249563851, 1.008933003,
2200.269995299, 1.008808490,
2200.290426947, 1.008847004,
2200.310858494, 1.008808009,
2200.331289942, 1.008941255,
2200.351721590, 1.009461854,
2200.372153138, 1.008863250,
2200.392584786, 1.008284150,
2200.453879431, 1.008916548,
2200.474310879, 1.009020611,
2200.494742428, 1.008818193,
2200.515173976, 1.008707835,
2200.556037073, 1.009107747,
2200.576468622, 1.008655337,
2200.596900171, 1.008620254,
2200.617331820, 1.009022420,
2200.637763269, 1.009017908,
2200.658194818, 1.009280432,
2200.699057916, 1.008709898,
2200.719489466, 1.008950862,
2200.739921115, 1.008882288,
2200.760352564, 1.009163356,
2200.780784114, 1.008919713,
2200.801215764, 1.008933133,
2200.821647313, 1.008902609,
2200.842078863, 1.009160809,
2200.862510413, 1.009153268,
2200.882941963, 1.009096179,
2200.903373613, 1.009135482,
2200.944236613, 1.008758221,
2200.964668263, 1.008800796,
2200.985099714, 1.008989672,
2201.005531364, 1.009084947,
2201.025962915, 1.008972201,
2201.046394365, 1.008815073,
2201.066826016, 1.008947695,
2201.087257567, 1.009051974,
2201.107689017, 1.009041334,
2201.128120668, 1.008768590,
2201.148552219, 1.009081111,
2201.189415322, 1.008934687,
2201.209846873, 1.009135473,
2201.250709976, 1.008875808,
2201.271141527, 1.008887019,
2201.291573079, 1.008824525,
2201.312004630, 1.008798806,
2201.332436182, 1.009067004,
2201.352867734, 1.008916078,
2201.373299286, 1.008728938,
2201.393730838, 1.008931211,
2201.434593942, 1.009024533,
2201.455025595, 1.009144312,
2201.475457147, 1.008826461,
2201.495888600, 1.009041495,
2201.536751805, 1.009253778,
2201.557183258, 1.009066612,
2201.577614910, 1.009022707,
2201.598046463, 1.009817736,
2201.618477916, 1.009207212,
2201.638909569, 1.008645152,
2201.659341123, 1.009370536,
2201.679772776, 1.008940305,
2201.700204229, 1.009168279,
2201.720635783, 1.008901541,
2201.741067436, 1.008897059,
2201.761498890, 1.009416181,
2201.781930444, 1.008968580,
2201.802362098, 1.009196919,
2201.822793552, 1.009198962,
2201.843225206, 1.009571301,
2201.863656760, 1.009382479,
2201.884088214, 1.008755002,
2201.924951323, 1.008983738,
2201.945382877, 1.009133741,
2201.965814532, 1.009048066,
2201.986246086, 1.009002858,
2202.006677541, 1.008901757,
2202.027109196, 1.008953212,
2202.047540751, 1.008942329,
2202.067972306, 1.009101642,
2202.088403861, 1.008685995,
2202.108835417, 1.009122191,
2202.129267072, 1.009250658,
2202.170130083, 1.009059887,
2202.190561739, 1.009399279,
2202.210993194, 1.008975021,
2202.231424750, 1.009070172,
2202.251856406, 1.008789504,
2202.272287862, 1.009031001,
2202.292719518, 1.009375371,
2202.313151075, 1.008773348,
2202.333582531, 1.008944357,
2202.354014187, 1.009232755,
2202.374445744, 1.008228987,
2202.415308857, 1.009258600,
2202.456172071, 1.009005964,
2202.476603528, 1.009113926,
2202.497035085, 1.009764218,
2202.517466643, 1.009118476,
2202.537898200, 1.009059482,
2202.558329758, 1.009255056,
2202.578761315, 1.008720919,
2202.599192873, 1.009003106,
2202.660487546, 1.009426466,
2202.680919205, 1.009336925,
2202.701350763, 1.009230489,
2202.721782221, 1.009024896,
2202.742213879, 1.009145602,
2202.762645438, 1.009370855,
2202.783076897, 1.009325171,
2202.803508555, 1.009108566,
2202.823940114, 1.009352743,
2202.844371573, 1.008863782,
2202.864803232, 1.008903317,
2202.926097910, 1.009290545,
2202.946529469, 1.009354578,
2202.966961129, 1.008788313,
2202.987392589, 1.009217693,
2203.007824149, 1.009235447,
2203.048687268, 1.009096566,
2203.069118929, 1.009179615,
2203.089550489, 1.009032779,
2203.109982049, 1.009095942,
2203.150845170, 1.009310569,
2203.171276731, 1.009081542,
2203.191708292, 1.009253025,
2203.212139853, 1.009098259,
2203.232571414, 1.009146696,
2203.253002975, 1.009226117,
2203.273434536, 1.009159433,
2203.293866197, 1.009094243,
2203.314297659, 1.009214021,
2203.334729220, 1.009243972,
2203.355160882, 1.009199309,
2203.396023906, 1.009456122,
2203.416455568, 1.009187025,
2203.436887030, 1.009023194,
2203.457318592, 1.009060592,
2203.477750255, 1.009326544,
2203.498181717, 1.008944222,
2203.518613380, 1.009258493,
2203.539044943, 1.009084338,
2203.559476405, 1.008859742,
2203.579908068, 1.009359692,
2203.600339631, 1.009548407,
2203.641202758, 1.009006260,
2203.661634321, 1.009170703,
2203.702497449, 1.009024271,
2203.722929012, 1.009077528,
2203.743360676, 1.009184198,
2203.763792240, 1.009076874,
2203.784223704, 1.008969817,
2203.804655369, 1.009265297,
2203.825086933, 1.009225698,
2203.845518398, 1.008857168,
2203.886381627, 1.008905023,
2203.906813192, 1.009296587,
2203.927244757, 1.009028742,
2203.947676222, 1.008813686,
2203.968107887, 1.008995841,
2203.988539453, 1.009260751,
2204.008970918, 1.009119434,
2204.029402584, 1.009237004,
2204.049834149, 1.009334369,
2204.070265615, 1.008443349,
2204.090697281, 1.009351588,
2204.131560513, 1.009098980,
2204.151991980, 1.009078509,
2204.172423546, 1.009054903,
2204.192855213, 1.009259577,
2204.213286679, 1.009079777,
2204.233718246, 1.009008812,
2204.254149913, 1.008831071,
2204.274581480, 1.008924943,
2204.295013048, 1.008945749,
2204.315444615, 1.008718568,
2204.335876182, 1.009122961,
2204.376739318, 1.008979238,
2204.397170886, 1.008949307,
2204.417602454, 1.008513323,
2204.438034022, 1.008840135,
2204.458465590, 1.008705782,
2204.478897258, 1.008834717,
2204.499328727, 1.008542985,
2204.519760395, 1.008689811,
2204.540191864, 1.009072172,
2204.560623433, 1.008922156,
2204.621918140, 1.008835214,
2204.642349810, 1.008910414,
2204.662781279, 1.008688844,
2204.683212949, 1.008612713,
2204.703644519, 1.009063856,
2204.724075989, 1.008868531,
2204.744507659, 1.008794787,
2204.764939229, 1.008743373,
2204.785370699, 1.008667297,
2204.805802370, 1.008837747,
2204.826233940, 1.008727782,
2204.867097082, 1.008812903,
2204.887528653, 1.008923826,
2204.907960324, 1.008805959,
2204.928391895, 1.008959275,
2204.948823366, 1.008977971,
2204.969255038, 1.008747652,
2204.989686610, 1.008617003,
2205.010118081, 1.008718227,
2205.050981325, 1.008960923,
2205.112276042, 1.008413539,
2205.153139188, 1.008747490,
2205.173570761, 1.008519225,
2205.194002334, 1.008285291,
2205.214433907, 1.008425272,
2205.234865480, 1.008683200,
2205.255297054, 1.008727021,
2205.275728627, 1.008644557,
2205.296160301, 1.008563128,
2205.316591775, 1.008829640,
2205.357455023, 1.008607130,
2205.377886497, 1.008800522,
2205.398318072, 1.008482576,
2205.418749746, 1.008571286,
2205.459612796, 1.008448968,
2205.480044471, 1.008594626,
2205.500476046, 1.008673997,
2205.520907621, 1.008670540,
2205.541339196, 1.008398110,
2205.561770772, 1.008622265,
2205.602633923, 1.008318872,
2205.623065499, 1.008727222,
2205.643497175, 1.008586074,
2205.663928652, 1.008408603,
2205.684360228, 1.008514064,
2205.704791905, 1.008557330,
2205.725223381, 1.008428546,
2205.745655058, 1.008793788,
2205.766086635, 1.008476665,
2205.786518112, 1.008575508,
2205.806949790, 1.008724333,
2205.847812845, 1.008321337,
2205.868244522, 1.008480667,
2205.888676100, 1.008482496,
2205.909107678, 1.008568169,
2205.929539256, 1.008420578,
2205.949970735, 1.008515111,
2205.970402413, 1.008448853,
2205.990833992, 1.008772608,
2206.011265571, 1.009193115,
2206.031697149, 1.008618401,
2206.052128728, 1.008491418,
2206.113423467, 1.008707951,
2206.133855146, 1.008253825,
2206.154286726, 1.008596510,
2206.195149886, 1.008907052,
2206.215581466, 1.008487927,
2206.236012947, 1.008365648,
2206.256444627, 1.008372596,
2206.276876208, 1.008542484,
2206.297307889, 1.007925820,
2206.338170951, 1.008378098,
2206.358602632, 1.008223497,
2206.379034114, 1.008584635,
2206.399465695, 1.008675959,
2206.419897377, 1.008502601,
2206.440328859, 1.008694668,
2206.460760441, 1.008455427,
2206.481192123, 1.008341987,
2206.501623606, 1.008440860,
2206.522055288, 1.008171580,
2206.542486871, 1.008661553,
2206.583350037, 1.008558120,
2206.603781520, 1.008217746,
2206.624213104, 1.008551804,
2206.644644787, 1.008313396,
2206.665076271, 1.008484500,
2206.685507854, 1.008529324,
2206.705939538, 1.008457914,
2206.726371123, 1.008531335,
2206.746802707, 1.008380330,
2206.767234291, 1.008534874,
2206.787665876, 1.008478024,
2206.828529046, 1.008641806,
2206.848960631, 1.008278568,
2206.869392316, 1.008294455,
2206.889823801, 1.008266372,
2206.910255487, 1.008487443,
2206.930687073, 1.008711855,
2206.951118558, 1.008226442,
2206.971550244, 1.008397834,
2206.991981831, 1.008430736,
2207.012413317, 1.008393067,
2207.032845004, 1.008333798,
2207.073708077, 1.008441697,
2207.094139764, 1.008367487,
2207.114571351, 1.008755540,
2207.135003039, 1.008828985,
2207.155434526, 1.008561224,
2207.175866114, 1.008520897,
2207.196297802, 1.008828645,
2207.216729290, 1.008326751,
2207.237160878, 1.008649409,
2207.257592466, 1.008616939,
2207.278024155, 1.008517593,
2207.318887332, 1.008463270,
2207.339318821, 1.008279294,
2207.359750510, 1.008495228,
2207.380182099, 1.008244285,
2207.400613589, 1.008450929,
2207.421045279, 1.008591598,
2207.441476868, 1.008578228,
2207.461908358, 1.008739239,
2207.482340049, 1.008653289,
2207.502771639, 1.008739831,
2207.523203329, 1.008681735,
2207.564066411, 1.008688895,
2207.584498102, 1.008665785,
2207.604929593, 1.008916783,
2207.625361184, 1.008886972,
2207.645792876, 1.008787391,
2207.666224368, 1.008564736,
2207.686655959, 1.008879295,
2207.707087651, 1.008132439,
2207.727519144, 1.008551720,
2207.768382428, 1.008707901,
2207.809245614, 1.008478995,
2207.829677207, 1.008493557,
2207.850108800, 1.008696927,
2207.870540394, 1.008733026,
2207.890971987, 1.008676199,
2207.911403581, 1.008505553,
2207.931835175, 1.008725404,
2207.952266769, 1.008595105,
2207.972698363, 1.008490469,
2207.993129958, 1.008483832,
2208.013561552, 1.008537232,
2208.054424742, 1.008547853,
2208.074856337, 1.008419147,
2208.095288033, 1.008618729,
2208.115719528, 1.008591122,
2208.136151224, 1.008593560,
2208.156582820, 1.008201353,
2208.177014316, 1.008548521,
2208.197446012, 1.008311141,
2208.217877608, 1.008732105,
2208.238309105, 1.008399088,
2208.258740801, 1.008572860,
2208.299603895, 1.008659278,
2208.320035593, 1.008590443,
2208.340467190, 1.008470847,
2208.360898888, 1.008476543,
2208.401761984, 1.008347681,
2208.422193682, 1.008331960,
2208.442625180, 1.008500120,
2208.463056779, 1.008429400,
2208.483488477, 1.009220922,
2208.503920076, 1.008675852,
2208.544783274, 1.008518577,
2208.565214874, 1.008442515,
2208.585646474, 1.008718311,
2208.606078073, 1.008584054,
2208.626509573, 1.008428228,
2208.646941273, 1.008399246,
2208.667372874, 1.008305527,
2208.687804374, 1.008104315,
2208.708236075, 1.008519576,
2208.728667676, 1.009091932,
2208.749099377, 1.008636152,
2208.789962480, 1.008392484,
2208.810394181, 1.008313647,
2208.830825683, 1.008593044,
2208.851257285, 1.008450635,
2208.871688987, 1.008605949,
2208.892120490, 1.008336605,
2208.912552192, 1.008249233,
2208.932983795, 1.008223973,
2208.953415298, 1.008171496,
2208.973847001, 1.008251156,
2208.994278605, 1.008162858,
2209.035141812, 1.008624747,
2209.055573416, 1.008480619,
2209.076005020, 1.008641304,
2209.096436624, 1.008423786,
2209.116868228, 1.008611118,
2209.137299933, 1.008716109,
2209.157731538, 1.008469493,
2209.178163043, 1.008521035,
2209.198594748, 1.008486693,
2209.219026353, 1.008403654,
2209.239457859, 1.008431352,
2209.280321071, 1.008552513,
2209.300752777, 1.008789988,
2209.341615890, 1.009467150,
2209.362047597, 1.008448678,
2209.382479204, 1.008185409,
2209.402910711, 1.008481753,
2209.423342418, 1.008640714,
2209.443774025, 1.008555997,
2209.464205533, 1.008583950,
2209.484637241, 1.008786037,
2209.525500557, 1.008394410,
2209.545932066, 1.008748714,
2209.566363675, 1.008620995,
2209.586795383, 1.008611578,
2209.607226893, 1.008223759,
2209.627658502, 1.008502972,
2209.648090211, 1.008297557,
2209.668521821, 1.008465470,
2209.688953431, 1.008656691,
2209.709385041, 1.008526216,
2209.729816651, 1.008251201,
2209.770679872, 1.008317746,
2209.791111483, 1.008521434,
2209.811543194, 1.008963390,
2209.831974705, 1.008641372,
2209.852406317, 1.008560798,
2209.872837928, 1.008312494,
2209.893269540, 1.008328012,
2209.913701252, 1.008709019,
2209.954564377, 1.008438173,
2209.974996089, 1.008499716,
2210.015859215, 1.008462337,
2210.036290929, 1.008329999,
2210.056722442, 1.008487789,
2210.077154156, 1.008590842,
2210.097585769, 1.008538928,
2210.118017284, 1.008570438,
2210.138448998, 1.008426511,
2210.158880612, 1.008651150,
2210.179312227, 1.008505021,
2210.199743842, 1.008451953,
2210.261038688, 1.008597582,
2210.281470303, 1.008531588,
2210.301902019, 1.008502998,
2210.322333535, 1.008733461,
2210.342765151, 1.008461616,
2210.363196868, 1.008999603,
2210.383628485, 1.008608135,
2210.404060001, 1.008580999,
2210.424491719, 1.008443370,
2210.444923336, 1.008542069,
2210.465355053, 1.008286360,
2210.485786571, 1.008735761,
2210.506218189, 1.008711542,
2210.526649807, 1.008365827,
2210.547081426, 1.008543851,
2210.567513044, 1.008198569,
2210.587944763, 1.008619586,
2210.608376282, 1.008559989,
2210.628807901, 1.008976852,
2210.649239520, 1.008355285,
2210.669671140, 1.008589702,
2210.690102860, 1.008580228,
2210.710534380, 1.008466805,
2210.751397720, 1.008522638,
2210.771829241, 1.008159079,
2210.792260862, 1.008275374,
2210.812692583, 1.008444516,
2210.833124204, 1.008783586,
2210.853555826, 1.008449770,
2210.873987448, 1.008279509,
2210.894419070, 1.008415241,
2210.914850692, 1.008671364,
2210.935282314, 1.008661538,
2210.955713937, 1.008398050,
2210.996577182, 1.008897440,
2211.017008805, 1.008770163,
2211.037440529, 1.008706400,
2211.057872053, 1.008834983,
2211.078303776, 1.008619666,
2211.098735400, 1.008733048,
2211.119166925, 1.008883831,
2211.139598649, 1.008949897,
2211.160030274, 1.008551148,
2211.180461799, 1.008774459,
2211.200893524, 1.009007605,
2211.241756775, 1.008885666,
2211.262188401, 1.008671204,
2211.282619927, 1.008678490,
2211.303051653, 1.008764883,
2211.323483279, 1.008969846,
2211.343914806, 1.008886416,
2211.364346533, 1.008744514,
2211.384778160, 1.008589434,
2211.405209787, 1.008829875,
2211.425641415, 1.009059297,
2211.446073042, 1.008942887,
2211.486936299, 1.008879918,
2211.507367927, 1.008826538,
2211.527799655, 1.008760022,
2211.548231284, 1.008883162,
2211.568662813, 1.008924428,
2211.589094542, 1.008390101,
2211.609526172, 1.008963939,
2211.629957802, 1.008960672,
2211.650389432, 1.008920281,
2211.670821062, 1.009306197,
2211.691252792, 1.008871802,
2211.732115954, 1.009016361,
2211.752547685, 1.008844743,
2211.772979216, 1.009137551,
2211.793410847, 1.009322715,
2211.813842579, 1.009063157,
2211.834274111, 1.009093766,
2211.854705843, 1.008987657,
2211.875137476, 1.009302349,
2211.895569008, 1.009031015,
2211.916000741, 1.008871462,
2211.936432274, 1.008959298,
2211.977295641, 1.009053004,
2211.997727175, 1.009146898,
2212.018158909, 1.008960886,
2212.038590543, 1.009109081,
2212.059022178, 1.008914649,
2212.079453812, 1.009007459,
2212.099885447, 1.008943889,
2212.120317082, 1.009131627,
2212.140748718, 1.009108118,
2212.161180353, 1.009067088,
2212.181611989, 1.009150918,
2212.202043725, 1.009231989,
2212.222475261, 1.009460926,
2212.242906998, 1.008983698,
2212.263338635, 1.009132022,
2212.283770172, 1.009292462,
2212.304201909, 1.009360642,
2212.324633546, 1.009411322,
2212.345065084, 1.009070049,
2212.365496822, 1.009204089,
2212.385928460, 1.009283434,
2212.406360198, 1.009261750,
2212.426791737, 1.009165947,
2212.467655115, 1.009396407,
2212.488086654, 1.009238377,
2212.508518293, 1.009223264,
2212.528950033, 1.009388240,
2212.549381573, 1.009243885,
2212.590244854, 1.009175039,
2212.610676495, 1.009432155,
2212.631108235, 1.009387045,
2212.651539777, 1.009235282,
2212.671971418, 1.009142600,
2212.712834801, 1.009544639,
2212.733266343, 1.009699269,
2212.753698086, 1.009197413,
2212.774129728, 1.009370170,
2212.794561271, 1.009420931,
2212.814993014, 1.009312751,
2212.835424657, 1.009255554,
2212.855856401, 1.009336197,
2212.896719589, 1.009040549,
2212.917151333, 1.009172863,
2212.958014522, 1.009603543,
2212.978446267, 1.009351271,
2212.998877812, 1.009524510,
2213.019309558, 1.009288397,
2213.039741203, 1.009624266,
2213.060172749, 1.009479959,
2213.080604495, 1.009418319,
2213.101036142, 1.009318930,
2213.121467688, 1.009514785,
2213.141899435, 1.009994329,
2213.162331082, 1.009174922,
2213.203194377, 1.009166724,
2213.223626025, 1.009320351,
2213.244057673, 1.009770679,
2213.264489321, 1.007971196,
