BJD - 2454833, Corrected Flux
2061.305662693, 1.001848589,
2061.326094948, 1.001823231,
2061.346527103, 1.001541686,
2061.366959158, 1.001752669,
2061.387391412, 1.002063300,
2061.407823565, 1.001692079,
2061.489552276, 1.000349436,
2061.509984327, 1.000227162,
2061.530416478, 1.000203632,
2061.550848729, 1.000117355,
2061.571280879, 1.000166163,
2061.591712929, 1.000062775,
2061.612145178, 0.999469848,
2061.632577327, 0.999716586,
2061.653009375, 0.999583470,
2061.673441623, 0.999461179,
2061.693873771, 0.999515999,
2061.714305918, 0.999413157,
2061.734738065, 0.999832717,
2061.755170211, 0.999973335,
2061.775602357, 0.999863673,
2061.796034502, 0.999635572,
2061.816466647, 0.999883220,
2061.836898792, 0.999735733,
2061.857330935, 0.999575722,
2061.877762979, 0.999311608,
2061.898195222, 0.998800989,
2061.918627365, 0.998825303,
2061.939059508, 0.998748299,
2061.959491650, 0.999106515,
2061.979923791, 0.998859088,
2062.000356032, 0.998864968,
2062.020788073, 0.999098389,
2062.041220213, 0.998709894,
2062.061652453, 0.998911875,
2062.082084492, 0.998842762,
2062.102516631, 0.999010456,
2062.122948870, 0.998810628,
2062.143381007, 0.999028607,
2062.163813045, 0.998972614,
2062.225109455, 0.998688408,
2062.245541691, 0.998812773,
2062.265973827, 0.998936805,
2062.286405862, 0.998784952,
2062.306838096, 0.998637777,
2062.327270231, 0.998635160,
2062.347702464, 0.998830618,
2062.368134498, 0.998974438,
2062.388566631, 0.998574361,
2062.408998863, 0.998945198,
2062.429430895, 0.998950106,
2062.449863027, 0.999030614,
2062.470295158, 0.998629024,
2062.490727288, 0.998473342,
2062.511159419, 0.998449726,
2062.531591549, 0.998609186,
2062.552023678, 0.998507204,
2062.572455807, 0.998426432,
2062.592887936, 0.998603023,
2062.613320064, 0.998722873,
2062.633752192, 0.999042109,
2062.654184419, 0.998696048,
2062.674616446, 0.998670660,
2062.695048673, 0.998416457,
2062.715480798, 0.998908158,
2062.735912824, 0.998982433,
2062.756345049, 0.998948241,
2062.776777174, 0.998975065,
2062.797209198, 0.999228223,
2062.817641422, 0.999121178,
2062.838073546, 0.999042823,
2062.858505569, 0.999413712,
2062.878937791, 0.998837203,
2062.899369914, 0.998327125,
2062.919801935, 0.998658855,
2062.940234157, 0.998800191,
2062.960666278, 0.999067696,
2062.981098398, 0.998784947,
2063.001530518, 0.998884500,
2063.021962638, 0.998782069,
2063.042394757, 0.998995766,
2063.062826876, 0.999035977,
2063.083258995, 0.998916450,
2063.103691212, 0.998949044,
2063.124123330, 0.999088794,
2063.144555347, 0.998524528,
2063.164987564, 0.998177432,
2063.185419680, 0.998191776,
2063.205851696, 0.998460441,
2063.226283911, 0.998088920,
2063.246715926, 0.997940017,
2063.267148041, 0.998013826,
2063.287580255, 0.997563304,
2063.308012269, 0.997585179,
2063.328444382, 0.997723539,
2063.348876595, 0.997642610,
2063.369308607, 0.998023790,
2063.389740720, 0.997949866,
2063.410172931, 0.998189189,
2063.430604943, 0.998348874,
2063.451037054, 0.997950105,
2063.471469264, 0.998275706,
2063.491901374, 0.998186185,
2063.512333483, 0.998114491,
2063.532765592, 0.998296771,
2063.553197701, 0.998495828,
2063.573629809, 0.998493741,
2063.594061917, 0.998405369,
2063.614494025, 0.998616630,
2063.696222550, 0.997720715,
2063.716654556, 0.997591640,
2063.737086660, 0.997472887,
2063.757518865, 0.997637902,
2063.777950869, 0.998028455,
2063.798382973, 0.997987831,
2063.818815176, 0.998217853,
2063.839247178, 0.998105983,
2063.859679281, 0.998389085,
2063.880111483, 0.998366203,
2063.900543484, 0.997715459,
2063.920975686, 0.998068445,
2063.941407786, 0.997894563,
2063.961839787, 0.997741990,
2063.982271987, 0.998031182,
2064.002704086, 0.998068775,
2064.023136085, 0.997933318,
2064.043568284, 0.997983529,
2064.064000382, 0.998249912,
2064.084432380, 0.998430450,
2064.104864578, 0.998759126,
2064.554370615, 0.997538590,
2064.574802803, 0.997494117,
2064.595234891, 0.997795470,
2064.615666878, 0.997596831,
2064.636099064, 0.997930120,
2064.656531150, 0.998001050,
2064.738259391, 0.997619544,
2064.758691575, 0.997729369,
2064.779123559, 0.997929589,
2064.799555743, 0.997592801,
2064.819987825, 0.997579426,
2064.840419908, 0.997935431,
2064.860851990, 0.997677794,
2064.922148234, 0.997847867,
2064.942580314, 0.997760275,
2064.963012394, 0.997796704,
2065.003876554, 0.997869263,
2065.024308632, 0.998053506,
2065.044740811, 0.998131211,
2065.065172789, 0.998168863,
2065.085604866, 0.998297369,
2065.106037044, 0.998139053,
2065.126469020, 0.998194172,
2065.146901097, 0.998353091,
2065.167333273, 0.998062941,
2065.187765248, 0.998190047,
2065.208197423, 0.998338571,
2065.228629498, 0.998402882,
2065.249061473, 0.998332121,
2065.269493647, 0.998339673,
2065.289925720, 0.998571377,
2065.310357793, 0.998205694,
2065.330789866, 0.998355520,
2065.351221938, 0.998549971,
2065.371654010, 0.998439763,
2065.392086082, 0.998506691,
2065.412518153, 0.998554170,
2065.432950224, 0.998525182,
2065.453382294, 0.998869763,
2065.473814364, 0.999079015,
2065.494246333, 0.998828936,
2065.514678502, 0.998385960,
2065.535110571, 0.998798865,
2065.555542539, 0.998785097,
2065.575974707, 0.998733165,
2065.596406774, 0.998595945,
2065.657702974, 0.998588210,
2065.678135140, 0.998055674,
2065.698567105, 0.998263993,
2065.718999171, 0.997958560,
2065.739431335, 0.998086771,
2065.759863300, 0.997954944,
2065.780295363, 0.998081256,
2065.800727527, 0.997920285,
2065.841591552, 0.997634070,
2065.862023715, 0.998028869,
2065.882455776, 0.997745350,
2065.902887738, 0.997988497,
2065.923319899, 0.998254797,
2065.943751959, 0.998459357,
2065.964183920, 0.998779472,
2065.984616079, 0.998640272,
2066.005048139, 0.998397569,
2066.025480098, 0.998110243,
2066.045912256, 0.997991820,
2066.066344314, 0.997990871,
2066.086776472, 0.998117098,
2066.148072543, 0.997785476,
2066.168504599, 0.998110647,
2066.188936655, 0.998405021,
2066.209368711, 0.998539123,
2066.229800765, 0.998331433,
2066.250232820, 0.998297922,
2066.270664874, 0.998206536,
2066.291096928, 0.998415003,
2066.311528982, 0.998125159,
2066.331961135, 0.998236234,
2066.393257291, 0.998051098,
2066.413689243, 0.998172293,
2066.434121293, 0.998406761,
2066.454553444, 0.997853628,
2066.474985394, 0.997974830,
2066.495417444, 0.998121939,
2066.515849594, 0.998143547,
2066.536281542, 0.998205165,
2066.556713691, 0.997987294,
2066.577145739, 0.998269944,
2066.597577687, 0.998335084,
2066.618009835, 0.998553462,
2066.638441882, 0.998235899,
2066.658873928, 0.998263295,
2066.679305974, 0.998497465,
2066.699738021, 0.998747400,
2066.720170066, 0.998973988,
2066.740602111, 0.999173645,
2066.761034156, 0.998996247,
2066.781466200, 0.998866194,
2066.801898344, 0.999048268,
2066.822330287, 0.998705128,
2066.863194373, 0.998187358,
2066.883626415, 0.998417592,
2066.904058457, 0.998687226,
2066.924490599, 0.998519743,
2066.944922540, 0.998583535,
2066.965354480, 0.998650030,
2066.985786621, 0.998686245,
2067.006218661, 0.998883971,
2067.026650800, 0.999136287,
2067.047082739, 0.998876003,
2067.067514778, 0.998878598,
2067.087946916, 0.998569825,
2067.108378854, 0.998401946,
2067.128810892, 0.998244073,
2067.149243029, 0.998463264,
2067.169675066, 0.998426847,
2067.190107002, 0.998099940,
2067.210539138, 0.998121550,
2067.230971174, 0.998233065,
2067.251403109, 0.997970762,
2067.292267278, 0.998114984,
2067.353563379, 0.997971126,
2067.373995312, 0.998162363,
2067.394427444, 0.997984368,
2067.414859477, 0.997951226,
2067.435291408, 0.998055405,
2067.455723539, 0.998386464,
2067.476155571, 0.998300069,
2067.496587701, 0.998234926,
2067.517019631, 0.998607446,
2067.537451661, 0.998589760,
2067.557883790, 0.998696003,
2067.578315719, 0.998816380,
2067.598747747, 0.998824100,
2067.619179776, 0.998650829,
2067.639611904, 0.998305314,
2067.660043831, 0.998388091,
2067.680475858, 0.998544950,
2067.700907885, 0.998487228,
2067.721339911, 0.998307061,
2067.741772037, 0.998560041,
2067.762203962, 0.998217597,
2067.782635988, 0.998279828,
2067.864364184, 0.997863257,
2067.884796107, 0.998228089,
2067.905228230, 0.998547783,
2067.925660252, 0.998423103,
2067.946092174, 0.998537483,
2067.966524296, 0.998526361,
2067.986956317, 0.998618358,
2068.007388338, 0.998779991,
2068.048252379, 0.998612325,
2068.129980455, 0.998836741,
2068.170844491, 0.998431015,
2068.191276508, 0.998578519,
2068.211708625, 0.998811059,
2068.232140541, 0.998750099,
2068.252572558, 0.998951779,
2068.273004673, 0.998811109,
2068.293436589, 0.998921063,
2068.313868604, 0.998247318,
2068.334300719, 0.998240718,
2068.354732633, 0.998636666,
2068.375164747, 0.998628122,
2068.395596660, 0.998582034,
2068.416028674, 0.997878844,
2068.436460787, 0.998210881,
2068.456892699, 0.998128443,
2068.477324711, 0.998573260,
2068.497756823, 0.998336703,
2068.518188734, 0.997931274,
2068.538620745, 0.997796696,
2068.559052855, 0.997621853,
2068.579484865, 0.997986421,
2068.599916775, 0.998155944,
2068.620348884, 0.997920967,
2068.640780894, 0.998170575,
2068.661212802, 0.998070855,
2068.681644910, 0.998237781,
2068.702076918, 0.998573595,
2068.722508826, 0.998289543,
2068.742940933, 0.998283625,
2068.763372939, 0.998324468,
2068.783805046, 0.997674859,
2068.845101062, 0.998214827,
2068.865532967, 0.998380974,
2068.885964971, 0.998276408,
2068.906397075, 0.998403780,
2068.926828979, 0.998603368,
2068.947260982, 0.998249909,
2068.967693085, 0.998080661,
2068.988125088, 0.998130180,
2069.008556990, 0.998486020,
2069.028989092, 0.998308503,
2069.049421093, 0.998448242,
2069.069852994, 0.998354004,
2069.090285095, 0.998159908,
2069.110716995, 0.998198603,
2069.151581094, 1.000382131,
2069.172013093, 0.998689572,
2069.192444992, 0.998837469,
2069.212877091, 0.998362412,
2069.233308989, 0.998395472,
2069.253741086, 0.998921223,
2069.274173083, 0.999152579,
2069.315037077, 0.999143902,
2069.335469073, 0.999210174,
2069.355900969, 0.999082701,
2069.376333064, 0.998958825,
2069.396765059, 0.998936557,
2069.417197054, 0.999077720,
2069.437629048, 0.999469468,
2069.458061042, 0.999324372,
2069.478493035, 0.999345954,
2069.498925028, 0.999100048,
2069.519357021, 0.999113233,
2069.580652997, 0.999336327,
2069.601084989, 0.999147352,
2069.621517079, 0.999183719,
2069.641948970, 0.998854085,
2069.662381060, 0.999143166,
2069.703244939, 0.998929499,
2069.723677028, 0.998680813,
2069.744109017, 0.998560094,
2069.784972993, 0.998412982,
2069.805404981, 0.998667342,
2069.825836868, 0.998561820,
2069.846268955, 0.998454687,
2069.866700841, 0.998408697,
2069.887132927, 0.998342081,
2069.907564913, 0.998078878,
2069.927996898, 0.998649442,
2069.948428783, 0.998440104,
2069.989292852, 0.998684212,
2070.009724736, 0.998992423,
2070.111884749, 0.998477315,
2070.132316831, 0.998363890,
2070.152748713, 0.998529337,
2070.173180694, 0.998750844,
2070.193612774, 0.998803934,
2070.214044654, 0.998282117,
2070.234476634, 0.998466291,
2070.254908713, 0.998130281,
2070.316204650, 0.998375497,
2070.336636528, 0.998211430,
2070.357068505, 0.998573887,
2070.377500582, 0.998044428,
2070.397932559, 0.998573056,
2070.418364436, 0.998464588,
2070.438796512, 0.998422558,
2070.459228487, 0.998242087,
2070.479660363, 0.998455017,
2070.500092438, 0.998544852,
2070.540956487, 0.998709120,
2070.561388361, 0.998746915,
2070.581820235, 0.998686229,
2070.602252308, 0.998885593,
2070.622684281, 0.998931415,
2070.663548225, 0.999507920,
2070.683980197, 0.999216268,
2070.724844139, 0.999395892,
2070.745276110, 0.998986956,
2070.765708080, 0.999128558,
2070.786140050, 0.999328803,
2070.827003989, 0.999467158,
2070.867867927, 0.998843720,
2070.888299895, 1.000345570,
2070.908731962, 0.999089642,
2070.929163830, 0.999142409,
2070.970027863, 0.999230302,
2070.990459730, 0.999046792,
2071.031323761, 0.998697664,
2071.051755627, 0.998189472,
2071.072187692, 0.998558257,
2071.092619656, 0.998404802,
2071.113051520, 0.998943602,
2071.153915548, 0.998736391,
2071.174347411, 0.998576196,
2071.194779474, 0.998620767,
2071.215211436, 0.998665956,
2071.296939282, 0.998755790,
2071.317371242, 0.998799921,
2071.337803202, 0.998385932,
2071.358235162, 0.998284211,
2071.378667122, 0.998487604,
2071.399099081, 0.999047802,
2071.419531139, 0.998994272,
2071.439962998, 0.998513492,
2071.460394956, 0.998888679,
2071.480827014, 0.998763337,
2071.501258871, 0.998530931,
2071.582986697, 0.998812329,
2071.603418752, 0.998604187,
2071.623850608, 0.998303680,
2071.664714617, 0.998559953,
2071.685146471, 0.998862514,
2071.705578425, 0.998751300,
2071.726010479, 0.999124560,
2071.746442431, 0.998778100,
2071.766874384, 0.998840595,
2071.807738289, 0.999427336,
2071.828170241, 0.998834269,
2071.848602192, 0.998797447,
2071.869034143, 0.998557086,
2071.930329994, 0.998632107,
2071.950762043, 0.998870860,
2071.971193892, 0.998819001,
2072.052921686, 0.998684285,
2072.073353633, 0.999211746,
2072.093785580, 0.999379653,
2072.114217527, 0.999092924,
2072.155081419, 0.998944932,
2072.175513365, 0.998778022,
2072.195945310, 0.999297792,
2072.216377255, 0.999252230,
2072.236809300, 0.999108073,
2072.257241244, 0.999317199,
2072.277673088, 0.999376796,
2072.298105131, 0.998663944,
2072.318537075, 0.998441189,
2072.338968918, 0.998630730,
2072.379832902, 0.999079362,
2072.400264744, 0.999324041,
2072.420696786, 0.998928160,
2072.441128727, 0.998734902,
2072.502424548, 0.998798345,
2072.543288427, 0.999062080,
2072.563720366, 0.998875555,
2072.584152305, 0.999453456,
2072.604584243, 0.998601523,
2072.645448219, 0.998702614,
2072.665880056, 0.998978658,
2072.686311993, 0.998930898,
2072.747607802, 0.999284025,
2072.768039837, 0.999147482,
2072.788471773, 0.998797752,
2072.829335642, 0.998535275,
2072.849767477, 0.998664775,
2072.890631444, 0.998606564,
2072.911063277, 0.998774043,
2072.931495210, 0.998616098,
2072.951927242, 0.998785961,
2072.972359074, 0.999112996,
2072.992791006, 0.998775763,
2073.013223037, 0.999118553,
2073.033654868, 0.998777511,
2073.054086899, 0.998987789,
2073.074518829, 0.999140779,
2073.094950760, 0.998950598,
2073.115382689, 0.999175351,
2073.135814619, 0.999287112,
2073.156246548, 0.999335736,
2073.258406188, 0.998916177,
2073.278838115, 0.999017920,
2073.299270141, 0.999131580,
2073.319701968, 0.999257441,
2073.340133894, 0.999314786,
2073.360565919, 0.999068606,
2073.401429669, 0.999396952,
2073.421861594, 0.999763775,
2073.442293518, 0.999438233,
2073.462725542, 0.999204562,
2073.483157366, 0.998978814,
2073.503589289, 0.999574983,
2073.524021312, 0.999428782,
2073.544453134, 0.998904746,
2073.564885056, 0.999142565,
2073.585317078, 0.998861655,
2073.605749000, 0.998579371,
2073.626180821, 0.998883622,
2073.646612842, 0.998712944,
2073.667044762, 0.998893015,
2073.748772341, 0.998864451,
2073.769204360, 0.998711683,
2073.789636278, 0.998870911,
2073.810068097, 0.999057017,
2073.830500114, 0.998956029,
2073.850932032, 0.998775826,
2073.871364049, 0.998896673,
2073.891795866, 0.999167690,
2073.912227782, 0.999247326,
2073.932659798, 0.998730100,
2073.993955545, 0.998947517,
2074.014387359, 0.999306750,
2074.034819274, 0.999515852,
2074.055251288, 0.999312646,
2074.075683202, 0.998983344,
2074.096115015, 0.999199330,
2074.116547028, 0.999323803,
2074.136978841, 0.999736207,
2074.157410753, 0.999571875,
2074.177842766, 0.999149916,
2074.239138500, 0.999468891,
2074.259570311, 0.998832891,
2074.280002221, 0.999296198,
2074.300434231, 0.999167435,
2074.320866041, 0.998846331,
2074.341298051, 0.999016167,
2074.361729960, 0.998870732,
2074.382161768, 0.998665407,
2074.423025685, 0.998691631,
2074.443457593, 0.999003891,
2074.463889500, 0.998833965,
2074.484321407, 0.998753012,
2074.504753314, 0.998717239,
2074.525185221, 0.998882704,
2074.545617127, 0.999311571,
2074.566049033, 0.999162622,
2074.586481038, 0.999360964,
2074.606912843, 0.999077375,
2074.627344748, 0.998997866,
2074.647776752, 0.999344715,
2074.709072464, 0.999303551,
2074.729504267, 0.999408708,
2074.749936270, 0.999499219,
2074.770368172, 0.999262277,
2074.790799974, 0.999278682,
2074.811231976, 0.999294083,
2074.831663878, 0.998943559,
2074.852095679, 0.998908887,
2074.872527680, 0.999052400,
2074.892959480, 0.999022719,
2074.913391381, 0.999013589,
2074.954255180, 0.999177563,
2074.974687079, 0.999037105,
2074.995119078, 0.999141555,
2075.015550977, 0.999103605,
2075.035982775, 0.999329060,
2075.056414773, 0.999276034,
2075.076846670, 0.998995321,
2075.097278468, 0.999105503,
2075.117710465, 0.999028872,
2075.138142361, 0.999223706,
2075.158574357, 0.998985504,
2075.179006153, 0.999045980,
2075.199438049, 0.999260637,
2075.219870044, 0.998766956,
2075.240301839, 0.998735067,
2075.260733734, 0.999064968,
2075.281165728, 0.998942295,
2075.301597522, 0.999128556,
2075.322029416, 0.999155813,
2075.342461409, 0.999494391,
2075.362893202, 0.999309101,
2075.383325095, 0.999582488,
2075.465052763, 0.999683588,
2075.526348435, 0.999323830,
2075.546780325, 0.999148583,
2075.567212215, 0.999437062,
2075.587644105, 0.999309305,
2075.608075994, 0.999012674,
2075.628507883, 0.999264960,
2075.648939771, 0.999453845,
2075.710235435, 0.999103524,
2075.730667222, 0.999066777,
2075.751099209, 0.999421332,
2075.771531096, 0.999236707,
2075.791962882, 0.999148580,
2075.812394868, 0.998955367,
2075.832826753, 0.998754762,
2075.853258639, 0.999020498,
2075.873690524, 0.998981164,
2075.894122408, 0.999354966,
2075.955418060, 0.999022799,
2075.975850044, 0.999054362,
2075.996281927, 0.998970250,
2076.016713710, 0.999132373,
2076.037145692, 0.998518044,
2076.057577574, 0.998998294,
2076.078009356, 0.999142572,
2076.098441338, 0.999310570,
2076.118873219, 0.999520781,
2076.139305000, 0.999259825,
2076.159736980, 0.999048798,
2076.180168860, 0.999160732,
2076.200600641, 0.999055878,
2076.221032620, 0.999002280,
2076.241464499, 0.999149203,
2076.261896378, 0.999036222,
2076.302760135, 0.999134839,
2076.323192013, 0.999409300,
2076.343623891, 0.999687416,
2076.364055768, 0.999736976,
2076.425351399, 0.998891586,
2076.445783275, 0.999280955,
2076.466215151, 0.999245400,
2076.486647026, 0.999030694,
2076.507079001, 0.998997407,
2076.527510776, 0.999035539,
2076.568374625, 0.999511905,
2076.588806399, 0.999305007,
2076.609238273, 0.999513845,
2076.670533892, 0.999819116,
2076.690965864, 0.999784995,
2076.711397636, 0.999522850,
2076.731829508, 0.999886170,
2076.752261479, 0.999366309,
2076.772693251, 0.999522487,
2076.813557092, 0.999234203,
2076.833988962, 0.999221169,
2076.854420832, 0.999618930,
2076.874852702, 0.999747358,
2076.915716540, 0.999720835,
2076.936148309, 0.999104698,
2076.956580177, 0.999336873,
2076.977012145, 0.999531342,
2076.997443912, 0.999570106,
2077.017875780, 0.999277825,
2077.038307647, 0.999219782,
2077.058739514, 0.999388592,
2077.079171380, 0.999289948,
2077.099603246, 0.999331370,
2077.120035112, 0.999047932,
2077.140466878, 0.999553517,
2077.160898843, 0.999357681,
2077.181330708, 0.999572354,
2077.201762673, 0.999121002,
2077.222194437, 0.999168095,
2077.242626301, 0.999508505,
2077.263058265, 0.999847535,
2077.283490028, 0.999423551,
2077.324353854, 0.999121251,
2077.344785717, 0.999210514,
2077.365217479, 0.999487836,
2077.426513064, 0.999544784,
2077.446945025, 0.999589028,
2077.467376885, 0.999358881,
2077.487808646, 0.999804487,
2077.508240606, 0.999344842,
2077.528672465, 0.999022179,
2077.549104225, 0.999238786,
2077.671695575, 0.999602573,
2077.692127333, 0.999570939,
2077.712559190, 0.999696017,
2077.732991146, 0.999751247,
2077.753422903, 0.999438383,
2077.773854759, 0.999549493,
2077.794286615, 0.999549154,
2077.835150325, 0.999680873,
2077.855582280, 0.998981097,
2077.937309597, 0.999699494,
2077.957741550, 0.999986998,
2077.978173403, 0.999962879,
2077.998605156, 0.999340411,
2078.019037109, 0.999510868,
2078.039468961, 0.999894991,
2078.059900713, 0.999748819,
2078.080332664, 0.999801255,
2078.100764516, 0.999920289,
2078.162060068, 0.999899153,
2078.182491918, 0.999614337,
2078.202923768, 0.999756924,
2078.223355617, 0.999813072,
2078.243787466, 0.999371640,
2078.264219315, 0.998773152,
2078.345946708, 0.999702081,
2078.366378655, 0.999588377,
2078.550265269, 0.998787238,
2078.754583700, 0.999976376,
2078.795447383, 0.999822101,
2078.938470264, 0.998533141,
2078.958902203, 0.999683660,
2078.979333941, 0.999564451,
2079.020197718, 1.000215368,
2079.040629455, 0.999821580,
2079.183652411, 0.999557894,
2079.224516082, 1.000062766,
2079.265379751, 0.999844585,
2079.285811485, 0.999814973,
2079.306243419, 0.999889385,
2079.326675253, 0.999627325,
2079.347106987, 0.999675546,
2079.387970753, 1.000092163,
2079.408402485, 0.999747295,
2079.490129912, 0.999811781,
2079.510561743, 0.999773382,
2079.530993574, 0.999501688,
2079.551425405, 0.999826941,
2079.571857235, 0.999709948,
2079.612720895, 0.999501111,
2079.633152724, 0.999810080,
2079.653584653, 0.999660382,
2079.674016482, 0.999309695,
2079.694448211, 0.999676479,
2079.714880139, 0.999752187,
2079.735311967, 0.999658288,
2079.755743694, 0.999492855,
2079.776175622, 0.999337132,
2079.796607449, 1.000013617,
2079.878334654, 0.999184593,
2079.898766580, 0.999439838,
2079.919198406, 0.999523760,
2079.939630131, 0.999779918,
2079.960062055, 0.999624191,
2079.980493880, 0.999716354,
2080.000925704, 0.999894191,
2080.041789352, 0.999762194,
2080.123516644, 0.999390437,
2080.143948467, 0.999293484,
2080.164380288, 0.999420977,
2080.184812210, 0.999605693,
2080.205243932, 0.999412142,
2080.225675753, 0.999546313,
2080.246107674, 0.999397727,
2080.266539394, 0.999550449,
2080.286971215, 0.999980756,
2080.307403135, 0.999778220,
2080.389130312, 0.999963178,
2080.409562231, 1.000077608,
2080.429994049, 0.999624686,
2080.450425768, 0.999582207,
2080.470857685, 0.999737026,
2080.491289503, 0.999747418,
2080.511721320, 0.999795382,
2080.532153137, 0.999553922,
2080.552584954, 0.999588231,
2080.573016770, 0.999440770,
2080.593448587, 0.999691542,
2080.613880403, 0.999565989,
2080.634312218, 0.999842534,
2080.654744134, 1.000064034,
2080.675175849, 1.000142836,
2080.695607663, 0.999785159,
2080.716039478, 0.999808488,
2080.736471292, 0.999914437,
2080.756903006, 0.999554232,
2080.777334920, 0.999855793,
2080.797766733, 0.999461771,
2080.859062172, 0.999707603,
2080.879494084, 0.999660371,
2080.899925796, 0.999773958,
2080.920357608, 0.999708911,
2080.961221231, 0.999298718,
2080.981653042, 0.999574682,
2081.002084953, 0.999281733,
2081.022516763, 0.999494828,
2081.042948473, 0.999446725,
2081.063380383, 0.999372836,
2081.083812193, 0.999713905,
2081.104243902, 0.999665493,
2081.124675811, 0.999843880,
2081.145107620, 0.999792523,
2081.165539328, 0.999932068,
2081.185971237, 0.999927278,
2081.226834952, 0.999927480,
2081.247266660, 0.999645607,
2081.267698467, 0.999648435,
2081.288130374, 0.999722336,
2081.349425793, 1.000248719,
2081.369857499, 1.000163865,
2081.390289304, 1.000389286,
2081.410721110, 0.999942449,
2081.431152915, 1.000066693,
2081.451584719, 0.999928251,
2081.472016524, 1.000068983,
2081.492448328, 0.999987398,
2081.512880132, 1.000092634,
2081.533311936, 1.000034603,
2081.553743739, 0.999928587,
2081.574175542, 0.999714967,
2081.594607445, 0.999752048,
2081.615039148, 0.999821634,
2081.635471050, 0.999867028,
2081.676334554, 1.000132650,
2081.696766456, 0.999852651,
2081.737629958, 1.000157429,
2081.758061859, 1.000010093,
2081.839789059, 0.999525374,
2081.860220858, 0.999933774,
2081.880652657, 0.999770974,
2081.901084456, 0.999820294,
2081.921516255, 1.000138250,
2081.941948053, 1.000396728,
2081.962379851, 1.000474610,
2081.982811649, 1.000465831,
2082.003243447, 1.000537348,
2082.023675244, 1.000129458,
2082.044107141, 1.000002480,
2082.064538938, 1.000439353,
2082.084970634, 1.000111547,
2082.105402531, 0.999497702,
2082.125834227, 1.000233815,
2082.146266022, 1.000024893,
2082.166697918, 1.000072701,
2082.187129613, 0.999804987,
2082.207561408, 1.000021981,
2082.227993303, 0.999757922,
2082.248424997, 0.999762115,
2082.330152172, 0.999615643,
2082.350584065, 0.999611369,
2082.371015758, 0.999783077,
2082.391447551, 0.999512894,
2082.411879443, 0.999549063,
2082.432311235, 0.999792527,
2082.452743027, 1.000254186,
2082.473174819, 0.999906377,
2082.493606610, 0.999898001,
2082.514038501, 1.000396877,
2082.534470192, 1.000474395,
2082.554901982, 0.999829359,
2082.575333873, 1.000264423,
2082.595765563, 1.000203773,
2082.616197352, 1.000261169,
2082.636629242, 1.000614051,
2082.657060931, 1.000764777,
2082.677492720, 1.000583691,
2082.697924609, 1.000260605,
2082.718356297, 0.999881303,
2082.738788085, 1.000223265,
2082.759219974, 1.000351864,
2082.820515336, 1.000081042,
2082.840947023, 1.000239078,
2082.861378910, 1.000155457,
2082.881810696, 1.000114510,
2082.902242382, 1.000269562,
2082.922674268, 1.000690542,
2082.943106054, 1.000123991,
2082.963537739, 1.000080878,
2082.983969624, 1.000379820,
2083.004401409, 1.000314855,
2083.024833094, 1.000298748,
2083.045264978, 1.000427710,
2083.065696762, 1.000445549,
2083.086128446, 1.000656558,
2083.106560330, 1.000437303,
2083.126992113, 1.000640416,
2083.147423796, 1.000289195,
2083.167855679, 1.000159920,
2083.188287462, 1.000286512,
2083.208719344, 1.000375000,
2083.229151026, 1.000434042,
2083.310878152, 1.000187243,
2083.331310033, 1.000651070,
2083.351741814, 1.000812757,
2083.372173494, 1.000606816,
2083.392605374, 1.000255163,
2083.413037154, 1.000341046,
2083.433468834, 1.000261125,
2083.453900713, 1.000399580,
2083.474332492, 1.000219357,
2083.494764171, 1.000172850,
2083.515196050, 1.000111882,
2083.535627828, 1.000273001,
2083.556059706, 0.999985799,
2083.576491384, 1.000094246,
2083.596923162, 0.999922499,
2083.617354939, 0.999964675,
2083.637786716, 0.999561698,
2083.658218393, 1.000125045,
2083.678650270, 1.000034392,
2083.699082046, 0.999913773,
2083.719513722, 1.000321433,
2083.739945598, 1.000194612,
2083.801240924, 1.000304368,
2083.821672699, 1.000218305,
2083.842104474, 1.000233353,
2083.862536248, 1.000216965,
2083.882968023, 1.000363170,
2083.903399796, 1.000138705,
2083.923831670, 1.000328313,
2083.944263344, 1.000685385,
2083.964695217, 1.000560006,
2083.985126990, 1.000256009,
2084.005558663, 1.000825718,
2084.025990535, 1.000918996,
2084.066853979, 1.000428737,
2084.087285851, 1.000371482,
2084.107717622, 1.000562053,
2084.128149294, 1.000206934,
2084.148581165, 1.000321441,
2084.169012935, 1.000240282,
2084.209876476, 1.000194847,
2084.291603555, 1.000389569,
2084.312035324, 1.000657021,
2084.332467093, 1.000757917,
2084.352898861, 1.000558049,
2084.373330630, 1.000851525,
2084.393762398, 1.000808978,
2084.414194165, 1.000488189,
2084.434626033, 1.000395862,
2084.455057700, 1.000430776,
2084.475489468, 1.000516062,
2084.495921335, 1.000651586,
2084.516353001, 1.000493012,
2084.536784768, 1.000365907,
2084.557216634, 1.000575536,
2084.577648300, 1.000142026,
2084.618511931, 1.000156157,
2084.638943596, 1.000145508,
2084.659375361, 1.000180569,
2084.679807226, 1.000757762,
2084.700238891, 1.000486368,
2084.781966046, 1.000038369,
2084.802397810, 1.000184249,
2084.822829573, 1.000611097,
2084.843261336, 1.000143932,
2084.863693098, 1.000674208,
2084.884124861, 1.000732261,
2084.904556723, 1.000537550,
2084.924988385, 1.000472025,
2084.945420146, 1.000524977,
2085.047578951, 1.000401121,
2085.068010711, 1.000835805,
2085.088442571, 1.000528230,
2085.108874231, 1.000650323,
2085.129306091, 1.000909062,
2085.149737750, 1.000843643,
2085.170169509, 1.000704428,
2085.190601368, 1.001057127,
2085.211033027, 1.000698932,
2085.231464785, 1.001215253,
2085.251896643, 1.000843416,
2085.272328401, 1.001021150,
2085.292760059, 1.001006232,
2085.313191916, 1.000852276,
2085.333623674, 1.000683683,
2085.354055331, 1.000803501,
2085.374487187, 1.001041418,
2085.394918944, 1.000920662,
2085.435782456, 1.000743334,
2085.517509478, 1.001671964,
2085.537941333, 1.001016490,
2085.578804743, 1.000805463,
2085.599236597, 1.000561084,
2085.619668251, 1.000763315,
2085.640100005, 1.000862877,
2085.660531858, 1.001054806,
2085.680963512, 1.001053508,
2085.701395265, 1.000717033,
2085.762690523, 1.000229404,
2085.783122375, 1.000182896,
2085.803554127, 1.000048902,
2085.823985878, 1.000358663,
2085.844417630, 1.000189581,
2085.864849281, 1.000296795,
2085.885281132, 1.000202252,
2085.905712883, 1.000061598,
2085.926144534, 1.000567481,
2085.946576384, 1.000691299,
2085.967008135, 1.000284503,
2085.987439784, 1.000486915,
2086.007871634, 1.000606124,
2086.028303384, 1.000699811,
2086.048735033, 1.000692728,
2086.069166882, 1.000614055,
2086.089598631, 1.000361544,
2086.110030379, 1.000609342,
2086.130462128, 1.000486077,
2086.150893876, 1.000339376,
2086.171325624, 1.000426500,
2086.191757371, 1.000530380,
2086.273484360, 1.000811331,
2086.293916207, 1.000567803,
2086.314347953, 1.000241125,
2086.334779599, 1.000287975,
2086.355211445, 1.000663372,
2086.375643191, 1.000433297,
2086.396074836, 1.000881246,
2086.416506681, 1.000793388,
2086.436938426, 1.000425167,
2086.457370071, 1.000616402,
2086.477801916, 1.000867216,
2086.498233660, 1.001066409,
2086.518665304, 1.001049347,
2086.539097148, 1.000802830,
2086.559528792, 1.000724136,
2086.579960635, 1.000710892,
2086.600392379, 1.000856779,
2086.620824122, 1.000738077,
2086.641255865, 1.000947311,
2086.661687607, 1.000811700,
2086.743414576, 1.000999364,
2086.763846317, 1.000850795,
2086.784278058, 1.000916102,
2086.804709799, 1.000768710,
2086.825141641, 1.002481999,
2086.845573281, 1.000862586,
2086.866005022, 1.000865354,
2086.886436862, 1.000992908,
2086.906868502, 1.000683347,
2086.927300342, 1.001035251,
2086.947732081, 1.000873313,
2086.968163721, 1.000765155,
2086.988595560, 1.000731866,
2087.009027299, 1.000616732,
2087.029458937, 1.000671726,
2087.049890776, 1.000535760,
2087.070322514, 1.000549768,
2087.090754252, 1.000261265,
2087.111185990, 1.000106533,
2087.131617728, 1.000358757,
2087.152049465, 1.000604233,
2087.233776413, 1.000709434,
2087.254208149, 1.000921179,
2087.274639985, 1.000864902,
2087.295071621, 1.000601237,
2087.315503357, 1.000863962,
2087.335935193, 1.000691453,
2087.356366828, 1.000754728,
2087.376798563, 1.000983973,
2087.397230398, 1.000982305,
2087.417662032, 1.000655927,
2087.438093767, 1.000336033,
2087.458525601, 1.000525419,
2087.478957235, 1.000432380,
2087.499388969, 1.000728461,
2087.519820803, 1.000737901,
2087.540252436, 1.000878006,
2087.560684169, 1.000951642,
2087.581116002, 1.001172192,
2087.601547635, 1.000844121,
2087.621979468, 1.000653099,
2087.642411200, 1.000572488,
2087.662842932, 1.000718440,
2087.724138127, 1.001135189,
2087.744569959, 1.001075913,
2087.765001590, 1.000952052,
2087.785433321, 1.001202793,
2087.805865151, 1.001207308,
2087.826296782, 1.001283535,
2087.846728512, 1.001235516,
2087.867160342, 1.000590994,
2087.887591972, 1.000803724,
2087.928455531, 1.000871600,
2087.948887160, 1.001313964,
2087.969318889, 1.001122320,
2087.989750618, 1.001602454,
2088.010182347, 1.001588564,
2088.030614175, 1.001204248,
2088.051045804, 1.001222907,
2088.091909360, 1.001017505,
2088.112341087, 1.001052423,
2088.132772714, 1.001204570,
2088.214499722, 1.001038689,
2088.234931449, 1.001308365,
2088.255363075, 1.000862840,
2088.275794901, 1.001061576,
2088.296226626, 1.000788398,
2088.316658252, 1.000919337,
2088.337090077, 1.000604102,
2088.357521803, 1.000359516,
2088.377953628, 1.000866513,
2088.398385252, 1.000773604,
2088.418816977, 1.000851653,
2088.439248801, 1.000835606,
2088.459680426, 1.000947551,
2088.480112150, 1.000887867,
2088.500543973, 1.000897173,
2088.520975597, 1.001062236,
2088.541407320, 1.000943116,
2088.561839143, 1.000866715,
2088.582270866, 1.001163150,
2088.602702489, 1.000889753,
2088.704861200, 1.000720617,
2088.725292922, 1.000745263,
2088.745724643, 1.001002071,
2088.766156264, 1.000412488,
2088.786588085, 1.000430953,
2088.807019806, 1.000747735,
2088.827451427, 1.000975242,
2088.847883247, 1.000798595,
2088.868314967, 1.000552647,
2088.888746587, 1.000793289,
2088.909178407, 1.000753633,
2088.929610127, 1.000437020,
2088.950041846, 1.000878860,
2088.970473565, 1.000837499,
2088.990905284, 1.001013273,
2089.011337003, 1.001192058,
2089.031768722, 1.001193610,
2089.052200440, 1.001191368,
2089.072632258, 1.001293865,
2089.093063976, 1.001585173,
2089.113495594, 1.001261825,
2089.195222564, 1.001313566,
2089.215654281, 1.001216081,
2089.236085897, 1.001380680,
2089.256517714, 1.001217226,
2089.276949430, 1.001350997,
2089.297381046, 1.001206132,
2089.317812862, 1.001465199,
2089.338244578, 1.001068624,
2089.358676193, 1.001550607,
2089.379108009, 1.001418963,
2089.399539624, 1.001267856,
2089.419971439, 1.001451190,
2089.440403154, 1.001351002,
2089.460834768, 1.001244726,
2089.481266583, 1.001606820,
2089.501698297, 1.001509683,
2089.522130011, 1.001201467,
2089.542561725, 1.001689852,
2089.583425152, 1.001214554,
2089.603856865, 1.001387869,
2089.624288578, 1.001595184,
2089.706015428, 1.001701098,
2089.726447241, 1.001123108,
2089.746878852, 1.000973002,
2089.767310664, 1.000741082,
2089.787742376, 1.000778070,
2089.808173987, 1.000925917,
2089.828605798, 1.001063199,
2089.849037509, 1.000776331,
2089.869469120, 1.000864993,
2089.889900930, 1.000850476,
2089.910332641, 1.000690569,
2089.930764351, 1.001140055,
2089.951196061, 1.001130596,
2089.971627771, 1.001120540,
2089.992059481, 1.000910650,
2090.012491190, 1.001133019,
2090.032922900, 1.001003239,
2090.053354609, 1.000600404,
2090.073786318, 1.000996184,
2090.094218027, 1.000414924,
2090.114649835, 1.000961173,
2090.135081443, 1.000848523,
2090.155513152, 1.000997134,
2090.175944960, 1.001100335,
2090.196376568, 1.000718417,
2090.216808275, 1.000683102,
2090.237240083, 1.000218008,
2090.257671690, 1.000959704,
2090.278103397, 1.001176847,
2090.298535204, 1.001231845,
2090.318966811, 1.001420634,
2090.339398517, 1.001318912,
2090.421125442, 1.001792076,
2090.441557047, 1.001750588,
2090.461988853, 1.002038827,
2090.482420558, 1.001785625,
2090.502852263, 1.001793636,
2090.523283968, 1.001698150,
2090.543715673, 1.001625385,
2090.564147378, 1.001589265,
2090.584579082, 1.001415880,
2090.605010786, 1.001383058,
2090.625442490, 1.001653210,
2090.645874294, 1.001478763,
2090.666305898, 1.001498182,
2090.686737601, 1.001628452,
2090.707169405, 1.001270950,
2090.727601008, 1.001556525,
2090.748032711, 1.001368585,
2090.768464514, 1.001185597,
2090.788896116, 1.001244353,
2090.809327919, 1.001439936,
2090.829759621, 1.001128763,
2090.850191223, 1.001106206,
2090.870623025, 1.001329957,
2090.891054627, 1.001708977,
2090.911486328, 1.001209863,
2090.931918130, 1.000999978,
2090.952349731, 1.001145690,
2090.972781432, 1.000958383,
2090.993213233, 1.001069758,
2091.013644933, 1.001302718,
2091.034076534, 1.001381930,
2091.054508334, 1.001433072,
2091.074940034, 1.000976209,
2091.156666933, 1.000863548,
2091.177098532, 1.001727219,
2091.197530232, 1.001476314,
2091.217962030, 1.001253279,
2091.238393629, 1.001590356,
2091.258825328, 1.001638260,
2091.279257126, 1.001757896,
2091.299688724, 1.001455910,
2091.320120423, 1.000903396,
2091.340552220, 1.000884750,
2091.360983818, 1.000908513,
2091.381415516, 1.001082431,
2091.401847313, 1.000717289,
2091.422278910, 1.000988620,
2091.442710707, 1.000810721,
2091.463142404, 1.000809081,
2091.483574101, 1.000765929,
2091.504005797, 1.000883263,
2091.524437494, 1.000917628,
2091.544869190, 1.001138212,
2091.565300886, 1.001086384,
2091.585732582, 1.001104151,
2091.647027668, 1.001513924,
2091.667459264, 1.001851307,
2091.708322753, 1.001570943,
2091.728754348, 1.002106879,
2091.749186143, 1.002116992,
2091.769617837, 1.001947355,
2091.790049631, 1.001914467,
2091.810481225, 1.001646216,
2091.892208000, 1.001538517,
2091.933071386, 1.001679386,
2091.953503078, 1.001672037,
2091.973934871, 1.001914022,
2091.994366564, 1.001768783,
2092.014798156, 1.001612053,
2092.035229948, 1.001805879,
2092.055661640, 1.001643110,
2092.076093232, 1.001719687,
2092.096525024, 1.001457783,
2092.116956715, 1.001378307,
2092.137388506, 1.001346421,
2092.157820098, 1.001427463,
2092.178251789, 1.001751568,
2092.198683580, 1.001680203,
2092.219115170, 1.001316416,
2092.239546861, 1.001766790,
2092.259978551, 1.004311936,
2092.280410241, 1.001920878,
2092.300841832, 1.001569204,
2092.321273621, 1.001680992,
2092.341705311, 1.001920380,
2092.362137001, 1.001903150,
2092.382568690, 1.001866569,
2092.403000379, 1.001810703,
2092.423432168, 1.001471162,
2092.443863757, 1.001639120,
2092.464295446, 1.001317554,
2092.484727235, 1.001923331,
2092.505158924, 1.001446177,
2092.525590512, 1.001471915,
2092.546022300, 1.001194394,
2092.566453988, 1.000943625,
2092.648180638, 1.001521697,
2092.668612425, 1.001601097,
2092.689044112, 1.001737954,
2092.709475699, 1.001588572,
2092.729907486, 1.001452487,
2092.750339172, 1.001543464,
2092.770770959, 1.001587996,
2092.791202545, 1.001747630,
2092.811634231, 1.001613815,
2092.832066017, 1.001465814,
2092.852497603, 1.001510057,
2092.872929288, 1.001387719,
2092.893361074, 1.001342302,
2092.913792659, 1.001246941,
2092.934224344, 1.001519988,
2092.954656129, 1.001651309,
2092.975087814, 1.001595372,
2092.995519399, 1.001457342,
2093.015951183, 1.001566983,
2093.036382767, 1.001834423,
2093.056814452, 1.001954533,
2093.077246236, 1.002008872,
2093.097677820, 1.002040415,
2093.118109603, 1.001926417,
2093.138541287, 1.001852675,
2093.158972870, 1.001788862,
2093.179404654, 1.001382029,
2093.199836337, 1.001393689,
2093.220267920, 1.001564026,
2093.240699703, 1.001929543,
2093.261131385, 1.001999947,
2093.281562968, 1.002430865,
2093.301994750, 1.001637262,
2093.322426432, 1.001991797,
2093.342858115, 1.001652925,
2093.363289796, 1.001397797,
2093.383721478, 1.001648969,
2093.404153260, 1.001419158,
2093.424584841, 1.001848388,
2093.445016522, 1.001666421,
2093.465448304, 1.001933233,
2093.485879985, 1.001793736,
2093.506311565, 1.002027279,
2093.526743346, 1.001713721,
2093.608470067, 1.001342994,
2093.628901648, 1.001347904,
2093.649333427, 1.001552519,
2093.669765107, 1.001699230,
2093.690196687, 1.001962424,
2093.731060145, 1.001579809,
2093.751491824, 1.001471754,
2093.771923503, 1.001806948,
2093.792355082, 1.001760841,
2093.812786861, 1.001915567,
2093.833218539, 1.001843125,
2093.853650217, 1.001654604,
2093.874081895, 1.001485624,
2093.894513574, 1.001577752,
2093.914945251, 1.001742691,
2093.935376929, 1.001658505,
2093.955808607, 1.001571623,
2093.976240284, 1.001277924,
2093.996671962, 1.001361634,
2094.017103639, 1.001451244,
2094.037535416, 1.001311324,
2094.057967093, 1.001351469,
2094.078398669, 1.001210217,
2094.098830446, 1.001607534,
2094.119262123, 1.001486209,
2094.139693699, 1.001599420,
2094.160125475, 1.001465402,
2094.180557151, 1.001630319,
2094.200988727, 1.001388821,
2094.221420503, 1.001852757,
2094.241852178, 1.001609646,
2094.262283754, 1.001886179,
2094.282715529, 1.001827218,
2094.303147204, 1.001930213,
2094.323578979, 1.001790428,
2094.344010554, 1.001910445,
2094.364442229, 1.001898680,
2094.384873904, 1.001577667,
2094.405305578, 1.001958152,
2094.425737252, 1.002001810,
2094.446168927, 1.002229411,
2094.466600601, 1.002230092,
2094.487032275, 1.002161648,
2094.507463948, 1.002906490,
2094.589190642, 1.002067676,
2094.609622315, 1.002023781,
2094.630054088, 1.002051916,
2094.650485661, 1.002132172,
2094.670917434, 1.002076108,
2094.691349106, 1.002090121,
2094.711780678, 1.001988297,
2094.732212451, 1.001905850,
2094.752644123, 1.001788047,
2094.773075695, 1.001925682,
2094.793507467, 1.002122256,
2094.813939138, 1.001907663,
2094.834370710, 1.002067370,
2094.854802481, 1.001673117,
2094.875234153, 1.001818333,
2094.895665824, 1.002087522,
2094.916097495, 1.001930628,
2094.936529166, 1.002249284,
2094.956960936, 1.002043039,
2094.977392507, 1.001632641,
2094.997824177, 1.001582671,
2095.018255948, 1.001507892,
2095.038687618, 1.001839780,
2095.059119188, 1.001627666,
2095.079550958, 1.001929331,
2095.099982628, 1.001736607,
2095.120414198, 1.001718669,
2095.140845967, 1.001519775,
2095.161277537, 1.001151868,
2095.181709206, 1.001425197,
2095.202140975, 1.001503142,
2095.222572544, 1.001516129,
2095.243004313, 1.001610598,
2095.263435982, 1.001591542,
2095.324730987, 1.001291310,
2095.345162556, 1.001379254,
2095.365594324, 1.001603372,
2095.386025992, 1.001477887,
2095.406457660, 1.001299160,
2095.426889327, 1.001378620,
2095.447320995, 1.001729344,
2095.467752662, 1.000975678,
2095.488184330, 1.001109696,
2095.590342764, 1.001706861,
2095.610774431, 1.002349979,
2095.631205997, 1.002081063,
2095.651637764, 1.002432268,
2095.672069430, 1.002134668,
2095.692500996, 1.002228660,
2095.712932762, 1.002207347,
2095.733364428, 1.002171835,
2095.753795993, 1.002300719,
2095.774227759, 1.002127955,
2095.794659424, 1.002184231,
2095.815090990, 1.002175480,
2095.835522755, 1.001980236,
2095.855954420, 1.001801050,
2095.876386085, 1.001802459,
2095.896817749, 1.001929683,
2095.937681079, 1.002209135,
2095.958112743, 1.002258967,
2095.978544407, 1.002162030,
2095.998976072, 1.001869346,
2096.019407736, 1.001877119,
2096.039839400, 1.002172277,
2096.060271163, 1.002037350,
2096.080702727, 1.002340822,
2096.101134391, 1.002098557,
2096.121566154, 1.002304888,
2096.141997717, 1.002200508,
2096.162429480, 1.002112078,
2096.182861144, 1.002440249,
2096.203292707, 1.002488713,
2096.223724469, 1.002456701,
2096.244156132, 1.002285626,
2096.264587695, 1.001866955,
2096.285019457, 1.002132009,
2096.305451119, 1.002056077,
2096.325882682, 1.002169109,
2096.346314444, 1.002248978,
2096.366746106, 1.001941433,
2096.387177768, 1.002285326,
2096.407609429, 1.002182373,
2096.428041091, 1.002002886,
2096.448472852, 1.002235909,
2096.468904414, 1.001982155,
2096.550631058, 1.001776507,
2096.571062819, 1.001746066,
2096.591494380, 1.001628058,
2096.611926040, 1.001584056,
2096.632357801, 1.002005196,
2096.652789361, 1.001932049,
2096.673221021, 1.001970195,
2096.693652781, 1.001637968,
2096.714084341, 1.001612216,
2096.734516101, 1.001763367,
2096.754947761, 1.002187779,
2096.775379320, 1.001986190,
2096.795811080, 1.002188700,
2096.816242739, 1.002220227,
2096.836674299, 1.001896716,
2096.857106058, 1.001761629,
2096.877537717, 1.002063474,
2096.897969376, 1.001854981,
2096.918401034, 1.001875570,
2096.938832693, 1.001914240,
2096.959264352, 1.002240338,
2096.979696010, 1.001888975,
2097.000127669, 1.002098792,
2097.020559427, 1.001749347,
2097.040991085, 1.001976105,
2097.061422643, 1.002244742,
2097.102286059, 1.001684420,
2097.122717616, 1.001811644,
2097.143149374, 1.001849536,
2097.163581031, 1.002454678,
2097.184012589, 1.002341105,
2097.204444346, 1.001960601,
2097.224876003, 1.002549071,
2097.245307560, 1.002141784,
2097.265739317, 1.002414175,
2097.286170874, 1.002452546,
2097.306602531, 1.002559911,
2097.327034287, 1.002261392,
2097.347465844, 1.002431341,
2097.367897600, 1.002053085,
2097.388329256, 1.002364221,
2097.408760912, 1.002213997,
2097.429192568, 1.002183610,
2097.449624224, 1.002292377,
2097.551782602, 1.002692798,
2097.572214158, 1.002509302,
2097.592645813, 1.002490560,
2097.613077568, 1.002054265,
2097.633509123, 1.002459825,
2097.653940878, 1.002452644,
2097.674372532, 1.002485685,
2097.694804087, 1.002445191,
2097.715235842, 1.002437722,
2097.735667496, 1.002011764,
2097.756099050, 1.002308551,
2097.776530804, 1.002029642,
2097.796962459, 1.002301487,
2097.817394013, 1.002107721,
2097.837825766, 1.002053277,
2097.858257420, 1.002223961,
2097.878689074, 1.002229574,
2097.899120728, 1.001963023,
2097.919552381, 1.002134963,
2097.939984034, 1.002115648,
2097.960415688, 1.002106705,
2097.980847341, 1.002296267,
2098.021710647, 1.002154995,
2098.042142300, 1.001966293,
2098.062573953, 1.002116852,
2098.083005605, 1.002312229,
2098.103437258, 1.001810571,
2098.123869010, 1.002109591,
2098.144300563, 1.001948099,
2098.164732215, 1.002414382,
2098.185163967, 1.002250898,
2098.287322226, 1.002357544,
2098.307753878, 1.002473329,
2098.328185429, 1.002529259,
2098.348617181, 1.001992840,
2098.369048832, 1.002257413,
2098.389480483, 1.002367774,
2098.409912134, 1.002321303,
2098.430343785, 1.002175883,
2098.450775436, 1.002381395,
2098.471207087, 1.002546870,
2098.491638737, 1.002716174,
2098.512070488, 1.002562785,
2098.532502038, 1.002276384,
2098.552933689, 1.002719167,
2098.573365439, 1.002762313,
2098.593797089, 1.002908910,
2098.614228639, 1.002629105,
2098.634660389, 1.002379087,
2098.655091939, 1.002603388,
2098.675523589, 1.002552049,
2098.695955339, 1.002447369,
2098.716386888, 1.002321924,
2098.736818538, 1.002348888,
2098.757250287, 1.002775505,
2098.777681837, 1.002305523,
2098.798113586, 1.002037124,
2098.818545235, 1.001846363,
2098.838976784, 1.002560856,
2098.859408533, 1.002326575,
2098.879840182, 1.002517357,
2098.900271731, 1.002426106,
2098.920703479, 1.002219671,
2098.941135128, 1.002298955,
2098.961566776, 1.002093201,
2098.981998425, 1.002164213,
2099.002430073, 1.002186823,
2099.022861721, 1.002554298,
2099.043293469, 1.002506394,
2099.063725017, 1.002588458,
2099.084156765, 1.002438005,
2099.104588413, 1.002276815,
2099.125019961, 1.002475801,
2099.145451708, 1.002414532,
2099.165883356, 1.002439567,
2099.186314904, 1.002875076,
2099.206746651, 1.002727379,
2099.227178298, 1.002873354,
2099.247609845, 1.002499891,
2099.268041593, 1.002388193,
2099.288473240, 1.002407945,
2099.308904786, 1.002471529,
2099.329336533, 1.002400851,
2099.349768180, 1.002586416,
2099.370199827, 1.002702873,
2099.390631473, 1.002611219,
2099.411063120, 1.002792450,
2099.431494766, 1.002665922,
2099.492789705, 1.002625682,
2099.513221351, 1.002786724,
2099.533652997, 1.002674263,
2099.554084643, 1.002699652,
2099.574516289, 1.002992466,
2099.594948034, 1.002810155,
2099.615379680, 1.002788921,
2099.635811226, 1.002765217,
2099.656242971, 1.002938859,
2099.676674616, 1.002712046,
2099.717537907, 1.002902066,
2099.737969552, 1.002509074,
2099.758401097, 1.003072056,
2099.778832842, 1.003197346,
2099.799264487, 1.003011535,
2099.819696032, 1.002877440,
2099.840127777, 1.003031714,
2099.860559421, 1.002933775,
2099.880991166, 1.003365907,
2099.901422710, 1.003161035,
2099.983149287, 1.002761380,
2100.003581031, 1.002755856,
2100.024012575, 1.002967616,
2100.044444219, 1.003046301,
2100.064875863, 1.002728401,
2100.085307507, 1.002993480,
2100.105739150, 1.003253358,
2100.126170894, 1.003110757,
2100.146602437, 1.002827147,
2100.167034181, 1.002896358,
2100.207897367, 1.002716753,
2100.228329110, 1.002940142,
2100.248760753, 1.002769983,
2100.269192296, 1.003007733,
2100.289624039, 1.002984061,
2100.310055682, 1.003242810,
2100.330487225, 1.003231045,
2100.350918968, 1.002900430,
2100.371350610, 1.002662437,
2100.391782153, 1.002948407,
2100.412213895, 1.003172204,
2100.432645538, 1.002724173,
2100.453077280, 1.002722234,
2100.473508822, 1.002630869,
2100.493940464, 1.003019172,
2100.514372206, 1.003141090,
2100.534803748, 1.002869172,
2100.555235390, 1.002600723,
2100.575667132, 1.002970715,
2100.596098774, 1.002940097,
2100.616530316, 1.002980208,
2100.636962057, 1.002833491,
2100.657393699, 1.002604351,
2100.677825240, 1.002732180,
2100.698256982, 1.002726303,
2100.718688623, 1.002504059,
2100.739120364, 1.002619372,
2100.759551906, 1.002463478,
2100.779983547, 1.002268581,
2100.800415188, 1.002301946,
2100.820846829, 1.002687857,
2100.841278370, 1.002513711,
2100.861710110, 1.002846912,
2100.882141751, 1.002676604,
2100.902573292, 1.002600030,
2100.923005032, 1.002533612,
2100.943436673, 1.002664163,
2100.963868313, 1.003065978,
2100.984299954, 1.002979200,
2101.004731594, 1.003094539,
2101.025163334, 1.002965098,
2101.045594875, 1.003133292,
2101.066026515, 1.003162817,
2101.086458255, 1.002544608,
2101.106889895, 1.002756678,
2101.127321435, 1.002874397,
2101.147753174, 1.003131019,
2101.168184814, 1.002984979,
2101.188616354, 1.002988053,
2101.229479733, 1.003211842,
2101.249911473, 1.003085662,
2101.270343012, 1.003213496,
2101.290774651, 1.003289728,
2101.311206391, 1.003618829,
2101.331637930, 1.003300001,
2101.352069569, 1.003266975,
2101.372501308, 1.003468078,
2101.392932847, 1.003106328,
2101.454227764, 1.003329583,
2101.474659403, 1.003138827,
2101.495091041, 1.003452470,
2101.515522680, 1.003421607,
2101.535954418, 1.003207211,
2101.556385957, 1.003135177,
2101.576817595, 1.003287281,
2101.597249334, 1.003225350,
2101.617680872, 1.003686409,
2101.638112510, 1.003436553,
2101.658544248, 1.003789424,
2101.678975886, 1.003416206,
2101.699407425, 1.003960934,
2101.719839163, 1.003868134,
2101.740270801, 1.003620832,
2101.760702338, 1.003658132,
2101.781134076, 1.003580808,
2101.801565714, 1.003400942,
2101.821997452, 1.003544769,
2101.842428989, 1.002800849,
2101.862860627, 1.002862003,
2101.883292364, 1.003119131,
2101.903723902, 1.003429972,
2101.924155539, 1.003078387,
2101.944587276, 1.002993727,
2101.965018814, 1.002944497,
2101.985450451, 1.003314137,
2102.005882188, 1.003468246,
2102.026313725, 1.003620236,
2102.046745462, 1.003375362,
2102.067177099, 1.003225676,
2102.087608736, 1.003233035,
2102.108040373, 1.002937129,
2102.128472009, 1.002809315,
2102.148903646, 1.003068351,
2102.169335283, 1.003205046,
2102.189766919, 1.003296540,
2102.210198456, 1.003050125,
2102.230630192, 1.003619586,
2102.251061829, 1.003715585,
2102.271493365, 1.003542323,
2102.291925101, 1.003542481,
2102.312356738, 1.003632430,
2102.332788474, 1.003646488,
2102.353220010, 1.003639205,
2102.373651646, 1.003864406,
2102.394083382, 1.003900705,
2102.414514918, 1.003855999,
2102.434946554, 1.003555435,
2102.455378290, 1.003438226,
2102.475809826, 1.003388563,
2102.496241461, 1.003477431,
2102.516673197, 1.003805581,
2102.537104733, 1.003768374,
2102.557536368, 1.003950953,
2102.577968104, 1.004197258,
2102.598399739, 1.004209302,
2102.618831375, 1.003994736,
2102.639263010, 1.003800511,
2102.659694646, 1.003842302,
2102.680126281, 1.003696565,
2102.720989551, 1.003841931,
2102.741421286, 1.003814884,
2102.761852821, 1.003662948,
2102.782284456, 1.003510095,
2102.802716091, 1.003878798,
2102.823147726, 1.004021220,
2102.843579461, 1.004038364,
2102.864011096, 1.003935092,
2102.884442631, 1.003666773,
2102.904874365, 1.003629997,
2102.925305900, 1.003736237,
2102.945737535, 1.003827429,
2102.966169269, 1.003964416,
2102.986600804, 1.003802078,
2103.007032438, 1.003968376,
2103.027464172, 1.003854623,
2103.047895707, 1.003631399,
2103.068327341, 1.003522840,
2103.088759075, 1.003600157,
2103.109190710, 1.003583867,
2103.129622344, 1.003474973,
2103.150053978, 1.003151625,
2103.170485612, 1.003033201,
2103.190917246, 1.003076442,
2103.211348880, 1.003382759,
2103.231780514, 1.003163896,
2103.252212148, 1.002986135,
2103.272643782, 1.003007827,
2103.293075415, 1.003103053,
2103.313507149, 1.002667403,
2103.333938683, 1.003018974,
2103.354370317, 1.002813656,
2103.415665317, 1.003298834,
2103.436096951, 1.003365155,
2103.456528484, 1.003494384,
2103.476960218, 1.003379090,
2104.089909200, 0.999644689,
2104.110340932, 1.000130780,
2104.130772564, 0.999917263,
2104.151204296, 0.999741586,
2104.171635828, 0.999822585,
2104.192067460, 0.999779581,
2104.212499092, 1.000112785,
2104.232930724, 0.999909156,
2104.253362356, 0.999836008,
2104.273793988, 0.999823000,
2104.294225620, 1.000094633,
2104.314657251, 1.000269984,
2104.335088983, 1.000531212,
2104.375952147, 0.999824810,
2104.396383878, 1.000098793,
2104.416815410, 1.000090131,
2104.437247141, 0.999847569,
2104.457678773, 0.999573538,
2104.478110304, 0.999679618,
2104.498542036, 0.999590850,
2104.518973667, 0.999431254,
2104.539405199, 0.999978981,
2104.559836930, 1.000073896,
2104.580268561, 0.999789970,
2104.621131824, 0.999503852,
2104.641563455, 1.000108312,
2104.661995187, 0.999769153,
2104.682426718, 0.999170495,
2104.702858349, 0.999103703,
2104.723290080, 0.999560890,
2104.743721611, 0.999588071,
2104.764153242, 0.999772675,
2104.784584973, 0.999428441,
2104.805016604, 0.999893850,
2104.825448135, 0.999382551,
2104.866311497, 0.999916425,
2104.886743128, 0.999913070,
2104.907174759, 0.999296495,
2104.927606390, 0.999710284,
2104.948038020, 0.999825716,
2104.968469651, 0.999736605,
2104.988901182, 1.000507680,
2105.009332913, 1.000053131,
2105.029764543, 0.999789625,
2105.050196074, 1.000189113,
2105.070627805, 1.000026084,
2105.111490966, 1.000241810,
2105.131922696, 1.000046242,
2105.152354327, 0.999962564,
2105.172786058, 0.999766483,
2105.193217588, 1.000018924,
2105.213649218, 1.000107385,
2105.234080949, 1.000461822,
2105.254512479, 1.000573591,
2105.274944110, 1.000646695,
2105.295375840, 1.000861438,
2105.315807470, 1.000812191,
2105.377102361, 1.000772927,
2105.397533992, 1.000773210,
2105.417965622, 1.001184261,
2105.438397252, 1.000989744,
2105.458828982, 1.000468270,
2105.479260512, 1.000575646,
2105.499692142, 1.000655984,
2105.520123873, 1.000246724,
2105.540555403, 1.000511853,
2105.581418763, 1.000541673,
2105.601850293, 1.000299494,
2105.622282023, 1.000414386,
2105.642713653, 1.000451646,
2105.663145183, 0.999964165,
2105.683576913, 0.999983839,
2105.704008443, 1.000354856,
2105.724440073, 0.999956714,
2105.744871802, 1.000108894,
2105.765303332, 1.000202281,
2105.785734962, 1.000262154,
2105.806166692, 1.000616137,
2105.847029952, 0.999808249,
2105.867461581, 0.999600656,
2105.887893211, 0.999803050,
2105.908324841, 0.999831996,
2105.928756471, 1.000208237,
2105.949188100, 0.999954989,
2105.969619830, 0.999644158,
2106.010482989, 1.000074788,
2106.030914719, 0.999871811,
2106.051346249, 0.999662471,
2106.092209608, 0.999597831,
2106.112641137, 0.999731318,
2106.133072867, 0.999700400,
2106.153504497, 0.999933930,
2106.173936026, 0.999904293,
2106.194367756, 1.000589606,
2106.214799385, 1.000706336,
2106.235230915, 1.000565711,
2106.255662644, 1.000353364,
2106.276094274, 1.000350125,
2106.296525903, 1.000342207,
2106.337389162, 1.000756516,
2106.357820791, 1.000548803,
2106.378252421, 1.000234794,
2106.398684050, 1.000350755,
2106.419115680, 1.000483802,
2106.439547309, 1.001005641,
2106.459978938, 1.000868594,
2106.480410568, 1.000421053,
2106.500842197, 1.000693879,
2106.521273826, 1.000604692,
2106.541705556, 1.000779410,
2106.582568814, 1.000856617,
2106.603000443, 1.000900119,
2106.623431973, 1.000570949,
2106.643863702, 1.000301796,
2106.664295331, 1.000721406,
2106.684726860, 1.001295168,
2106.705158590, 1.000393511,
2106.725590219, 1.000453329,
2106.746021748, 1.000631239,
2106.766453477, 1.000743038,
2106.786885107, 1.000607407,
2106.827748365, 1.000103685,
2106.848179994, 1.000846440,
2106.868611723, 1.000783623,
2106.889043253, 1.000950487,
2106.909474882, 1.000862630,
2106.929906611, 1.000534263,
2106.950338140, 1.000526455,
2106.970769769, 1.000742574,
2106.991201498, 1.000300036,
2107.011633127, 1.000219848,
2107.032064757, 1.000237816,
2107.072927915, 1.000624806,
2107.093359644, 1.000216599,
2107.113791273, 1.000270134,
2107.134222802, 1.000073218,
2107.154654531, 1.000764498,
2107.175086160, 1.000592507,
2107.195517689, 1.000448454,
2107.236381048, 1.000610627,
2107.256812777, 1.000658974,
2107.277244306, 1.000552917,
2107.338539193, 1.000214815,
2107.358970822, 1.000565892,
2107.379402551, 1.000134058,
2107.399834080, 1.000144029,
2107.420265709, 1.000105257,
2107.440697438, 1.000326112,
2107.481560697, 1.000240103,
2107.501992326, 1.000380072,
2107.542855584, 1.001261192,
2107.563287213, 1.000790123,
2107.604150571, 1.000738364,
2107.624582100, 1.000704545,
2107.645013729, 1.000472595,
2107.665445458, 1.000960028,
2107.685876988, 1.000609511,
2107.706308717, 1.000739529,
2107.726740246, 1.000729524,
2107.747171875, 1.000770588,
2107.767603604, 1.000892583,
2107.808466762, 1.000884548,
2107.828898491, 1.000933349,
2107.849330020, 1.000579700,
2107.869761649, 1.000861598,
2107.890193379, 1.000847647,
2107.910624908, 1.000909822,
2107.931056537, 1.000936199,
2107.951488266, 1.001070408,
2107.971919795, 1.001295587,
2107.992351524, 1.000995432,
2108.012783153, 1.001220403,
2108.053646412, 1.001231128,
2108.074078041, 1.001260942,
2108.094509670, 1.001265002,
2108.114941299, 1.001010471,
2108.135372929, 1.001292734,
2108.155804558, 1.001264554,
2108.176236287, 1.001012041,
2108.196667816, 1.001157608,
2108.217099545, 1.000778862,
2108.237531175, 1.000724139,
2108.257962704, 1.000706876,
2108.319257592, 1.000691056,
2108.339689321, 1.000772293,
2108.360120950, 1.000373565,
2108.380552479, 1.000330055,
2108.400984209, 1.000200518,
2108.421415838, 1.000334014,
2108.441847467, 1.000644035,
2108.462279097, 1.000436490,
2108.482710626, 0.999969874,
2108.544005614, 1.000204916,
2108.564437244, 1.000594388,
2108.584868873, 1.000093979,
2108.605300502, 1.000558836,
2108.646163761, 1.000528852,
2108.666595491, 1.000693721,
2108.687027120, 1.000756440,
2108.707458650, 1.000794601,
2108.727890379, 1.000885388,
2108.789185268, 1.000793408,
2108.809616897, 1.000813802,
2108.830048427, 1.001210949,
2108.850480157, 1.001493048,
2108.870911786, 1.001168486,
2108.891343516, 1.001172599,
2108.911775045, 1.001243907,
2108.932206675, 1.001335569,
2108.973069934, 1.000866006,
2108.993501564, 1.000551988,
2109.034364824, 1.001091762,
2109.054796453, 1.001035188,
2109.075228183, 1.001692130,
2109.095659713, 1.001022867,
2109.116091443, 1.001040952,
2109.136522973, 1.001377981,
2109.156954602, 1.001574485,
2109.177386332, 1.001602795,
2109.197817862, 1.001045206,
2109.218249492, 1.002280439,
2109.238681222, 1.004837844,
2109.299976112, 1.001961971,
2109.320407742, 1.001670522,
2109.340839472, 1.001403000,
2109.361271002, 1.001228705,
2109.381702632, 1.001131850,
2109.402134362, 1.001524668,
2109.422565892, 1.001350245,
2109.442997522, 1.001787968,
2109.463429252, 1.001530844,
2109.483860783, 1.001418051,
2109.524724143, 1.001480586,
2109.545155673, 1.000969628,
2109.565587403, 1.001620580,
2109.586019034, 1.001646730,
2109.606450564, 1.001580512,
2109.626882294, 1.001233946,
2109.647313925, 1.000625342,
2109.688177186, 1.000779682,
2109.708608816, 1.001148561,
2109.729040446, 1.000676130,
2109.769903707, 1.001291834,
2109.790335338, 1.001267120,
2109.810767068, 1.001108180,
2109.831198599, 1.000866236,
2109.851630330, 1.001043101,
2109.872061860, 1.001361810,
2109.892493491, 1.001519861,
2109.912925222, 1.001284166,
2109.933356752, 1.001307158,
2109.953788383, 1.000858121,
2109.974220114, 1.000764812,
2110.015083375, 1.001064810,
2110.035515006, 1.000804118,
2110.055946537, 1.001111168,
2110.076378268, 1.001693220,
2110.096809899, 1.001080635,
2110.117241430, 1.000922230,
2110.137673161, 1.001144795,
2110.158104792, 1.001268026,
2110.178536423, 1.001978583,
2110.198968054, 1.001558960,
2110.219399685, 1.001715364,
2110.280694579, 1.001881094,
2110.301126310, 1.001580486,
2110.321557941, 1.001103090,
2110.341989473, 1.001190206,
2110.362421204, 1.001134559,
2110.382852835, 1.000892245,
2110.403284467, 1.001404493,
2110.423716098, 1.001194317,
2110.444147730, 1.001426076,
2110.464579361, 1.001154477,
2110.505442524, 1.002101862,
2110.546305887, 1.002098484,
2110.566737419, 1.002022006,
2110.587169151, 1.001935876,
2110.607600783, 1.001715480,
2110.628032514, 1.001789345,
2110.648464046, 1.001724981,
2110.689327410, 1.001455051,
2110.709758942, 1.001462245,
2110.771053838, 1.001462229,
2110.791485470, 1.001388144,
2110.811917202, 1.001396752,
2110.832348734, 1.001440024,
2110.852780466, 1.001191008,
2110.873212098, 1.001056374,
2110.893643731, 1.000893308,
2110.914075363, 1.000594189,
2110.934506995, 1.001052450,
2110.954938628, 1.001271162,
2110.975370260, 1.001004023,
2110.995801892, 1.000969600,
2111.016233525, 1.000925519,
2111.036665257, 1.000972937,
2111.057096790, 1.001150856,
2111.077528523, 1.001208621,
2111.097960155, 1.001643665,
2111.118391688, 1.001021086,
2111.138823421, 1.001258572,
2111.159254953, 1.001315030,
2111.200118319, 1.000555241,
2111.261413218, 1.001698420,
2111.281844751, 1.001492695,
2111.302276484, 1.001899456,
2111.322708117, 1.001530228,
2111.343139650, 1.001782983,
2111.363571383, 1.001759268,
2111.384003016, 1.002376782,
2111.404434650, 1.001672117,
2111.424866283, 1.001404828,
2111.486161183, 1.001755914,
2111.527024550, 1.001867886,
2111.547456184, 1.001920675,
2111.567887717, 1.001454049,
2111.588319451, 1.001664725,
2111.608751085, 1.001330928,
2111.629182618, 1.001787686,
2111.649614352, 1.001347968,
2111.670045986, 1.001531466,
2111.690477720, 1.001762495,
2111.731340888, 1.001557617,
2111.751772622, 1.002021846,
2111.772204156, 1.001689978,
2111.792635790, 1.001912351,
2111.813067424, 1.001995432,
2111.853930693, 1.001941680,
2111.874362327, 1.001674153,
2111.894793962, 1.001568381,
2111.915225696, 1.001816778,
2111.935657231, 1.001801722,
2112.017383769, 1.001852221,
2112.037815504, 1.002180083,
2112.058247138, 1.002168360,
2112.078678773, 1.001794987,
2112.099110408, 1.002076873,
2112.139973678, 1.002103028,
2112.160405313, 1.001425115,
2112.180836948, 1.001359138,
2112.242131854, 1.001743989,
2112.262563589, 1.001646939,
2112.282995124, 1.001940627,
2112.303426860, 1.002110259,
2112.323858495, 1.001418319,
2112.344290031, 1.001340864,
2112.364721766, 1.001287752,
2112.385153402, 1.001155333,
2112.405584938, 1.001495819,
2112.426016673, 1.001457629,
2112.507743217, 1.002147542,
2112.528174853, 1.001891291,
2112.548606489, 1.001774819,
2112.569038125, 1.001869450,
2112.589469761, 1.001815522,
2112.609901397, 1.001886838,
2112.630333034, 1.002134885,
2112.650764670, 1.001933529,
2112.671196306, 1.002118938,
2112.752922953, 1.002001137,
2112.773354589, 1.002269270,
2112.793786126, 1.002084822,
2112.814217863, 1.001954456,
2112.834649500, 1.002170331,
2112.855081037, 1.002369195,
2112.875512774, 1.001973571,
2112.895944411, 1.002085225,
2112.957239322, 1.001927857,
2112.977671060, 1.001391743,
2112.998102597, 1.001936276,
2113.018534234, 1.001369281,
2113.038965972, 1.001850916,
2113.059397509, 1.001665103,
2113.079829147, 1.001853662,
2113.100260885, 1.002310181,
2113.120692422, 1.002290711,
2113.141124160, 1.002270947,
2113.161555798, 1.002107743,
2113.243282250, 1.001977490,
2113.263713988, 1.002052961,
2113.284145627, 1.002052566,
2113.325008903, 1.001984111,
2113.345440542, 1.001905045,
2113.386303819, 1.001975223,
2113.406735457, 1.001761806,
2113.427167196, 1.001790563,
2113.447598735, 1.001963479,
2113.468030374, 1.002154573,
2113.488462113, 1.001996405,
2113.508893652, 1.002243139,
2113.529325391, 1.002119984,
2113.549757030, 1.001696014,
2113.570188569, 1.001249638,
2113.590620308, 1.001456686,
2113.611051947, 1.001461863,
2113.631483487, 1.001499846,
2113.651915226, 1.001227759,
2113.692778405, 1.001303768,
2113.713210145, 1.001869107,
2113.733641785, 1.001356744,
2113.754073525, 1.001274526,
2113.774505064, 1.001506360,
2113.794936704, 1.001376831,
2113.815368344, 1.001628857,
2113.835800084, 1.001872127,
2113.856231625, 1.001651665,
2113.876663365, 1.001624042,
2113.897094905, 1.001658321,
2113.937958286, 1.001804875,
2113.958389826, 1.001599026,
2113.978821567, 1.001683141,
2113.999253208, 1.002035550,
2114.019684748, 1.002270253,
2114.040116489, 1.002263251,
2114.060548130, 1.002366336,
2114.080979671, 1.001747221,
2114.101411412, 1.002276722,
2114.121843053, 1.002250564,
2114.142274794, 1.001772419,
2114.203569718, 1.002032654,
2114.224001260, 1.002114858,
2114.244432901, 1.002082527,
2114.264864643, 1.001876034,
2114.285296184, 1.001242111,
2114.305727926, 1.001985779,
2114.326159568, 1.001408798,
2114.346591210, 1.001886285,
2114.367022852, 1.001630171,
2114.428317778, 1.002081504,
2114.448749421, 1.001922523,
2114.469181063, 1.001955223,
2114.489612706, 1.002110434,
2114.510044348, 1.001948691,
2114.530476091, 1.002106484,
2114.550907633, 1.002329513,
2114.571339276, 1.002079721,
2114.591771019, 1.001944501,
2114.612202562, 1.001904748,
2114.673497491, 1.002256982,
2114.693929135, 1.002025662,
2114.714360878, 1.002189998,
2114.734792421, 1.002246444,
2114.755224165, 1.002215080,
2114.775655808, 1.002233525,
2114.796087352, 1.002200755,
2114.816519096, 1.002066100,
2114.836950740, 1.001844770,
2114.857382283, 1.002319439,
2114.877814027, 1.002491224,
2114.939108960, 1.002186601,
2114.959540604, 1.001831494,
2114.979972349, 1.002130965,
2115.000403893, 1.001999862,
2115.020835538, 1.001924561,
2115.041267282, 1.001846458,
2115.061698927, 1.001962659,
2115.082130472, 1.001843416,
2115.102562217, 1.002033949,
2115.122993862, 1.002262727,
2115.184288797, 1.001502157,
2115.204720443, 1.001666897,
2115.225152088, 1.002310947,
2115.245583734, 1.002375826,
2115.266015379, 1.002456552,
2115.286447025, 1.002262292,
2115.306878771, 1.002144309,
2115.327310317, 1.001993584,
2115.347741962, 1.002152810,
2115.368173708, 1.002597825,
2115.409036901, 1.002319733,
2115.429468647, 1.001849942,
2115.449900194, 1.001865425,
2115.470331840, 1.001831866,
2115.490763587, 1.002066809,
2115.511195133, 1.002175088,
2115.531626880, 1.001926547,
2115.552058527, 1.001639464,
2115.572490174, 1.001668723,
2115.592921821, 1.001656424,
2115.613353468, 1.001621884,
2115.654216762, 1.002039521,
2115.674648410, 1.002076247,
2115.695080057, 1.001903372,
2115.715511805, 1.002202531,
2115.735943352, 1.001875011,
2115.756375100, 1.002139891,
2115.776806748, 1.001534665,
2115.797238296, 1.002462868,
2115.817670044, 1.001894054,
2115.838101692, 1.002271502,
2115.858533240, 1.002283765,
2115.899396637, 1.001796249,
2115.919828286, 1.001985314,
2115.940259934, 1.001931377,
2115.960691483, 1.002102786,
2115.981123232, 1.002274669,
2116.001554881, 1.002521583,
2116.021986429, 1.002216729,
2116.042418179, 1.002360516,
2116.062849828, 1.002139521,
2116.083281477, 1.002464648,
2116.103713126, 1.002457506,
2116.144576525, 1.002202303,
2116.165008075, 1.002514406,
2116.185439725, 1.002138831,
2116.205871475, 1.002190240,
2116.226303125, 1.002044605,
2116.246734675, 1.002124264,
2116.267166425, 1.002012805,
2116.287598075, 1.002226281,
2116.308029725, 1.001851434,
2116.328461376, 1.002110426,
2116.348893026, 1.002502599,
2116.389756328, 1.001944391,
2116.410187978, 1.002087489,
2116.430619729, 1.002185710,
2116.451051280, 1.002156924,
2116.471482931, 1.002174509,
2116.491914683, 1.001823283,
2116.512346234, 1.001892183,
2116.532777985, 1.001931408,
2116.553209637, 1.001408564,
2116.573641189, 1.001819147,
2116.634936144, 1.001751355,
2116.675799448, 1.001956545,
2116.696231201, 1.002079071,
2116.716662853, 1.001928261,
2116.737094405, 1.001626784,
2116.757526158, 1.002430453,
2116.777957811, 1.001861699,
2116.798389463, 1.001830863,
2116.818821116, 1.001922814,
2116.839252769, 1.002059478,
2116.900547729, 1.001681729,
2116.920979482, 1.001724910,
2116.941411136, 1.001596523,
2116.961842689, 1.002262395,
2116.982274443, 1.001770377,
2117.002706097, 1.002051698,
2117.023137651, 1.002087489,
2117.043569405, 1.002045004,
2117.064001059, 1.002313946,
2117.084432813, 1.002439297,
2117.145727777, 1.001952310,
2117.166159331, 1.002183807,
2117.186590986, 1.001933657,
2117.207022641, 1.002294061,
2117.227454296, 1.002605770,
2117.247885951, 1.001974358,
2117.268317606, 1.002452817,
2117.288749262, 1.002416752,
2117.309181017, 1.002467609,
2117.329612573, 1.002292869,
2117.390907540, 1.001924409,
2117.411339196, 1.002102869,
2117.431770952, 1.002079089,
2117.452202608, 1.002148580,
2117.472634265, 1.002304311,
2117.493065921, 1.002457988,
2117.513497578, 1.002151006,
2117.533929234, 1.001945532,
2117.595224305, 1.002133703,
2117.615655862, 1.002040610,
2117.636087519, 1.001950848,
2117.656519277, 1.002060271,
2117.676950834, 1.002116462,
2117.697382592, 1.002134022,
2117.717814249, 1.002022083,
2117.738245807, 1.001476423,
2117.758677565, 1.002168912,
2117.779109223, 1.001948950,
2117.799540781, 1.002093454,
2117.881267515, 1.001942278,
2117.901699174, 1.001752989,
2117.922130833, 1.001806756,
2117.942562492, 1.001397233,
2117.962994151, 1.001763045,
2117.983425810, 1.002000846,
2118.003857469, 1.002246052,
2118.024289129, 1.002119624,
2118.044720788, 1.002300429,
2118.065152448, 1.002061201,
2118.106015868, 1.002068062,
2118.126447428, 1.001960010,
2118.146879188, 1.002062734,
2118.167310848, 1.001844526,
2118.187742408, 1.001826964,
2118.208174169, 1.001561191,
2118.249037390, 1.001777397,
2118.269469151, 1.002315843,
2118.289900812, 1.001805844,
2118.310332573, 1.002099306,
2118.351195796, 1.002231558,
2118.371627557, 1.002487469,
2118.392059119, 1.002299983,
2118.412490781, 1.002186683,
2118.432922543, 1.002125544,
2118.453354105, 1.002622931,
2118.473785867, 1.002349041,
2118.494217529, 1.002628484,
2118.514649091, 1.002970216,
2118.535080854, 1.002878450,
2118.555512516, 1.003045567,
2118.596375842, 1.002734378,
2118.678102494, 1.002249379,
2118.698534158, 1.002463060,
2118.718965821, 1.002664237,
2118.739397485, 1.002405758,
2118.759829149, 1.002244637,
2118.780260813, 1.002579083,
2118.800692477, 1.002181923,
2118.841555805, 1.001795934,
2118.861987570, 1.002419940,
2118.882419235, 1.001888318,
2118.902850799, 1.001977658,
2118.923282564, 1.001778260,
2118.943714229, 1.002013407,
2118.964145794, 1.002159316,
2118.984577559, 1.002175340,
2119.005009225, 1.001804269,
2119.025440790, 1.001789569,
2119.107167554, 1.002521669,
2119.127599220, 1.002150162,
2119.148030986, 1.001561296,
2119.168462552, 1.001495099,
2119.188894219, 1.001503247,
2119.209325986, 1.001885985,
2119.229757552, 1.001581270,
2119.250189319, 1.001945469,
2119.270620986, 1.001892415,
2119.291052654, 1.002094621,
2119.352347556, 1.002396989,
2119.372779324, 1.002314518,
2119.393210992, 1.002389854,
2119.413642760, 1.002119280,
2119.434074328, 1.001986937,
2119.454505996, 1.001885230,
2119.474937764, 1.001923915,
2119.495369333, 1.002344472,
2119.515801002, 1.002232303,
2119.536232770, 1.001991279,
2119.577096008, 1.001557365,
2119.597527778, 1.001590633,
2119.617959347, 1.001832915,
2119.638391117, 1.002371915,
2119.658822786, 1.002136580,
2119.679254356, 1.002186484,
2119.699686126, 1.002536104,
2119.720117796, 1.002468820,
2119.740549466, 1.002618605,
2119.760981136, 1.002464146,
2119.781412807, 1.002607932,
2119.822276148, 1.002258069,
2119.842707819, 1.002339145,
2119.863139590, 1.002311477,
2119.883571261, 1.002790409,
2119.904002832, 1.002356194,
2119.924434504, 1.002295468,
2119.944866175, 1.002536081,
2119.965297847, 1.002472811,
2119.985729619, 1.002377825,
2120.006161191, 1.002812721,
2120.067456207, 1.002489573,
2120.087887980, 1.002251510,
2120.108319653, 1.002292297,
2120.128751226, 1.002100735,
2120.149182998, 1.002762333,
2120.169614672, 1.002131588,
2120.190046445, 1.002061150,
2120.210478018, 1.002247503,
2120.230909692, 1.002103016,
2120.251341465, 1.002594761,
2120.271773039, 1.001820945,
2120.312636487, 1.001965273,
2120.333068062, 1.001825840,
2120.353499736, 1.002202751,
2120.373931510, 1.001736863,
2120.394363085, 1.002173933,
2120.414794860, 1.002163267,
2120.435226535, 1.001859710,
2120.476089885, 1.001814736,
2120.496521561, 1.001941169,
2120.516953236, 1.002056767,
2120.557816588, 1.002067758,
2120.578248364, 1.001750645,
2120.598679940, 1.001832042,
2120.619111616, 1.002240335,
2120.639543393, 1.001969468,
2120.659974969, 1.002039800,
2120.680406646, 1.002408652,
2120.700838423, 1.002436736,
2120.721270000, 1.002401658,
2120.741701677, 1.002246329,
2120.762133455, 1.002533210,
2120.802996810, 1.002246668,
2120.823428487, 1.001982454,
2120.843860065, 1.002041994,
2120.864291843, 1.002064013,
2120.884723522, 1.002333931,
2120.905155100, 1.001780693,
2120.925586879, 1.002069565,
2120.946018557, 1.002097991,
2120.966450336, 1.001969895,
2120.986881915, 1.002449241,
2121.007313594, 1.002799951,
2121.068608632, 1.002066486,
2121.089040412, 1.002169363,
2121.129903672, 1.002668891,
2121.150335452, 1.002498083,
2121.170767133, 1.002218783,
2121.191198813, 1.002496823,
2121.211630494, 1.002559597,
2121.232062175, 1.002600393,
2121.252493856, 1.002522616,
2121.272925537, 1.002498462,
2121.293357218, 1.002013202,
2121.313788899, 1.002346125,
2121.334220581, 1.002198252,
2121.354652363, 1.002281945,
2121.375083945, 1.002338042,
2121.395515627, 1.002380166,
2121.415947409, 1.002540467,
2121.436378991, 1.002204244,
2121.456810674, 1.002805658,
2121.477242457, 1.002746507,
2121.497674039, 1.002479452,
2121.538537506, 1.002350710,
2121.558969089, 1.002126782,
2121.579400872, 1.002173984,
2121.599832556, 1.002271789,
2121.620264240, 1.001971416,
2121.640695924, 1.001834865,
2121.661127608, 1.002218258,
2121.681559292, 1.002223613,
2121.701990976, 1.002664882,
2121.722422661, 1.002204572,
2121.742854446, 1.002608472,
2121.783717716, 1.002657479,
2121.804149501, 1.002289680,
2121.824581186, 1.002511086,
2121.845012772, 1.002350319,
2121.865444558, 1.002150022,
2121.885876243, 1.002251869,
2121.906307829, 1.002525229,
2121.926739616, 1.002289297,
2121.947171302, 1.002381863,
2121.967602989, 1.002444390,
2122.049329736, 1.002424214,
2122.069761324, 1.002308831,
2122.090193111, 1.002322579,
2122.131056587, 1.002605936,
2122.151488175, 1.002664415,
2122.171919863, 1.002191802,
2122.192351651, 1.002687086,
2122.212783240, 1.002360871,
2122.274078406, 1.002516029,
2122.294509995, 1.002681342,
2122.314941784, 1.002628733,
2122.335373474, 1.002817722,
2122.355805164, 1.002868456,
2122.376236853, 1.002674487,
2122.396668543, 1.002639355,
2122.417100234, 1.002605823,
2122.437531924, 1.002616615,
2122.457963614, 1.002868928,
2122.478395405, 1.002811047,
2122.519258787, 1.002583889,
2122.539690478, 1.002658580,
2122.560122069, 1.002618728,
2122.580553861, 1.002386209,
2122.600985552, 1.002610383,
2122.621417144, 1.002136811,
2122.641848936, 1.002736354,
2122.662280528, 1.002500043,
2122.682712321, 1.002506195,
2122.784870685, 1.002410036,
2122.805302479, 1.002253577,
2122.825734172, 1.002058508,
2122.846165866, 1.001875584,
2122.866597560, 1.002192251,
2122.887029254, 1.002134768,
2122.907461048, 1.001715282,
2122.927892742, 1.002029795,
2122.948324337, 1.002246657,
2122.968756132, 1.002324063,
2123.030051217, 1.002820889,
2123.050482913, 1.002703153,
2123.070914708, 1.002399750,
2123.091346304, 1.002229577,
2123.111778000, 1.002246232,
2123.132209796, 1.002219595,
2123.152641393, 1.002512805,
2123.173073089, 1.002337270,
2123.193504886, 1.002235747,
2123.213936483, 1.002160287,
2123.275231574, 1.002233762,
2123.295663372, 1.002497492,
2123.316094970, 1.002832523,
2123.336526667, 1.003102114,
2123.356958466, 1.003034544,
2123.377390064, 1.003104353,
2123.397821762, 1.003005609,
2123.418253561, 1.003040186,
2123.438685160, 1.002581899,
2123.459116959, 1.002709042,
2123.499980357, 1.002630141,
2123.520412057, 1.002909233,
2123.540843757, 1.002263189,
2123.561275457, 1.002333485,
2123.581707157, 1.002398233,
2123.602138857, 1.002635247,
2123.622570657, 1.002523568,
2123.643002358, 1.002314261,
2123.663433959, 1.002255381,
2123.683865760, 1.002547794,
2123.704297461, 1.002519709,
2123.745160864, 1.002814265,
2123.765592566, 1.002532341,
2123.786024167, 1.002694364,
2123.806455970, 1.002881064,
2123.826887672, 1.003031446,
2123.847319474, 1.003152358,
2123.867751077, 1.002718225,
2123.888182780, 1.002770038,
2123.908614483, 1.002613073,
2123.929046186, 1.002814309,
2123.949477889, 1.002676623,
2123.990341297, 1.002753231,
2124.010773101, 1.002560608,
2124.031204705, 1.002501563,
2124.051636409, 1.002393802,
2124.072068213, 1.002350482,
2124.092499818, 1.002702573,
2124.112931523, 1.002172778,
2124.133363328, 1.002467059,
2124.153795033, 1.002457811,
2124.174226639, 1.002542487,
2124.194658444, 1.002643321,
2124.255953562, 1.002255385,
2124.276385269, 1.002508900,
2124.296817075, 1.002251054,
2124.317248682, 1.002152010,
2124.337680389, 1.002160900,
2124.358112196, 1.002199148,
2124.378543803, 1.002262527,
2124.398975611, 1.002577354,
2124.419407318, 1.002667659,
2124.439838926, 1.002498372,
2124.480702443, 1.002727672,
2124.501134051, 1.002781911,
2124.521565860, 1.002726127,
2124.541997569, 1.003102271,
2124.562429278, 1.002787924,
2124.582860987, 1.003176455,
2124.603292696, 1.003366553,
2124.623724406, 1.002794445,
2124.644156116, 1.003023516,
2124.664587826, 1.003078431,
2124.685019536, 1.002886481,
2124.746314668, 1.002885231,
2124.766746379, 1.002633640,
2124.787178190, 1.002777437,
2124.807609901, 1.002736292,
2124.828041513, 1.002452823,
2124.848473324, 1.002116145,
2124.868905036, 1.002481049,
2124.889336648, 1.002133606,
2124.909768461, 1.002507004,
2124.930200173, 1.002711413,
2124.991495312, 1.002789929,
2125.011927125, 1.002841911,
2125.032358739, 1.002993643,
2125.052790452, 1.002794673,
2125.073222266, 1.002771059,
2125.093653880, 1.002518514,
2125.114085595, 1.002432098,
2125.134517409, 1.002397412,
2125.154949024, 1.002658550,
2125.195812554, 1.002499746,
2125.216244169, 1.002916419,
2125.236675985, 1.002635103,
2125.257107700, 1.002505353,
2125.277539416, 1.002773720,
2125.297971132, 1.003090577,
2125.318402849, 1.002760402,
2125.338834565, 1.002708928,
2125.359266282, 1.002565069,
2125.379697999, 1.002463574,
2125.400129716, 1.002226187,
2125.420561433, 1.002258977,
2125.461424868, 1.002924830,
2125.481856586, 1.002721799,
2125.502288404, 1.002442285,
2125.522720123, 1.002529425,
2125.543151741, 1.002669733,
2125.563583560, 1.002525177,
2125.584015279, 1.002633665,
2125.604446898, 1.002618909,
2125.624878717, 1.002400100,
2125.665742056, 1.002170592,
2125.706605596, 1.002634623,
2125.727037417, 1.002498656,
2125.747469037, 1.002686879,
2125.767900758, 1.002306671,
2125.788332579, 1.002778744,
2125.808764200, 1.002723668,
2125.829195921, 1.003298595,
2125.849627743, 1.003119212,
2125.870059365, 1.002895336,
2125.890491187, 1.003317220,
2125.910922909, 1.002835599,
2125.951786354, 1.002937860,
2125.972217977, 1.002569101,
2125.992649800, 1.002406977,
2126.013081523, 1.002529472,
2126.033513246, 1.002692907,
2126.053944870, 1.002781205,
2126.074376694, 1.002323571,
2126.094808418, 1.002044143,
2126.115240142, 1.002080671,
2126.135671867, 1.002135001,
2126.156103592, 1.002231148,
2126.217398767, 1.002394001,
2126.237830592, 1.002482864,
2126.258262218, 1.002440932,
2126.278694044, 1.002253584,
2126.299125770, 1.002522679,
2126.319557397, 1.002235956,
2126.339989223, 1.002473427,
2126.360420950, 1.002575808,
2126.380852577, 1.002377056,
2126.442147759, 1.002417564,
2126.503443144, 1.002585135,
2126.523874772, 1.002267431,
2126.544306501, 1.002818890,
2126.564738330, 1.002425087,
2126.605601688, 1.002605818,
2126.626033418, 1.002476303,
2126.646465248, 1.002940715,
2126.687328708, 1.002949608,
2126.707760338, 1.002613833,
2126.728192169, 1.002436103,
2126.748623900, 1.002326978,
2126.769055531, 1.002555362,
2126.789487362, 1.002556370,
2126.809919094, 1.002771546,
2126.830350926, 1.003061725,
2126.850782558, 1.002918067,
2126.871214290, 1.002857906,
2126.891646122, 1.002927168,
2126.952941321, 1.002636605,
2126.973372954, 1.002758536,
2126.993804687, 1.002834228,
2127.014236521, 1.002436108,
2127.034668155, 1.002651690,
2127.055099989, 1.002623974,
2127.075531724, 1.002847735,
2127.095963358, 1.002406054,
2127.116395193, 1.002931208,
2127.136826928, 1.002495740,
2127.198122134, 1.002624896,
2127.218553970, 1.003210640,
2127.238985607, 1.003072438,
2127.259417343, 1.002772164,
2127.279849079, 1.002855243,
2127.300280816, 1.002274271,
2127.320712553, 1.002824009,
2127.341144391, 1.002320085,
2127.361576028, 1.002602424,
2127.382007766, 1.002498573,
2127.422871242, 1.003038498,
2127.443303080, 1.002885095,
2127.463734819, 1.002757801,
2127.484166458, 1.002740626,
2127.504598297, 1.002130683,
2127.525030036, 1.002253388,
2127.545461676, 1.002442664,
2127.565893515, 1.002535191,
2127.586325255, 1.002564420,
2127.606757095, 1.002512417,
2127.627188736, 1.002226702,
2127.688483958, 1.002362239,
2127.708915700, 1.002672290,
2127.729347541, 1.002789090,
2127.749779183, 1.002627078,
2127.770211025, 1.003063872,
2127.790642767, 1.002797167,
2127.811074510, 1.003123050,
2127.831506252, 1.002641826,
2127.851937995, 1.003195779,
2127.892801482, 1.002776878,
2127.913233225, 1.002760006,
2127.933664969, 1.002793911,
2127.954096713, 1.002892845,
2127.974528457, 1.002775927,
2127.994960302, 1.002945456,
2128.015391947, 1.002888361,
2128.035823692, 1.002717990,
2128.056255537, 1.002858247,
2128.076687182, 1.002873601,
2128.097118928, 1.002823780,
2128.117550774, 1.002657018,
2128.158414266, 1.003145158,
2128.178846013, 1.002751435,
2128.199277660, 1.002759494,
2128.219709507, 1.002906413,
2128.240141254, 1.003169698,
2128.260572902, 1.003066928,
2128.281004749, 1.003114010,
2128.301436497, 1.003249039,
2128.321868145, 1.003068405,
2128.342299994, 1.003197848,
2128.362731743, 1.002613776,
2128.424026990, 1.002552112,
2128.444458840, 1.002701263,
2128.464890590, 1.002343206,
2128.485322240, 1.002771556,
2128.505754090, 1.002435330,
2128.526185841, 1.002261091,
2128.567049343, 1.002814392,
2128.587481094, 1.002414189,
2128.607912845, 1.002633379,
2128.628344597, 1.002343166,
2128.648776349, 1.002283586,
2128.669208101, 1.002264971,
2128.689639854, 1.002434595,
2128.710071707, 1.002581792,
2128.730503360, 1.002157626,
2128.750935113, 1.001970782,
2128.771366966, 1.002208221,
2128.791798620, 1.001977429,
2128.812230374, 1.001881161,
2128.832662228, 1.002863897,
2128.853093882, 1.004093876,
2128.914389147, 1.002722423,
2128.955252758, 1.002419551,
2128.975684514, 1.002547209,
2128.996116270, 1.003063811,
2129.016548026, 1.002419163,
2129.036979783, 1.002413141,
2129.057411539, 1.002781121,
2129.077843296, 1.002381681,
2129.098275154, 1.002665598,
2129.159570427, 1.002970786,
2129.180002185, 1.003143875,
2129.200433844, 1.003225917,
2129.220865702, 1.002680411,
2129.241297461, 1.003060968,
2129.261729221, 1.002982090,
2129.282160980, 1.003162067,
2129.302592740, 1.002891851,
2129.323024500, 1.002947603,
2129.343456260, 1.002485624,
2129.384319781, 1.002709639,
2129.404751542, 1.002337651,
2129.425183204, 1.002549458,
2129.445615065, 1.003229835,
2129.466046827, 1.002846206,
2129.486478689, 1.003029216,
2129.506910351, 1.002971101,
2129.527342113, 1.002553597,
2129.547773976, 1.002746153,
2129.568205639, 1.002920607,
2129.588637402, 1.002399619,
2129.649932793, 1.002531930,
2129.670364557, 1.002351616,
2129.690796322, 1.002320246,
2129.711228086, 1.002655156,
2129.731659851, 1.002497454,
2129.752091616, 1.002225389,
2129.772523382, 1.002074668,
2129.792955147, 1.001690211,
2129.813386913, 1.002473781,
2129.833818779, 1.002181597,
2129.874682313, 1.002327702,
2129.895114080, 1.002320515,
2129.915545747, 1.002254170,
2129.935977614, 1.002342321,
2129.956409382, 1.001986255,
2129.976841050, 1.001878880,
2129.997272918, 1.001765290,
2130.017704586, 1.001468819,
2130.038136455, 1.001683712,
2130.058568224, 1.002208417,
2130.078999893, 1.002002233,
2130.119863532, 1.001656567,
2130.140295202, 1.001660495,
2130.160727073, 1.001490547,
2130.181158843, 1.001760193,
2130.201590714, 1.002475908,
2130.222022385, 1.002457914,
2130.242454156, 1.002282168,
2130.262886028, 1.002503271,
2130.283317699, 1.002351513,
2130.303749471, 1.002911322,
2130.324181344, 1.002695635,
2130.365044789, 1.002182982,
2130.385476662, 1.002246778,
2130.405908435, 1.002441670,
2130.426340209, 1.002277034,
2130.446771983, 1.002358239,
2130.467203757, 1.002786622,
2130.487635631, 1.003124585,
2130.508067306, 1.003172303,
2130.528499080, 1.003344507,
2130.548930955, 1.003032657,
2130.569362631, 1.002899567,
2130.630657959, 1.002399115,
2130.651089835, 1.002254779,
2130.671521512, 1.002011244,
2130.691953288, 1.002549021,
2130.712385166, 1.002862994,
2130.732816843, 1.002734713,
2130.753248721, 1.002769995,
2130.773680499, 1.002830125,
2130.794112177, 1.002899558,
2130.814544056, 1.003080913,
2130.875839393, 1.002188326,
2130.896271172, 1.001926916,
2130.916702952, 1.002549935,
2130.937134732, 1.002022894,
2130.957566512, 1.002199662,
2130.977998393, 1.002357002,
2130.998430174, 1.002267453,
2131.018861855, 1.002034574,
2131.039293736, 1.001953284,
2131.059725518, 1.002235683,
2131.121020864, 1.001745611,
2131.141452647, 1.001743167,
2131.161884430, 1.002069572,
2131.182316213, 1.001881489,
2131.202748097, 1.001641779,
2131.223179781, 1.001225597,
2131.243611565, 1.001556423,
2131.264043349, 1.002274905,
2131.284475133, 1.002055269,
2131.304907018, 1.001984085,
2131.345770489, 1.002116505,
2131.366202374, 1.001975086,
2131.386634060, 1.001964438,
2131.407065847, 1.001774349,
2131.427497733, 1.001507324,
2131.447929420, 1.001976402,
2131.468361207, 1.002283093,
2131.488793094, 1.001643288,
2131.509224781, 1.001905860,
2131.529656669, 1.001675151,
2131.550088457, 1.001420778,
2131.611383823, 1.002242563,
2131.631815612, 1.001762258,
2131.652247502, 1.002092775,
2131.672679191, 1.001877534,
2131.713542872, 1.002164247,
2131.733974562, 1.002346715,
2131.754406453, 1.002574231,
2131.774838244, 1.002574905,
2131.795269935, 1.003068491,
2131.856565511, 1.003195653,
2131.897428996, 1.002706589,
2131.917860789, 1.002637945,
2131.938292582, 1.002666772,
2131.958724376, 1.002504364,
2131.999587963, 1.002400481,
2132.020019758, 1.002521915,
2132.060883347, 1.002733824,
2132.081315242, 1.002866982,
2132.101746938, 1.002477944,
2132.122178734, 1.002265468,
2132.142610630, 1.002162845,
2132.163042326, 1.002161537,
2132.183474122, 1.002412968,
2132.203906019, 1.002351595,
2132.224337816, 1.002247990,
2132.244769614, 1.002198666,
2132.265201411, 1.002255663,
2132.285633209, 1.002207530,
2132.326496806, 1.002175588,
2132.346928605, 1.001935643,
2132.367360504, 1.001681092,
2132.387792203, 1.001733156,
2132.408224103, 1.001418530,
2132.428655903, 1.001852281,
2132.449087603, 1.001865886,
2132.469519503, 1.001836777,
2132.489951304, 1.002057121,
2132.510383005, 1.002172468,
2132.530814906, 1.002398442,
2132.571678410, 1.002005204,
2132.592110312, 1.002009797,
2132.612542114, 1.002047608,
2132.632973917, 1.001848850,
2132.653405720, 1.002075654,
2132.673837423, 1.001793859,
2132.694269327, 1.001808346,
2132.714701131, 1.002190658,
2132.735132935, 1.001802119,
2132.755564739, 1.002072382,
2132.816860154, 1.002253047,
2132.837291960, 1.001859158,
2132.857723865, 1.002039121,
2132.878155671, 1.002404275,
2132.898587378, 1.002459091,
2132.919019285, 1.002589047,
2132.939451092, 1.002712017,
2132.959882899, 1.002308704,
2132.980314706, 1.002893082,
2133.000746514, 1.002463966,
2133.021178422, 1.002770799,
2133.082473848, 1.002018045,
2133.102905557, 1.002272927,
2133.123337467, 1.002242369,
2133.143769277, 1.001965683,
2133.164200987, 1.001926293,
2133.184632897, 1.002134879,
2133.205064708, 1.002294712,
2133.225496419, 1.002401291,
2133.245928330, 1.002228028,
2133.266360142, 1.002576025,
2133.307223766, 1.002753780,
2133.327655478, 1.002699861,
2133.348087391, 1.002416373,
2133.388950917, 1.002236034,
2133.409382831, 1.002612324,
2133.450246459, 1.002607992,
2133.470678273, 1.002265495,
2133.491110088, 1.002196841,
2133.552405534, 1.002261292,
2133.572837450, 1.002190224,
2133.593269266, 1.002321463,
2133.613700983, 1.002050727,
2133.634132899, 1.002034617,
2133.654564716, 1.002075175,
2133.674996634, 1.002087279,
2133.695428352, 1.002060983,
2133.715860170, 1.001923707,
2133.736292088, 1.001666068,
2133.777155625, 1.001774452,
2133.797587544, 1.001658208,
2133.818019264, 1.001817006,
2133.838451084, 1.001692972,
2133.858883004, 1.001958185,
2133.879314724, 1.001805025,
2133.899746644, 1.002017626,
2133.920178465, 1.001897869,
2133.940610187, 1.001862943,
2133.961042108, 1.002110973,
2133.981473830, 1.002428296,
2134.001905752, 1.001830293,
2134.063201220, 1.002159234,
2134.083633043, 1.001854332,
2134.104064867, 1.001911264,
2134.124496691, 1.002196456,
2134.144928515, 1.002007676,
2134.165360340, 1.001849545,
2134.185792164, 1.002162470,
2134.206223990, 1.002408542,
2134.226655815, 1.002429723,
2134.267519467, 1.001898243,
2134.287951393, 1.002047220,
2134.308383220, 1.002167164,
2134.328814946, 1.002257552,
2134.349246874, 1.002124251,
2134.369678701, 1.002343296,
2134.390110429, 1.002271506,
2134.410542357, 1.002043091,
2134.430974185, 1.002215382,
2134.451406114, 1.002476376,
2134.471837843, 1.002283158,
2134.492269672, 1.002274900,
2134.553565162, 1.002021135,
2134.573996992, 1.003379920,
2134.594428823, 1.002145808,
2134.614860754, 1.002001321,
2134.635292586, 1.002655064,
2134.655724318, 1.002422742,
2134.676156250, 1.002556311,
2134.696587982, 1.002509230,
2134.717019815, 1.002263097,
2134.778315314, 1.002080077,
2134.798747248, 1.001877353,
2134.819179082, 1.002484373,
2134.839610917, 1.002232323,
2134.860042752, 1.001780275,
2134.880474587, 1.001771902,
2134.900906522, 1.001742632,
2134.921338258, 1.001419688,
2134.941770094, 1.001937270,
2134.962202030, 1.001741730,
2134.982633767, 1.001628016,
2135.043929279, 1.001730673,
2135.064361216, 1.001340335,
2135.084793055, 1.001931146,
2135.105224793, 1.001856933,
2135.125656732, 1.002225791,
2135.166520510, 1.002605054,
2135.186952250, 1.001867737,
2135.207384090, 1.001867199,
2135.227816031, 1.001937081,
2135.268679612, 1.001984822,
2135.289111553, 1.002091582,
2135.309543295, 1.002277610,
2135.329975137, 1.002577449,
2135.350406979, 1.002450528,
2135.370838822, 1.002068006,
2135.391270764, 1.001350501,
2135.411702608, 1.001739624,
2135.432134351, 1.001690038,
2135.452566295, 1.002229215,
2135.534293673, 1.001973149,
2135.554725618, 1.002267513,
2135.575157364, 1.002094504,
2135.595589210, 1.002349839,
2135.616021156, 1.002757348,
2135.636452903, 1.002292160,
2135.656884750, 1.002510619,
2135.677316697, 1.002477806,
2135.697748445, 1.002166695,
2135.718180393, 1.002389870,
2135.759043989, 1.002635907,
2135.799907787, 1.002103452,
2135.820339537, 1.001894924,
2135.840771486, 1.002259724,
2135.861203336, 1.002025611,
2135.881635187, 1.001991897,
2135.902067037, 1.002171787,
2135.922498889, 1.002221062,
2135.942930840, 1.002439509,
2135.963362592, 1.002467772,
2135.983794444, 1.002416232,
2136.004226296, 1.002977382,
2136.024658148, 1.002776059,
2136.065521955, 1.002238304,
2136.085953708, 1.002576839,
2136.106385662, 1.002047825,
2136.126817516, 1.001691271,
2136.147249271, 1.001967139,
2136.167681226, 1.002139830,
2136.188113081, 1.002186279,
2136.208544837, 1.001825586,
2136.249408649, 1.002019094,
2136.269840605, 1.001787788,
2136.290272362, 1.001728585,
2136.310704219, 1.001805622,
2136.331136176, 1.002160335,
2136.351567934, 1.001864631,
2136.371999792, 1.001322351,
2136.392431751, 1.001010652,
2136.412863509, 1.001957643,
2136.433295368, 1.002167979,
2136.515022908, 1.002038223,
2136.535454769, 1.002383791,
2136.555886630, 1.002569458,
2136.576318491, 1.002230390,
2136.596750353, 1.002690231,
2136.617182215, 1.002313581,
2136.658045940, 1.002261264,
2136.678477803, 1.002265244,
2136.698909666, 1.002194967,
2136.760205258, 1.002441079,
2136.780637222, 1.002090958,
2136.801068987, 1.002214667,
2136.821500952, 1.002143772,
2136.841932818, 1.002297856,
2136.862364584, 1.002487325,
2136.882796550, 1.002386433,
2136.903228417, 1.002198520,
2136.923660183, 1.002546797,
2136.944092151, 1.002287829,
2137.005387754, 1.002027674,
2137.025819623, 1.002005387,
2137.046251592, 1.002051344,
2137.066683361, 1.002073687,
2137.087115231, 1.002177421,
2137.107547200, 1.002397101,
2137.127978971, 1.002362542,
2137.148410841, 1.002849177,
2137.168842812, 1.002465888,
2137.189274683, 1.002617158,
2137.250570299, 1.002772983,
2137.271002171, 1.002645733,
2137.291434044, 1.003004489,
2137.311865917, 1.002996975,
2137.332297791, 1.002919781,
2137.352729665, 1.002813059,
2137.373161539, 1.002603654,
2137.393593413, 1.001947456,
2137.414025288, 1.001941749,
2137.434457263, 1.002031220,
2137.495752891, 1.001926128,
2137.516184668, 1.002030282,
2137.536616644, 1.002348892,
2137.557048521, 1.002187364,
2137.577480299, 1.002314862,
2137.597912277, 1.002429443,
2137.618344155, 1.003224322,
2137.638775934, 1.002542670,
2137.659207913, 1.002287498,
2137.679639792, 1.002097014,
2137.720503551, 1.001893888,
2137.740935432, 1.002084546,
2137.761367412, 1.002220557,
2137.781799193, 1.002914632,
2137.802231074, 1.002549890,
2137.822663056, 1.002369905,
2137.843094838, 1.002238969,
2137.863526720, 1.002387638,
2137.883958703, 1.001842891,
2137.904390586, 1.001974376,
2137.924822469, 1.002025309,
2137.965686137, 1.001887151,
2137.986118121, 1.001600507,
2138.006550005, 1.001771970,
2138.026981790, 1.002106094,
2138.047413776, 1.001645484,
2138.067845661, 1.001843391,
2138.088277647, 1.001907330,
2138.108709434, 1.002102336,
2138.129141321, 1.001638659,
2138.149573308, 1.001632628,
2138.170005095, 1.002055576,
2138.231300759, 1.002540068,
2138.251732748, 1.002307749,
2138.272164637, 1.002482005,
2138.292596426, 1.002708464,
2138.313028416, 1.002684806,
2138.333460306, 1.002342831,
2138.353892097, 1.002831346,
2138.374324088, 1.002600840,
2138.394755979, 1.002083772,
2138.415187870, 1.002317830,
2138.456051654, 1.002794159,
2138.476483647, 1.002597580,
2138.496915440, 1.002280983,
2138.537779327, 1.002363793,
2138.558211220, 1.002757762,
2138.599075009, 1.002577467,
2138.619506804, 1.002271689,
2138.639938800, 1.002206685,
2138.660370695, 1.001834289,
2138.721666384, 1.002343997,
2138.742098182, 1.002155426,
2138.762530179, 1.002260792,
2138.782962077, 1.002434503,
