BJD - 2454833, Corrected Flux
2061.305649704, 0.988664736,
2061.326081957, 0.988519215,
2061.346514109, 0.988258620,
2061.366946161, 0.988318101,
2061.387378413, 0.988076779,
2061.407810564, 0.987450373,
2061.428242814, 0.987480115,
2061.489539263, 0.991877020,
2061.530403460, 0.992166409,
2061.550835708, 0.991609232,
2061.571267856, 0.991156844,
2061.591699903, 0.991580066,
2061.612132149, 0.991195495,
2061.632564296, 0.991054025,
2061.652996341, 0.990567374,
2061.673428587, 0.990577431,
2061.693860731, 0.989945632,
2061.714292876, 0.989918502,
2061.734725020, 0.989916233,
2061.755157164, 0.990368777,
2061.775589307, 0.990296021,
2061.796021450, 0.990403102,
2061.816453592, 0.990917462,
2061.836885734, 0.990619028,
2061.857317876, 0.989960154,
2061.877749917, 0.990338638,
2061.898182157, 0.989822240,
2061.918614297, 0.989575522,
2061.939046437, 0.989498761,
2061.959478576, 0.990127781,
2061.979910715, 0.990093198,
2062.000342953, 0.991021119,
2062.041207129, 0.990163399,
2062.061639366, 0.990422488,
2062.082071403, 0.990296449,
2062.102503539, 0.990645692,
2062.122935775, 0.990760703,
2062.143367911, 0.990134685,
2062.163799945, 0.990144950,
2062.225096348, 0.990438655,
2062.245528581, 0.990026706,
2062.265960714, 0.990218638,
2062.286392747, 0.990205929,
2062.306824978, 0.990203711,
2062.327257110, 0.990501447,
2062.347689341, 0.990374347,
2062.368121372, 0.990369432,
2062.388553502, 0.990390704,
2062.408985732, 0.990014291,
2062.429417761, 0.990077047,
2062.449849890, 0.989762597,
2062.470282019, 0.990159354,
2062.490714147, 0.990568988,
2062.511146275, 0.992384847,
2062.531578402, 0.990310256,
2062.552010529, 0.990195557,
2062.572442655, 0.990274172,
2062.592874782, 0.990008354,
2062.613306907, 0.989633520,
2062.633739032, 0.990255703,
2062.654171257, 0.989794811,
2062.674603281, 0.989859056,
2062.695035505, 0.989683004,
2062.715467628, 0.989404723,
2062.735899651, 0.989400779,
2062.756331874, 0.989577748,
2062.776763996, 0.988885762,
2062.797196018, 0.989973498,
2062.817628239, 0.989581550,
2062.838060360, 0.989446287,
2062.858492381, 0.989139971,
2062.878924601, 0.989026203,
2062.899356721, 0.989484820,
2062.919788740, 0.989128533,
2062.940220959, 0.989406825,
2062.960653077, 0.989292968,
2062.981085195, 0.988897075,
2063.001517313, 0.989497215,
2063.021949429, 0.989111687,
2063.042381546, 0.989074463,
2063.062813663, 0.989744823,
2063.083245778, 0.988855915,
2063.103677994, 0.989066924,
2063.124110109, 0.988709887,
2063.144542123, 0.988977159,
2063.164974337, 0.989616188,
2063.185406451, 0.988992842,
2063.205838465, 0.988880253,
2063.226270677, 0.989201342,
2063.246702690, 0.988584774,
2063.267134802, 0.988918687,
2063.287567013, 0.988311738,
2063.307999025, 0.988077635,
2063.328431135, 0.988598166,
2063.348863346, 0.988795414,
2063.369295356, 0.988301608,
2063.389727466, 0.988414555,
2063.410159675, 0.988257977,
2063.430591683, 0.988409031,
2063.451023792, 0.988152347,
2063.471455999, 0.988084307,
2063.491888107, 0.988690934,
2063.512320214, 0.987563089,
2063.532752320, 0.988490229,
2063.553184427, 0.987825436,
2063.573616532, 0.987877264,
2063.594048637, 0.987580848,
2063.614480743, 0.987737221,
2063.634912947, 0.988359167,
2063.696209258, 0.988095854,
2063.716641261, 0.988813892,
2063.737073363, 0.988752011,
2063.757505565, 0.988375872,
2063.777937567, 0.987835618,
2063.798369668, 0.988325256,
2063.818801868, 0.987904097,
2063.839233869, 0.987857943,
2063.859665969, 0.987977650,
2063.880098168, 0.988070653,
2063.900530167, 0.988010200,
2063.920962366, 0.988258372,
2063.941394464, 0.988936661,
2063.961826462, 0.988642015,
2063.982258659, 0.988739361,
2064.023122753, 0.988128565,
2064.043554949, 0.988455281,
2064.063987045, 0.988826877,
2064.084419040, 0.988547428,
2064.104851235, 0.988180472,
2064.125283329, 0.988888776,
2064.554357219, 0.988415961,
2064.574789404, 0.988186501,
2064.595221489, 0.989010969,
2064.615653474, 0.988396282,
2064.636085658, 0.988578229,
2064.656517742, 0.988639374,
2064.738245973, 0.988891480,
2064.758678155, 0.988821032,
2064.779110136, 0.989722316,
2064.799542317, 0.987917856,
2064.819974397, 0.988803905,
2064.840406477, 0.988374205,
2064.860838557, 0.989578372,
2064.922134793, 0.989701199,
2064.942566872, 0.990031199,
2064.962998949, 0.989665105,
2064.983431127, 0.989553001,
2065.003863103, 0.989312001,
2065.024295180, 0.990040615,
2065.044727356, 0.989466092,
2065.065159332, 0.989845435,
2065.085591407, 0.990291739,
2065.106023582, 0.989661601,
2065.126455556, 0.989902590,
2065.146887630, 0.989264989,
2065.167319803, 0.989528082,
2065.187751777, 0.989525789,
2065.208183949, 0.989641128,
2065.228616021, 0.990212857,
2065.249047994, 0.989947886,
2065.269480165, 0.990262975,
2065.289912236, 0.989870736,
2065.310344307, 0.989611705,
2065.330776377, 0.989796848,
2065.351208447, 0.989856920,
2065.371640517, 0.989828859,
2065.392072586, 0.989953508,
2065.412504655, 0.990245324,
2065.432936723, 0.989950364,
2065.453368791, 0.989822533,
2065.473800858, 0.989588685,
2065.494232825, 0.990201800,
2065.514664992, 0.989503108,
2065.535097058, 0.989476386,
2065.555529024, 0.990298772,
2065.575961190, 0.990262025,
2065.596393255, 0.989055056,
2065.657689448, 0.989523365,
2065.678121611, 0.989208413,
2065.698553574, 0.989507411,
2065.718985637, 0.989439933,
2065.739417799, 0.990243112,
2065.759849761, 0.989689813,
2065.780281822, 0.989865598,
2065.800713983, 0.989390391,
2065.821146044, 0.989750911,
2065.841578004, 0.989818398,
2065.862010164, 0.989705607,
2065.882442224, 0.989763755,
2065.902874183, 0.989794606,
2065.923306341, 0.990239454,
2065.943738400, 0.990391247,
2065.964170357, 0.989982393,
2065.984602515, 0.990256939,
2066.005034572, 0.989916877,
2066.025466529, 0.990365038,
2066.045898684, 0.990868882,
2066.066330740, 0.989868601,
2066.086762896, 0.989748207,
2066.148058960, 0.989711972,
2066.168491014, 0.990259655,
2066.188923067, 0.989480619,
2066.209355120, 0.990713099,
2066.229787173, 0.988415705,
2066.250219225, 0.989465640,
2066.270651277, 0.990013708,
2066.291083328, 0.990334601,
2066.311515380, 0.989181116,
2066.331947530, 0.989369317,
2066.393243680, 0.989757671,
2066.413675629, 0.989812114,
2066.434107677, 0.990263771,
2066.454539826, 0.990155785,
2066.474971774, 0.990038699,
2066.495403821, 0.990081943,
2066.515835968, 0.989964074,
2066.536267915, 0.990749683,
2066.556700061, 0.990356898,
2066.577132107, 0.989408197,
2066.597564053, 0.990022962,
2066.617996198, 0.990414434,
2066.638428243, 0.990856318,
2066.658860287, 0.990299303,
2066.679292331, 0.990824056,
2066.699724374, 0.990480740,
2066.720156418, 0.990183074,
2066.740588460, 0.990771176,
2066.761020503, 0.990400385,
2066.781452545, 0.990364516,
2066.801884686, 0.989352035,
2066.822316627, 0.989999003,
2066.863180709, 0.989782558,
2066.883612749, 0.989890211,
2066.904044788, 0.989713979,
2066.924476927, 0.990449037,
2066.944908866, 0.990278068,
2066.965340805, 0.989987207,
2066.985772943, 0.989925226,
2067.006204980, 0.990131514,
2067.026637117, 0.990068023,
2067.047069054, 0.990159006,
2067.067501091, 0.990441055,
2067.087933227, 0.989823996,
2067.108365162, 0.990175815,
2067.128797198, 0.991195375,
2067.149229333, 0.990456540,
2067.169661367, 0.990105011,
2067.190093301, 0.990220077,
2067.210525435, 0.990485635,
2067.230957468, 0.990291146,
2067.251389401, 0.990225364,
2067.271821534, 0.990350923,
2067.292253566, 0.990230946,
2067.312685498, 0.990436367,
2067.353549660, 0.989946919,
2067.373981591, 0.989954152,
2067.394413721, 0.990066783,
2067.414845751, 0.990350876,
2067.435277681, 0.989937762,
2067.455709809, 0.990319293,
2067.476141838, 0.990016613,
2067.496573966, 0.990215467,
2067.517005894, 0.989284138,
2067.537437922, 0.990215848,
2067.557870049, 0.989907530,
2067.578301976, 0.990158484,
2067.598734002, 0.990666247,
2067.619166028, 0.990673362,
2067.639598153, 0.989993889,
2067.660030079, 0.989985906,
2067.680462104, 0.990031450,
2067.700894128, 0.990423450,
2067.721326152, 0.990761120,
2067.741758276, 0.991004336,
2067.762190199, 0.990972516,
2067.782622222, 0.990700939,
2067.803054344, 0.989625193,
2067.864350409, 0.990130059,
2067.884782330, 0.990363020,
2067.905214451, 0.990851773,
2067.925646471, 0.989895654,
2067.946078391, 0.990761409,
2067.966510510, 0.990151795,
2067.986942529, 0.990661012,
2068.007374548, 0.989632191,
2068.027806566, 0.990978706,
2068.048238584, 0.990458523,
2068.129966651, 0.990267809,
2068.150398768, 0.989830278,
2068.170830683, 0.990488224,
2068.191262698, 0.989805328,
2068.211694813, 0.990513738,
2068.232126728, 0.989999028,
2068.252558742, 0.990176430,
2068.272990855, 0.990187718,
2068.293422768, 0.990323739,
2068.313854781, 0.989901787,
2068.334286894, 0.989876260,
2068.354718806, 0.989839339,
2068.375150917, 0.989533426,
2068.395582829, 0.989660537,
2068.416014840, 0.989940582,
2068.436446950, 0.989996564,
2068.456878861, 0.989981208,
2068.477310870, 0.989903496,
2068.497742980, 0.990584726,
2068.518174889, 0.989832859,
2068.538606898, 0.990391153,
2068.559039006, 0.989646327,
2068.579471014, 0.990302957,
2068.599902922, 0.991364945,
2068.620335029, 0.990202367,
2068.640767035, 0.989434595,
2068.661198942, 0.990324358,
2068.681631048, 0.990006878,
2068.702063054, 0.989526490,
2068.722494959, 0.988765126,
2068.742927064, 0.990690963,
2068.763359068, 0.989728713,
2068.783791173, 0.990081224,
2068.845087183, 0.990585216,
2068.865519086, 0.990248912,
2068.885951088, 0.989859348,
2068.906383190, 0.990071741,
2068.926815091, 0.990136885,
2068.947247093, 0.990306283,
2068.967679193, 0.989877242,
2068.988111193, 0.990250766,
2069.008543093, 0.989411930,
2069.028975193, 0.989557125,
2069.049407192, 0.989685221,
2069.069839091, 0.990306669,
2069.090271190, 0.990553246,
2069.110703088, 0.990028037,
2069.131135086, 0.990567584,
2069.151567183, 0.990471863,
2069.171999180, 0.989487536,
2069.192431077, 0.990650785,
2069.212863173, 0.990330776,
2069.233295069, 0.989786383,
2069.253727164, 0.990940407,
2069.274159160, 0.991164686,
2069.315023149, 0.989694316,
2069.335455142, 0.989825504,
2069.355887036, 0.989964068,
2069.376319129, 0.990146837,
2069.396751122, 0.991498728,
2069.417183115, 0.990430379,
2069.437615107, 0.989643406,
2069.458047099, 0.989393921,
2069.478479090, 0.991300729,
2069.498911081, 0.990145173,
2069.519343072, 0.990403558,
2069.580639042, 0.990109592,
2069.601071031, 0.990576370,
2069.621503120, 0.990264962,
2069.662367097, 0.990606789,
2069.682799084, 0.990516650,
2069.703230971, 0.990159274,
2069.723663058, 0.990142728,
2069.744095045, 0.990390131,
2069.764526931, 0.990471830,
2069.784959017, 0.990393233,
2069.805391002, 0.989895229,
2069.825822887, 0.990778581,
2069.866686857, 0.991094520,
2069.887118941, 0.990523166,
2069.907550925, 0.991253955,
2069.927982908, 0.990189732,
2069.948414791, 0.989735482,
2069.968846873, 0.992169248,
2069.989278855, 0.993012719,
2070.091438761, 0.991189714,
2070.111870741, 0.991724055,
2070.132302820, 0.991537060,
2070.152734700, 0.991235578,
2070.173166678, 0.991516170,
2070.193598757, 0.991408101,
2070.214030635, 0.990856845,
2070.234462612, 0.991086493,
2070.254894690, 0.991702733,
2070.295758544, 0.990928966,
2070.316190620, 0.991507110,
2070.336622496, 0.990921044,
2070.357054472, 0.991631625,
2070.377486547, 0.992219958,
2070.397918521, 0.991748644,
2070.418350396, 0.991116922,
2070.438782470, 0.991723897,
2070.459214444, 0.991334649,
2070.479646317, 0.989570347,
2070.500078390, 0.989900273,
2070.540942435, 0.991255405,
2070.561374307, 0.991613814,
2070.581806179, 0.991268455,
2070.602238250, 0.991274418,
2070.622670221, 0.991166328,
2070.643102091, 0.990586171,
2070.663534161, 0.991695760,
2070.704398001, 0.991427055,
2070.745262038, 0.991743622,
2070.786125974, 0.991226267,
2070.806557942, 0.990791660,
2070.826989909, 0.990051319,
2070.867853843, 0.991432636,
2070.888285809, 0.990783962,
2070.908717875, 0.991068899,
2070.929149740, 0.991572380,
2070.949581805, 0.990956557,
2070.970013770, 0.990985831,
2071.072173588, 0.989891075,
2071.092605550, 0.990800765,
2071.133469474, 0.991615002,
2071.153901436, 0.991179992,
2071.174333297, 0.992779395,
2071.215197318, 0.990109310,
2071.235629278, 0.991705534,
2071.296925156, 0.990382251,
2071.358221031, 0.992018255,
2071.378652989, 0.991679961,
2071.419517002, 0.991882324,
2071.439948859, 0.991552681,
2071.480812871, 0.991100229,
2071.501244726, 0.992120640,
2071.521676681, 0.991283148,
2071.542108736, 0.991420951,
2071.562540590, 0.992545522,
2071.582972544, 0.991604826,
2071.603404598, 0.992628745,
2071.623836451, 0.991680766,
2071.644268404, 0.991214166,
2071.685132309, 0.992642149,
2071.705564261, 0.991805590,
2071.725996312, 0.991988595,
2071.766860214, 0.991763044,
2071.787292165, 0.992341811,
2071.807724115, 0.992920106,
2071.828156064, 0.991073515,
2071.869019963, 0.991035515,
2071.889452012, 0.991596318,
2071.909883860, 0.991523538,
2071.950747856, 0.991286867,
2071.971179703, 0.991178683,
2072.052907489, 0.992754255,
2072.093771379, 0.992469998,
2072.114203324, 0.992330186,
2072.134635269, 0.992607946,
2072.155067213, 0.992187482,
2072.175499157, 0.992127405,
2072.195931100, 0.992174261,
2072.216363043, 0.991979691,
2072.257227028, 0.991104519,
2072.298090912, 0.991931095,
2072.318522853, 0.992361033,
2072.338954694, 0.991202811,
2072.359386735, 0.990708224,
2072.379818675, 0.991316687,
2072.420682555, 0.992384994,
2072.461546333, 0.990708035,
2072.502410310, 0.993260915,
2072.522842147, 0.991584498,
2072.543274185, 0.991397057,
2072.563706122, 0.991911612,
2072.584138059, 0.991508900,
2072.604569995, 0.991414851,
2072.625001932, 0.992556106,
2072.645433967, 0.992056933,
2072.665865803, 0.992430284,
2072.686297738, 0.992451351,
2072.706729773, 0.992322854,
2072.788457508, 0.992654505,
2072.808889341, 0.991963414,
2072.829321374, 0.992981397,
2072.849753206, 0.990988721,
2072.870185138, 0.992337652,
2072.890617170, 0.991972577,
2072.911049001, 0.991317755,
2072.951912963, 0.992014226,
2072.972344793, 0.991766524,
2072.992776723, 0.991686016,
2073.013208753, 0.991908489,
2073.054072611, 0.992639167,
2073.074504539, 0.990341348,
2073.094936468, 0.991728762,
2073.135800323, 0.992332263,
2073.156232250, 0.992276251,
2073.176664177, 0.992112378,
2073.197096104, 0.993984057,
2073.258391881, 0.992510775,
2073.299255831, 0.991614588,
2073.319687656, 0.991858671,
2073.340119580, 0.992160104,
2073.360551603, 0.991764813,
2073.380983427, 0.991848375,
2073.401415350, 0.991542201,
2073.421847273, 0.991984274,
2073.442279195, 0.991785931,
2073.462711218, 0.992400888,
2073.483143039, 0.992174931,
2073.503574961, 0.993166756,
2073.524006982, 0.992723212,
2073.544438803, 0.991534929,
2073.564870723, 0.990715470,
2073.585302743, 0.991140760,
2073.605734663, 0.991636963,
2073.626166482, 0.991938419,
2073.646598501, 0.991525345,
2073.667030420, 0.992360957,
2073.687462238, 0.991054996,
2073.748757991, 0.992306193,
2073.789621925, 0.992177809,
2073.810053742, 0.992057569,
2073.830485758, 0.991719362,
2073.871349689, 0.992317639,
2073.891781504, 0.992069525,
2073.912213418, 0.991441136,
2073.932645433, 0.991936890,
2074.014372987, 0.993032974,
2074.034804900, 0.992833834,
2074.075668824, 0.993046229,
2074.096100636, 0.992827105,
2074.116532647, 0.992795252,
2074.136964458, 0.992989873,
2074.157396369, 0.993347459,
2074.177828379, 0.993917131,
2074.239124108, 0.992229823,
2074.259555917, 0.991467038,
2074.279987826, 0.991687673,
2074.341283650, 0.992218966,
2074.361715558, 0.991719396,
2074.382147365, 0.992175555,
2074.402579371, 0.992572285,
2074.423011278, 0.991727474,
2074.443443184, 0.992022141,
2074.463875090, 0.991721492,
2074.484306995, 0.991613036,
2074.504738900, 0.992678383,
2074.525170805, 0.992461580,
2074.545602709, 0.991377119,
2074.566034613, 0.992253374,
2074.586466617, 0.992706848,
2074.606898420, 0.992079360,
2074.627330323, 0.992222121,
2074.647762326, 0.992835578,
2074.668194129, 0.992217181,
2074.709058033, 0.991970508,
2074.729489834, 0.992332524,
2074.749921835, 0.992079519,
2074.770353736, 0.992466182,
2074.790785536, 0.991750688,
2074.811217537, 0.991158859,
2074.831649436, 0.991723735,
2074.852081236, 0.992468043,
2074.872513235, 0.991874959,
2074.892945034, 0.992232129,
2074.913376932, 0.992438238,
2074.954240729, 0.991305081,
2074.974672626, 0.992077357,
2074.995104623, 0.992448650,
2075.015536520, 0.992390127,
2075.035968317, 0.991797149,
2075.056400313, 0.991060108,
2075.076832209, 0.992308533,
2075.097264004, 0.991854219,
2075.138127895, 0.993249244,
2075.158559889, 0.992358405,
2075.178991684, 0.991547696,
2075.199423577, 0.991777752,
2075.219855571, 0.992469281,
2075.260719257, 0.992343349,
2075.281151250, 0.992340936,
2075.301583043, 0.992269778,
2075.342446926, 0.991899600,
2075.362878718, 0.992620654,
2075.383310609, 0.992472204,
2075.403742599, 0.991992559,
2075.465038270, 0.992347505,
2075.485470159, 0.991621843,
2075.505901948, 0.991659837,
2075.546765825, 0.991768886,
2075.567197714, 0.992386181,
2075.587629602, 0.991662115,
2075.608061489, 0.992304832,
2075.648925263, 0.992719821,
2075.710220922, 0.992258871,
2075.730652708, 0.991936414,
2075.751084693, 0.992171685,
2075.771516578, 0.992021424,
2075.791948363, 0.991502127,
2075.812380347, 0.991374754,
2075.832812231, 0.992106313,
2075.853244115, 0.993221655,
2075.873675998, 0.991821342,
2075.894107881, 0.991922337,
2075.955403528, 0.992406036,
2075.975835510, 0.992077303,
2075.996267392, 0.992593776,
2076.016699173, 0.992709560,
2076.037131154, 0.992548606,
2076.057563034, 0.992622094,
2076.077994814, 0.992361230,
2076.098426795, 0.991552877,
2076.159722432, 0.991908902,
2076.180154311, 0.992730732,
2076.200586089, 0.992194612,
2076.221018067, 0.991903644,
2076.241449945, 0.991840898,
2076.261881822, 0.992108733,
2076.282313699, 0.992000620,
2076.302745576, 0.992640114,
2076.323177453, 0.992083523,
2076.343609329, 0.993277257,
2076.364041205, 0.993798410,
2076.384473080, 0.991905178,
2076.425336830, 0.991714140,
2076.445768705, 0.992205451,
2076.466200579, 0.992714866,
2076.486632453, 0.992423194,
2076.507064427, 0.991999260,
2076.527496200, 0.991959809,
2076.547928073, 0.992756934,
2076.568360046, 0.992272933,
2076.588791818, 0.992230079,
2076.609223690, 0.993287390,
2076.629655662, 0.991889629,
2076.670519305, 0.991993795,
2076.690951275, 0.992561644,
2076.711383046, 0.991939975,
2076.731814916, 0.992878489,
2076.752246886, 0.991910759,
2076.772678656, 0.991568024,
2076.793110625, 0.992240406,
2076.813542494, 0.992871742,
2076.833974362, 0.992623725,
2076.854406231, 0.991532245,
2076.874838099, 0.991603367,
2076.915701934, 0.992317651,
2076.936133701, 0.992422552,
2076.956565568, 0.992979309,
2076.976997535, 0.992757489,
2076.997429301, 0.992482541,
2077.017861167, 0.991529681,
2077.038293032, 0.992442766,
2077.058724898, 0.992940019,
2077.079156763, 0.992741222,
2077.099588627, 0.992577182,
2077.120020492, 0.992900523,
2077.140452256, 0.991942831,
2077.160884219, 0.992151272,
2077.181316083, 0.992205590,
2077.201748046, 0.991632023,
2077.222179809, 0.992992725,
2077.242611671, 0.992960728,
2077.263043634, 0.993032139,
2077.283475396, 0.992425233,
2077.303907257, 0.993275103,
2077.324339218, 0.992641692,
2077.344771079, 0.994184899,
2077.365202840, 0.991803391,
2077.426498420, 0.991984008,
2077.446930380, 0.992452009,
2077.467362239, 0.992600220,
2077.487793998, 0.992176350,
2077.508225956, 0.992860127,
2077.528657815, 0.993167087,
2077.549089573, 0.991837040,
2077.569521530, 0.993626878,
2077.589953388, 0.992808488,
2077.610385345, 0.993125302,
2077.671680914, 0.993662079,
2077.692112670, 0.992465121,
2077.712544525, 0.992629439,
2077.732976481, 0.992630796,
2077.753408236, 0.993359126,
2077.773840090, 0.991898366,
2077.794271945, 0.992736060,
2077.814703899, 0.993220144,
2077.835135653, 0.993333644,
2077.855567606, 0.991733667,
2077.937294917, 0.993359165,
2077.957726869, 0.992961179,
2077.978158720, 0.993199468,
2077.998590472, 0.993253755,
2078.019022423, 0.993418773,
2078.039454273, 0.994094373,
2078.059886024, 0.993705998,
2078.080317974, 0.993509126,
2078.100749824, 0.993178179,
2078.162045372, 0.992948314,
2078.182477221, 0.993360022,
2078.202909069, 0.993614021,
2078.223340917, 0.993462220,
2078.243772765, 0.992896209,
2078.284636459, 0.992595651,
2078.591114132, 0.991134292,
2078.713705183, 0.992110016,
2078.815864483, 0.993924018,
2078.836296423, 0.992556219,
2078.918023677, 0.993711746,
2078.999751026, 0.993043508,
2079.020182963, 0.993609003,
2079.061046535, 0.991970248,
2079.081478471, 0.992659635,
2079.142773977, 0.993847103,
2079.183637646, 0.993429939,
2079.204069480, 0.993324796,
2079.244933147, 0.993114201,
2079.285796713, 0.993479723,
2079.306228646, 0.993063665,
2079.326660478, 0.994051295,
2079.347092210, 0.994249499,
2079.367524142, 0.993468286,
2079.387955974, 0.992873660,
2079.408387705, 0.994325232,
2079.428819636, 0.993882829,
2079.449251466, 0.993564323,
2079.490115127, 0.993877439,
2079.530978786, 0.993634970,
2079.551410615, 0.994853939,
2079.571842444, 0.992987546,
2079.592274373, 0.992645849,
2079.612706101, 0.994010981,
2079.653569857, 0.993956338,
2079.674001684, 0.993508835,
2079.694433412, 0.996108971,
2079.714865339, 0.993415255,
2079.735297165, 0.994157603,
2079.755728892, 0.994565508,
2079.776160818, 0.992899968,
2079.796592644, 0.996921435,
2079.817024369, 1.000769869,
2079.878319844, 0.993820333,
2079.898751768, 0.994448994,
2079.919183592, 0.993245861,
2079.939615316, 0.993419975,
2079.960047240, 0.993668724,
2080.000910886, 0.995498478,
2080.021342709, 0.995255320,
2080.041774531, 0.994342650,
2080.062206354, 0.994430950,
2080.123501818, 0.994918044,
2080.143933639, 0.994562641,
2080.164365460, 0.994373146,
2080.184797381, 0.995477940,
2080.205229101, 0.994870572,
2080.246092840, 0.994148574,
2080.266524560, 0.994558184,
2080.286956379, 0.994632629,
2080.307388298, 0.995148783,
2080.368683752, 0.995539021,
2080.389115470, 0.994873935,
2080.429979205, 0.995169386,
2080.450410921, 0.994056916,
2080.470842838, 0.994829437,
2080.491274654, 0.994476829,
2080.511706470, 0.994899379,
2080.532138286, 0.994802306,
2080.552570102, 0.994170451,
2080.573001917, 0.994419117,
2080.593433732, 0.995125558,
2080.613865547, 0.994821948,
2080.634297361, 0.994470992,
2080.654729275, 0.995241537,
2080.675160989, 0.995047100,
2080.695592803, 0.995576968,
2080.716024616, 0.993980617,
2080.736456429, 0.994085065,
2080.756888142, 0.993026508,
2080.777320054, 0.994288106,
2080.797751866, 0.994916649,
2080.859047301, 0.994791954,
2080.879479212, 0.995078485,
2080.899910923, 0.994681399,
2080.920342734, 0.994246293,
2080.940774644, 0.994463896,
2080.961206354, 0.994264107,
2080.981638164, 0.994524079,
2081.002070073, 0.995109780,
2081.022501883, 0.994874788,
2081.042933592, 0.995344844,
2081.063365500, 0.994579231,
2081.083797309, 0.994901485,
2081.104229017, 0.995984508,
2081.124660925, 0.994363550,
2081.145092732, 0.994297180,
2081.165524440, 0.995403732,
2081.185956347, 0.994450168,
2081.206388153, 0.995054285,
2081.226820060, 0.993702999,
2081.247251766, 0.994068818,
2081.267683572, 0.994471536,
2081.288115478, 0.996272687,
2081.349410893, 0.995096230,
2081.369842598, 0.994678794,
2081.390274402, 0.994497208,
2081.410706207, 0.994420256,
2081.431138010, 0.994579384,
2081.451569814, 0.995442085,
2081.472001617, 0.995045780,
2081.492433420, 0.994148804,
2081.512865223, 0.994881271,
2081.533297026, 0.994238260,
2081.553728828, 0.995220782,
2081.574160630, 0.994899919,
2081.594592531, 0.994781093,
2081.615024233, 0.995296507,
2081.635456134, 0.995840923,
2081.655887935, 0.995275380,
2081.676319636, 0.996340859,
2081.696751536, 0.996633896,
2081.717183336, 0.993678723,
2081.737615036, 0.995952868,
2081.758046936, 0.996428616,
2081.778478735, 0.994784287,
2081.839774131, 0.995950717,
2081.860205930, 0.995091717,
2081.880637728, 0.994621862,
2081.901069525, 0.994912345,
2081.921501323, 0.994978976,
2081.941933120, 0.995259724,
2081.962364917, 0.995297644,
2081.982796714, 0.995154355,
2082.003228510, 0.995609579,
2082.023660306, 0.995430846,
2082.044092202, 0.996137335,
2082.064523998, 0.995193347,
2082.084955693, 0.995478215,
2082.105387589, 0.995101819,
2082.125819284, 0.995083904,
2082.146251078, 0.994329472,
2082.166682972, 0.995794801,
2082.187114667, 0.995210682,
2082.207546460, 0.995353823,
2082.227978354, 0.996399269,
2082.248410047, 0.995005112,
2082.268841840, 0.995867363,
2082.330137218, 0.995393089,
2082.350569110, 0.995875974,
2082.371000802, 0.995403963,
2082.391432593, 0.995786642,
2082.432296276, 0.995854733,
2082.452728066, 0.996777651,
2082.473159857, 0.995899690,
2082.493591647, 0.996002737,
2082.514023537, 0.995686306,
2082.534455227, 0.995778958,
2082.554887016, 0.995738666,
2082.575318905, 0.994853132,
2082.595750594, 0.995430318,
2082.616182383, 0.994759254,
2082.636614271, 0.994900813,
2082.657045959, 0.994884823,
2082.677477747, 0.995412984,
2082.697909635, 0.995275154,
2082.718341322, 0.995787854,
2082.738773110, 0.994976785,
2082.759204997, 0.995123199,
2082.820500356, 0.996230550,
2082.840932042, 0.996593987,
2082.861363927, 0.995495839,
2082.881795713, 0.996332456,
2082.902227398, 0.996074201,
2082.922659283, 0.996679247,
2082.943091067, 0.995439938,
2082.963522752, 0.996086279,
2082.983954636, 0.995186025,
2083.004386420, 0.995385733,
2083.024818103, 0.996219207,
2083.045249987, 0.996054847,
2083.065681770, 0.995999436,
2083.086113453, 0.996124435,
2083.106545335, 0.996144327,
2083.126977117, 0.996153912,
2083.147408799, 0.995795372,
2083.167840681, 0.995956904,
2083.188272463, 0.995839105,
2083.208704344, 0.995186625,
2083.229136025, 0.994814685,
2083.249567806, 0.996715576,
2083.310863147, 0.996117004,
2083.331295027, 0.996663338,
2083.351726807, 0.996281322,
2083.372158486, 0.996863282,
2083.392590365, 0.996280924,
2083.413022144, 0.996422050,
2083.453885701, 0.996579038,
2083.474317479, 0.995489961,
2083.494749157, 0.996157748,
2083.515181035, 0.995858132,
2083.535612812, 0.996942729,
2083.556044689, 0.995819394,
2083.576476366, 0.996399083,
2083.596908143, 0.995986019,
2083.617339919, 0.996238705,
2083.637771695, 0.996099331,
2083.658203371, 0.995237421,
2083.678635247, 0.996565175,
2083.699067022, 0.995215708,
2083.719498697, 0.996504751,
2083.739930572, 0.996736604,
2083.801225895, 0.996135877,
2083.821657669, 0.996197544,
2083.842089443, 0.995881051,
2083.862521216, 0.996611636,
2083.882952990, 0.996075633,
2083.903384763, 0.995920750,
2083.923816635, 0.997125143,
2083.944248308, 0.995824060,
2083.964680180, 0.995638956,
2083.985111952, 0.995961183,
2084.005543624, 0.996181799,
2084.025975495, 0.996236819,
2084.046407266, 0.997402719,
2084.066838938, 0.997084251,
2084.087270808, 0.996732043,
2084.107702579, 0.996944017,
2084.128134249, 0.997745532,
2084.148566119, 0.996160972,
2084.168997889, 0.996707160,
2084.189429658, 0.996064778,
2084.209861428, 0.996609663,
2084.230293197, 0.998561517,
2084.291588503, 0.996991845,
2084.312020271, 0.997468855,
2084.332452039, 0.997586423,
2084.352883806, 0.997760478,
2084.373315574, 0.996750789,
2084.393747341, 0.997062668,
2084.414179108, 0.996225579,
2084.434610975, 0.997378652,
2084.455042641, 0.997340343,
2084.475474407, 0.996095291,
2084.495906273, 0.995564582,
2084.516337939, 0.995537720,
2084.536769704, 0.997011001,
2084.557201570, 0.997082119,
2084.577633235, 0.996506083,
2084.598064999, 0.996940457,
2084.618496864, 0.996658074,
2084.638928528, 0.997275157,
2084.659360292, 0.996843806,
2084.679792156, 0.996945904,
2084.700223820, 0.997458596,
2084.720655683, 0.998375847,
2084.781950972, 0.997229475,
2084.802382734, 0.997181150,
2084.822814497, 0.996698881,
2084.843246259, 0.996819008,
2084.863678020, 0.998057075,
2084.884109782, 0.997696247,
2084.904541643, 0.996255035,
2084.924973304, 0.996968550,
2084.945405065, 0.997012721,
2084.965836925, 0.997324138,
2085.006700346, 0.997592328,
2085.027132206, 0.997794383,
2085.047563865, 0.997775407,
2085.067995625, 0.997924833,
2085.088427484, 0.997652903,
2085.108859143, 0.997658644,
2085.129291001, 0.997716401,
2085.149722660, 0.998146535,
2085.170154418, 0.997776941,
2085.190586276, 0.997649965,
2085.211017934, 0.997063817,
2085.231449691, 0.997222270,
2085.251881549, 0.997664407,
2085.272313306, 0.998298589,
2085.292744963, 0.997619433,
2085.313176819, 0.997062761,
2085.333608576, 0.997080186,
2085.354040232, 0.997116973,
2085.374472088, 0.998715970,
2085.394903843, 0.996971073,
2085.415335499, 0.997507778,
2085.435767354, 0.996897864,
2085.456199109, 0.996882340,
2085.517494373, 0.998085678,
2085.537926227, 0.997626863,
2085.558357881, 0.997815795,
2085.578789634, 0.998081423,
2085.599221488, 0.997922281,
2085.619653141, 0.997318951,
2085.640084894, 0.997469201,
2085.660516747, 0.997746784,
2085.680948399, 0.997653724,
2085.701380151, 0.997272386,
2085.762675407, 0.997748622,
2085.783107258, 0.997726838,
2085.803539009, 0.997148066,
2085.823970761, 0.997434958,
2085.844402511, 0.997645100,
2085.864834162, 0.997206998,
2085.885266012, 0.997531906,
2085.905697762, 0.997091118,
2085.926129412, 0.996003989,
2085.946561261, 0.996804912,
2085.966993011, 0.997116143,
2085.987424660, 0.997382583,
2086.007856509, 0.997854690,
2086.028288258, 0.998938199,
2086.048719906, 0.998426866,
2086.069151754, 0.998725617,
2086.089583502, 0.998589186,
2086.110015250, 0.999087965,
2086.130446998, 0.998598671,
2086.150878745, 0.997894746,
2086.171310492, 0.997431252,
2086.191742239, 0.998126792,
2086.253037578, 0.998225267,
2086.273469225, 0.998761165,
2086.293901070, 0.998694655,
2086.314332816, 0.997809686,
2086.334764461, 0.998510377,
2086.355196306, 0.997927646,
2086.375628051, 0.998140296,
2086.396059696, 0.998170965,
2086.416491540, 0.998848420,
2086.436923285, 0.998591599,
2086.457354929, 0.997477269,
2086.477786773, 0.997731905,
2086.498218516, 0.998301520,
2086.518650160, 0.998428744,
2086.539082003, 0.998558007,
2086.559513646, 0.997994465,
2086.579945488, 0.998695751,
2086.600377231, 0.998749985,
2086.620808973, 0.999281771,
2086.641240715, 0.998591324,
2086.661672457, 0.999321838,
2086.682104199, 0.997783453,
2086.743399423, 0.999198837,
2086.763831164, 0.998842676,
2086.784262904, 0.998427767,
2086.804694644, 0.998864519,
2086.825126484, 0.998711093,
2086.845558124, 0.998875600,
2086.865989864, 0.998736385,
2086.886421704, 0.997957105,
2086.906853343, 0.998456471,
2086.927285182, 0.998580154,
2086.947716921, 0.999051923,
2086.968148559, 0.998957115,
2086.988580398, 0.998562960,
2087.009012136, 0.998440704,
2087.029443774, 0.998464103,
2087.049875612, 0.998698478,
2087.070307349, 0.998831994,
2087.090739087, 0.999266267,
2087.111170824, 0.998662460,
2087.131602561, 0.998650258,
2087.152034298, 0.999645692,
2087.172466034, 0.997157068,
2087.233761242, 0.999247110,
2087.254192978, 0.999538226,
2087.274624814, 0.998443366,
2087.295056449, 0.998831221,
2087.315488184, 0.999144488,
2087.335920019, 0.999045353,
2087.356351653, 0.998540541,
2087.376783388, 0.998694560,
2087.397215222, 0.998861290,
2087.417646856, 0.999302152,
2087.438078590, 0.999714043,
2087.458510423, 1.000118896,
2087.478942057, 0.998738284,
2087.499373790, 0.998609324,
2087.519805623, 0.999127061,
2087.540237256, 0.999907894,
2087.560668988, 0.999166676,
2087.581100820, 0.999646084,
2087.601532452, 0.999458504,
2087.621964284, 0.999129716,
2087.642396016, 0.999844012,
2087.662827748, 0.998853457,
2087.724122941, 0.998629479,
2087.744554771, 0.998877084,
2087.764986402, 0.998770894,
2087.785418132, 0.999724565,
2087.805849962, 0.999192131,
2087.826281592, 0.999051479,
2087.846713322, 0.998503897,
2087.867145151, 0.998765003,
2087.887576780, 1.000136911,
2087.908008509, 0.998705133,
2087.928440338, 0.999656518,
2087.948871967, 0.999389510,
2087.969303695, 0.998726207,
2088.010167151, 0.999897663,
2088.030598979, 1.000442212,
2088.051030607, 1.000472036,
2088.071462334, 0.999362227,
2088.091894161, 1.000017882,
2088.112325888, 0.999146343,
2088.132757515, 0.999453276,
2088.153189342, 1.000186718,
2088.214484520, 0.999625895,
2088.234916246, 0.999511963,
2088.255347872, 1.000008633,
2088.275779697, 0.999775677,
2088.296211422, 0.999769647,
2088.316643047, 0.999871548,
2088.337074872, 0.999444552,
2088.357506597, 1.000125329,
2088.377938421, 0.999922079,
2088.398370045, 1.000041920,
2088.418801769, 1.000656418,
2088.439233593, 0.999853004,
2088.459665216, 0.998629564,
2088.480096940, 0.999803148,
2088.500528763, 0.999976417,
2088.520960386, 1.000243829,
2088.541392109, 1.000642887,
2088.561823931, 0.999460088,
2088.582255654, 1.000240898,
2088.602687276, 1.000783627,
2088.623119098, 0.999572900,
2088.643550819, 0.999803915,
2088.684414263, 1.000343714,
2088.704845984, 0.999500481,
2088.725277705, 0.999713647,
2088.745709425, 0.999239374,
2088.766141046, 0.999766131,
2088.786572867, 1.000195096,
2088.807004587, 1.000037183,
2088.827436207, 1.000755929,
2088.847868027, 1.000044444,
2088.868299746, 1.000343361,
2088.888731366, 1.000010133,
2088.909163185, 0.999599574,
2088.929594904, 0.999748423,
2088.950026623, 1.000209462,
2088.970458342, 1.000783105,
2088.990890060, 1.000031136,
2089.011321778, 0.999372478,
2089.031753496, 0.999706968,
2089.052185214, 1.000249290,
2089.072617032, 1.001034177,
2089.093048749, 1.000350732,
2089.113480367, 1.000371774,
2089.133912184, 1.000360590,
2089.195207334, 0.999840497,
2089.215639050, 0.999944445,
2089.236070667, 1.000022977,
2089.256502483, 0.999692749,
2089.276934198, 1.000510505,
2089.297365814, 1.000421914,
2089.317797629, 1.000035370,
2089.338229344, 1.000825076,
2089.358660959, 1.000610557,
2089.379092774, 0.999702826,
2089.399524389, 1.000212821,
2089.419956203, 1.000105056,
2089.440387918, 0.999681837,
2089.460819532, 1.000607163,
2089.481251345, 1.000627534,
2089.501683059, 0.999698419,
2089.522114773, 1.000712895,
2089.542546486, 1.001007163,
2089.562978199, 0.999395757,
2089.583409912, 1.000081609,
2089.603841625, 0.999857607,
2089.624273337, 1.000495714,
2089.706000186, 0.999714054,
2089.726431997, 1.000072375,
2089.746863609, 1.000457912,
2089.767295420, 0.999770255,
2089.787727131, 0.999969776,
2089.808158742, 1.000037855,
2089.828590553, 1.000327969,
2089.849022263, 1.000026000,
2089.869453873, 1.000186015,
2089.889885684, 1.000313126,
2089.910317393, 1.000339288,
2089.930749103, 0.999344388,
2089.951180813, 1.000067221,
2089.971612522, 1.000152007,
2089.992044232, 1.000148940,
2090.012475941, 1.001247257,
2090.032907649, 1.001208181,
2090.053339358, 0.999647973,
2090.073771066, 1.000839522,
2090.094202775, 1.000551399,
2090.114634583, 1.000984314,
2090.135066191, 1.000635919,
2090.155497899, 1.000109477,
2090.175929706, 1.000436176,
2090.196361314, 1.000294216,
2090.216793021, 1.000891929,
2090.237224828, 1.000004317,
2090.257656435, 1.000320731,
2090.278088141, 1.000410053,
2090.298519948, 0.999337479,
2090.318951554, 1.000634405,
2090.339383260, 1.000937715,
2090.359815066, 1.000948907,
2090.421110183, 1.000638678,
2090.441541788, 1.000705898,
2090.461973593, 1.000437903,
2090.482405298, 0.999861739,
2090.502837003, 1.000355054,
2090.523268707, 1.000413162,
2090.543700412, 1.000702907,
2090.564132116, 1.001064305,
2090.584563820, 0.999678771,
2090.604995523, 1.000648210,
2090.625427227, 1.000549645,
2090.645859031, 1.000564613,
2090.666290634, 1.000379094,
2090.686722337, 1.000609415,
2090.707154140, 1.000621447,
2090.748017445, 1.000651026,
2090.768449248, 1.000941083,
2090.788880850, 1.000991552,
2090.809312652, 1.000980276,
2090.829744354, 1.000251325,
2090.850175955, 1.000205878,
2090.870607757, 1.000543997,
2090.891039358, 1.000648144,
2090.911471059, 1.001280425,
2090.931902860, 1.000640641,
2090.952334461, 1.000092259,
2090.972766162, 1.001006669,
2090.993197962, 1.000111130,
2091.013629663, 1.000667862,
2091.034061263, 1.000556153,
2091.054493062, 1.001410455,
2091.074924762, 1.000379658,
2091.095356462, 1.000837438,
2091.156651660, 1.000384592,
2091.177083258, 1.000291463,
2091.197514957, 1.000782909,
2091.217946756, 1.000966426,
2091.238378354, 1.000369299,
2091.258810052, 1.000651794,
2091.279241850, 1.000733432,
2091.299673448, 0.998731645,
2091.320105146, 1.000326075,
2091.340536944, 1.000277655,
2091.360968541, 0.999993033,
2091.381400238, 1.000018864,
2091.401832035, 1.000566103,
2091.422263632, 1.000459675,
2091.442695429, 1.000406937,
2091.463127125, 1.000116317,
2091.483558822, 0.999805025,
2091.503990518, 1.000656749,
2091.524422214, 1.000738861,
2091.544853910, 1.000547948,
2091.565285605, 1.000169807,
2091.585717301, 1.000491694,
2091.647012386, 1.000196335,
2091.667443981, 1.001087011,
2091.687875776, 1.001426267,
2091.708307470, 1.000473735,
2091.728739065, 1.000067611,
2091.749170859, 0.999404295,
2091.769602553, 1.000254027,
2091.790034347, 0.999230079,
2091.810465941, 1.000027208,
2091.830897634, 1.001478203,
2091.892192713, 1.000955204,
2091.912624506, 1.000605602,
2091.933056099, 1.001077521,
2091.953487792, 1.000945369,
2091.973919584, 1.000624428,
2091.994351276, 1.000474092,
2092.014782868, 1.000428354,
2092.035214660, 1.000265247,
2092.055646352, 1.000815548,
2092.076077943, 1.001131426,
2092.096509735, 1.000634775,
2092.116941426, 1.000678563,
2092.137373217, 1.000986367,
2092.157804808, 1.000788322,
2092.178236499, 1.000804718,
2092.198668289, 1.000651620,
2092.219099880, 1.001672407,
2092.239531570, 1.001437551,
2092.259963260, 1.001277420,
2092.280394950, 1.001091374,
2092.300826540, 1.001296888,
2092.321258329, 1.001499835,
2092.341690019, 1.000868051,
2092.362121708, 1.001227544,
2092.382553397, 1.000436072,
2092.402985086, 1.001449382,
2092.423416875, 1.001660033,
2092.443848464, 1.001593464,
2092.464280152, 1.001249795,
2092.484711941, 1.000274671,
2092.505143629, 1.001063799,
2092.546007005, 1.000887342,
2092.566438693, 1.000600512,
2092.627733755, 1.000602017,
2092.648165342, 1.000798664,
2092.668597129, 1.000784462,
2092.689028816, 1.001058994,
2092.709460402, 1.000816059,
2092.729892189, 1.001115239,
2092.750323875, 1.001199864,
2092.770755661, 1.000384285,
2092.791187247, 1.000584734,
2092.811618933, 1.000730086,
2092.832050719, 1.000535556,
2092.872913989, 1.000123262,
2092.893345775, 1.000676474,
2092.913777360, 1.001283456,
2092.934209045, 1.000139508,
2092.954640829, 1.001104516,
2092.975072514, 1.000938125,
2092.995504098, 1.001449793,
2093.015935883, 1.000149818,
2093.036367467, 1.000855206,
2093.056799151, 1.000805715,
2093.077230935, 1.001097957,
2093.097662518, 1.000679432,
2093.118094302, 1.000723305,
2093.138525985, 1.001185990,
2093.179389351, 1.001310343,
2093.199821034, 1.001187378,
2093.220252617, 1.000746229,
2093.240684400, 1.000830522,
2093.261116082, 1.001461336,
2093.281547665, 1.000722390,
2093.301979447, 1.000091750,
2093.322411129, 1.001421307,
2093.342842811, 1.000877744,
2093.363274492, 1.000704396,
2093.383706174, 1.002151480,
2093.404137955, 1.000793755,
2093.424569536, 1.000808082,
2093.445001218, 1.000607386,
2093.465432998, 1.000941320,
2093.485864680, 1.001113592,
2093.506296260, 1.001315671,
2093.526728041, 1.000972278,
2093.547159721, 1.000918352,
2093.608454761, 1.001390028,
2093.628886341, 1.001172897,
2093.649318121, 1.001207900,
2093.669749800, 1.000668342,
2093.690181380, 1.000888184,
2093.710613159, 1.000686136,
2093.731044838, 1.001351995,
2093.751476517, 1.001336833,
2093.771908195, 1.001134099,
2093.792339774, 1.000957731,
2093.812771553, 1.000903400,
2093.833203231, 1.000434052,
2093.853634909, 1.000480050,
2093.874066587, 1.000894604,
2093.914929943, 1.000775618,
2093.935361621, 1.000793251,
2093.955793298, 1.000017028,
2093.976224975, 1.000709913,
2093.996656652, 1.001419096,
2094.017088329, 1.001527507,
2094.037520106, 1.001184976,
2094.057951783, 1.000388073,
2094.078383360, 1.000598111,
2094.098815136, 1.001531919,
2094.119246813, 1.001142278,
2094.139678389, 1.001046564,
2094.160110165, 1.000487090,
2094.180541841, 1.000606300,
2094.200973417, 1.001078468,
2094.221405192, 1.000602064,
2094.241836868, 1.001034418,
2094.282700218, 1.000597887,
2094.303131893, 1.000636886,
2094.323563668, 1.001378639,
2094.364426918, 1.001575850,
2094.384858592, 1.000748372,
2094.405290266, 1.001313118,
2094.425721941, 1.001669964,
2094.446153615, 1.001434397,
2094.466585289, 1.001765879,
2094.487016962, 1.000564026,
2094.507448636, 1.000267551,
2094.527880310, 1.000812612,
2094.589175330, 1.000714090,
2094.609607002, 1.001052170,
2094.630038775, 1.001225862,
2094.650470348, 1.000854438,
2094.670902121, 1.001135556,
2094.691333793, 1.001393747,
2094.711765366, 1.000772205,
2094.732197138, 1.000832190,
2094.752628810, 1.001356748,
2094.773060382, 1.001323835,
2094.793492153, 1.001691027,
2094.813923825, 1.000909955,
2094.834355396, 1.001195758,
2094.854787168, 1.001240060,
2094.875218839, 1.001143754,
2094.916082181, 1.001167785,
2094.936513852, 1.001627697,
2094.956945623, 1.001411420,
2094.977377193, 1.001079491,
2094.997808864, 1.001620722,
2095.018240634, 1.001827118,
2095.038672304, 1.000774961,
2095.059103874, 1.001367427,
2095.079535644, 1.001209770,
2095.099967314, 1.000283733,
2095.120398884, 1.000146838,
2095.140830653, 1.000863080,
2095.161262223, 1.000632699,
2095.181693892, 1.001070774,
2095.202125661, 1.001391195,
2095.222557230, 1.000472534,
2095.242988999, 1.001137512,
2095.263420668, 1.001755928,
2095.324715673, 1.000833592,
2095.345147241, 1.000809959,
2095.365579009, 1.001020659,
2095.386010677, 1.001150661,
2095.406442345, 1.000546753,
2095.426874013, 1.001755859,
2095.447305680, 1.001406106,
2095.488169015, 1.000955594,
2095.508600682, 1.000802969,
2095.569895683, 1.002281469,
2095.590327450, 1.002219786,
2095.610759116, 1.001612542,
2095.631190683, 1.001936064,
2095.651622449, 1.002148785,
2095.672054115, 1.002185691,
2095.692485681, 1.002140194,
2095.712917447, 1.001581045,
2095.733349113, 1.002171995,
2095.753780679, 1.002230879,
2095.774212444, 1.001213591,
2095.794644110, 1.001573724,
2095.815075675, 1.002165815,
2095.835507440, 1.002599533,
2095.855939105, 1.001543727,
2095.876370770, 1.001311952,
2095.896802435, 1.001299840,
2095.917234100, 1.000637486,
2095.937665764, 1.002237878,
2095.958097429, 1.001490956,
2095.978529093, 1.001746748,
2095.998960757, 1.001812711,
2096.019392421, 1.001827735,
2096.039824085, 1.001917265,
2096.060255849, 1.001861583,
2096.080687413, 1.001192634,
2096.101119076, 1.001707294,
2096.121550840, 1.001883244,
2096.141982403, 1.001111442,
2096.162414166, 1.001762319,
2096.182845829, 1.001810760,
2096.203277392, 1.002147509,
2096.223709155, 1.001284760,
2096.244140818, 1.000705761,
2096.264572381, 1.000830367,
2096.285004143, 1.001033057,
2096.305435806, 1.001995762,
2096.325867368, 1.001006190,
2096.346299130, 1.001838129,
2096.366730792, 1.000631352,
2096.387162454, 1.001899450,
2096.407594116, 1.001234369,
2096.428025778, 1.001642842,
2096.448457539, 1.000619308,
2096.468889101, 1.001827348,
2096.489320762, 1.001917973,
2096.550615745, 1.002080608,
2096.571047506, 1.001847443,
2096.591479067, 1.001079989,
2096.611910727, 1.001362289,
2096.632342488, 1.001884734,
2096.673205709, 1.001529730,
2096.693637469, 1.001809437,
2096.714069029, 1.001640965,
2096.734500789, 1.001162183,
2096.754932449, 1.001845969,
2096.775364008, 1.001524707,
2096.795795768, 1.002417063,
2096.816227427, 1.000980452,
2096.836658987, 1.001775955,
2096.857090746, 1.001420198,
2096.877522405, 1.002359730,
2096.897954064, 1.001751601,
2096.918385723, 1.001802270,
2096.938817382, 1.001511180,
2096.959249041, 1.001438673,
2096.979680699, 1.001772365,
2097.000112358, 1.002136673,
2097.020544116, 1.001593711,
2097.040975774, 1.001764402,
2097.061407332, 1.001229286,
2097.102270749, 1.001742344,
2097.122702306, 1.002044586,
2097.143134064, 1.001691493,
2097.163565722, 1.001411106,
2097.183997279, 1.001548893,
2097.204429036, 1.001011322,
2097.224860694, 1.000861375,
2097.245292251, 1.002859325,
2097.265724008, 1.001776322,
2097.286155565, 1.001663169,
2097.306587222, 1.001941840,
2097.327018978, 1.001717800,
2097.347450535, 1.001552535,
2097.367882291, 1.002127967,
2097.388313948, 1.002136894,
2097.408745604, 1.002140581,
2097.429177260, 1.002458423,
2097.449608916, 1.002344946,
2097.470040572, 1.001591237,
2097.551767295, 1.003050763,
2097.572198851, 1.002569776,
2097.592630506, 1.002727136,
2097.613062261, 1.002519798,
2097.633493816, 1.001810362,
2097.653925571, 1.002935211,
2097.674357226, 1.002427904,
2097.694788781, 1.001916712,
2097.715220536, 1.002759762,
2097.735652190, 1.002326877,
2097.756083745, 1.002714638,
2097.776515499, 1.002026637,
2097.796947153, 1.001617893,
2097.817378708, 1.002099278,
2097.837810462, 1.002079659,
2097.858242116, 1.002316001,
2097.878673770, 1.002440363,
2097.899105423, 1.001604481,
2097.919537077, 1.002830498,
2097.939968731, 1.002847547,
2097.960400384, 1.003030123,
2097.980832038, 1.002204972,
2098.021695344, 1.000937693,
2098.042126997, 1.000949970,
2098.062558650, 1.001239748,
2098.082990303, 1.002474460,
2098.103421956, 1.002023009,
2098.123853708, 1.001728760,
2098.144285261, 1.002037327,
2098.164716913, 1.001388135,
2098.205580218, 1.001655769,
2098.266875174, 1.001784691,
2098.287306926, 1.001684224,
2098.307738578, 1.002368028,
2098.328170129, 1.002316323,
2098.348601881, 1.002329646,
2098.369033533, 1.002646215,
2098.389465184, 1.002507987,
2098.409896835, 1.002188959,
2098.430328486, 1.002007600,
2098.450760138, 1.002643436,
2098.491623439, 1.002338371,
2098.512055190, 1.002258512,
2098.532486741, 1.002619074,
2098.573350142, 1.002100226,
2098.593781793, 1.002406015,
2098.614213343, 1.002846118,
2098.655076643, 1.002475766,
2098.675508293, 1.002518564,
2098.695940043, 1.002379236,
2098.716371593, 1.002821887,
2098.736803243, 1.003051068,
2098.757234993, 1.002870328,
2098.777666542, 1.002584359,
2098.798098292, 1.003302207,
2098.818529941, 1.002662559,
2098.838961490, 1.003612361,
2098.859393240, 1.002579449,
2098.879824889, 1.002416283,
2098.900256438, 1.003163810,
2098.920688187, 1.002894373,
2098.941119836, 1.003011044,
2098.961551484, 1.003027998,
2098.981983133, 1.002267431,
2099.002414782, 1.002603575,
2099.022846430, 1.003195284,
2099.043278179, 1.002670979,
2099.063709727, 1.003373063,
2099.084141475, 1.003513977,
2099.104573123, 1.002822168,
2099.125004671, 1.002028964,
2099.145436419, 1.003677320,
2099.165868067, 1.002951625,
2099.186299615, 1.003208946,
2099.206731362, 1.003518982,
2099.227163010, 1.003613356,
2099.247594558, 1.003899752,
2099.268026305, 1.003239288,
2099.288457952, 1.003365126,
2099.308889500, 1.003708764,
2099.329321247, 1.002929260,
2099.349752894, 1.003279926,
2099.370184541, 1.004024307,
2099.390616188, 1.003396311,
2099.411047835, 1.004249783,
2099.431479481, 1.003849167,
2099.492774421, 1.003894611,
2099.513206067, 1.003192915,
2099.533637714, 1.003269360,
2099.554069360, 1.002677599,
2099.574501006, 1.003125242,
2099.594932752, 1.003323358,
2099.615364398, 1.004133387,
2099.635795944, 1.003536105,
2099.656227690, 1.004232923,
2099.697090881, 1.004629799,
2099.737954272, 1.003586332,
2099.758385818, 1.003416169,
2099.778817563, 1.003764883,
2099.799249208, 1.002833937,
2099.819680753, 1.003061430,
2099.840112498, 1.003491509,
2099.860544143, 1.003332827,
2099.880975888, 1.003626559,
2099.901407433, 1.004081522,
2099.921839078, 1.003829368,
2099.983134011, 1.003325207,
2100.023997300, 1.002865615,
2100.044428944, 1.003440166,
2100.064860589, 1.003869443,
2100.085292233, 1.003722384,
2100.105723877, 1.003397568,
2100.126155621, 1.004144408,
2100.146587164, 1.002900608,
2100.167018908, 1.003314909,
2100.187450552, 1.003482243,
2100.207882096, 1.003696507,
2100.228313839, 1.003903062,
2100.248745483, 1.003866577,
2100.269177026, 1.004667572,
2100.289608769, 1.003754744,
2100.310040413, 1.003569828,
2100.330471956, 1.003656778,
2100.350903699, 1.003786648,
2100.371335342, 1.003994787,
2100.391766885, 1.003609663,
2100.412198628, 1.003879132,
2100.432630270, 1.003888038,
2100.453062013, 1.004247108,
2100.473493556, 1.004199732,
2100.493925198, 1.004334884,
2100.514356941, 1.003764182,
2100.534788483, 1.003367055,
2100.555220126, 1.004561299,
2100.575651868, 1.004242144,
2100.596083510, 1.003519372,
2100.616515052, 1.004067279,
2100.636946794, 1.005020367,
2100.657378436, 1.003997213,
2100.677809978, 1.005144354,
2100.698241720, 1.004060380,
2100.718673362, 1.004801568,
2100.739105103, 1.003729454,
2100.759536645, 1.003683076,
2100.779968287, 1.004373160,
2100.800399928, 1.004531477,
2100.820831569, 1.004008000,
2100.841263111, 1.004438639,
2100.861694852, 1.003923270,
2100.882126493, 1.004370576,
2100.902558034, 1.003763111,
2100.922989775, 1.004603825,
2100.943421416, 1.004055999,
2100.963853057, 1.004053372,
2100.984284698, 1.004529699,
2101.004716339, 1.004570046,
2101.025148080, 1.004575188,
2101.045579620, 1.004510130,
2101.066011261, 1.004333267,
2101.086443001, 1.004265108,
2101.106874642, 1.004649318,
2101.147737922, 1.004192773,
2101.168169563, 1.004543979,
2101.188601103, 1.004283989,
2101.209032843, 1.004607905,
2101.229464483, 1.004601457,
2101.249896223, 1.004968277,
2101.270327763, 1.004582400,
2101.290759403, 1.005291199,
2101.311191142, 1.004004875,
2101.331622682, 1.004332866,
2101.352054322, 1.004625749,
2101.372486061, 1.004138920,
2101.392917601, 1.004788419,
2101.454212519, 1.004724415,
2101.474644158, 1.004619528,
2101.495075797, 1.004733559,
2101.515507436, 1.005089270,
2101.535939176, 1.004276097,
2101.556370715, 1.005225549,
2101.576802353, 1.003867134,
2101.597234092, 1.005138725,
2101.617665631, 1.005877680,
2101.638097270, 1.004605252,
2101.658529009, 1.007171243,
2101.678960647, 1.006258744,
2101.699392186, 1.008599608,
2101.719823924, 1.006505199,
2101.740255563, 1.005375889,
2101.781118839, 1.005087934,
2101.801550478, 1.006329604,
2101.821982216, 1.006595283,
2101.842413754, 1.006266823,
2101.862845392, 1.006031179,
2101.883277130, 1.005889705,
2101.903708668, 1.006286181,
2101.924140306, 1.006615575,
2101.944572044, 1.006467766,
2101.965003582, 1.006176659,
2101.985435219, 1.005827124,
2102.005866957, 1.006251769,
2102.026298494, 1.005850484,
2102.046730232, 1.006539321,
2102.067161869, 1.006802153,
2102.087593507, 1.006153781,
2102.108025144, 1.006641753,
2102.128456782, 1.006755460,
2102.148888419, 1.007129555,
2102.169320056, 1.006297698,
2102.189751693, 1.005689059,
2102.230614967, 1.007923797,
2102.251046604, 1.007752723,
2102.271478141, 1.007417096,
2102.291909878, 1.006554875,
2102.312341515, 1.006932569,
2102.332773252, 1.007514718,
2102.353204788, 1.006953979,
2102.373636425, 1.007278837,
2102.394068162, 1.006936463,
2102.414499698, 1.007804024,
2102.434931335, 1.007252364,
2102.455363071, 1.006961701,
2102.475794607, 1.007136570,
2102.496226244, 1.007300339,
2102.516657980, 1.007483651,
2102.537089516, 1.007148749,
2102.557521152, 1.006586114,
2102.577952889, 1.006890445,
2102.598384525, 1.007025325,
2102.618816161, 1.007111877,
2102.639247797, 1.006506683,
2102.659679433, 1.006218657,
2102.680111068, 1.006655599,
2102.700542704, 1.007086364,
2102.720974340, 1.005963140,
2102.741406076, 1.005806807,
2102.761837611, 1.005885519,
2102.782269247, 1.005867862,
2102.802700883, 1.006219490,
2102.823132518, 1.006474324,
2102.843564254, 1.006589793,
2102.863995889, 1.006479065,
2102.884427424, 1.006423547,
2102.904859160, 1.005744685,
2102.925290695, 1.006587091,
2102.945722330, 1.005851244,
2102.966154065, 1.006689498,
2102.986585600, 1.005742573,
2103.007017235, 1.006553398,
2103.027448970, 1.005306037,
2103.047880506, 1.006615557,
2103.068312140, 1.005562379,
2103.088743875, 1.005201513,
2103.109175510, 1.006102610,
2103.129607145, 1.006363026,
2103.150038780, 1.005517115,
2103.170470414, 1.005742162,
2103.190902049, 1.005433601,
2103.211333684, 1.005951847,
2103.231765318, 1.005752599,
2103.252196953, 1.006185123,
2103.272628587, 1.006242836,
2103.293060222, 1.005244472,
2103.313491956, 1.005919366,
2103.333923490, 1.005336032,
2103.354355125, 1.005572437,
2103.415650127, 1.006861969,
2103.436081762, 1.005678762,
2103.456513296, 1.006207099,
2104.089894033, 1.017887163,
2104.110325766, 1.018026426,
2104.130757398, 1.017861032,
2104.151189131, 1.018313113,
2104.171620664, 1.018203468,
2104.192052297, 1.018949332,
2104.212483929, 1.018545318,
2104.232915562, 1.017984570,
2104.253347194, 1.017995193,
2104.273778827, 1.018339219,
2104.294210460, 1.018269519,
2104.314642092, 1.018525864,
2104.335073824, 1.017843733,
2104.375936989, 1.017942303,
2104.396368722, 1.018531545,
2104.416800254, 1.017858998,
2104.437231986, 1.018213308,
2104.457663619, 1.018226377,
2104.478095151, 1.018383076,
2104.498526883, 1.018106349,
2104.518958515, 1.018826428,
2104.539390048, 1.018289396,
2104.559821780, 1.018343293,
2104.580253412, 1.018409050,
2104.621116676, 1.017941004,
2104.641548308, 1.018394367,
2104.661980040, 1.019228844,
2104.682411572, 1.018576069,
2104.702843204, 1.018269621,
2104.723274936, 1.017771565,
2104.743706467, 1.018188397,
2104.764138099, 1.018167171,
2104.784569831, 1.018200115,
2104.805001463, 1.017955631,
2104.825432995, 1.017901492,
2104.866296358, 1.018426941,
2104.886727990, 1.018346000,
2104.907159621, 1.018646993,
2104.927591253, 1.018384897,
2104.948022885, 1.018335505,
2104.968454516, 1.018002547,
2104.988886048, 1.018202816,
2105.009317779, 1.018277145,
2105.029749411, 1.018250943,
2105.050180942, 1.017885553,
2105.111475836, 1.018223374,
2105.131907568, 1.017882291,
2105.152339199, 1.018259012,
2105.172770930, 1.018639263,
2105.193202462, 1.018346965,
2105.213634093, 1.018357741,
2105.234065824, 1.018002880,
2105.254497355, 1.018440674,
2105.274928987, 1.017724550,
2105.295360718, 1.018619733,
2105.315792349, 1.018564742,
2105.377087242, 1.018334525,
2105.397518873, 1.018218550,
2105.417950504, 1.018401019,
2105.438382135, 1.018830582,
2105.458813866, 1.018325708,
2105.479245397, 1.018563298,
2105.499677028, 1.018941271,
2105.520108759, 1.018669901,
2105.540540290, 1.018408154,
2105.560971921, 1.018505133,
2105.581403652, 1.018282296,
2105.601835183, 1.018993481,
2105.622266914, 1.018640526,
2105.642698545, 1.019165395,
2105.663130075, 1.018579647,
2105.683561806, 1.018408040,
2105.703993337, 1.018622732,
2105.724424968, 1.018283878,
2105.744856699, 1.018564774,
2105.765288229, 1.018883812,
2105.785719860, 1.018808676,
2105.806151591, 1.018578508,
2105.847014852, 1.018512691,
2105.867446483, 1.018271114,
2105.887878113, 1.018762571,
2105.908309744, 1.018579746,
2105.928741374, 1.018721817,
2105.949173005, 1.018316732,
2105.969604736, 1.018513493,
2105.990036266, 1.018740793,
2106.010467897, 1.018351453,
2106.030899627, 1.018508021,
2106.051331158, 1.018787667,
2106.092194519, 1.018570519,
2106.112626049, 1.018472518,
2106.133057780, 1.018426312,
2106.153489410, 1.019094561,
2106.173920940, 1.019308491,
2106.194352671, 1.019038579,
2106.214784301, 1.018796099,
2106.235215832, 1.018574339,
2106.255647562, 1.018823548,
2106.276079192, 1.019012054,
2106.296510823, 1.018768256,
2106.337374083, 1.018621322,
2106.357805714, 1.018495537,
2106.378237344, 1.018858126,
2106.398668974, 1.019142719,
2106.419100605, 1.019149903,
2106.439532235, 1.018635172,
2106.459963865, 1.018754639,
2106.480395495, 1.018435699,
2106.500827126, 1.018513108,
2106.521258756, 1.018583931,
2106.541690486, 1.018628397,
2106.582553747, 1.018248698,
2106.602985377, 1.019367460,
2106.623416907, 1.019509722,
2106.643848637, 1.018496509,
2106.664280267, 1.018383322,
2106.684711798, 1.018927097,
2106.705143528, 1.018623849,
2106.725575158, 1.018213544,
2106.746006688, 1.018471648,
2106.766438418, 1.018698082,
2106.786870048, 1.018892841,
2106.827733309, 1.018484345,
2106.848164939, 1.018336649,
2106.868596669, 1.018576421,
2106.889028199, 1.019187180,
2106.909459829, 1.018737811,
2106.929891559, 1.018227139,
2106.950323089, 1.018203270,
2106.970754720, 1.018874349,
2106.991186450, 1.018616602,
2107.011618080, 1.018568946,
2107.032049710, 1.018543652,
2107.072912870, 1.018695839,
2107.093344600, 1.018652286,
2107.113776230, 1.018916535,
2107.134207760, 1.018477788,
2107.154639490, 1.019010402,
2107.175071120, 1.018581017,
2107.215934381, 1.018111753,
2107.236366011, 1.018448763,
2107.256797741, 1.018394229,
2107.338524161, 1.019142237,
2107.358955791, 1.018870063,
2107.379387521, 1.019206221,
2107.420250681, 1.018659543,
2107.440682411, 1.019123479,
2107.461114041, 1.019161783,
2107.481545671, 1.019026295,
2107.501977302, 1.019301945,
2107.522408932, 1.018893549,
2107.542840562, 1.018572263,
2107.563272192, 1.019206552,
2107.583703822, 1.019031461,
2107.604135552, 1.018641810,
2107.624567082, 1.018712454,
2107.644998712, 1.018793103,
2107.665430442, 1.018737292,
2107.685861972, 1.019056459,
2107.706293702, 1.018733814,
2107.726725233, 1.018508743,
2107.747156863, 1.018875247,
2107.767588593, 1.018560575,
2107.808451753, 1.018995894,
2107.828883483, 1.018825474,
2107.849315013, 1.018640521,
2107.869746644, 1.019164512,
2107.890178374, 1.018596926,
2107.910609904, 1.018831944,
2107.931041534, 1.019072533,
2107.951473264, 1.018704751,
2107.971904794, 1.018948804,
2108.053631415, 1.018443648,
2108.074063045, 1.018529010,
2108.094494676, 1.019048898,
2108.114926306, 1.019030747,
2108.135357936, 1.018878377,
2108.155789566, 1.018786452,
2108.176221297, 1.018779166,
2108.196652827, 1.018759663,
2108.217084557, 1.019081520,
2108.237516188, 1.018779954,
2108.257947718, 1.018704443,
2108.298811078, 1.019022440,
2108.319242609, 1.018905623,
2108.339674339, 1.019454185,
2108.360105969, 1.018719980,
2108.380537500, 1.019206067,
2108.400969230, 1.018759670,
2108.421400861, 1.019038079,
2108.441832491, 1.019215416,
2108.462264122, 1.018979083,
2108.482695652, 1.018995920,
2108.543990643, 1.018921491,
2108.564422274, 1.019081331,
2108.584853904, 1.019197557,
2108.605285535, 1.018968117,
2108.625717165, 1.019009231,
2108.646148796, 1.019116116,
2108.666580526, 1.019439600,
2108.687012157, 1.018832867,
2108.727875418, 1.019091689,
2108.789170310, 1.018952774,
2108.809601941, 1.018903850,
2108.830033471, 1.019748636,
2108.850465202, 1.018954551,
2108.870896833, 1.019402763,
2108.891328564, 1.018812953,
2108.932191725, 1.019101997,
2108.952623456, 1.018794995,
2108.973054987, 1.019126548,
2109.034349879, 1.019286101,
2109.054781510, 1.018908614,
2109.075213241, 1.018763628,
2109.095644772, 1.019408339,
2109.136508034, 1.019266192,
2109.156939665, 1.019261905,
2109.177371396, 1.019356562,
2109.197802927, 1.019419716,
2109.218234558, 1.018586187,
2109.299961182, 1.018981677,
2109.320392813, 1.019574010,
2109.340824545, 1.019560485,
2109.361256076, 1.019149167,
2109.381687707, 1.019213164,
2109.402119438, 1.019464306,
2109.422550970, 1.019550196,
2109.442982601, 1.019068091,
2109.463414332, 1.019313390,
2109.483845863, 1.019569074,
2109.524709226, 1.019431997,
2109.545140758, 1.018755636,
2109.565572489, 1.019218433,
2109.586004121, 1.019095470,
2109.606435652, 1.018840873,
2109.626867383, 1.019359517,
2109.647299015, 1.018966241,
2109.667730647, 1.019837452,
2109.688162278, 1.019384753,
2109.729025541, 1.019621651,
2109.769888805, 1.019275031,
2109.790320436, 1.019498303,
2109.810752168, 1.019760955,
2109.831183700, 1.019535589,
2109.851615432, 1.019332655,
2109.872046964, 1.019600003,
2109.892478595, 1.019746723,
2109.912910327, 1.019618285,
2109.933341859, 1.019624548,
2109.953773491, 1.019617092,
2110.015068487, 1.019799544,
2110.035500119, 1.018558124,
2110.055931651, 1.019750501,
2110.076363384, 1.019402906,
2110.096795016, 1.019532791,
2110.117226548, 1.019710304,
2110.137658280, 1.019508818,
2110.158089912, 1.019007900,
2110.178521545, 1.019815993,
2110.198953177, 1.019839422,
2110.280679706, 1.019585660,
2110.301111439, 1.020507536,
2110.321543071, 1.019565635,
2110.341974604, 1.019305189,
2110.362406337, 1.019687242,
2110.382837969, 1.020772133,
2110.403269602, 1.019721507,
2110.423701235, 1.019645337,
2110.444132867, 1.020098778,
2110.505427666, 1.019536627,
2110.525859398, 1.019417040,
2110.546291031, 1.019891935,
2110.566722564, 1.019782656,
2110.587154297, 1.019825916,
2110.607585930, 1.019878463,
2110.628017663, 1.019695667,
2110.648449196, 1.019918940,
2110.668880829, 1.019673310,
2110.689312563, 1.020041738,
2110.771038995, 1.021255304,
2110.791470629, 1.020239293,
2110.811902362, 1.018306478,
2110.832333896, 1.018641507,
2110.852765629, 1.019397270,
2110.873197263, 1.019782195,
2110.893628896, 1.019534847,
2110.914060530, 1.020041347,
2110.934492163, 1.019555481,
2110.975355431, 1.019490895,
2110.995787064, 1.019843606,
2111.016218698, 1.020335268,
2111.036650432, 1.020372754,
2111.057081966, 1.020002229,
2111.077513700, 1.019881836,
2111.097945334, 1.019986948,
2111.118376868, 1.020122733,
2111.138808602, 1.020190525,
2111.159240136, 1.020011779,
2111.179671770, 1.020423795,
2111.261398407, 1.019856294,
2111.281829941, 1.019679346,
2111.302261675, 1.019718879,
2111.322693310, 1.020109437,
2111.343124844, 1.019972982,
2111.363556579, 1.020353751,
2111.383988213, 1.020583836,
2111.404419848, 1.020044081,
2111.424851482, 1.020247645,
2111.445283117, 1.020284413,
2111.506578021, 1.019988059,
2111.527009756, 1.020011296,
2111.547441391, 1.020126046,
2111.567872926, 1.020032817,
2111.588304661, 1.020490803,
2111.608736296, 1.020390965,
2111.629167831, 1.020153357,
2111.649599566, 1.020712245,
2111.670031202, 1.020579493,
2111.690462937, 1.020128072,
2111.731326108, 1.020206825,
2111.751757843, 1.019896194,
2111.772189378, 1.020400027,
2111.792621014, 1.019960687,
2111.813052649, 1.020367029,
2111.833484285, 1.020458976,
2111.853915921, 1.020271452,
2111.874347556, 1.020377532,
2111.894779192, 1.020312006,
2111.915210928, 1.020667001,
2111.935642464, 1.020428882,
2111.976505836, 1.019814339,
2111.996937372, 1.019758265,
2112.017369008, 1.019880355,
2112.037800744, 1.020290683,
2112.058232380, 1.019748624,
2112.078664016, 1.020202003,
2112.099095652, 1.019892308,
2112.119527289, 1.019702134,
2112.139958925, 1.019933996,
2112.160390561, 1.019918256,
2112.180822198, 1.019903622,
2112.242117108, 1.019588645,
2112.262548844, 1.019894236,
2112.282980381, 1.019687775,
2112.303412118, 1.019730560,
2112.323843755, 1.019903324,
2112.344275292, 1.019869180,
2112.364707029, 1.020124054,
2112.385138666, 1.020421513,
2112.405570203, 1.020304536,
2112.426001940, 1.020446335,
2112.466865114, 1.020473365,
2112.487296852, 1.020002975,
2112.507728489, 1.019896386,
2112.528160126, 1.019793305,
2112.548591764, 1.020176532,
2112.569023402, 1.020146066,
2112.589455039, 1.019696937,
2112.609886677, 1.020797749,
2112.630318314, 1.020470111,
2112.650749952, 1.020396676,
2112.671181590, 1.020559530,
2112.712044966, 1.020684484,
2112.732476504, 1.020449835,
2112.752908242, 1.020429246,
2112.773339880, 1.020024839,
2112.793771418, 1.021095109,
2112.814203157, 1.019617784,
2112.834634795, 1.020058623,
2112.855066333, 1.020596049,
2112.875498072, 1.020324696,
2112.957224626, 1.020556814,
2112.977656365, 1.020634342,
2112.998087904, 1.020276804,
2113.018519543, 1.020204843,
2113.038951282, 1.020096761,
2113.059382821, 1.020174489,
2113.079814460, 1.020463633,
2113.100246199, 1.020304934,
2113.120677738, 1.020420239,
2113.141109477, 1.020317635,
2113.161541117, 1.020389147,
2113.243267575, 1.020017299,
2113.263699314, 1.020356737,
2113.284130954, 1.020355575,
2113.304562594, 1.020653214,
2113.324994234, 1.020251825,
2113.345425874, 1.020913528,
2113.365857614, 1.020602769,
2113.386289154, 1.020426588,
2113.406720794, 1.019899280,
2113.427152534, 1.020728890,
2113.447584074, 1.020778326,
2113.468015715, 1.020827593,
2113.488447455, 1.020848261,
2113.508878995, 1.021186410,
2113.529310736, 1.020727994,
2113.549742377, 1.020593343,
2113.570173917, 1.020683316,
2113.590605658, 1.020441375,
2113.611037299, 1.020626547,
2113.631468840, 1.020182824,
2113.651900581, 1.021478303,
2113.692763763, 1.020828106,
2113.713195504, 1.021116832,
2113.733627145, 1.020505097,
2113.754058886, 1.020798708,
2113.774490428, 1.020610041,
2113.794922069, 1.020482177,
2113.815353711, 1.020374516,
2113.835785452, 1.020801969,
2113.856216994, 1.020955572,
2113.876648736, 1.020921607,
2113.937943662, 1.020820628,
2113.958375204, 1.020799457,
2113.978806946, 1.021162865,
2113.999238588, 1.020543839,
2114.019670130, 1.020770281,
2114.040101873, 1.020712705,
2114.060533515, 1.020520896,
2114.080965057, 1.020912584,
2114.101396800, 1.021043979,
2114.121828443, 1.020538889,
2114.142260185, 1.020885134,
2114.183123371, 1.021029202,
2114.203555114, 1.020702816,
2114.223986657, 1.021101195,
2114.244418300, 1.020540034,
2114.264850043, 1.020867775,
2114.285281587, 1.020549827,
2114.305713330, 1.020610349,
2114.326144973, 1.020566716,
2114.346576617, 1.020466538,
2114.367008260, 1.020853425,
2114.428303192, 1.020578303,
2114.448734835, 1.021275214,
2114.469166479, 1.021421253,
2114.489598123, 1.020396570,
2114.510029768, 1.020557670,
2114.530461512, 1.021104519,
2114.550893056, 1.020333146,
2114.571324700, 1.020736985,
2114.591756445, 1.020715019,
2114.612187989, 1.020880893,
2114.632619634, 1.020625308,
2114.673482923, 1.020881236,
2114.693914568, 1.021138339,
2114.714346313, 1.020214839,
2114.734777858, 1.020834980,
2114.755209603, 1.020594810,
2114.775641248, 1.021104283,
2114.796072794, 1.020849373,
2114.816504539, 1.020521638,
2114.836936185, 1.020878803,
2114.857367730, 1.020944165,
2114.959526059, 1.021754346,
2114.979957805, 1.020824760,
2115.000389351, 1.020739068,
2115.020820997, 1.020724280,
2115.041252744, 1.021340806,
2115.061684390, 1.020789522,
2115.082115936, 1.020829129,
2115.102547683, 1.021284359,
2115.122979330, 1.021128678,
2115.184274270, 1.020606130,
2115.204705917, 1.020794261,
2115.225137564, 1.020776988,
2115.245569211, 1.020432903,
2115.266000858, 1.020587019,
2115.286432506, 1.020304859,
2115.306864253, 1.020809564,
2115.327295801, 1.020855390,
2115.347727448, 1.020098437,
2115.368159196, 1.021003307,
2115.409022392, 1.021186343,
2115.429454140, 1.020857074,
2115.449885688, 1.021210339,
2115.490749084, 1.020657540,
2115.511180632, 1.020729856,
2115.531612381, 1.020769764,
2115.552044029, 1.020827690,
2115.572475678, 1.020910577,
2115.592907327, 1.020916837,
2115.613338975, 1.020870000,
2115.654202273, 1.020792180,
2115.674633922, 1.020945998,
2115.695065571, 1.020997718,
2115.715497321, 1.020761775,
2115.735928870, 1.021071030,
2115.756360619, 1.021202734,
2115.776792269, 1.021000137,
2115.797223819, 1.021015009,
2115.817655568, 1.020694353,
2115.838087218, 1.020891519,
2115.858518768, 1.020516038,
2115.899382168, 1.020701549,
2115.919813818, 1.020833560,
2115.940245469, 1.020922234,
2115.960677019, 1.020739530,
2115.981108770, 1.020895310,
2116.001540420, 1.021005511,
2116.021971971, 1.021091416,
2116.042403722, 1.021198882,
2116.062835372, 1.020872763,
2116.083267023, 1.020751830,
2116.103698675, 1.020839664,
2116.144562077, 1.021081149,
2116.164993628, 1.020819507,
2116.185425280, 1.021203999,
2116.205857031, 1.021209490,
2116.226288683, 1.020688085,
2116.246720235, 1.020596014,
2116.287583639, 1.020883266,
2116.308015291, 1.020898005,
2116.328446943, 1.020880990,
2116.348878595, 1.020776356,
2116.389741900, 1.021270193,
2116.410173552, 1.020908775,
2116.430605305, 1.020791376,
2116.451036858, 1.020535476,
2116.471468511, 1.021078238,
2116.491900264, 1.020606869,
2116.512331817, 1.020730358,
2116.532763570, 1.020945711,
2116.553195223, 1.020760824,
2116.634921738, 1.021293622,
2116.655353491, 1.020965974,
2116.675785045, 1.020718833,
2116.716648453, 1.020752240,
2116.737080008, 1.021029402,
2116.757511762, 1.021105383,
2116.798375071, 1.020868042,
2116.900533345, 1.020884038,
2116.920965100, 1.021026374,
2116.941396756, 1.020719886,
2116.961828311, 1.021318299,
2116.982260067, 1.021150422,
2117.002691722, 1.021040132,
2117.023123278, 1.021081279,
2117.043555034, 1.021169483,
2117.063986690, 1.020830873,
2117.084418446, 1.021213345,
2117.145713414, 1.021344922,
2117.166144971, 1.021227972,
2117.186576628, 1.021503724,
2117.207008284, 1.020917473,
2117.247871598, 1.020923654,
2117.268303255, 1.020993056,
2117.288734912, 1.021005403,
2117.309166669, 1.021585566,
2117.390893200, 1.021385120,
2117.411324857, 1.021379752,
2117.431756615, 1.021547154,
2117.452188273, 1.021809997,
2117.472619932, 1.021400829,
2117.493051590, 1.021132934,
2117.513483248, 1.021509335,
2117.533914907, 1.021590802,
2117.554346565, 1.021432278,
2117.574778224, 1.021687788,
2117.595209983, 1.021535231,
2117.615641542, 1.021223148,
2117.636073201, 1.020995602,
2117.656504960, 1.021666988,
2117.676936519, 1.021206671,
2117.697368279, 1.021456034,
2117.717799938, 1.021635675,
2117.758663258, 1.021437253,
2117.779094918, 1.021294824,
2117.799526478, 1.021738147,
2117.819958238, 1.021135991,
2117.881253219, 1.022070960,
2117.901684879, 1.022037820,
2117.922116540, 1.021795676,
2117.942548201, 1.021296124,
2117.962979862, 1.022395405,
2117.983411523, 1.021561933,
2118.003843184, 1.020181292,
2118.024274846, 1.021374911,
2118.044706507, 1.021517760,
2118.106001592, 1.021272099,
2118.126433154, 1.021697918,
2118.146864916, 1.021650570,
2118.167296578, 1.021495195,
2118.187728140, 1.021433109,
2118.208159903, 1.021249459,
2118.228591565, 1.021396737,
2118.249023128, 1.021101857,
2118.269454891, 1.020987372,
2118.289886554, 1.021504807,
2118.310318317, 1.021247774,
2118.371613306, 1.021489440,
2118.392044870, 1.021301449,
2118.412476533, 1.021335545,
2118.432908297, 1.021008366,
2118.453339861, 1.021405574,
2118.473771625, 1.020774671,
2118.494203289, 1.020722407,
2118.514634853, 1.021323564,
2118.596361612, 1.020955272,
2118.678088272, 1.021436928,
2118.698519937, 1.021220206,
2118.718951603, 1.020757547,
2118.739383268, 1.020684267,
2118.759814934, 1.021200150,
2118.780246600, 1.020869109,
2118.800678266, 1.021154261,
2118.841541599, 1.020918918,
2118.861973365, 1.020735718,
2118.882405032, 1.020982219,
2118.902836598, 1.020954917,
2118.923268365, 1.021016883,
2118.943700032, 1.021096735,
2118.964131599, 1.020648975,
2119.004995033, 1.021020366,
2119.025426601, 1.020957303,
2119.107153372, 1.020702747,
2119.127585040, 1.020768962,
2119.148016808, 1.020632350,
2119.168448377, 1.020895435,
2119.188880045, 1.021264204,
2119.209311814, 1.020759385,
2119.229743383, 1.020781995,
2119.250175152, 1.020888023,
2119.270606821, 1.020995013,
2119.291038490, 1.021086422,
2119.352333398, 1.019887622,
2119.372765168, 1.020933835,
2119.393196838, 1.020748068,
2119.413628608, 1.020664566,
2119.434060178, 1.020531845,
2119.454491848, 1.020223908,
2119.474923618, 1.020651198,
2119.495355189, 1.020659094,
2119.515786860, 1.020796665,
2119.536218630, 1.022436084,
2119.577081872, 1.020653561,
2119.597513644, 1.020624375,
2119.617945215, 1.021074690,
2119.638376986, 1.027761148,
2119.658808658, 1.020845225,
2119.679240230, 1.020805058,
2119.699672002, 1.020352175,
2119.720103674, 1.020943944,
2119.740535346, 1.020711925,
2119.760967018, 1.020480998,
2119.781398691, 1.020497864,
2119.822262036, 1.020444294,
2119.842693709, 1.020474679,
2119.863125482, 1.020424730,
2119.883557155, 1.020938020,
2119.903988728, 1.020755067,
2119.924420402, 1.020537664,
2119.944852075, 1.020348090,
2119.965283749, 1.020799325,
2119.985715523, 1.020742714,
2120.006147097, 1.020774836,
2120.026578871, 1.020779291,
2120.067442120, 1.020480339,
2120.087873894, 1.021080907,
2120.108305569, 1.020915695,
2120.128737144, 1.020524078,
2120.149168919, 1.020696172,
2120.190032369, 1.020407981,
2120.210463945, 1.020446861,
2120.230895621, 1.020937717,
2120.251327396, 1.020380177,
2120.312622424, 1.021065051,
2120.333054001, 1.020523151,
2120.353485677, 1.020724537,
2120.373917454, 1.020608703,
2120.394349030, 1.021167018,
2120.414780807, 1.020344331,
2120.435212484, 1.020446403,
2120.455644162, 1.020453750,
2120.476075839, 1.020703870,
2120.496507516, 1.020582830,
2120.516939194, 1.020561314,
2120.557802550, 1.020470088,
2120.578234328, 1.020670674,
2120.598665906, 1.020635656,
2120.619097584, 1.020371665,
2120.639529363, 1.020839584,
2120.659960942, 1.020991529,
2120.680392620, 1.020335283,
2120.700824399, 1.020679590,
2120.741687658, 1.020260961,
2120.762119437, 1.020770126,
2120.802982796, 1.020571344,
2120.823414476, 1.020535657,
2120.843846056, 1.020487734,
2120.864277837, 1.021028301,
2120.884709517, 1.020774682,
2120.905141097, 1.020996023,
2120.925572878, 1.020985979,
2120.946004559, 1.020676808,
2120.966436340, 1.020803183,
2120.986867921, 1.020842390,
2121.007299602, 1.021420878,
2121.068594647, 1.022674592,
2121.089026429, 1.021710068,
2121.109458111, 1.021802406,
2121.129889693, 1.021405633,
2121.150321475, 1.020396397,
2121.170753158, 1.020756939,
2121.191184840, 1.021283683,
2121.211616523, 1.021189203,
2121.232048206, 1.020116632,
2121.252479889, 1.020778621,
2121.272911572, 1.020075785,
2121.293343256, 1.020974215,
2121.313774939, 1.020855769,
2121.334206623, 1.020189914,
2121.354638407, 1.020425337,
2121.395501675, 1.020506560,
2121.415933459, 1.019858976,
2121.436365044, 1.020390535,
2121.456796729, 1.020746268,
2121.477228513, 1.020557362,
2121.497660098, 1.020843139,
2121.538523569, 1.020491659,
2121.558955154, 1.020238510,
2121.579386940, 1.020630691,
2121.599818626, 1.020293629,
2121.620250312, 1.020630531,
2121.640681998, 1.020597075,
2121.661113684, 1.020393859,
2121.681545371, 1.020507042,
2121.701977057, 1.020454268,
2121.722408744, 1.020649620,
2121.742840531, 1.020770895,
2121.783703805, 1.020867260,
2121.804135593, 1.021197036,
2121.824567280, 1.020459639,
2121.844998868, 1.020511674,
2121.865430656, 1.020713271,
2121.885862344, 1.020676935,
2121.906293932, 1.020289278,
2121.926725720, 1.020898932,
2121.947157409, 1.020730634,
2121.967589098, 1.020987928,
2121.988020786, 1.020566139,
2122.049315854, 1.020169945,
2122.069747444, 1.020408414,
2122.090179233, 1.020947318,
2122.131042713, 1.020720954,
2122.151474303, 1.020615125,
2122.171905994, 1.020666236,
2122.192337784, 1.021056975,
2122.212769375, 1.021112241,
2122.274064548, 1.020917218,
2122.294496139, 1.021150517,
2122.314927931, 1.020274906,
2122.335359623, 1.020801846,
2122.355791315, 1.020672507,
2122.376223007, 1.020621735,
2122.396654699, 1.020682709,
2122.417086391, 1.020960522,
2122.437518084, 1.020408056,
2122.457949776, 1.020832069,
2122.478381569, 1.020960922,
2122.519244956, 1.020752951,
2122.539676649, 1.021023376,
2122.560108243, 1.020905006,
2122.580540036, 1.020532557,
2122.600971730, 1.021009433,
2122.621403324, 1.020554343,
2122.641835118, 1.020540599,
2122.662266713, 1.020849965,
2122.703130202, 1.020889479,
2122.784856883, 1.020633416,
2122.805288679, 1.020607872,
2122.825720375, 1.021028133,
2122.866583767, 1.020627943,
2122.887015463, 1.020717192,
2122.907447260, 1.021026147,
2122.948310553, 1.020779118,
2123.030037442, 1.020962090,
2123.050469140, 1.019616321,
2123.070900938, 1.020689418,
2123.091332536, 1.021074760,
2123.111764234, 1.021071543,
2123.152627631, 1.020448144,
2123.173059330, 1.021101139,
2123.193491129, 1.020876846,
2123.213922728, 1.020717573,
2123.275217827, 1.021041722,
2123.295649627, 1.020955614,
2123.316081227, 1.020733328,
2123.336512927, 1.020413938,
2123.356944727, 1.020800763,
2123.377376328, 1.020544426,
2123.397808029, 1.020595792,
2123.418239830, 1.020884861,
2123.438671431, 1.020344448,
2123.459103232, 1.021032035,
2123.499966635, 1.020682526,
2123.520398337, 1.020891858,
2123.561261741, 1.020909277,
2123.581693444, 1.021064985,
2123.602125146, 1.020664583,
2123.622556949, 1.020589766,
2123.642988652, 1.020546095,
2123.663420255, 1.021008237,
2123.683852059, 1.021106961,
2123.704283762, 1.020959934,
2123.745147170, 1.021125050,
2123.765578874, 1.020681848,
2123.786010478, 1.020505094,
2123.806442282, 1.020501724,
2123.826873987, 1.020448271,
2123.847305792, 1.020721768,
2123.867737397, 1.021033842,
2123.888169102, 1.021297140,
2123.908600807, 1.020938248,
2123.929032513, 1.020926359,
2123.949464218, 1.021061035,
2123.990327630, 1.020610078,
2124.010759437, 1.020764148,
2124.031191043, 1.020846938,
2124.051622750, 1.020828122,
2124.072054557, 1.020169978,
2124.092486164, 1.020512769,
2124.112917871, 1.020817487,
2124.133349678, 1.020901551,
2124.153781386, 1.020362836,
2124.174212994, 1.020338320,
2124.194644802, 1.020922310,
2124.235508218, 1.020579902,
2124.255939927, 1.020814108,
2124.276371636, 1.020453262,
2124.296803444, 1.020764839,
2124.317235054, 1.020848226,
2124.337666763, 1.020638995,
2124.358098572, 1.020708516,
2124.378530182, 1.020332343,
2124.398961992, 1.021091754,
2124.419393702, 1.020504968,
2124.439825312, 1.020710881,
2124.480688833, 1.020083480,
2124.501120444, 1.020273094,
2124.521552255, 1.020674665,
2124.541983966, 1.020548367,
2124.582847390, 1.020170741,
2124.603279101, 1.020378963,
2124.623710813, 1.020163951,
2124.644142526, 1.020398328,
2124.664574238, 1.020762139,
2124.685005951, 1.020718541,
2124.746301089, 1.020256385,
2124.766732803, 1.020727846,
2124.787164616, 1.020741599,
2124.807596330, 1.020535118,
2124.828027944, 1.020497883,
2124.848459758, 1.020444175,
2124.868891473, 1.020102329,
2124.889323087, 1.020450808,
2124.909754902, 1.020521792,
2124.930186617, 1.020406816,
2124.991481763, 1.020713277,
2125.011913579, 1.020389517,
2125.032345195, 1.020496028,
2125.073208727, 1.020395574,
2125.093640344, 1.020803570,
2125.114072060, 1.020135865,
2125.134503877, 1.019924961,
2125.154935494, 1.020340201,
2125.175367312, 1.019922324,
2125.195799029, 1.020522393,
2125.216230647, 1.019714548,
2125.236662465, 1.020190335,
2125.257094183, 1.020135074,
2125.297957620, 1.020063579,
2125.318389339, 1.020543694,
2125.338821058, 1.019887960,
2125.359252777, 1.020217729,
2125.379684496, 1.020090260,
2125.400116216, 1.020296845,
2125.461411375, 1.019811767,
2125.481843096, 1.019607105,
2125.502274916, 1.020296392,
2125.522706637, 1.019735689,
2125.543138258, 1.019999243,
2125.563570079, 1.019887623,
2125.584001801, 1.019993614,
2125.604433422, 1.020254841,
2125.624865244, 1.020005621,
2125.645296966, 1.019923824,
2125.665728588, 1.020248161,
2125.706592133, 1.019824108,
2125.747455579, 1.019713004,
2125.767887302, 1.020398134,
2125.788319126, 1.019681943,
2125.808750749, 1.020113967,
2125.829182473, 1.020120533,
2125.849614297, 1.020011079,
2125.870045922, 1.019800387,
2125.890477746, 1.019960890,
2125.910909471, 1.019937595,
2125.951772921, 1.019370178,
2125.972204546, 1.019675622,
2125.992636372, 1.019657049,
2126.013068097, 1.019829184,
2126.033499823, 1.019937388,
2126.053931450, 1.019996644,
2126.074363276, 1.019658746,
2126.094795003, 1.019885144,
2126.115226729, 1.019697879,
2126.135658456, 1.019523400,
2126.156090184, 1.019800450,
2126.196953639, 1.020221178,
2126.217385366, 1.019808698,
2126.237817195, 1.019445752,
2126.258248823, 1.019756590,
2126.278680651, 1.019624649,
2126.299112380, 1.019557289,
2126.319544009, 1.019279037,
2126.339975838, 1.020090076,
2126.360407567, 1.019630847,
2126.380839197, 1.019471733,
2126.442134387, 1.019438760,
2126.462566217, 1.019410005,
2126.482997948, 1.019775619,
2126.503429779, 1.019854956,
2126.544293141, 1.019663624,
2126.564724973, 1.019886254,
2126.585156704, 1.019446021,
2126.605588336, 1.019567216,
2126.626020068, 1.019296335,
2126.646451901, 1.019248454,
2126.687315366, 1.019570446,
2126.707746999, 1.019670111,
2126.728178832, 1.019325736,
2126.748610566, 1.019627213,
2126.769042199, 1.019814141,
2126.789474033, 1.019288029,
2126.809905767, 1.019650748,
2126.830337602, 1.019381801,
2126.850769236, 1.019408508,
2126.871200971, 1.019051710,
2126.891632806, 1.019640687,
2126.952928012, 1.019359968,
2126.973359648, 1.018825412,
2126.993791384, 1.019159328,
2127.014223220, 1.019793241,
2127.055086694, 1.019168266,
2127.075518431, 1.019012020,
2127.095950068, 1.019419212,
2127.116381905, 1.019342383,
2127.136813643, 1.019504922,
2127.198108857, 1.019531646,
2127.218540695, 1.019172777,
2127.238972334, 1.019431017,
2127.259404073, 1.019515865,
2127.279835812, 1.019702067,
2127.300267552, 1.019677163,
2127.320699291, 1.019338911,
2127.341131131, 1.018903046,
2127.361562771, 1.019407308,
2127.381994512, 1.019274810,
2127.422857993, 1.019163675,
2127.443289834, 1.019692167,
2127.463721575, 1.019266710,
2127.484153217, 1.019846940,
2127.504585059, 1.019731527,
2127.525016800, 1.019360210,
2127.545448443, 1.019592032,
2127.565880285, 1.019691309,
2127.586312027, 1.019267659,
2127.606743870, 1.019833643,
2127.627175513, 1.019470733,
2127.688470744, 1.018970633,
2127.708902488, 1.019228401,
2127.729334332, 1.019721426,
2127.749765976, 1.019425417,
2127.770197821, 1.019634133,
2127.790629566, 1.019515908,
2127.811061311, 1.019805705,
2127.831493056, 1.019652600,
2127.851924802, 1.019278573,
2127.872356547, 1.018560811,
2127.913220040, 1.019183275,
2127.933651786, 1.019187127,
2127.954083533, 1.019680378,
2127.974515280, 1.019821355,
2127.994947127, 1.019249896,
2128.015378774, 1.019505127,
2128.035810522, 1.019427180,
2128.056242370, 1.019501973,
2128.076674018, 1.019287064,
2128.097105766, 1.019466814,
2128.117537615, 1.019503948,
2128.158401113, 1.020107719,
2128.178832862, 1.019416000,
2128.199264511, 1.019635329,
2128.219696361, 1.019393014,
2128.240128111, 1.019149484,
2128.260559761, 1.019120088,
2128.280991612, 1.019578210,
2128.301423362, 1.019122559,
2128.321855013, 1.019749906,
2128.342286865, 1.019600160,
2128.424013871, 1.019488186,
2128.444445724, 1.019405659,
2128.464877476, 1.019528112,
2128.485309129, 1.018900125,
2128.505740982, 1.019079573,
2128.526172735, 1.018453531,
2128.546604489, 1.019698634,
2128.567036243, 1.019141049,
2128.587467997, 1.019569371,
2128.607899751, 1.019112175,
2128.628331505, 1.019580988,
2128.648763260, 1.019517745,
2128.669195015, 1.019298195,
2128.689626770, 1.019170695,
2128.710058626, 1.019874773,
2128.730490281, 1.019659772,
2128.750922037, 1.019108585,
2128.771353893, 1.019208298,
2128.791785550, 1.019398695,
2128.812217306, 1.019528830,
2128.832649163, 1.019363452,
2128.853080820, 1.016732514,
2128.914376093, 1.019104099,
2128.934807951, 1.019358763,
2128.955239710, 1.019144342,
2128.975671468, 1.019175247,
2128.996103227, 1.018889084,
2129.016534986, 1.018723058,
2129.036966745, 1.019128750,
2129.057398505, 1.019188707,
2129.077830265, 1.018945687,
2129.098262125, 1.019241392,
2129.159557406, 1.019266063,
2129.179989167, 1.019211759,
2129.200420829, 1.019245042,
2129.220852690, 1.019582362,
2129.241284452, 1.019573435,
2129.261716214, 1.019614724,
2129.282147976, 1.019198662,
2129.302579739, 1.019588425,
2129.323011501, 1.019745495,
2129.343443264, 1.019225569,
2129.384306791, 1.019418465,
2129.404738555, 1.019573422,
2129.425170219, 1.019492348,
2129.445602083, 1.019233603,
2129.466033847, 1.019247755,
2129.486465712, 1.019067074,
2129.506897377, 1.019618690,
2129.527329142, 1.019351424,
2129.547761008, 1.019828644,
2129.568192673, 1.019527007,
2129.649919839, 1.019955782,
2129.670351606, 1.019093298,
2129.690783373, 1.018985400,
2129.711215140, 1.019924867,
2129.731646908, 1.019646566,
2129.752078676, 1.019862960,
2129.772510444, 1.019421094,
2129.813373981, 1.018106112,
2129.833805850, 1.019398782,
2129.874669389, 1.019605776,
2129.895101159, 1.019927589,
2129.915532829, 1.019627436,
2129.935964699, 1.019861677,
2129.956396470, 1.019768434,
2129.976828140, 1.019335714,
2129.997260011, 1.019446481,
2130.017691683, 1.020236799,
2130.038123554, 1.019565062,
2130.058555326, 1.020141374,
2130.078986998, 1.019403377,
2130.119850643, 1.019669806,
2130.140282315, 1.019917133,
2130.160714189, 1.019614482,
2130.181145962, 1.020039180,
2130.201577835, 1.020180524,
2130.222009509, 1.020379790,
2130.242441283, 1.020215839,
2130.262873158, 1.019877457,
2130.283304832, 1.019727474,
2130.365031933, 1.019756890,
2130.385463809, 1.019184141,
2130.405895585, 1.019541523,
2130.426327362, 1.020120962,
2130.446759138, 1.020154014,
2130.467190915, 1.019870521,
2130.487622792, 1.019841518,
2130.508054470, 1.019884119,
2130.528486247, 1.019818182,
2130.548918125, 1.019534138,
2130.569349804, 1.019882240,
2130.630645140, 1.019434160,
2130.651077019, 1.019242295,
2130.671508699, 1.019740019,
2130.691940478, 1.019855611,
2130.712372358, 1.019903394,
2130.732804039, 1.019769610,
2130.753235919, 1.019806999,
2130.773667700, 1.019860236,
2130.814531263, 1.019847384,
2130.896258391, 1.019526250,
2130.916690173, 1.019237390,
2130.937121956, 1.019858394,
2130.957553739, 1.019937385,
2130.977985623, 1.020008795,
2130.998417407, 1.020172694,
2131.018849091, 1.019932472,
2131.039280975, 1.020253092,
2131.059712760, 1.020810896,
2131.121008115, 1.019876658,
2131.141439900, 1.019327902,
2131.161871686, 1.019522600,
2131.182303472, 1.019555831,
2131.202735359, 1.019607256,
2131.223167045, 1.019566599,
2131.243598832, 1.019662245,
2131.264030620, 1.020601452,
2131.284462407, 1.019998835,
2131.304894295, 1.019795726,
2131.366189660, 1.019926101,
2131.386621349, 1.020284374,
2131.407053138, 1.019403927,
2131.427485027, 1.019686371,
2131.447916717, 1.020117350,
2131.468348507, 1.019938389,
2131.488780397, 1.019642701,
2131.509212087, 1.019404753,
2131.529643978, 1.019559926,
2131.550075769, 1.020198396,
2131.590939352, 1.018993157,
2131.611371143, 1.019855243,
2131.631802936, 1.019706125,
2131.652234828, 1.019110606,
2131.672666521, 1.019574148,
2131.693098413, 1.019339129,
2131.713530207, 1.020194637,
2131.733961900, 1.020310330,
2131.754393794, 1.019716389,
2131.774825588, 1.020651676,
2131.795257282, 1.019883895,
2131.897416357, 1.019570625,
2131.917848153, 1.020018014,
2131.938279950, 1.019871243,
2131.979143543, 1.019851316,
2131.999575340, 1.019089599,
2132.020007137, 1.019728416,
2132.040438935, 1.019154774,
2132.060870733, 1.019285610,
2132.081302631, 1.019666947,
2132.101734329, 1.019605772,
2132.122166128, 1.019699253,
2132.142598027, 1.019458015,
2132.163029726, 1.019521809,
2132.183461526, 1.019763209,
2132.203893425, 1.019151398,
2132.224325225, 1.019747032,
2132.244757026, 1.019780495,
2132.265188826, 1.019654380,
2132.285620627, 1.020368592,
2132.326484230, 1.019619413,
2132.346916032, 1.019311968,
2132.367347934, 1.019388568,
2132.387779636, 1.018976466,
2132.408211539, 1.019315055,
2132.428643342, 1.019349260,
2132.449075045, 1.019315691,
2132.469506948, 1.019277203,
2132.489938752, 1.019888178,
2132.510370456, 1.019372020,
2132.530802360, 1.019571727,
2132.571665870, 1.019140256,
2132.592097775, 1.019806537,
2132.612529580, 1.019911639,
2132.632961386, 1.019447895,
2132.653393192, 1.019538137,
2132.673824898, 1.019249386,
2132.694256805, 1.019498112,
2132.714688612, 1.019092009,
2132.735120419, 1.019329794,
2132.755552226, 1.019661667,
2132.775984034, 1.019093676,
2132.837279459, 1.019332888,
2132.857711367, 1.019086696,
2132.878143177, 1.019240514,
2132.898574886, 1.019130710,
2132.919006796, 1.019422344,
2132.939438606, 1.019040280,
2132.959870416, 1.019361119,
2132.980302226, 1.019601155,
2133.000734037, 1.019191879,
2133.021165948, 1.019575995,
2133.082461384, 1.019678286,
2133.102893096, 1.019161253,
2133.123325008, 1.018658871,
2133.143756821, 1.019625261,
2133.164188535, 1.019192555,
2133.184620448, 1.019084596,
2133.205052262, 1.019195353,
2133.225483976, 1.019280160,
2133.245915890, 1.019402722,
2133.266347705, 1.019119051,
2133.307211335, 1.018995377,
2133.327643050, 1.018843190,
2133.348074966, 1.019352706,
2133.388938498, 1.019023471,
2133.409370415, 1.019226547,
2133.429802232, 1.019327480,
2133.450234049, 1.019338507,
2133.470665867, 1.019158019,
2133.491097685, 1.019078477,
2133.511529603, 1.018943746,
2133.552393140, 1.020302051,
2133.593256878, 1.018925166,
2133.613688598, 1.019306681,
2133.634120518, 1.018956344,
2133.654552338, 1.018897927,
2133.674984258, 1.019278949,
2133.695415979, 1.019052879,
2133.715847800, 1.019299440,
2133.736279721, 1.018878565,
2133.756711443, 1.019176348,
2133.777143265, 1.019018002,
2133.797575187, 1.018872756,
2133.818006910, 1.019463673,
2133.838438733, 1.019254325,
2133.858870656, 1.018638636,
2133.879302379, 1.019341478,
2133.899734303, 1.019279210,
2133.920166127, 1.019358601,
2133.940597851, 1.019140770,
2133.961029776, 1.019212445,
2134.083620730, 1.018793495,
2134.104052556, 1.019273043,
2134.124484383, 1.018554875,
2134.144916211, 1.019570139,
2134.165348038, 1.019093150,
2134.185779866, 1.018828299,
2134.206211694, 1.018939194,
2134.226643523, 1.019291269,
2134.247075452, 1.018867180,
2134.267507181, 1.018704850,
2134.287939110, 1.019516509,
2134.308370940, 1.019113042,
2134.328802670, 1.019375178,
2134.349234600, 1.019049937,
2134.369666431, 1.018684899,
2134.390098162, 1.019169718,
2134.410530093, 1.019202365,
2134.430961925, 1.018818867,
2134.553552920, 1.018960607,
2134.573984754, 1.018975778,
2134.614848522, 1.019129054,
2134.635280357, 1.018931940,
2134.655712092, 1.019081228,
2134.676144027, 1.018752099,
2134.696575762, 1.019292156,
2134.717007598, 1.018889234,
2134.737439534, 1.018940965,
2134.798735044, 1.018630986,
2134.819166882, 1.018921565,
2134.839598719, 1.018652681,
2134.860030557, 1.018960693,
2134.880462396, 1.018545597,
2134.900894334, 1.018631895,
2134.921326073, 1.019173900,
2134.941757912, 1.018616707,
2134.962189852, 1.018613300,
2134.982621592, 1.018477239,
2135.043917113, 1.023599126,
2135.064349054, 1.018094922,
2135.084780895, 1.018400647,
2135.105212637, 1.018534854,
2135.125644579, 1.018282544,
2135.146076421, 1.017972297,
2135.166508364, 1.018408366,
2135.186940107, 1.018342396,
2135.207371950, 1.018292186,
2135.227803893, 1.018036520,
2135.268667481, 1.018549117,
2135.289099426, 1.018528388,
2135.309531171, 1.017941873,
2135.350394861, 1.018157580,
2135.370826707, 1.018323359,
2135.391258653, 1.018060792,
2135.411690499, 1.018132099,
2135.432122246, 1.018117001,
2135.452554193, 1.018019958,
2135.472986040, 1.018322010,
2135.534281584, 1.018593826,
2135.554713533, 1.017981250,
2135.575145282, 1.017978708,
2135.595577131, 1.018325281,
2135.616009080, 1.018600990,
2135.636440830, 1.018417449,
2135.656872680, 1.018612627,
2135.677304631, 1.018956080,
2135.697736382, 1.018015676,
2135.718168332, 1.017723563,
2135.779463888, 1.018409685,
2135.799895740, 1.018063611,
2135.820327493, 1.017601975,
2135.840759446, 1.018067672,
2135.861191299, 1.018063464,
2135.881623153, 1.018265203,
2135.942918816, 1.017906215,
2135.963350571, 1.018362591,
2135.983782426, 1.018486867,
2136.004214281, 1.017894545,
2136.024646137, 1.018211132,
2136.045077993, 1.018263697,
2136.065509950, 1.018053987,
2136.085941707, 1.017429795,
2136.106373664, 1.017652250,
2136.126805521, 1.017258203,
2136.147237279, 1.018123782,
2136.167669237, 1.018189647,
2136.188101096, 1.017946006,
2136.208532855, 1.017802098,
2136.249396673, 1.017883765,
2136.269828633, 1.018141332,
2136.290260393, 1.017770680,
2136.310692253, 1.017721824,
2136.331124214, 1.017502353,
2136.351555975, 1.017619085,
2136.412851560, 1.018253327,
2136.433283422, 1.018204835,
2136.515010975, 1.017899018,
2136.535442839, 1.018346034,
2136.555874703, 1.018108219,
2136.576306568, 1.017762523,
2136.596738433, 1.017875232,
2136.617170298, 1.017154815,
2136.637602164, 1.017579403,
2136.658034030, 1.017930100,
2136.678465896, 1.017651360,
2136.698897763, 1.017835611,
2136.760193364, 1.017850982,
2136.780625332, 1.017847899,
2136.801057100, 1.018215664,
2136.841920938, 1.018018195,
2136.862352707, 1.018134693,
2136.882784677, 1.017934585,
2136.903216547, 1.017636238,
2136.923648317, 1.017913930,
2136.944080287, 1.017639528,
2137.005375901, 1.017695069,
2137.025807773, 1.017919387,
2137.046239745, 1.017984176,
2137.066671517, 1.018079023,
2137.087103390, 1.017894748,
2137.107535363, 1.017683713,
2137.127967137, 1.017373692,
2137.148399011, 1.017385075,
2137.168830985, 1.017664549,
2137.189262860, 1.017647834,
2137.250558485, 1.017711308,
2137.270990361, 1.017706669,
2137.291422237, 1.017690643,
2137.311854114, 1.017575102,
2137.332285991, 1.017697101,
2137.352717868, 1.016689442,
2137.373149745, 1.017212135,
2137.393581623, 1.016994760,
2137.414013501, 1.016733440,
2137.434445480, 1.017109681,
2137.495741117, 1.017420632,
2137.516172898, 1.017515861,
2137.536604878, 1.018139775,
2137.557036758, 1.017977598,
2137.577468539, 1.017403299,
2137.597900520, 1.017283250,
2137.618332402, 1.017526327,
2137.638764184, 1.017387282,
2137.659196166, 1.017409030,
2137.679628049, 1.017037675,
2137.720491815, 1.017121444,
2137.740923698, 1.016963415,
2137.761355683, 1.016743396,
2137.781787467, 1.017293224,
2137.802219351, 1.017215373,
2137.822651336, 1.017302641,
2137.843083122, 1.017173880,
2137.863515007, 1.017247099,
2137.883946993, 1.017264688,
2137.904378880, 1.016841765,
2137.924810766, 1.017229180,
2137.965674441, 1.017255690,
2137.986106428, 1.016979846,
2138.006538316, 1.017253930,
2138.026970105, 1.016585506,
2138.047402094, 1.017016658,
2138.067833982, 1.016851311,
2138.088265972, 1.017009686,
2138.108697762, 1.016935669,
2138.129129652, 1.017150514,
2138.149561642, 1.016989436,
2138.169993433, 1.016985365,
2138.231289107, 1.016566613,
2138.251721100, 1.016686077,
2138.272152992, 1.016643783,
2138.292584785, 1.016476230,
2138.313016778, 1.017109912,
2138.333448672, 1.017235959,
2138.353880466, 1.016847843,
2138.374312460, 1.016748112,
2138.394744354, 1.017246041,
2138.415176249, 1.016838416,
2138.456040040, 1.017320138,
2138.476472036, 1.016935239,
2138.496903832, 1.016689063,
2138.517335729, 1.016947420,
2138.558199624, 1.016965592,
2138.599063419, 1.016687810,
2138.639927216, 1.016446502,
2138.660359115, 1.016526520,
2138.721654815, 1.016555436,
2138.742086615, 1.016558614,
2138.762518616, 1.016913139,
2138.782950517, 1.017156930,
