BJD - 2454833, Corrected Flux
2061.305671057, 1.000547357,
2061.326103315, 1.000091299,
2061.346535471, 0.999903461,
2061.366967528, 1.000207911,
2061.489560658, 1.000226326,
2061.509992711, 1.000098079,
2061.530424865, 1.000204484,
2061.550857117, 1.000119005,
2061.571289269, 0.999920606,
2061.591721321, 0.999916871,
2061.612153572, 0.999905296,
2061.632585723, 1.000058481,
2061.653017773, 0.999910868,
2061.673450023, 1.000106553,
2061.693882173, 1.000118111,
2061.714314322, 1.000338505,
2061.734746470, 1.000091465,
2061.755178618, 0.999844437,
2061.775610767, 0.999980953,
2061.796042914, 0.999901776,
2061.816475061, 1.000239019,
2061.836907207, 0.999843322,
2061.857339353, 0.999954664,
2061.877771399, 0.999891005,
2061.898203644, 0.999981532,
2061.918635789, 0.999745938,
2061.939067933, 0.999913784,
2061.959500077, 0.999821092,
2061.979932220, 0.999928755,
2062.000364464, 0.999625404,
2062.020796506, 0.999790903,
2062.041228648, 0.999618461,
2062.061660890, 1.000070251,
2062.082092931, 0.999574321,
2062.102525072, 0.999460187,
2062.122957312, 0.999437020,
2062.143389453, 0.999481164,
2062.163821492, 0.999729961,
2062.225117908, 0.999598992,
2062.245550146, 0.999644206,
2062.265982283, 0.999702507,
2062.286414320, 0.999514719,
2062.306846557, 0.999687730,
2062.327278693, 0.999598315,
2062.347710929, 0.999504821,
2062.368142964, 0.999396538,
2062.388575099, 0.999309936,
2062.409007333, 0.999402720,
2062.429439367, 0.999400438,
2062.449871500, 0.999545242,
2062.470303634, 0.999555976,
2062.490735766, 0.999390266,
2062.511167898, 0.999231959,
2062.531600030, 0.999474397,
2062.552032162, 0.999360154,
2062.572464293, 0.999223227,
2062.592896423, 0.999264031,
2062.613328554, 0.999334743,
2062.633760683, 0.999124407,
2062.654192913, 0.999072237,
2062.674624941, 0.998939326,
2062.695057170, 0.999084539,
2062.715489298, 0.999014579,
2062.735921325, 0.999252386,
2062.756353552, 0.999353706,
2062.776785679, 0.999300629,
2062.797217705, 0.999141789,
2062.817649931, 0.999148583,
2062.838082057, 0.998940975,
2062.858514081, 0.999233014,
2062.878946306, 0.999282787,
2062.899378430, 0.999287097,
2062.919810454, 0.999354865,
2062.940242677, 0.999144018,
2062.960674800, 0.999274793,
2062.981106922, 0.999396888,
2063.001539044, 0.998988054,
2063.021971166, 0.999181484,
2063.042403287, 0.999028252,
2063.062835408, 0.999021684,
2063.083267528, 0.999068640,
2063.103699748, 0.998718372,
2063.124131867, 0.998701637,
2063.144563886, 0.998825081,
2063.164996105, 0.998734606,
2063.185428223, 0.998406006,
2063.205860241, 0.998881666,
2063.226292458, 0.999082903,
2063.246724475, 0.998755798,
2063.267156592, 0.999187779,
2063.287588808, 0.999108864,
2063.308020823, 0.998116005,
2063.328452939, 0.998593185,
2063.348885153, 0.998824575,
2063.369317168, 0.998860702,
2063.389749282, 0.998664384,
2063.410181495, 0.998898933,
2063.430613508, 0.999112408,
2063.451045621, 0.999179674,
2063.471477833, 0.998976251,
2063.491909945, 0.998953919,
2063.512342056, 0.998636690,
2063.532774167, 0.999317612,
2063.553206278, 0.999127872,
2063.573638388, 0.998826230,
2063.594070498, 0.998523789,
2063.614502607, 0.998486604,
2063.634934816, 0.998588245,
2063.696231140, 0.998685796,
2063.716663147, 0.998663896,
2063.737095254, 0.998794143,
2063.757527461, 0.998986327,
2063.777959466, 0.998978481,
2063.798391572, 0.999019480,
2063.818823777, 0.998955698,
2063.839255782, 0.998922909,
2063.859687886, 0.998966830,
2063.880120090, 0.999098123,
2063.900552094, 0.998745599,
2063.920984296, 0.999139677,
2063.941416399, 0.998796119,
2063.961848401, 0.998851420,
2063.982280603, 0.999141835,
2064.002712704, 0.999096897,
2064.023144705, 0.998965871,
2064.043576906, 0.998751705,
2064.064009006, 0.998826606,
2064.084441006, 0.998913352,
2064.104873205, 0.998889994,
2064.125305304, 0.998527185,
2064.554379283, 0.998773091,
2064.574811473, 0.998754529,
2064.595243562, 0.998704865,
2064.615675551, 0.998491562,
2064.636107739, 0.998539759,
2064.656539827, 0.998390249,
2064.738268076, 0.998524045,
2064.758700262, 0.998519650,
2064.779132248, 0.998893431,
2064.799564433, 0.998679975,
2064.819996517, 0.998805119,
2064.840428602, 0.998656375,
2064.860860686, 0.998793518,
2064.922156935, 0.998772489,
2064.942589017, 0.999004656,
2064.963021099, 0.998905893,
2064.983453280, 0.998856661,
2065.003885261, 0.998598749,
2065.024317342, 0.998769525,
2065.044749523, 0.998676057,
2065.065181502, 0.998702577,
2065.085613582, 0.998758788,
2065.106045761, 0.998711703,
2065.126477740, 0.998745307,
2065.146909817, 0.998552665,
2065.167341996, 0.998821410,
2065.187773973, 0.998527977,
2065.208206150, 0.998589552,
2065.228638227, 0.998689047,
2065.249070202, 0.998547422,
2065.269502378, 0.998745715,
2065.289934454, 0.998801900,
2065.310366529, 0.998699944,
2065.330798603, 0.998878913,
2065.351230677, 0.998811352,
2065.371662751, 0.998828690,
2065.392094824, 0.998331940,
2065.412526897, 0.998653207,
2065.432958970, 0.998715283,
2065.453391042, 0.999026661,
2065.473823113, 0.998973341,
2065.494255085, 0.998727388,
2065.514687255, 0.998643213,
2065.535119326, 0.998715864,
2065.555551296, 0.998917531,
2065.596415535, 0.998894988,
2065.657711740, 0.998518876,
2065.678143908, 0.998364693,
2065.698575875, 0.998516515,
2065.719007942, 0.998588874,
2065.739440108, 0.998298135,
2065.759872074, 0.998558439,
2065.780304140, 0.998421107,
2065.800736305, 0.998481389,
2065.821168370, 0.998484095,
2065.841600334, 0.998861402,
2065.862032498, 0.999025236,
2065.882464562, 0.999030733,
2065.902896525, 0.998866084,
2065.923328688, 0.998949088,
2065.943760750, 0.999187091,
2065.964192712, 0.998617049,
2065.984624874, 0.999046477,
2066.005056935, 0.998914405,
2066.025488895, 0.998848320,
2066.045921056, 0.998915169,
2066.066353116, 0.998725495,
2066.086785275, 0.998626894,
2066.148081351, 0.998318421,
2066.168513410, 0.999656866,
2066.188945467, 0.998367545,
2066.209377524, 0.998452819,
2066.229809581, 0.998021744,
2066.250241637, 0.998420650,
2066.270673693, 0.998389010,
2066.291105749, 0.998593067,
2066.311537804, 0.998614527,
2066.331969959, 0.998604793,
2066.393266120, 0.998839680,
2066.413698073, 0.998824161,
2066.434130127, 0.998952375,
2066.454562279, 0.998676350,
2066.474994231, 0.998723997,
2066.495426282, 0.998512637,
2066.515858433, 0.998610923,
2066.536290384, 0.998954045,
2066.556722535, 0.999130263,
2066.577154585, 0.998204488,
2066.597586534, 0.998810191,
2066.618018683, 0.998803278,
2066.638450732, 0.998844845,
2066.658882781, 0.998739621,
2066.679314829, 0.998848684,
2066.699746876, 0.998414515,
2066.720178923, 0.998652531,
2066.740610970, 0.998455150,
2066.761043016, 0.998464300,
2066.781475062, 0.998546445,
2066.801907208, 0.998770555,
2066.822339153, 0.998650335,
2066.863203242, 0.998505815,
2066.904067330, 0.998873842,
2066.924499473, 0.998730412,
2066.944931416, 0.998789104,
2066.965363358, 0.998715383,
2066.985795500, 0.999073487,
2067.006227542, 0.998261469,
2067.026659683, 0.998800420,
2067.047091624, 0.998746778,
2067.067523665, 0.998899422,
2067.087955805, 0.998829989,
2067.108387744, 0.998953331,
2067.128819784, 0.998854329,
2067.149251922, 0.998431817,
2067.169683961, 0.998573216,
2067.190115899, 0.998475898,
2067.210548037, 0.999014590,
2067.230980074, 0.998847765,
2067.251412011, 0.998845834,
2067.271844148, 0.998466854,
2067.292276184, 0.998663672,
2067.312708119, 0.998735577,
2067.353572290, 0.998352479,
2067.374004224, 0.998648614,
2067.394436359, 0.998739615,
2067.414868392, 0.998761762,
2067.435300326, 0.998345314,
2067.455732459, 0.998673280,
2067.476164491, 0.998624832,
2067.517028555, 0.998707350,
2067.537460587, 0.998855057,
2067.557892718, 0.998651598,
2067.578324649, 0.998824844,
2067.598756679, 0.998668750,
2067.619188709, 0.999049483,
2067.639620838, 0.998592318,
2067.660052767, 0.998575786,
2067.680484796, 0.998571838,
2067.700916824, 0.998629703,
2067.721348852, 0.998653632,
2067.741780980, 0.998823986,
2067.762212907, 0.998863488,
2067.782644933, 0.998689754,
2067.803077060, 0.998724777,
2067.864373137, 0.998775572,
2067.884805062, 0.998812306,
2067.905237186, 0.998639603,
2067.925669210, 0.998415422,
2067.946101134, 0.998872068,
2067.966533257, 0.998546175,
2068.007397302, 0.998634834,
2068.027829325, 0.998695114,
2068.048261346, 0.998573413,
2068.129989430, 0.998683574,
2068.150421549, 0.998682574,
2068.170853469, 0.998646454,
2068.191285488, 0.998751169,
2068.211717606, 0.998634796,
2068.232149524, 0.998457501,
2068.252581543, 0.998725761,
2068.293445577, 0.998604866,
2068.313877594, 0.998595615,
2068.334309710, 0.998516559,
2068.354741626, 0.998764986,
2068.375173742, 0.998469502,
2068.395605657, 0.999045505,
2068.416037672, 0.998586115,
2068.436469786, 0.998765215,
2068.456901700, 0.998849288,
2068.477333714, 0.998770677,
2068.497765827, 0.998873861,
2068.518197740, 0.998701449,
2068.538629752, 0.998851573,
2068.559061865, 0.998712844,
2068.579493877, 0.999071726,
2068.599925788, 0.998972934,
2068.620357899, 0.998556613,
2068.640789910, 0.998522720,
2068.661221820, 0.998670932,
2068.681653930, 0.998509605,
2068.702085939, 0.998534581,
2068.722517848, 0.998718636,
2068.742949957, 0.998660217,
2068.763381965, 0.998626601,
2068.783814073, 0.998710404,
2068.845110095, 0.998377001,
2068.865542001, 0.998115558,
2068.885974007, 0.998540681,
2068.906406113, 0.998660571,
2068.926838018, 0.998614868,
2068.947270023, 0.998688911,
2068.967702127, 0.998786524,
2068.988134131, 0.999016584,
2069.008566036, 0.998686145,
2069.028998139, 0.998566729,
2069.049430142, 0.998730731,
2069.069862044, 0.998568027,
2069.090294147, 0.998961164,
2069.110726049, 0.998746747,
2069.131158050, 0.998879491,
2069.151590151, 0.999147592,
2069.172022152, 0.998438941,
2069.192454052, 0.998743266,
2069.212886152, 0.998928412,
2069.233318052, 0.998503896,
2069.253750151, 0.998763053,
2069.274182150, 0.998994008,
2069.315046147, 1.005138846,
2069.335478144, 0.998213539,
2069.376342139, 0.998413901,
2069.396774135, 0.998515917,
2069.417206132, 0.998624286,
2069.437638127, 0.998621283,
2069.458070123, 0.998564329,
2069.478502118, 0.998921636,
2069.498934113, 0.998706033,
2069.519366107, 0.998691448,
2069.601094081, 0.998900794,
2069.621526173, 0.998702762,
2069.641958065, 0.998927475,
2069.662390157, 0.999386873,
2069.682822149, 0.998795211,
2069.703254040, 0.998710375,
2069.744118121, 0.998607049,
2069.784982100, 0.998890431,
2069.805414089, 0.998496920,
2069.825845978, 0.998721228,
2069.846278066, 0.998252930,
2069.866709954, 0.998413707,
2069.887142042, 0.998575498,
2069.907574029, 0.998818471,
2069.928006016, 0.998858902,
2069.968869989, 0.999099124,
2069.989301975, 0.999414458,
2070.009733860, 0.999388820,
2070.091461898, 0.998661088,
2070.132325965, 0.998744786,
2070.152757848, 0.998744333,
2070.173189830, 0.998878865,
2070.193621912, 0.998963136,
2070.214053794, 0.998433273,
2070.254917857, 0.999049741,
2070.275349737, 0.999076070,
2070.295781718, 0.999698744,
2070.316213797, 0.998857352,
2070.336645677, 0.998651828,
2070.357077656, 0.998858875,
2070.377509735, 0.998651322,
2070.418373591, 0.998711431,
2070.438805669, 0.998632947,
2070.459237646, 0.998952462,
2070.479669523, 0.998838008,
2070.500101600, 0.998505670,
2070.540965652, 0.998688273,
2070.581829403, 0.998779665,
2070.643125326, 0.998859665,
2070.663557400, 0.998819409,
2070.683989373, 0.998630857,
2070.704421246, 0.998560702,
2070.745285291, 0.998860584,
2070.765717262, 0.998903573,
2070.786149234, 0.998760146,
2070.827013176, 0.998527973,
2070.847445146, 0.998492936,
2070.867877116, 0.998750819,
2070.908741155, 0.999269602,
2070.949605092, 0.998643075,
2070.990468929, 0.999138111,
2071.092628862, 0.998804660,
2071.133492793, 0.998639597,
2071.174356623, 1.000617026,
2071.194788687, 0.998657233,
2071.235652615, 0.998406949,
2071.296948503, 0.998506316,
2071.317380465, 0.998276769,
2071.337812427, 0.998698071,
2071.358244389, 0.998846759,
2071.399108310, 0.998733698,
2071.419540370, 0.998303695,
2071.439972230, 0.998468209,
2071.460404190, 0.999043085,
2071.501268108, 0.998823964,
2071.542132124, 0.998726631,
2071.562563982, 0.998913105,
2071.603427997, 0.998757350,
2071.664723866, 0.999257282,
2071.685155722, 0.999059678,
2071.705587677, 0.999279489,
2071.726019732, 0.998694025,
2071.746451686, 0.998714765,
2071.766883640, 0.998927550,
2071.807747548, 0.999397524,
2071.828179501, 0.998621146,
2071.848611454, 0.998780967,
2071.869043407, 0.998398072,
2071.889475459, 0.998351449,
2071.909907310, 0.998417243,
2071.950771313, 0.998347184,
2072.052930963, 0.998693764,
2072.073362911, 0.998656641,
2072.093794860, 0.998821940,
2072.114226808, 0.998657491,
2072.134658756, 0.998582129,
2072.155090704, 0.998935976,
2072.175522651, 0.998615703,
2072.195954598, 0.999000725,
2072.216386544, 0.999045985,
2072.236818590, 0.998720049,
2072.257250536, 0.998990375,
2072.277682381, 0.998967533,
2072.298114426, 0.998848598,
2072.338978215, 0.998522876,
2072.359410259, 0.998673567,
2072.400274046, 0.998644128,
2072.420706089, 0.998726875,
2072.441138031, 0.998553645,
2072.461569874, 0.998306186,
2072.522865699, 0.999143658,
2072.543297739, 0.998177432,
2072.563729680, 0.997890185,
2072.584161620, 0.998460732,
2072.625025499, 0.998177040,
2072.645457538, 0.998562302,
2072.665889377, 0.998745191,
2072.706753354, 0.998553113,
2072.788481102, 0.999276727,
2072.808912939, 0.998607581,
2072.829344975, 0.998892305,
2072.849776810, 0.998724888,
2072.870208746, 0.998811879,
2072.890640780, 0.998713451,
2072.911072615, 0.999014483,
2072.931504549, 0.998687149,
2072.951936583, 0.998632067,
2072.972368417, 0.998645869,
2072.992800350, 0.998673176,
2073.013232383, 0.998475207,
2073.033664215, 0.998531009,
2073.054096247, 0.998807154,
2073.094960111, 0.998581848,
2073.115392042, 0.998601747,
2073.135823973, 0.998414948,
2073.176687833, 0.999008332,
2073.197119763, 0.998919127,
2073.258415550, 0.998996319,
2073.278847479, 0.998971633,
2073.299279506, 0.998687515,
2073.319711334, 0.999275546,
2073.340143262, 0.998851628,
2073.360575289, 0.998932848,
2073.381007115, 0.998542031,
2073.401439042, 0.998637003,
2073.421870968, 0.998966313,
2073.442302893, 0.998815952,
2073.462734919, 0.998546154,
2073.483166744, 0.998148136,
2073.503598668, 0.998562759,
2073.524030692, 0.998529550,
2073.544462517, 0.998090675,
2073.564894440, 0.998617630,
2073.585326463, 0.998520779,
2073.605758386, 0.998630423,
2073.626190209, 0.998407979,
2073.646622231, 0.998670098,
2073.667054153, 0.998978984,
2073.687485975, 0.998669793,
2073.748781737, 0.998475570,
2073.769213758, 0.998994781,
2073.789645677, 0.999002306,
2073.830509516, 0.998118846,
2073.850941435, 0.998662303,
2073.871373454, 0.998757929,
2073.891805272, 0.998593102,
2073.932669207, 0.998528019,
2073.993964958, 0.999099530,
2074.014396774, 0.998814393,
2074.034828690, 0.998528426,
2074.055260705, 0.999224007,
2074.075692620, 0.999063437,
2074.096124435, 0.999002369,
2074.116556449, 0.999192015,
2074.136988264, 0.999154380,
2074.157420178, 0.999020671,
2074.177852191, 0.998948297,
2074.239147929, 0.998957539,
2074.259579741, 0.999014842,
2074.280011653, 0.998760915,
2074.300443665, 0.998812728,
2074.341307487, 0.998534844,
2074.361739397, 0.998727438,
2074.382171207, 0.998589389,
2074.402603217, 0.998883315,
2074.443467036, 0.998455484,
2074.463898945, 0.998550682,
2074.484330853, 0.998479643,
2074.504762761, 0.999029961,
2074.525194669, 0.998737569,
2074.545626576, 0.998549021,
2074.566058484, 0.998205007,
2074.606922297, 0.998649260,
2074.627354203, 0.998930452,
2074.647786209, 0.999062168,
2074.668218014, 0.999163757,
2074.709081924, 0.998808237,
2074.729513729, 0.998970383,
2074.770377637, 0.998917982,
2074.790809440, 0.998756213,
2074.811241443, 0.998811450,
2074.831673346, 0.999297108,
2074.872537151, 0.998863860,
2074.892968953, 0.998906500,
2074.913400854, 0.998906724,
2074.974696557, 0.998665112,
2074.995128557, 0.999244052,
2075.015560457, 0.998747886,
2075.035992257, 0.998803568,
2075.056424256, 0.998568136,
2075.076856155, 0.998741810,
2075.097287954, 0.998214701,
2075.117719952, 0.998665910,
2075.138151850, 0.998804805,
2075.158583847, 0.999395737,
2075.179015645, 0.998824676,
2075.199447542, 0.998852421,
2075.219879538, 0.999036978,
2075.240311334, 0.998922390,
2075.260743231, 0.998954059,
2075.301607022, 0.998911315,
2075.322038916, 0.998683257,
2075.342470911, 0.998644558,
2075.362902706, 0.998926107,
2075.383334600, 0.999014317,
2075.403766593, 0.998627512,
2075.465062272, 0.999189381,
2075.485494165, 0.999005840,
2075.505925957, 0.998457964,
2075.526357949, 0.998858687,
2075.546789840, 0.998969951,
2075.567221731, 0.998847598,
2075.587653622, 0.998772199,
2075.608085512, 0.998582701,
2075.628517403, 0.998661174,
2075.648949292, 0.998889033,
2075.710244960, 0.999213743,
2075.730676749, 0.998981886,
2075.751108737, 0.999132473,
2075.771540625, 0.999057087,
2075.791972412, 0.999279852,
2075.812404399, 0.999149222,
2075.832836286, 0.999008761,
2075.853268173, 0.999089143,
2075.873700059, 0.998975095,
2075.894131945, 0.999295203,
2075.955427601, 0.998967358,
2075.975859586, 0.998992546,
2075.996291470, 0.998909296,
2076.016723254, 0.998864818,
2076.057587121, 0.998815346,
2076.098450887, 0.998686652,
2076.118882770, 0.998661445,
2076.139314552, 0.998714143,
2076.159746534, 0.998774938,
2076.180178415, 0.999159873,
2076.200610196, 0.998809902,
2076.241474058, 0.998709723,
2076.261905938, 0.998919986,
2076.282337818, 0.999130934,
2076.302769698, 0.998693615,
2076.323201577, 0.998918701,
2076.343633456, 0.999020448,
2076.364065335, 0.998895564,
2076.384497213, 0.998820423,
2076.425360969, 0.998872770,
2076.445792846, 0.999053203,
2076.466224723, 0.999010657,
2076.486656600, 0.998885555,
2076.507088576, 0.999157695,
2076.527520353, 0.999084686,
2076.547952228, 0.998744511,
2076.568384204, 0.998804300,
2076.588815979, 0.998716315,
2076.609247854, 0.999100749,
2076.629679828, 0.998563876,
2076.670543477, 0.998859648,
2076.690975450, 0.998670912,
2076.711407224, 0.999010104,
2076.731839097, 0.998929569,
2076.752271069, 0.999091694,
2076.772702842, 0.998571423,
2076.793134814, 0.998174296,
2076.813566686, 0.999188965,
2076.833998557, 0.999055828,
2076.854430428, 0.998610149,
2076.874862299, 0.999282720,
2076.915726140, 0.999285179,
2076.936157910, 0.999067470,
2076.956589779, 0.998600149,
2076.977021748, 0.999002979,
2076.997453517, 0.998889544,
2077.017885386, 0.999406789,
2077.038317254, 0.998697895,
2077.058749122, 0.998763849,
2077.079180990, 0.999094576,
2077.099612858, 0.999175948,
2077.120044725, 0.998927124,
2077.140476491, 0.998728861,
2077.160908458, 0.998427192,
2077.181340324, 0.999267502,
2077.201772290, 0.998830646,
2077.222204055, 0.998994850,
2077.242635921, 0.999127482,
2077.263067886, 0.999284273,
2077.283499650, 0.998914056,
2077.303931515, 0.998772548,
2077.324363479, 0.998610958,
2077.344795342, 0.999366489,
2077.365227106, 0.999160757,
2077.426522694, 0.998976298,
2077.446954656, 0.998995579,
2077.467386518, 0.998989639,
2077.487818280, 0.998690407,
2077.508250241, 0.999076680,
2077.528682102, 0.998653296,
2077.549113863, 0.998785726,
2077.569545823, 0.999202330,
2077.589977683, 0.998795979,
2077.610409643, 0.998838098,
2077.671705220, 0.998797487,
2077.692136979, 0.999031469,
2077.712568837, 0.999131332,
2077.733000795, 0.999237364,
2077.753432552, 0.998999873,
2077.773864409, 0.999287910,
2077.794296266, 0.999241497,
2077.814728223, 0.999158939,
2077.835159980, 0.999565879,
2077.855591936, 0.998487569,
2077.937319257, 0.999071023,
2077.957751212, 0.999166880,
2077.978183066, 0.998947690,
2077.998614820, 0.999180530,
2078.019046774, 0.999123618,
2078.039478627, 0.999131672,
2078.059910380, 0.998943813,
2078.080342333, 0.999077923,
2078.100774185, 0.998850395,
2078.162069741, 0.998916922,
2078.202933443, 0.998736590,
2078.223365294, 0.999244013,
2078.243797144, 0.998801327,
2078.264228994, 1.000037195,
2078.427683884, 0.999094553,
2078.550274964, 0.999804456,
2078.897616400, 0.999272668,
2078.979343660, 0.998637916,
2078.999775500, 0.998803762,
2079.040639178, 0.999093697,
2079.061071016, 0.999210017,
2079.142798468, 0.999247213,
2079.183662142, 0.998868953,
2079.204093978, 0.998830672,
2079.244957650, 0.999034227,
2079.265389486, 0.999037413,
2079.306253156, 0.999251503,
2079.347116726, 0.999112632,
2079.367548660, 0.999002716,
2079.387980494, 0.998343901,
2079.408412227, 0.998522435,
2079.449275994, 0.999262154,
2079.469707727, 0.999336458,
2079.490139659, 0.998929993,
2079.510571491, 0.999269215,
2079.551435155, 0.999560998,
2079.571866986, 0.999604884,
2079.592298917, 0.999268819,
2079.612730648, 0.999028377,
2079.633162478, 0.999106980,
2079.653594409, 0.999250559,
2079.674026239, 0.998649399,
2079.694457968, 0.998875046,
2079.735321727, 0.999117325,
2079.755753455, 0.999392884,
2079.776185384, 0.999234305,
2079.796617212, 0.999044780,
2079.817048940, 0.997770581,
2079.898776349, 0.999540304,
2079.919208175, 0.998929932,
2079.939639902, 0.999235552,
2079.960071827, 0.999227172,
2080.000935478, 0.999259356,
2080.021367303, 0.999524277,
2080.041799128, 0.998603617,
2080.062230953, 0.999020694,
2080.123526425, 0.999148107,
2080.143958248, 0.998919984,
2080.164390071, 0.999155775,
2080.184821994, 0.998864397,
2080.205253716, 0.998943771,
2080.225685539, 0.999100297,
2080.246117461, 0.998880350,
2080.266549182, 0.999027005,
2080.286981004, 0.999229096,
2080.389140106, 0.999247307,
2080.409572026, 0.999117957,
2080.430003846, 0.999078577,
2080.450435565, 0.999132803,
2080.470867484, 0.999138640,
2080.491299303, 0.999031734,
2080.511731121, 0.999076147,
2080.552594757, 0.999225200,
2080.573026574, 0.998792867,
2080.593458391, 0.999208773,
2080.634322025, 0.999257560,
2080.654753941, 0.999231375,
2080.675185657, 0.999081207,
2080.695617473, 0.999319682,
2080.716049289, 0.999030211,
2080.736481104, 0.999450817,
2080.756912819, 0.999028092,
2080.777344734, 0.998974795,
2080.797776548, 0.999179633,
2080.859071990, 0.999192201,
2080.879503904, 0.999409077,
2080.899935617, 0.999167362,
2080.920367429, 0.999280030,
2080.940799342, 0.999006476,
2080.961231054, 0.999136537,
2080.981662866, 0.999252461,
2081.002094778, 0.999641342,
2081.022526589, 0.999285619,
2081.042958301, 0.999409733,
2081.063390211, 0.999235044,
2081.083822022, 0.999254587,
2081.104253732, 0.999490637,
2081.124685642, 0.999285160,
2081.145117452, 0.999027447,
2081.165549162, 0.999329464,
2081.185981071, 0.999240009,
2081.206412880, 0.999341086,
2081.226844789, 0.998902009,
2081.247276497, 0.998977285,
2081.267708305, 0.999110245,
2081.288140213, 0.999289491,
2081.349435635, 0.999052714,
2081.369867342, 0.999156509,
2081.390299149, 0.999223298,
2081.410730955, 0.999217669,
2081.431162761, 0.999349985,
2081.451594567, 0.999610079,
2081.472026372, 0.998979967,
2081.492458177, 0.999400804,
2081.512889983, 0.999341693,
2081.533321787, 0.999675301,
2081.553753592, 0.999526358,
2081.574185396, 0.998897020,
2081.594617299, 0.999064647,
2081.615049003, 0.999267388,
2081.635480906, 0.999339418,
2081.655912709, 0.999312380,
2081.676344412, 0.999311380,
2081.696776315, 0.999831232,
2081.717208117, 0.998659450,
2081.737639819, 0.999478370,
2081.758071721, 1.000296344,
2081.839798925, 0.999086398,
2081.860230725, 0.999273407,
2081.880662526, 0.999175104,
2081.901094325, 0.998868946,
2081.921526125, 0.998954420,
2081.941957924, 0.999517315,
2081.962389723, 0.999367761,
2081.982821522, 0.999454120,
2082.003253321, 0.999355448,
2082.023685119, 0.999438386,
2082.044117017, 0.999473223,
2082.064548815, 0.999541254,
2082.084980512, 0.999710707,
2082.105412409, 0.999483902,
2082.125844106, 0.999446881,
2082.146275903, 0.999207159,
2082.166707800, 0.999452597,
2082.187139496, 0.999401881,
2082.207571292, 0.999521563,
2082.228003187, 0.999558007,
2082.248434883, 0.999016902,
2082.268866678, 0.999310314,
2082.330162062, 0.999128543,
2082.350593956, 0.999057824,
2082.371025649, 0.998956294,
2082.391457443, 0.999344785,
2082.411889336, 0.999372423,
2082.432321129, 0.999822656,
2082.452752922, 0.999330809,
2082.473184715, 0.999299154,
2082.493616507, 0.999310744,
2082.514048399, 0.999415204,
2082.534480091, 0.999463324,
2082.554911882, 0.999392160,
2082.575343773, 0.999299325,
2082.595775464, 0.999654427,
2082.616207255, 0.999278676,
2082.636639145, 0.999180445,
2082.657070836, 0.999079010,
2082.677502625, 0.999171148,
2082.697934515, 0.999530049,
2082.718366205, 0.999273239,
2082.738797994, 0.999193124,
2082.759229882, 0.999522373,
2082.820525248, 0.999360490,
2082.840956936, 0.999552975,
2082.861388823, 0.999756671,
2082.881820610, 0.999202228,
2082.902252298, 0.999645514,
2082.922684185, 0.999464065,
2082.943115971, 0.999036000,
2082.963547657, 0.999296111,
2082.983979543, 0.999423170,
2083.004411329, 0.999551958,
2083.024843015, 0.999260150,
2083.045274900, 0.999233692,
2083.065706685, 0.999466200,
2083.086138370, 0.999518826,
2083.106570254, 0.999267399,
2083.127002039, 0.999407610,
2083.147433723, 0.999013185,
2083.167865607, 0.999160301,
2083.188297390, 0.998915829,
2083.208729273, 0.999042715,
2083.229160956, 0.998754762,
2083.249592739, 0.999266582,
2083.310888086, 0.999359364,
2083.331319968, 0.998977450,
2083.351751749, 0.999303807,
2083.372183431, 0.999114860,
2083.392615312, 0.999375948,
2083.413047092, 0.999345304,
2083.433478773, 0.999394193,
2083.453910653, 0.999378130,
2083.474342433, 0.999618327,
2083.494774113, 0.999422501,
2083.515205992, 0.999277457,
2083.535637772, 0.999436424,
2083.556069651, 0.999219060,
2083.576501329, 0.999400228,
2083.596933108, 0.999054901,
2083.617364886, 0.999374633,
2083.637796664, 0.999219539,
2083.658228342, 0.999095386,
2083.678660219, 0.999397203,
2083.699091997, 0.999058738,
2083.719523674, 0.999146557,
2083.739955551, 0.999069744,
2083.801250879, 0.999213058,
2083.821682655, 0.999356649,
2083.842114431, 0.999213700,
2083.882977981, 0.999139174,
2083.903409756, 0.999348008,
2083.923841630, 0.999292426,
2083.944273305, 0.999503353,
2083.964705179, 0.999675839,
2083.985136952, 0.999438460,
2084.005568626, 0.999355700,
2084.026000499, 0.999629179,
2084.046432272, 0.999596943,
2084.066863945, 0.999598714,
2084.087295818, 0.999066295,
2084.107727590, 0.999428982,
2084.128159262, 0.999656099,
2084.148591134, 0.999424775,
2084.169022906, 0.999732548,
2084.189454677, 0.999351872,
2084.209886448, 0.999639992,
2084.230318219, 0.999820869,
2084.291613530, 0.999521980,
2084.312045300, 0.999314394,
2084.332477070, 0.999520233,
2084.352908839, 0.999317729,
2084.373340608, 0.999624196,
2084.393772377, 0.999171005,
2084.414204146, 0.998864249,
2084.434636015, 0.999615592,
2084.455067683, 0.999719745,
2084.495931318, 0.999636553,
2084.516362986, 0.998985325,
2084.536794753, 0.999530857,
2084.557226620, 0.999577986,
2084.577658287, 0.999335403,
2084.598090053, 0.999504374,
2084.638953586, 0.999732838,
2084.659385352, 0.999592448,
2084.679817217, 0.999012650,
2084.700248883, 0.999640027,
2084.720680748, 0.999503338,
2084.781976042, 0.999475733,
2084.802407806, 0.999561422,
2084.822839570, 0.999623600,
2084.843271333, 0.999483869,
2084.863703097, 0.999515352,
2084.884134860, 0.999231048,
2084.904566723, 0.999543190,
2084.924998386, 0.999265157,
2084.945430148, 0.999349511,
2084.965862010, 0.999423322,
2085.006725434, 0.999505952,
2085.027157296, 0.999716205,
2085.047588957, 0.999629955,
2085.068020718, 0.999636012,
2085.088452579, 0.999851642,
2085.108884239, 0.999855174,
2085.129316100, 0.999781165,
2085.149747760, 0.999868934,
2085.170179520, 0.999566881,
2085.190611379, 0.999372735,
2085.211043039, 0.999401241,
2085.231474798, 0.999411244,
2085.251906657, 0.999547110,
2085.272338416, 0.999970234,
2085.292770074, 0.999258408,
2085.313201933, 0.999136786,
2085.333633691, 0.999293576,
2085.354065349, 0.999159101,
2085.374497206, 0.999385328,
2085.394928963, 0.999170702,
2085.415360620, 0.999354216,
2085.435792477, 0.998931467,
2085.456224234, 0.999247795,
2085.517519503, 0.999325918,
2085.537951358, 0.999541828,
2085.558383014, 0.999492543,
2085.578814769, 0.999677385,
2085.599246624, 0.999454029,
2085.619678279, 0.999461147,
2085.640110033, 0.999743613,
2085.660541888, 0.999660382,
2085.680973542, 0.999921598,
2085.701405296, 0.999577127,
2085.762700556, 0.999694980,
2085.783132409, 0.999571311,
2085.803564162, 0.999425870,
2085.823995914, 0.999574248,
2085.844427666, 0.999647991,
2085.864859318, 0.999620167,
2085.885291170, 0.999780584,
2085.905722922, 0.999181199,
2085.926154573, 0.999078465,
2085.946586424, 0.998807142,
2085.967018175, 0.999391451,
2085.987449826, 0.999578936,
2086.007881677, 0.999598052,
2086.028313427, 0.999689428,
2086.048745077, 0.999642754,
2086.069176927, 0.999885054,
2086.089608676, 0.999832359,
2086.110040426, 0.999997624,
2086.130472175, 0.999672494,
2086.150903924, 0.999596132,
2086.171335672, 0.999660906,
2086.191767421, 0.999494202,
2086.253062765, 0.999933324,
2086.273494412, 0.999852225,
2086.293926260, 0.999759401,
2086.314358007, 0.999804709,
2086.334789654, 0.999729912,
2086.375653247, 0.999693473,
2086.396084893, 0.999463707,
2086.416516739, 0.999324954,
2086.436948485, 0.999441642,
2086.457380130, 0.999596860,
2086.477811975, 0.999382787,
2086.498243720, 1.002060008,
2086.518675365, 0.999423256,
2086.539107210, 0.999470395,
2086.559538855, 0.999623510,
2086.579970699, 0.999543065,
2086.600402443, 0.999894234,
2086.620834186, 0.999678691,
2086.641265930, 0.999754432,
2086.661697673, 1.000048886,
2086.682129416, 0.999639919,
2086.743424645, 1.000033471,
2086.763856387, 0.999675619,
2086.784288129, 0.999742565,
2086.804719871, 0.999507462,
2086.825151712, 0.999939253,
2086.845583353, 0.999606778,
2086.866015095, 0.999522066,
2086.886446936, 0.999895379,
2086.906878576, 0.999773865,
2086.927310417, 0.999764416,
2086.947742157, 0.999414071,
2086.968173797, 0.999621541,
2086.988605637, 0.999935627,
2087.009037377, 0.999806961,
2087.029469016, 0.999621266,
2087.049900855, 0.999524103,
2087.070332594, 0.999726542,
2087.090764333, 0.999956820,
2087.111196072, 0.999704796,
2087.131627810, 0.999727282,
2087.152059548, 0.999787892,
2087.172491286, 0.999395082,
2087.233786498, 0.999816334,
2087.254218235, 0.999914732,
2087.274650072, 0.999859090,
2087.295081709, 0.999901078,
2087.335945282, 0.999676479,
2087.356376918, 0.999910928,
2087.376808653, 0.999793386,
2087.397240489, 0.999514669,
2087.417672124, 0.999346801,
2087.438103859, 0.999932328,
2087.458535694, 0.999727428,
2087.478967329, 0.999465541,
2087.499399063, 0.999580411,
2087.519830898, 0.999588390,
2087.540262532, 1.000024614,
2087.560694266, 0.999719978,
2087.581126099, 0.999799958,
2087.601557733, 0.999958014,
2087.621989566, 0.999685304,
2087.642421299, 1.000004714,
2087.662853032, 0.999797423,
2087.724148229, 0.999932552,
2087.744580061, 0.999915416,
2087.765011693, 0.999940492,
2087.785443424, 1.000086369,
2087.805875256, 1.000075048,
2087.826306887, 0.999818883,
2087.846738618, 0.999700598,
2087.867170449, 0.999836150,
2087.887602079, 0.999804200,
2087.908033809, 0.999838100,
2087.928465640, 0.999900056,
2087.948897270, 0.999609546,
2087.969328999, 0.999380764,
2087.989760729, 0.999395664,
2088.010192458, 0.999683817,
2088.030624287, 0.999861155,
2088.051055916, 1.000081400,
2088.071487645, 0.999622471,
2088.091919473, 0.999972555,
2088.112351201, 1.000066266,
2088.132782829, 1.000509854,
2088.153214657, 1.000273499,
2088.214509839, 0.999819612,
2088.234941566, 0.999935667,
2088.255373193, 0.999857817,
2088.275805020, 1.000159221,
2088.296236746, 1.000148189,
2088.316668372, 1.000038684,
2088.337100198, 0.999725031,
2088.357531924, 0.999995580,
2088.377963750, 0.999756008,
2088.398395375, 0.999938250,
2088.418827101, 0.999787161,
2088.439258926, 0.999746455,
2088.459690550, 0.999766139,
2088.500554099, 0.999843751,
2088.520985723, 0.999728642,
2088.541417447, 0.999984325,
2088.561849271, 0.999591950,
2088.582280995, 1.000150615,
2088.602712618, 1.000297397,
2088.623144441, 0.999919891,
2088.643576164, 0.999942059,
2088.684439610, 1.000440879,
2088.704871332, 1.000036611,
2088.725303054, 0.999738353,
2088.745734776, 0.999895542,
2088.766166398, 1.000169734,
2088.786598220, 1.000001412,
2088.807029941, 0.999743392,
2088.827461562, 1.000047452,
2088.847893383, 1.000091632,
2088.868325104, 1.000098031,
2088.888756725, 1.000025538,
2088.909188545, 1.000002201,
2088.929620265, 0.999826432,
2088.950051985, 0.999896344,
2088.970483705, 1.000032499,
2088.990915425, 0.999644785,
2089.011347144, 0.999568492,
2089.031778863, 0.999635415,
2089.052210582, 0.999637593,
2089.072642401, 0.999962432,
2089.093074120, 0.999665671,
2089.113505738, 1.000363784,
2089.133937556, 1.000130446,
2089.195232710, 1.000040160,
2089.215664427, 0.999904185,
2089.236096045, 0.999743374,
2089.256527862, 1.000231011,
2089.276959579, 1.000020412,
2089.297391195, 0.999958088,
2089.317823012, 1.000106298,
2089.338254728, 0.999870130,
2089.358686344, 0.999807193,
2089.379118160, 1.000292810,
2089.399549776, 1.000105510,
2089.419981591, 0.999884913,
2089.440413307, 1.000110637,
2089.460844922, 1.000017999,
2089.481276737, 0.999812901,
2089.501708452, 0.999649887,
2089.522140166, 1.000077677,
2089.542571880, 0.999968370,
2089.563003595, 0.999748944,
2089.583435309, 1.000248063,
2089.603867022, 1.000123604,
2089.624298736, 1.000343718,
2089.706025589, 0.999912264,
2089.726457401, 0.999800206,
2089.746889014, 0.999788840,
2089.767320826, 0.999913829,
2089.787752538, 0.999947396,
2089.808184150, 1.000098225,
2089.828615962, 1.000101585,
2089.849047673, 0.999942902,
2089.869479285, 1.000004919,
2089.889911096, 1.000070724,
2089.910342807, 0.999902085,
2089.930774518, 1.001692820,
2089.951206228, 0.999774414,
2089.971637938, 1.000211411,
2089.992069649, 1.000098600,
2090.012501359, 0.999730570,
2090.032933069, 1.000334164,
2090.053364778, 0.999795219,
2090.073796488, 0.999809569,
2090.094228197, 0.999874895,
2090.114660006, 0.999860586,
2090.135091615, 0.999797697,
2090.155523324, 1.000330464,
2090.175955132, 1.000130199,
2090.196386741, 1.000253939,
2090.216818449, 1.000130856,
2090.237250257, 1.000151220,
2090.257681865, 0.999984372,
2090.278113572, 1.000028601,
2090.298545380, 0.999824967,
2090.318976987, 1.000248719,
2090.339408694, 0.999931955,
2090.359840501, 1.000372022,
2090.421135621, 1.000152064,
2090.441567227, 0.999894977,
2090.461999033, 1.000034933,
2090.482430739, 0.999958170,
2090.502862444, 0.999875111,
2090.523294150, 0.999824865,
2090.543725855, 0.999972719,
2090.564157560, 0.999814762,
2090.584589265, 0.999617933,
2090.605020970, 0.999500405,
2090.625452674, 0.999879739,
2090.666316083, 1.000150242,
2090.686747787, 1.000339093,
2090.707179591, 1.000051052,
2090.727611194, 1.000294525,
2090.748042898, 1.000055340,
2090.768474701, 1.000145322,
2090.788906304, 0.999672191,
2090.809338107, 1.000174343,
2090.829769810, 1.000166514,
2090.850201412, 1.000189061,
2090.870633215, 1.000371476,
2090.891064817, 0.999887955,
2090.911496519, 1.000428916,
2090.931928321, 1.000205859,
2090.952359922, 1.000091860,
2090.972791624, 1.000344942,
2090.993223425, 1.000082383,
2091.013655126, 1.000311899,
2091.034086727, 1.000119089,
2091.054518528, 1.000303123,
2091.074950229, 0.999833408,
2091.095381929, 0.999913961,
2091.156677130, 1.000377500,
2091.177108729, 1.000256611,
2091.197540429, 1.000203138,
2091.217972228, 1.000131519,
2091.238403827, 1.000272478,
2091.258835527, 1.000172082,
2091.279267325, 1.000409751,
2091.299698924, 1.000242756,
2091.320130623, 0.999956415,
2091.360994019, 1.000170697,
2091.381425717, 1.000050626,
2091.401857515, 0.999981802,
2091.422289113, 1.000341661,
2091.442720910, 1.000206904,
2091.463152608, 1.000246984,
2091.483584305, 1.000155112,
2091.504016002, 0.999857195,
2091.524447698, 1.000363342,
2091.544879395, 1.000085188,
2091.565311092, 1.000011776,
2091.585742788, 0.999912949,
2091.647037876, 1.000106526,
2091.667469471, 1.000332622,
2091.687901267, 1.000191778,
2091.708332962, 1.000230103,
2091.728764557, 1.000099563,
2091.749196352, 0.999926163,
2091.769628047, 1.000054091,
2091.790059841, 0.999859343,
2091.810491436, 1.000439772,
2091.830923130, 1.000392223,
2091.892218212, 1.000576463,
2091.912650006, 1.000181721,
2091.933081599, 1.000189601,
2091.953513292, 1.000119936,
2091.973945085, 1.000055690,
2092.014808371, 1.000282554,
2092.035240164, 1.000323346,
2092.055671856, 1.000041093,
2092.076103448, 1.000004816,
2092.096535241, 1.000049253,
2092.116966932, 0.999921152,
2092.137398724, 0.999987984,
2092.157830316, 1.000172765,
2092.178262007, 0.999948621,
2092.198693798, 1.000038405,
2092.219125389, 0.999951013,
2092.239557080, 1.000293980,
2092.259988771, 1.000352841,
2092.280420462, 1.000161521,
2092.300852052, 1.000389722,
2092.321283843, 1.000139296,
2092.341715533, 1.000191862,
2092.362147223, 1.000344872,
2092.382578913, 1.000446272,
2092.403010602, 1.000465378,
2092.423442392, 1.000394857,
2092.443873981, 1.000319795,
2092.464305670, 1.000489403,
2092.484737459, 1.000144495,
2092.505169148, 1.000309455,
2092.546032526, 1.000284606,
2092.566464214, 1.000228222,
2092.627759278, 1.000232782,
2092.648190866, 1.000170515,
2092.689054341, 1.000275347,
2092.709485928, 1.000285198,
2092.729917715, 1.000226382,
2092.750349402, 1.000228335,
2092.791212775, 1.000383594,
2092.811644462, 1.000092002,
2092.832076248, 1.000316562,
2092.852507834, 1.000351190,
2092.872939520, 1.000394956,
2092.893371306, 1.000074620,
2092.913802892, 1.000506571,
2092.934234577, 1.000308089,
2092.954666362, 1.000525561,
2092.975098048, 1.000757586,
2092.995529633, 1.000149825,
2093.015961418, 1.000466591,
2093.036393002, 1.000485025,
2093.056824687, 1.000358939,
2093.077256471, 1.000473874,
2093.097688056, 1.000397853,
2093.118119840, 1.000386295,
2093.138551523, 1.000281221,
2093.158983107, 1.000191428,
2093.179414891, 1.000331543,
2093.199846574, 1.000337983,
2093.220278158, 1.000572397,
2093.240709941, 0.999892843,
2093.261141624, 0.999550860,
2093.281573207, 1.000444388,
2093.302004989, 1.000688363,
2093.322436672, 1.000111436,
2093.342868354, 1.000252006,
2093.363300037, 1.000380587,
2093.383731719, 1.000154876,
2093.404163501, 1.000455520,
2093.424595083, 1.000412609,
2093.445026764, 0.999944198,
2093.465458546, 1.000594055,
2093.485890227, 0.999871542,
2093.506321808, 1.000366180,
2093.526753589, 1.000096662,
2093.547185270, 1.000809054,
2093.608480312, 1.000231155,
2093.628911892, 1.000292579,
2093.649343672, 1.000253502,
2093.669775352, 1.000276243,
2093.690206932, 1.000275589,
2093.710638712, 1.000372914,
2093.731070392, 1.000324762,
2093.751502071, 1.000338574,
2093.771933750, 1.000358828,
2093.792365329, 1.000923197,
2093.812797108, 1.000158934,
2093.853660466, 1.000348445,
2093.874092144, 1.000358306,
2093.894523823, 1.000415095,
2093.914955501, 1.000169069,
2093.935387179, 1.000260051,
2093.955818857, 1.000665625,
2093.976250535, 1.000522223,
2093.996682212, 1.000757686,
2094.017113890, 1.000502846,
2094.037545667, 1.000465820,
2094.057977344, 1.000618296,
2094.078408921, 1.000676180,
2094.119272375, 1.000629773,
2094.139703951, 1.000505211,
2094.160135728, 1.000338332,
2094.180567404, 1.000144741,
2094.200998980, 1.000130779,
2094.221430757, 1.000458608,
2094.241862432, 1.000381071,
2094.262294008, 1.000490268,
2094.282725784, 1.000534022,
2094.323589235, 1.000531359,
2094.344020810, 1.000748136,
2094.364452485, 1.000395786,
2094.384884160, 1.000335275,
2094.405315834, 1.000021573,
2094.425747509, 1.000189831,
2094.446179184, 1.000608016,
2094.466610858, 1.000318827,
2094.487042532, 1.000379731,
2094.507474206, 1.000225018,
2094.527905880, 1.000097695,
2094.589200901, 1.000655294,
2094.609632574, 1.000390275,
2094.630064348, 1.000580599,
2094.650495921, 1.000284568,
2094.670927694, 1.000359120,
2094.691359366, 1.000221972,
2094.711790939, 1.000319680,
2094.732222712, 1.000214895,
2094.752654384, 1.000239383,
2094.793517728, 1.000489386,
2094.813949400, 1.000270135,
2094.834380972, 1.000699537,
2094.854812744, 1.000555227,
2094.875244415, 1.000792301,
2094.895676087, 1.000760725,
2094.916107758, 1.000322413,
2094.936539429, 1.000742567,
2094.956971200, 1.000752536,
2094.977402771, 1.000591875,
2094.997834442, 1.000852911,
2095.018266213, 1.000326848,
2095.038697883, 1.000603235,
2095.059129453, 1.000595102,
2095.079561223, 1.000797314,
2095.099992894, 1.000289656,
2095.120424464, 1.000416628,
2095.140856233, 1.000494195,
2095.161287803, 1.000350774,
2095.181719473, 1.000176003,
2095.222582811, 1.000155750,
2095.243014580, 1.000135526,
2095.263446249, 1.000289867,
2095.324741256, 1.000475456,
2095.345172824, 1.000598377,
2095.365604592, 1.000325740,
2095.386036261, 1.000436217,
2095.406467929, 1.000539267,
2095.426899597, 1.000549205,
2095.447331264, 1.000388264,
2095.467762932, 1.000571843,
2095.488194600, 1.000411330,
2095.508626267, 0.999976767,
2095.569921269, 1.000686751,
2095.590353036, 1.000740159,
2095.610784702, 1.000621841,
2095.631216269, 1.000652198,
2095.651648036, 1.000407319,
2095.672079702, 1.000799411,
2095.692511268, 1.000719978,
2095.712943034, 1.000714015,
2095.733374700, 1.000697644,
2095.753806266, 1.000450296,
2095.774238032, 1.000221365,
2095.794669698, 1.000390467,
2095.815101263, 1.000535697,
2095.835533028, 1.000669761,
2095.855964694, 1.000652833,
2095.876396359, 1.000629729,
2095.896828024, 1.000676789,
2095.917259689, 1.000825757,
2095.937691353, 1.000245730,
2095.958123018, 1.000768627,
2095.978554683, 1.000976634,
2095.998986347, 1.001018160,
2096.019418011, 1.000823685,
2096.039849675, 1.001071765,
2096.060281439, 1.000899775,
2096.080713003, 1.000695136,
2096.121576431, 1.000776631,
2096.142007994, 1.000636856,
2096.162439757, 1.000707646,
2096.182871421, 1.000981763,
2096.203302984, 1.000607095,
2096.223734747, 1.000511271,
2096.244166410, 1.000335539,
2096.264597972, 1.000297042,
2096.285029735, 1.000596193,
2096.305461398, 1.000311196,
2096.325892960, 1.000397859,
2096.346324722, 1.000699134,
2096.366756384, 1.000621542,
2096.387188046, 1.000895348,
2096.407619708, 1.001458558,
2096.428051370, 1.000954125,
2096.448483132, 1.000575881,
2096.468914693, 1.000731225,
2096.550641338, 1.000830110,
2096.571073099, 1.000646427,
2096.591504660, 1.000742332,
2096.611936321, 1.000687856,
2096.632368082, 1.000804304,
2096.652799642, 1.001068539,
2096.673231302, 1.000911108,
2096.693663063, 1.000920969,
2096.714094623, 1.000816704,
2096.734526383, 1.000741169,
2096.754958043, 1.000658719,
2096.795821362, 1.000636867,
2096.816253022, 1.000310542,
2096.836684581, 1.000284396,
2096.857116340, 1.000296862,
2096.877547999, 1.000703133,
2096.897979659, 1.001069061,
2096.918411318, 1.000899356,
2096.938842976, 1.000870270,
2096.959274635, 1.000550227,
2096.979706294, 1.000673368,
2097.000137952, 1.000591211,
2097.020569711, 1.000709402,
2097.041001369, 1.000746136,
2097.061432927, 1.000656374,
2097.102296343, 1.000858497,
2097.122727901, 1.001009137,
2097.143159659, 1.000633523,
2097.163591316, 1.000964251,
2097.184022874, 1.000614866,
2097.204454631, 1.000531160,
2097.224886288, 1.000732632,
2097.245317845, 1.000809276,
2097.265749602, 1.000796420,
2097.286181159, 1.000461353,
2097.306612816, 1.000524289,
2097.327044573, 1.000628562,
2097.347476130, 1.000754250,
2097.367907886, 1.000538402,
2097.388339542, 1.000610029,
2097.408771199, 1.000856804,
2097.429202855, 1.000867023,
2097.449634511, 1.000804311,
2097.470066167, 1.000382302,
2097.551792889, 1.001024625,
2097.572224445, 1.000751976,
2097.592656100, 1.000665711,
2097.613087855, 1.000671994,
2097.633519410, 1.000937049,
2097.694814375, 1.000797635,
2097.715246129, 1.001098513,
2097.756109338, 1.000936955,
2097.776541093, 1.000985387,
2097.796972747, 1.000726004,
2097.817404301, 1.000721881,
2097.837836055, 1.000854639,
2097.858267709, 1.000781357,
2097.878699363, 1.000892268,
2097.899131016, 1.000840114,
2097.919562670, 1.000905435,
2097.939994323, 1.000985967,
2097.960425977, 1.000913536,
2097.980857630, 1.000878972,
2098.021720936, 1.000836579,
2098.042152589, 1.000831116,
2098.062584242, 1.000791009,
2098.083015895, 1.001008856,
2098.103447547, 1.001074011,
2098.123879300, 1.000837921,
2098.144310852, 1.000870117,
2098.164742505, 1.000997514,
2098.185174257, 1.001092846,
2098.205605809, 1.000769752,
2098.266900765, 1.001003678,
2098.287332516, 1.000791473,
2098.307764168, 1.000905827,
2098.328195720, 1.000693132,
2098.348627471, 1.000670803,
2098.369059122, 1.000796423,
2098.389490774, 1.000453278,
2098.409922425, 1.000759297,
2098.430354076, 1.000981437,
2098.450785727, 1.001062431,
2098.471217378, 1.001158070,
2098.491649028, 1.001100369,
2098.512080779, 1.001182094,
2098.532512329, 1.000968675,
2098.552943980, 1.001039693,
2098.593807380, 1.000699042,
2098.614238930, 1.001306718,
2098.634670681, 1.001131463,
2098.655102230, 1.001088209,
2098.675533880, 1.000965241,
2098.695965630, 1.001435392,
2098.716397180, 1.001082858,
2098.736828829, 1.001136151,
2098.757260579, 1.001175790,
2098.777692128, 1.001403192,
2098.798123877, 1.001092808,
2098.818555526, 1.000822402,
2098.838987076, 1.000771745,
2098.859418825, 1.000881267,
2098.879850473, 1.000822400,
2098.900282022, 1.001148232,
2098.920713771, 1.001192720,
2098.941145420, 1.001165261,
2098.961577068, 1.001014939,
2098.982008716, 1.000979432,
2099.002440365, 1.000950793,
2099.022872013, 1.000860356,
2099.043303761, 1.000949461,
2099.063735309, 1.001219009,
2099.084167057, 1.001101403,
2099.104598705, 1.001008865,
2099.125030253, 1.000995498,
2099.145462001, 1.001295683,
2099.165893648, 1.000927220,
2099.186325196, 1.001129810,
2099.206756943, 1.001203219,
2099.227188590, 1.001072320,
2099.247620137, 1.001105644,
2099.268051885, 1.001055102,
2099.288483532, 1.001117993,
2099.308915079, 1.001398269,
2099.329346826, 1.000868005,
2099.349778472, 1.001281015,
2099.370210119, 1.001234044,
2099.390641766, 1.000994988,
2099.411073412, 1.001186602,
2099.431505059, 1.001146687,
2099.492799997, 1.001305016,
2099.513231643, 1.001395559,
2099.533663289, 1.001383155,
2099.554094935, 1.000944785,
2099.574526581, 1.001069190,
2099.594958327, 1.001058683,
2099.615389972, 1.001305628,
2099.635821518, 1.001206373,
2099.656253263, 1.001251468,
2099.676684909, 1.001136565,
2099.697116454, 1.001361967,
2099.717548199, 1.001116145,
2099.737979844, 1.001534438,
2099.758411389, 1.001615172,
2099.778843134, 1.001399099,
2099.799274779, 1.001026838,
2099.819706324, 1.001278117,
2099.840138068, 1.001484198,
2099.860569713, 1.001092322,
2099.881001458, 1.001293641,
2099.901433002, 1.001461803,
2099.921864646, 1.001001380,
2099.983159579, 1.000869466,
2100.003591323, 1.001297513,
2100.024022867, 1.001213155,
2100.044454511, 1.001220615,
2100.064886155, 1.001191373,
2100.085317798, 1.000904011,
2100.105749442, 1.001207561,
2100.126181185, 1.001436772,
2100.146612729, 1.001176417,
2100.167044472, 1.001154560,
2100.187476115, 1.001229893,
2100.207907659, 1.001100000,
2100.228339402, 1.001255311,
2100.248771045, 1.001355376,
2100.269202588, 1.001157518,
2100.289634331, 1.001611233,
2100.310065973, 1.001296535,
2100.330497516, 1.001249495,
2100.350929259, 1.001452000,
2100.391792444, 1.001044452,
2100.412224186, 1.000967471,
2100.432655829, 1.000893864,
2100.453087571, 1.001036814,
2100.473519113, 1.001091242,
2100.493950755, 1.001390433,
2100.514382497, 1.001315602,
2100.534814039, 1.001337102,
2100.555245681, 1.001552685,
2100.575677423, 1.001102292,
2100.596109065, 1.000929498,
2100.616540606, 1.000994049,
2100.636972348, 1.000770423,
2100.657403989, 1.001418272,
2100.677835531, 1.001250899,
2100.698267272, 1.001172574,
2100.718698913, 1.001227046,
2100.739130654, 1.001314756,
2100.759562196, 1.001631136,
2100.779993837, 1.001369846,
2100.800425478, 1.001407194,
2100.820857118, 1.001113291,
2100.841288659, 1.001219730,
2100.861720400, 1.001052345,
2100.882152041, 1.001010288,
2100.902583581, 1.001036625,
2100.923015322, 1.001407323,
2100.943446962, 1.001040288,
2100.963878603, 1.001433193,
2100.984310243, 1.001264457,
2101.004741883, 1.001304387,
2101.025173623, 1.001690910,
2101.045605163, 1.001324368,
2101.066036803, 1.001530241,
2101.086468543, 1.001269793,
2101.106900183, 1.001557904,
2101.127331723, 1.001505732,
2101.147763463, 1.001533484,
2101.168195102, 1.001909325,
2101.188626642, 1.001546855,
2101.209058382, 1.001388343,
2101.229490021, 1.001579308,
2101.249921760, 1.001507241,
2101.270353300, 1.001555383,
2101.290784939, 1.001605972,
2101.311216678, 1.001285062,
2101.331648217, 1.001541147,
2101.352079856, 1.004260506,
2101.372511595, 1.001474690,
2101.454238051, 1.000998487,
2101.495101328, 1.001325464,
2101.515532966, 1.001175388,
2101.535964705, 1.001134586,
2101.556396243, 1.001536118,
2101.576827881, 1.001251310,
2101.597259620, 1.001561904,
2101.617691158, 1.001226690,
2101.638122796, 1.001481839,
2101.658554534, 1.001303786,
2101.678986172, 1.001680808,
2101.699417710, 1.001600933,
2101.719849448, 1.001316742,
2101.740281086, 1.001596735,
2101.760712623, 1.001774594,
2101.781144361, 1.001564564,
2101.801575999, 1.001737323,
2101.822007736, 1.001747381,
2101.842439274, 1.001405166,
2101.862870911, 1.001478952,
2101.883302648, 1.001655417,
2101.903734186, 1.001394691,
2101.924165823, 1.001508894,
2101.944597560, 1.001574786,
2101.965029097, 1.001426858,
2101.985460734, 1.001582846,
2102.005892471, 1.001552008,
2102.026324008, 1.001473475,
2102.046755745, 1.001608511,
2102.067187382, 1.001701169,
2102.087619019, 1.001578515,
2102.108050655, 1.001321886,
2102.128482292, 1.001660656,
2102.148913928, 1.001442615,
2102.169345565, 1.001637412,
2102.189777201, 1.001731456,
2102.210208738, 1.001510653,
2102.230640474, 1.001421018,
2102.251072110, 1.001617035,
2102.271503646, 1.001833063,
2102.291935383, 1.001820882,
2102.312367019, 1.001862253,
2102.332798755, 1.002025442,
2102.353230291, 1.001775154,
2102.373661927, 1.001762199,
2102.394093663, 1.001742895,
2102.414525198, 1.001404009,
2102.434956834, 1.001566324,
2102.455388570, 1.001569188,
2102.475820105, 1.001411901,
2102.496251741, 1.001482303,
2102.516683476, 1.001475565,
2102.537115012, 1.001731436,
2102.557546647, 1.001813644,
2102.577978383, 1.001736722,
2102.598410018, 1.002011867,
2102.618841653, 1.002083446,
2102.639273288, 1.001741469,
2102.659704924, 1.001608993,
2102.680136559, 1.001616740,
2102.700568194, 1.001837929,
2102.720999829, 1.001527349,
2102.741431564, 1.001631576,
2102.761863098, 1.001491863,
2102.782294733, 1.001722107,
2102.802726368, 1.001548365,
2102.823158003, 1.001500967,
2102.843589738, 1.001368229,
2102.864021372, 1.001545877,
2102.884452907, 1.001387828,
2102.904884641, 1.001542232,
2102.925316176, 1.001457322,
2102.945747810, 1.001683048,
2102.966179544, 1.001352251,
2102.986611079, 1.001589991,
2103.007042713, 1.001261018,
2103.027474447, 1.001356268,
2103.047905981, 1.001238761,
2103.068337615, 1.001334245,
2103.088769349, 1.001703459,
2103.109200984, 1.001749873,
2103.129632617, 1.001404934,
2103.150064251, 1.001446688,
2103.170495885, 1.001629927,
2103.190927519, 1.001495009,
2103.211359153, 1.001386201,
2103.231790787, 1.001555874,
2103.252222420, 1.001416886,
2103.272654054, 1.001590717,
2103.293085687, 1.001390429,
2103.313517421, 1.001436509,
2103.333948954, 1.001374888,
2103.354380588, 1.001464809,
2103.415675588, 1.001530477,
2103.436107221, 1.001499681,
2103.456538754, 1.001069111,
2103.476970487, 1.001389679,
2104.089919462, 1.001522628,
2104.110351194, 1.001944138,
2104.130782826, 1.001695094,
2104.151214558, 1.001821024,
2104.171646090, 1.001607187,
2104.192077721, 1.001894288,
2104.212509353, 1.001594537,
2104.232940985, 1.001748641,
2104.273804248, 1.001700066,
2104.294235880, 1.001707780,
2104.314667511, 1.002005187,
2104.335099242, 1.001887977,
2104.375962405, 1.001899950,
2104.396394137, 1.001818594,
2104.416825668, 1.001513695,
2104.437257399, 1.002054013,
2104.457689031, 1.002057092,
2104.478120562, 1.001933635,
2104.498552293, 1.001784618,
2104.518983924, 1.001512668,
2104.539415455, 1.001539194,
2104.559847186, 1.001279791,
2104.580278817, 1.001598545,
2104.621142079, 1.001480459,
2104.641573710, 1.001675479,
2104.662005441, 1.001883450,
2104.682436972, 1.001485212,
2104.702868603, 1.001734021,
2104.723300334, 1.001711199,
2104.764163495, 1.001728691,
2104.784595226, 1.001799191,
2104.805026857, 1.001829827,
2104.825458388, 1.001900609,
2104.866321749, 1.001696926,
2104.886753379, 1.001695401,
2104.907185010, 1.001869175,
2104.927616640, 1.002057754,
2104.948048271, 1.001798684,
2104.968479901, 1.001660060,
2104.988911432, 1.002014741,
2105.009343162, 1.001772655,
2105.029774793, 1.001790161,
2105.050206323, 1.001920190,
2105.111501214, 1.001760089,
2105.131932944, 1.001798568,
2105.152364574, 1.002077041,
2105.172796305, 1.001929743,
2105.193227835, 1.002185858,
2105.213659465, 1.002162995,
2105.234091195, 1.001856150,
2105.254522725, 1.001735505,
2105.274954355, 1.001862073,
2105.295386085, 1.001901712,
2105.377112605, 1.001889221,
2105.397544235, 1.001629484,
2105.417975865, 1.001803705,
2105.458839224, 1.002039342,
2105.479270754, 1.001822108,
2105.499702384, 1.001664195,
2105.520134114, 1.001688586,
2105.540565644, 1.001547642,
2105.560997273, 1.001649108,
2105.581429003, 1.001618157,
2105.601860533, 1.001839815,
2105.622292262, 1.001904142,
2105.642723892, 1.002068220,
2105.663155422, 1.001719361,
2105.683587151, 1.002006786,
2105.704018681, 1.002031464,
2105.724450310, 1.001844756,
2105.744882040, 1.001934752,
2105.765313569, 1.002030106,
2105.785745199, 1.001820968,
2105.806176928, 1.001723122,
2105.847040187, 1.001848033,
2105.867471817, 1.002144850,
2105.887903446, 1.002180623,
2105.908335075, 1.002191263,
2105.928766705, 1.002107310,
2105.949198334, 1.001935262,
2105.990061593, 1.001720563,
2106.010493222, 1.002031305,
2106.030924951, 1.002061669,
2106.051356481, 1.001802200,
2106.092219839, 1.001796402,
2106.112651368, 1.001979283,
2106.133083097, 1.001776171,
2106.153514727, 1.002087706,
2106.173946256, 1.001940441,
2106.194377985, 1.001828063,
2106.214809614, 1.001937669,
2106.235241143, 1.001905272,
2106.255672872, 1.002226467,
2106.276104501, 1.002032212,
2106.296536130, 1.002118997,
2106.337399389, 1.002448602,
2106.357831018, 1.002104285,
2106.378262647, 1.002425255,
2106.398694276, 1.002203080,
2106.419125905, 1.002193013,
2106.439557534, 1.002003254,
2106.459989162, 1.002062118,
2106.480420791, 1.001950341,
2106.500852420, 1.002166108,
2106.521284049, 1.002215137,
2106.541715778, 1.002374725,
2106.582579036, 1.001943262,
2106.603010665, 1.001918897,
2106.623442194, 1.001792289,
2106.643873923, 1.001785629,
2106.664305551, 1.001835569,
2106.684737080, 1.002002453,
2106.705168809, 1.002191228,
2106.725600438, 1.002533999,
2106.746031967, 1.001927253,
2106.766463696, 1.002169264,
2106.786895324, 1.002099552,
2106.827758582, 1.001737735,
2106.848190211, 1.002221683,
2106.868621939, 1.002010513,
2106.889053468, 1.002023713,
2106.909485097, 1.002192364,
2106.929916826, 1.002450145,
2106.950348354, 1.002371507,
2106.970779983, 1.002379686,
2106.991211712, 1.003461377,
2107.011643340, 1.002294795,
2107.032074969, 1.002259475,
2107.072938127, 1.001964620,
2107.093369855, 1.001969847,
2107.113801484, 1.002151381,
2107.134233013, 1.002023428,
2107.154664741, 1.002032458,
2107.175096370, 1.001878714,
2107.195527899, 1.002127721,
2107.256822985, 1.002166904,
2107.277254513, 1.002314503,
2107.338549399, 1.002156111,
2107.358981028, 1.002162468,
2107.379412756, 1.002117748,
2107.399844285, 1.002149230,
2107.420275914, 1.002097080,
2107.440707642, 1.002203331,
2107.461139271, 1.002092661,
2107.481570900, 1.002091914,
2107.502002528, 1.002164048,
2107.522434157, 1.002110713,
2107.542865785, 1.002306511,
2107.604160771, 1.001960183,
2107.624592300, 1.002428191,
2107.645023929, 1.002179709,
2107.665455657, 1.001705882,
2107.685887186, 1.001820618,
2107.706318914, 1.002059808,
2107.726750443, 1.002204170,
2107.747182072, 1.002068160,
2107.767613800, 1.002388484,
2107.808476958, 1.002169385,
2107.828908686, 1.002537690,
2107.849340215, 1.002255084,
2107.869771843, 1.002075332,
2107.890203572, 1.002390787,
2107.910635101, 1.002408140,
2107.931066729, 1.002238699,
2107.951498458, 1.002182315,
2107.971929987, 1.002355127,
2107.992361715, 1.002404193,
2108.012793344, 1.002163421,
2108.053656601, 1.002240837,
2108.074088230, 1.002393368,
2108.094519859, 1.002179062,
2108.114951487, 1.002030348,
2108.135383116, 1.002105508,
2108.155814745, 1.002103950,
2108.176246474, 1.002111070,
2108.196678002, 1.002201578,
2108.217109731, 1.001928610,
2108.237541360, 1.002137882,
2108.257972889, 1.002180269,
2108.319267775, 1.001996929,
2108.339699504, 1.002536831,
2108.360131132, 1.002267716,
2108.380562661, 1.002482021,
2108.400994390, 1.002064557,
2108.421426019, 1.002063890,
2108.441857648, 1.002515395,
2108.462289276, 1.002952957,
2108.482720805, 1.002133000,
2108.544015792, 1.002384000,
2108.564447421, 1.002267569,
2108.584879050, 1.002540633,
2108.605310679, 1.002192660,
2108.625742307, 1.002383619,
2108.646173936, 1.002100550,
2108.666605665, 1.002148276,
2108.687037294, 1.002090276,
2108.707468823, 1.002123039,
2108.727900552, 1.001902212,
2108.789195439, 1.001988229,
2108.809627068, 1.002310816,
2108.830058597, 1.002177753,
2108.850490326, 1.002218425,
2108.870921955, 1.002347799,
2108.891353684, 1.002420004,
2108.911785214, 1.002540151,
2108.932216843, 1.002064317,
2108.952648572, 1.002380820,
2108.973080101, 1.002307458,
2109.034374989, 1.002535738,
2109.054806618, 1.002492062,
2109.075238347, 1.002631959,
2109.095669876, 1.002527936,
2109.116101605, 1.002238535,
2109.136533135, 1.002247496,
2109.156964764, 1.002232593,
2109.177396493, 1.002051506,
2109.197828023, 1.002038894,
2109.218259652, 1.001989058,
2109.299986270, 1.002152251,
2109.320417899, 1.002426461,
2109.361281158, 1.002462248,
2109.381712787, 1.002417388,
2109.402144517, 1.002165908,
2109.422576046, 1.002199410,
2109.443007676, 1.002397702,
2109.463439406, 1.002433008,
2109.483870935, 1.002549884,
2109.524734294, 1.002450412,
2109.545165824, 1.002165973,
2109.565597554, 1.002461565,
2109.586029183, 1.002604167,
2109.606460713, 1.002317918,
2109.626892443, 1.002316687,
2109.647324073, 1.002310028,
2109.667755703, 1.002372394,
2109.688187332, 1.002266653,
2109.708618962, 1.002169525,
2109.729050592, 1.002251276,
2109.769913852, 1.002276682,
2109.790345482, 1.002429350,
2109.810777212, 1.002284557,
2109.831208742, 1.002317333,
2109.851640472, 1.002417091,
2109.872072002, 1.002364351,
2109.892503632, 1.002165523,
2109.912935362, 1.002177057,
2109.933366892, 1.002290494,
2109.953798522, 1.002420487,
2109.974230252, 1.002361134,
2110.015093513, 1.002302632,
2110.035525143, 1.002636657,
2110.055956673, 1.002695678,
2110.076388404, 1.002561961,
2110.096820034, 1.002605810,
2110.117251564, 1.002455328,
2110.158114925, 1.002610492,
2110.178546556, 1.002701751,
2110.198978186, 1.002301878,
2110.219409817, 1.002182268,
2110.260273078, 1.002313931,
2110.280704708, 1.002254845,
2110.301136439, 1.002356302,
2110.321568070, 1.002350931,
2110.341999600, 1.002574734,
2110.362431331, 1.002624902,
2110.382862962, 1.002658756,
2110.403294592, 1.002273513,
2110.423726223, 1.002371965,
2110.444157854, 1.002356661,
2110.464589485, 1.002584315,
2110.505452647, 1.002324268,
2110.525884378, 1.002745665,
2110.546316009, 1.002877524,
2110.566747540, 1.002729158,
2110.587179271, 1.002566269,
2110.607610902, 1.002553130,
2110.628042633, 1.002536631,
2110.648474164, 1.002609189,
2110.668905796, 1.002533563,
2110.689337527, 1.002455048,
2110.771063952, 1.002359641,
2110.791495583, 1.002512458,
2110.811927315, 1.002531856,
2110.832358846, 1.002314802,
2110.852790578, 1.002677883,
2110.873222209, 1.002430789,
2110.893653841, 1.002577526,
2110.914085473, 1.002540789,
2110.934517104, 1.002926762,
2110.954948736, 1.002498904,
2110.975380368, 1.002609794,
2110.995812000, 1.002479795,
2111.016243631, 1.002349511,
2111.036675363, 1.002394434,
2111.057106895, 1.002733300,
2111.077538627, 1.002366072,
2111.097970259, 1.002453887,
2111.118401791, 1.002472425,
2111.138833523, 1.002503523,
2111.159265055, 1.002583910,
2111.179696687, 1.002698915,
2111.261423316, 1.002282081,
2111.281854849, 1.002269878,
2111.302286581, 1.002283640,
2111.322718213, 1.002240407,
2111.343149746, 1.002637216,
2111.363581478, 1.002758873,
2111.384013111, 1.002784448,
2111.404444743, 1.002426589,
2111.424876376, 1.002642861,
2111.445308009, 1.002248047,
2111.486171274, 1.002293439,
2111.506602907, 1.002471952,
2111.527034640, 1.002556768,
2111.547466273, 1.002644330,
2111.567897806, 1.002625624,
2111.588329539, 1.002634909,
2111.608761172, 1.002778130,
2111.629192705, 1.004782152,
2111.649624438, 1.002497452,
2111.670056071, 1.002704770,
2111.690487804, 1.002592917,
2111.731350971, 1.002692014,
2111.751782704, 1.002556334,
2111.772214237, 1.002410886,
2111.792645871, 1.002422139,
2111.813077504, 1.002252172,
2111.833509138, 1.002163533,
2111.853940771, 1.002513278,
2111.874372405, 1.002299960,
2111.894804039, 1.002485024,
2111.915235772, 1.002465458,
2111.935667306, 1.002645313,
2111.976530674, 1.002874624,
2111.996962208, 1.002691343,
2112.017393842, 1.002898792,
2112.037825576, 1.002639039,
2112.058257210, 1.002775491,
2112.099120478, 1.002745402,
2112.119552112, 1.002926636,
2112.139983747, 1.002810281,
2112.160415381, 1.002580843,
2112.180847015, 1.002719091,
2112.221710284, 1.002911826,
2112.242141919, 1.002774510,
2112.262573653, 1.002718524,
2112.283005188, 1.002487241,
2112.303436923, 1.002394752,
2112.323868557, 1.002219436,
2112.344300092, 1.002510880,
2112.364731827, 1.002323787,
2112.385163462, 1.002781972,
2112.426026732, 1.002737832,
2112.466889902, 1.002645259,
2112.487321637, 1.002730925,
2112.528184907, 1.002697167,
2112.548616543, 1.002706653,
2112.569048178, 1.002627009,
2112.589479814, 1.002689128,
2112.609911449, 1.002895133,
2112.630343085, 1.002848356,
2112.650774720, 1.002695999,
2112.712069727, 1.002981079,
2112.732501263, 1.002777435,
2112.752932999, 1.002890708,
2112.773364635, 1.002808613,
2112.793796171, 1.002663876,
2112.814227907, 1.002669945,
2112.834659543, 1.002471955,
2112.855091079, 1.002578518,
2112.875522816, 1.002520577,
2112.895954452, 1.002748372,
2112.916386188, 1.002659289,
2112.957249361, 1.002904278,
2112.977681098, 1.002758409,
2112.998112634, 1.002869471,
2113.018544271, 1.002890680,
2113.038976008, 1.002948048,
2113.059407544, 1.002869022,
2113.079839181, 1.003063005,
2113.100270918, 1.002918714,
2113.120702455, 1.002761179,
2113.161565829, 1.002926749,
2113.243292278, 1.002618660,
2113.263724016, 1.002700077,
2113.284155653, 1.002500183,
2113.304587291, 1.002505904,
2113.325018928, 1.002481638,
2113.345450566, 1.002458232,
2113.365882303, 1.002431880,
2113.386313841, 1.002388420,
2113.406745479, 1.002549243,
2113.427177217, 1.002416867,
2113.447608755, 1.002815322,
2113.468040393, 1.002790537,
2113.488472131, 1.002707552,
2113.508903669, 1.002657125,
2113.529335407, 1.002851559,
2113.549767046, 1.002632099,
2113.570198584, 1.002747085,
2113.590630323, 1.002712009,
2113.611061961, 1.002720754,
2113.631493500, 1.002571710,
2113.651925238, 1.002636795,
2113.692788416, 1.002678506,
2113.713220155, 1.002731900,
2113.733651794, 1.002929524,
2113.754083533, 1.002624081,
2113.774515072, 1.002954036,
2113.794946711, 1.002859753,
2113.815378350, 1.002765264,
2113.835810089, 1.002405926,
2113.856241628, 1.002295761,
2113.876673368, 1.002300275,
2113.897104907, 1.002111281,
2113.937968286, 1.002707289,
2113.958399826, 1.002742350,
2113.978831566, 1.002500116,
2113.999263206, 1.002800977,
2114.019694746, 1.002703686,
2114.040126486, 1.002921291,
2114.060558126, 1.002692304,
2114.080989666, 1.002582672,
2114.101421406, 1.002700288,
2114.121853046, 1.002636141,
2114.142284787, 1.002885761,
2114.183147967, 1.002744924,
2114.224011249, 1.002801932,
2114.244442889, 1.002809339,
2114.264874630, 1.002708360,
2114.285306171, 1.002759659,
2114.305737912, 1.002757327,
2114.326169553, 1.002678496,
2114.346601194, 1.002517201,
2114.367032835, 1.002326511,
2114.428327759, 1.002564410,
2114.448759400, 1.002766281,
2114.469191042, 1.002683274,
2114.489622684, 1.002755601,
2114.510054325, 1.002816461,
2114.530486067, 1.002688225,
2114.550917609, 1.002732373,
2114.571349251, 1.002670291,
2114.591780993, 1.002781182,
2114.612212535, 1.002819595,
2114.632644177, 1.002898922,
2114.693939104, 1.003041013,
2114.714370846, 1.003023715,
2114.734802389, 1.002900618,
2114.755234132, 1.003106076,
2114.775665774, 1.002899098,
2114.796097317, 1.002851304,
2114.816529060, 1.002825270,
2114.836960703, 1.002684096,
2114.857392246, 1.002817934,
2114.939118919, 1.001875683,
2114.959550562, 1.002795031,
2114.979982306, 1.002986142,
2115.000413849, 1.002915327,
2115.020845493, 1.002963229,
2115.041277237, 1.002670393,
2115.061708881, 1.002689237,
2115.082140425, 1.002888035,
2115.102572169, 1.002745655,
2115.123003813, 1.002954384,
2115.204730390, 1.002825457,
2115.225162035, 1.003102914,
2115.245593679, 1.002935360,
2115.266025324, 1.003004133,
2115.286456969, 1.003162500,
2115.306888713, 1.002808768,
2115.327320258, 1.002823121,
2115.347751904, 1.002775735,
2115.368183649, 1.002877650,
2115.409046839, 1.002645586,
2115.429478585, 1.002904548,
2115.449910130, 1.002666963,
2115.470341776, 1.002614359,
2115.490773521, 1.002928009,
2115.511205067, 1.002901119,
2115.531636813, 1.002658085,
2115.552068459, 1.002884049,
2115.572500105, 1.003149884,
2115.592931751, 1.002847523,
2115.613363397, 1.002764176,
2115.654226690, 1.002838878,
2115.674658336, 1.002701328,
2115.695089983, 1.002627117,
2115.715521729, 1.002983385,
2115.735953276, 1.002846592,
2115.756385023, 1.002628124,
2115.776816670, 1.002969974,
2115.797248217, 1.002961723,
2115.838111611, 1.002718826,
2115.858543158, 1.002800174,
2115.899406553, 1.003412211,
2115.919838201, 1.002771755,
2115.940269849, 1.002762790,
2115.960701396, 1.002192783,
2115.981133144, 1.002768513,
2116.001564792, 1.002446524,
2116.021996340, 1.002591747,
2116.042428088, 1.002813250,
2116.062859736, 1.002844484,
2116.083291385, 1.002538394,
2116.103723033, 1.002921309,
2116.185449628, 1.002668646,
2116.205881377, 1.002735669,
2116.226313026, 1.002466249,
2116.246744575, 1.003106070,
2116.267176324, 1.003038455,
2116.287607973, 1.002815184,
2116.308039623, 1.002746320,
2116.328471272, 1.003059922,
2116.348902922, 1.002896463,
2116.389766221, 1.002929793,
2116.410197871, 1.002913111,
2116.430629621, 1.002914045,
2116.451061171, 1.002737878,
2116.471492821, 1.002548168,
2116.491924571, 1.002690512,
2116.512356122, 1.002982927,
2116.532787872, 1.002852011,
2116.553219523, 1.002883919,
2116.573651073, 1.002960645,
2116.594082824, 1.002899179,
2116.634946026, 1.002818220,
2116.655377777, 1.003061448,
2116.675809328, 1.002944659,
2116.696241080, 1.002920549,
2116.716672731, 1.002984535,
2116.737104282, 1.002962528,
2116.757536034, 1.003000651,
2116.777967686, 1.002656055,
2116.798399337, 1.003153282,
2116.900557598, 1.002784032,
2116.920989350, 1.002739346,
2116.941421003, 1.002850009,
2116.961852555, 1.002805479,
2116.982284308, 1.002744040,
2117.002715961, 1.002743674,
2117.023147514, 1.002326397,
2117.043579267, 1.002719020,
2117.084442673, 1.003066164,
2117.145737634, 1.002719389,
2117.166169187, 1.002762906,
2117.186600841, 1.002879890,
2117.207032495, 1.002983071,
2117.227464149, 1.003033789,
2117.247895803, 1.003065076,
2117.268327457, 1.003063269,
2117.288759112, 1.003038615,
2117.309190866, 1.002930075,
2117.329622421, 1.002776513,
2117.390917385, 1.002731170,
2117.411349040, 1.002964620,
2117.431780795, 1.002674250,
2117.452212450, 1.002754016,
2117.472644106, 1.002644449,
2117.493075761, 1.002652686,
2117.533939072, 1.002805513,
2117.554370728, 1.002619438,
2117.574802384, 1.002716246,
2117.595234140, 1.002402672,
2117.615665696, 1.002968307,
2117.636097352, 1.003079528,
2117.656529108, 1.002640341,
2117.676960665, 1.002951776,
2117.738255635, 1.002767408,
2117.758687392, 1.002770787,
2117.779119049, 1.002986520,
2117.799550606, 1.002871846,
2117.819982363, 1.002916104,
2117.881277335, 1.003516598,
2117.901708993, 1.002885634,
2117.922140651, 1.002711384,
2117.942572309, 1.002792909,
2117.963003967, 1.002785176,
2117.983435625, 1.002775383,
2118.024298942, 1.002689954,
2118.044730600, 1.002454932,
2118.106025676, 1.002933122,
2118.126457235, 1.003078933,
2118.146888994, 1.002963808,
2118.167320654, 1.002952843,
2118.187752213, 1.002971345,
2118.208183972, 1.003028631,
2118.228615632, 1.003008664,
2118.249047192, 1.003202202,
2118.269478951, 1.002995506,
2118.289910611, 1.003022431,
2118.310342371, 1.002939721,
2118.351205592, 1.003287601,
2118.371637352, 1.002764399,
2118.392068913, 1.003038684,
2118.412500573, 1.002856490,
2118.432932334, 1.002716647,
2118.453363895, 1.002832549,
2118.473795656, 1.002793383,
2118.494227317, 1.002669662,
2118.514658878, 1.002922460,
2118.535090640, 1.002658670,
2118.555522301, 1.002647500,
2118.596385625, 1.002798092,
2118.678112273, 1.002900226,
2118.698543935, 1.002862023,
2118.718975598, 1.002918077,
2118.739407260, 1.002688836,
2118.759838923, 1.002934640,
2118.780270586, 1.003064358,
2118.800702249, 1.003087632,
2118.841565575, 1.002852040,
2118.861997339, 1.002964272,
2118.882429002, 1.002789016,
2118.923292330, 1.002786991,
2118.943723993, 1.002887146,
2118.964155557, 1.002897849,
2118.984587322, 1.002892614,
2119.005018986, 1.002717423,
2119.025450550, 1.002532818,
2119.045882315, 1.002928020,
2119.107177309, 1.002478738,
2119.127608974, 1.002527500,
2119.148040739, 1.003057594,
2119.168472305, 1.003241867,
2119.188903970, 1.002939958,
2119.209335736, 1.003072424,
2119.229767301, 1.002875434,
2119.250199067, 1.003005829,
2119.270630733, 1.003083578,
2119.291062399, 1.002832974,
2119.352357298, 1.003071137,
2119.372789065, 1.003139726,
2119.393220731, 1.002980756,
2119.413652498, 1.003128101,
2119.434084065, 1.003116943,
2119.454515732, 1.003161524,
2119.474947500, 1.002972302,
2119.495379067, 1.010938967,
2119.515810735, 1.002987734,
2119.536242502, 1.002955659,
2119.577105738, 1.002669109,
2119.597537506, 1.003024595,
2119.617969074, 1.002847534,
2119.638400843, 1.002716935,
2119.658832511, 1.002680137,
2119.679264080, 1.002702504,
2119.699695848, 1.002990993,
2119.720127517, 1.002991323,
2119.740559186, 1.003168742,
2119.760990856, 1.002790209,
2119.781422525, 1.002953106,
2119.822285864, 1.003365266,
2119.842717534, 1.003234756,
2119.863149303, 1.003101541,
2119.883580973, 1.002921841,
2119.904012543, 1.002946629,
2119.924444214, 1.003113438,
2119.944875884, 1.003168953,
2119.965307555, 1.003111256,
2119.985739325, 1.003073854,
2120.006170896, 1.003097568,
2120.026602667, 1.002667182,
2120.087897681, 1.002922612,
2120.108329352, 1.002956985,
2120.128760924, 1.002744688,
2120.149192696, 1.002790398,
2120.169624368, 1.002977135,
2120.190056140, 1.003037461,
2120.210487712, 1.003096893,
2120.230919384, 1.002560350,
2120.251351157, 1.002743452,
2120.271782729, 1.002779088,
2120.312646175, 1.003040821,
2120.333077748, 1.003154012,
2120.353509421, 1.003286111,
2120.373941195, 1.003004413,
2120.394372768, 1.003038545,
2120.414804542, 1.002831773,
2120.435236216, 1.002903325,
2120.455667890, 1.003318579,
2120.476099564, 1.003254301,
2120.496531238, 1.003184837,
2120.516962912, 1.003043131,
2120.557826261, 1.002973306,
2120.578258036, 1.002945243,
2120.598689611, 1.002705166,
2120.619121286, 1.002736000,
2120.639553062, 1.003179387,
2120.659984637, 1.003029345,
2120.680416312, 1.003128998,
2120.700848088, 1.002889572,
2120.721279664, 1.002971633,
2120.741711340, 1.002919485,
2120.762143116, 1.002826697,
2120.803006469, 1.002651276,
2120.823438145, 1.002961291,
2120.843869722, 1.003174495,
2120.864301499, 1.002904228,
2120.905164753, 1.002852315,
2120.925596530, 1.002813109,
2120.946028208, 1.002947393,
2120.966459985, 1.003168803,
2120.986891563, 1.003142545,
2121.089050054, 1.002660793,
2121.109481733, 1.002993572,
2121.129913312, 1.003255322,
2121.150345091, 1.002977623,
2121.170776770, 1.002874734,
2121.191208449, 1.003129527,
2121.211640129, 1.003195608,
2121.232071808, 1.003235393,
2121.252503488, 1.003029670,
2121.272935168, 1.002818686,
2121.293366848, 1.002849432,
2121.313798528, 1.003079626,
2121.334230208, 1.002979894,
2121.354661989, 1.003125874,
2121.375093570, 1.003057046,
2121.395525250, 1.003019299,
2121.415957031, 1.003057252,
2121.456820294, 1.003038844,
2121.477252075, 1.003180696,
2121.497683657, 1.002956331,
2121.538547120, 1.003108340,
2121.558978703, 1.003250223,
2121.579410485, 1.003113221,
2121.599842167, 1.003156601,
2121.620273850, 1.002952759,
2121.640705532, 1.002952507,
2121.661137215, 1.002803424,
2121.681568898, 1.002971487,
2121.702000581, 1.002735578,
2121.722432265, 1.003191689,
2121.742864048, 1.003338863,
2121.783727316, 1.003113731,
2121.804159100, 1.003310206,
2121.824590784, 1.003218877,
2121.845022368, 1.003048725,
2121.865454152, 1.003027462,
2121.885885837, 1.003232370,
2121.906317422, 1.003064797,
2121.926749207, 1.002989795,
2121.947180892, 1.003077202,
2121.967612577, 1.003223551,
2121.988044262, 1.003131805,
2122.049339320, 1.003066127,
2122.069770906, 1.002897149,
2122.090202692, 1.003030845,
2122.131066165, 1.003204379,
2122.151497752, 1.003126850,
2122.171929438, 1.003142166,
2122.192361225, 1.002854770,
2122.212792813, 1.002942446,
2122.233224500, 1.003045325,
2122.274087975, 1.003234843,
2122.294519563, 1.003024503,
2122.314951351, 1.003079306,
2122.335383039, 1.002996681,
2122.355814728, 1.003149982,
2122.376246416, 1.003216775,
2122.396678105, 1.003064141,
2122.417109794, 1.003106178,
2122.437541483, 1.003056476,
2122.457973172, 1.003107566,
2122.478404961, 1.003175540,
2122.519268341, 1.003308873,
2122.539700030, 1.003141942,
2122.560131620, 1.003040578,
2122.580563411, 1.003282042,
2122.600995101, 1.003347488,
2122.621426692, 1.003293918,
2122.641858482, 1.002931930,
2122.662290073, 1.003031923,
2122.703153555, 1.003021387,
2122.784880222, 1.003113833,
2122.805312014, 1.002825268,
2122.825743706, 1.003081889,
2122.846175399, 1.002842617,
2122.866607091, 1.002884172,
2122.887038784, 1.003234512,
2122.907470577, 1.003223715,
2122.927902270, 1.003132443,
2122.948333863, 1.003396120,
2122.968765657, 1.003013212,
2123.030060738, 1.003363682,
2123.050492432, 1.003490783,
2123.070924226, 1.003244622,
2123.111787515, 1.003192594,
2123.132219310, 1.003005121,
2123.152650905, 1.002977948,
2123.173082600, 1.002970970,
2123.193514396, 1.002928721,
2123.213945991, 1.002442196,
2123.275241079, 1.003220827,
2123.295672875, 1.003214353,
2123.316104472, 1.003303518,
2123.336536168, 1.003248074,
2123.356967965, 1.003279812,
2123.377399562, 1.003218045,
2123.418263056, 1.002946374,
2123.438694654, 1.003194984,
2123.459126451, 1.003508591,
2123.499989847, 1.003158794,
2123.520421545, 1.003318010,
2123.540853244, 1.003324445,
2123.561284942, 1.003320229,
2123.581716641, 1.002934346,
2123.602148340, 1.003384462,
2123.622580139, 1.003047604,
2123.643011838, 1.003363303,
2123.683875237, 1.003626771,
2123.704306937, 1.003213659,
2123.745170337, 1.002733777,
2123.765602038, 1.002975214,
2123.786033638, 1.003036701,
2123.806465439, 1.003208736,
2123.826897140, 1.003329732,
2123.847328941, 1.003069002,
2123.867760542, 1.002996045,
2123.888192244, 1.002966621,
2123.908623945, 1.003162413,
2123.929055647, 1.003170887,
2123.949487349, 1.003247237,
2123.990350754, 1.003120398,
2124.010782556, 1.003003654,
2124.031214159, 1.003145782,
2124.051645862, 1.003245335,
2124.072077665, 1.003438098,
2124.092509268, 1.003052581,
2124.112940972, 1.003377984,
2124.133372775, 1.003447775,
2124.153804479, 1.003435403,
2124.174236083, 1.003191923,
2124.194667887, 1.003067631,
2124.235531296, 1.002920652,
2124.255963001, 1.002940434,
2124.276394706, 1.003190872,
2124.296826511, 1.003069989,
2124.317258117, 1.002883274,
2124.358121628, 1.003230419,
2124.378553234, 1.003385085,
2124.398985040, 1.003226121,
2124.419416746, 1.003181589,
2124.439848353, 1.003355471,
2124.480711866, 1.003321189,
2124.501143473, 1.003285864,
2124.521575281, 1.003330417,
2124.542006988, 1.003243275,
2124.562438696, 1.003260738,
2124.582870403, 1.003106491,
2124.603302111, 1.003101945,
2124.623733820, 1.003167954,
2124.644165528, 1.003365376,
2124.664597236, 1.003740396,
2124.685028945, 1.003406506,
2124.746324073, 1.003137489,
2124.766755782, 1.003096311,
2124.787187592, 1.003087023,
2124.807619302, 1.003154047,
2124.828050912, 1.003083369,
2124.848482722, 1.003183409,
2124.868914433, 1.003088700,
2124.889346044, 1.003259508,
2124.909777854, 1.003331993,
2124.930209565, 1.002948944,
2124.991504700, 1.002933788,
2125.011936512, 1.003415339,
2125.032368124, 1.003176749,
2125.052799836, 1.003358134,
2125.073231649, 1.003296575,
2125.093663261, 1.003194233,
2125.114094974, 1.002979817,
2125.134526787, 1.003113039,
2125.154958400, 1.002637473,
2125.175390214, 1.003087010,
2125.195821927, 1.002945898,
2125.236685355, 1.003110771,
2125.257117070, 1.002814212,
2125.277548784, 1.003025536,
2125.297980499, 1.002871882,
2125.318412213, 1.003257713,
2125.338843928, 1.003241031,
2125.359275644, 1.003097901,
2125.379707359, 1.003146864,
2125.400139075, 1.003151462,
2125.461434223, 1.003018853,
2125.481865939, 1.003274213,
2125.502297756, 1.003117683,
2125.522729473, 1.003145765,
2125.543161090, 1.003344358,
2125.563592907, 1.003503493,
2125.584024624, 1.003180751,
2125.604456242, 1.003323378,
2125.645319778, 1.003125815,
2125.665751396, 1.003196708,
2125.706614933, 1.003316005,
2125.727046752, 1.003040105,
2125.747478371, 1.002892418,
2125.767910091, 1.002824014,
2125.788341910, 1.003097815,
2125.808773530, 1.002995999,
2125.829205250, 1.002969000,
2125.849637070, 1.003119063,
2125.870068690, 1.003157478,
2125.890500510, 1.003020273,
2125.910932231, 1.003349818,
2125.951795673, 1.003326663,
2125.972227295, 1.003241887,
2125.992659116, 1.003101935,
2126.033522560, 1.003347996,
2126.053954182, 1.003036718,
2126.074386004, 1.003379835,
2126.094817727, 1.003361337,
2126.115249450, 1.003272932,
2126.135681173, 1.003296265,
2126.156112896, 1.003060372,
2126.196976343, 1.003415631,
2126.217408067, 1.001990996,
2126.237839891, 1.004785694,
2126.258271515, 1.002381137,
2126.278703339, 1.003055936,
2126.319566689, 1.003170550,
2126.360430239, 1.003257797,
2126.442157043, 1.002970379,
2126.462588869, 1.003320990,
2126.483020595, 1.003320240,
2126.503452422, 1.003112925,
2126.523884049, 1.003094173,
2126.544315776, 1.003307873,
2126.564747604, 1.003138927,
2126.585179331, 1.003280190,
2126.605610959, 1.003317215,
2126.626042687, 1.003446390,
2126.687337973, 1.003274795,
2126.707769602, 1.003403127,
2126.728201431, 1.003218461,
2126.748633160, 1.003361248,
2126.769064790, 1.002769070,
2126.789496620, 1.003143130,
2126.809928350, 1.002976220,
2126.830360180, 1.003053682,
2126.850791810, 1.002912295,
2126.871223541, 1.002969172,
2126.891655372, 1.003054724,
2126.973382197, 1.003241026,
2126.993813929, 1.003254514,
2127.014245761, 1.003253040,
2127.034677394, 1.003554991,
2127.055109226, 1.002982857,
2127.075540959, 1.003078821,
2127.095972592, 1.003218988,
2127.116404426, 1.003486033,
2127.136836159, 1.003346806,
2127.198131361, 1.003221541,
2127.218563195, 1.003076737,
2127.238994830, 1.003365126,
2127.259426565, 1.003542004,
2127.279858300, 1.003280502,
2127.300290035, 1.003192714,
2127.320721770, 1.003045937,
2127.341153606, 1.003214326,
2127.361585242, 1.002855153,
2127.382016978, 1.003186608,
2127.422880451, 1.003176639,
2127.443312288, 1.003152125,
2127.463744025, 1.003252212,
2127.484175662, 1.003206565,
2127.504607500, 1.003432680,
2127.545470875, 1.003349751,
2127.565902713, 1.003414004,
2127.606766290, 1.003394824,
2127.627197929, 1.003082379,
2127.688493147, 1.003253214,
2127.708924887, 1.003424016,
2127.729356727, 1.003297430,
2127.749788367, 1.003315942,
2127.770220207, 1.003262094,
2127.790651948, 1.003369131,
2127.811083689, 1.003539900,
2127.831515430, 1.002847543,
2127.851947171, 1.003150448,
2127.872378913, 1.003105710,
2127.913242396, 1.003400421,
2127.933674139, 1.003413266,
2127.954105881, 1.003561289,
2127.974537624, 1.003138380,
2127.994969467, 1.003288876,
2128.035832853, 1.003183741,
2128.056264697, 1.003280584,
2128.076696341, 1.003308647,
2128.097128085, 1.003224132,
2128.117559929, 1.003167780,
2128.158423418, 1.003565438,
2128.178855163, 1.003145859,
2128.199286808, 1.003090178,
2128.219718654, 1.003120910,
2128.240150400, 1.003364564,
2128.260582045, 1.003405789,
2128.281013892, 1.003259513,
2128.301445638, 1.003288235,
2128.321877285, 1.003466960,
2128.342309131, 1.003354038,
2128.424036121, 1.003179315,
2128.444467969, 1.003290649,
2128.464899717, 1.003371224,
2128.505763215, 1.003285820,
2128.526194964, 1.003301813,
2128.546626713, 1.003100462,
2128.567058462, 1.003572005,
2128.587490212, 1.003263240,
2128.607921962, 1.003356107,
2128.628353712, 1.003168909,
2128.648785462, 1.003190852,
2128.669217213, 1.003261997,
2128.689648964, 1.003374139,
2128.710080815, 1.003352912,
2128.730512466, 1.003122371,
2128.750944218, 1.003361376,
2128.771376069, 1.002993092,
2128.791807721, 1.003428501,
2128.812239474, 1.003213269,
2128.832671326, 1.003547393,
2128.853102979, 1.003925677,
2128.914398239, 1.003558076,
2128.934830092, 1.003347440,
2128.955261846, 1.003416056,
2128.975693601, 1.003440741,
2128.996125355, 1.003914025,
2129.016557110, 1.003441804,
2129.036988864, 1.003345547,
2129.057420620, 1.003083635,
2129.077852375, 1.003007265,
2129.098284231, 1.003241154,
2129.159579499, 1.003426412,
2129.180011256, 1.003414477,
2129.200442912, 1.003569393,
2129.220874769, 1.003436258,
2129.241306527, 1.003467717,
2129.261738284, 1.003611158,
2129.282170042, 1.003571928,
2129.302601800, 1.003341220,
2129.323033559, 1.003363269,
2129.343465317, 1.003076622,
2129.384328835, 1.002945758,
2129.404760594, 1.002982106,
2129.425192254, 1.003181482,
2129.445624114, 1.003612948,
2129.466055874, 1.003215066,
2129.486487734, 1.003355043,
2129.506919394, 1.003341080,
2129.527351155, 1.003433867,
2129.547783016, 1.003339309,
2129.568214677, 1.003425619,
2129.649941825, 1.003117884,
2129.670373587, 1.003381793,
2129.690805350, 1.003429094,
2129.711237113, 1.003522803,
2129.731668876, 1.003603639,
2129.752100640, 1.003375771,
2129.772532403, 1.003669708,
2129.792964167, 1.003502259,
2129.813395932, 1.003492585,
2129.833827796, 1.003395295,
2129.874691326, 1.002996285,
2129.895123091, 1.002863196,
2129.915554757, 1.003255672,
2129.935986622, 1.003192852,
2129.956418388, 1.003414044,
2129.976850055, 1.003372482,
2129.997281921, 1.003299203,
2130.017713588, 1.003046185,
2130.038145455, 1.003359774,
2130.058577222, 1.003126811,
2130.079008890, 1.003351414,
2130.119872525, 1.003074092,
2130.140304194, 1.003385299,
2130.160736062, 1.003357325,
2130.181167831, 1.003260901,
2130.201599700, 1.003422716,
2130.222031369, 1.003292671,
2130.242463139, 1.003324581,
2130.262895008, 1.003237717,
2130.283326678, 1.003476625,
2130.303758449, 1.003593800,
2130.324190319, 1.003450903,
2130.365053761, 1.003648405,
2130.385485632, 1.003517247,
2130.405917404, 1.003342933,
2130.426349176, 1.003220429,
2130.446780948, 1.003263327,
2130.467212720, 1.002846215,
2130.487644593, 1.003223496,
2130.508076266, 1.003325078,
2130.528508039, 1.003464077,
2130.548939912, 1.003547232,
2130.630666908, 1.003493679,
2130.651098783, 1.003294851,
2130.671530458, 1.003451942,
2130.691962233, 1.003115341,
2130.712394108, 1.003399479,
2130.732825784, 1.003257872,
2130.753257660, 1.003232161,
2130.773689436, 1.003243676,
2130.794121113, 1.003468659,
2130.814552989, 1.003388852,
2130.875848321, 1.003784486,
2130.896280099, 1.003532445,
2130.916711877, 1.003499003,
2130.937143655, 1.003533049,
2130.957575434, 1.003226112,
2130.978007313, 1.003285034,
2130.998439092, 1.003407268,
2131.018870771, 1.003203430,
2131.039302651, 1.003314072,
2131.121029772, 1.003793276,
2131.141461553, 1.003611582,
2131.161893334, 1.003674870,
2131.182325116, 1.003622958,
2131.202756997, 1.003643890,
2131.223188679, 1.003534499,
2131.243620462, 1.003409572,
2131.264052244, 1.003533038,
2131.284484027, 1.003467643,
2131.304915910, 1.003372601,
2131.366211261, 1.003336399,
2131.386642945, 1.003328902,
2131.407074729, 1.003326274,
2131.427506614, 1.003342008,
2131.447938299, 1.003606060,
2131.468370084, 1.003622653,
2131.488801970, 1.003067664,
2131.509233655, 1.003416765,
2131.529665541, 1.003358326,
2131.550097328, 1.003297166,
2131.590960901, 1.003658576,
2131.611392688, 1.003733420,
2131.631824476, 1.003720517,
2131.652256363, 1.003521189,
2131.672688051, 1.003264259,
2131.693119939, 1.003493127,
2131.713551728, 1.003205251,
2131.733983416, 1.003579764,
2131.754415305, 1.003844805,
2131.774847095, 1.003397890,
2131.795278784, 1.003246232,
2131.856574354, 1.003568205,
2131.877006045, 1.003918698,
2131.897437836, 1.003631904,
2131.917869627, 1.003554879,
2131.938301419, 1.003804003,
2131.958733210, 1.003630200,
2131.979165002, 1.003321384,
2131.999596794, 1.003255480,
2132.020028587, 1.003239051,
2132.040460380, 1.003187848,
2132.060892173, 1.003316763,
2132.081324066, 1.003488049,
2132.101755760, 1.003523328,
2132.122187554, 1.003526084,
2132.142619448, 1.003442700,
2132.163051142, 1.003479074,
2132.183482937, 1.003486160,
2132.203914832, 1.003539297,
2132.224346627, 1.003669619,
2132.244778423, 1.003695802,
2132.265210219, 1.003697688,
2132.285642015, 1.003498958,
2132.326505608, 1.003465824,
2132.346937405, 1.003632765,
2132.367369302, 1.003577508,
2132.387801000, 1.003694794,
2132.408232897, 1.003544049,
2132.428664695, 1.003435513,
2132.449096394, 1.003435181,
2132.510391791, 1.003341587,
2132.571687190, 1.003438428,
2132.592119090, 1.003368514,
2132.612550891, 1.003399398,
2132.632982692, 1.003494451,
2132.653414493, 1.003425689,
2132.673846194, 1.003676331,
2132.694278096, 1.003546385,
2132.714709898, 1.003729757,
2132.755573502, 1.003427440,
2132.816868912, 1.003802007,
2132.837300716, 1.004052019,
2132.878164424, 1.003750181,
2132.898596128, 1.003601210,
2132.919028033, 1.003465876,
2132.939459838, 1.003587799,
2132.959891644, 1.003393416,
2132.980323449, 1.003559616,
2133.000755255, 1.003289392,
2133.021187161, 1.003415826,
2133.082482582, 1.003258606,
2133.102914289, 1.003441932,
2133.123346197, 1.003443645,
2133.143778005, 1.003570748,
2133.164209713, 1.003759800,
2133.184641622, 1.003753808,
2133.205073430, 1.003598027,
2133.225505140, 1.003710298,
2133.245937049, 1.003667268,
2133.266368859, 1.003676507,
2133.307232479, 1.003442793,
2133.327664189, 1.003736954,
2133.348096100, 1.003650821,
2133.368527911, 1.003502667,
2133.388959623, 1.003744569,
2133.409391535, 1.003703211,
2133.429823346, 1.003192440,
2133.450255159, 1.003506864,
2133.491118784, 1.003803046,
2133.552414225, 1.003259468,
2133.572846139, 1.003624958,
2133.593277953, 1.003451398,
2133.613709667, 1.003615890,
2133.634141582, 1.003483216,
2133.654573398, 1.003247097,
2133.675005313, 1.003503508,
2133.695437029, 1.003508131,
2133.715868845, 1.003432308,
2133.736300761, 1.003824350,
2133.756732478, 1.003404032,
2133.777164295, 1.003491575,
2133.797596212, 1.003621609,
2133.818027930, 1.003643567,
2133.838459748, 1.003851788,
2133.858891666, 1.003882421,
2133.879323384, 1.003588341,
2133.899755303, 1.003585526,
2133.920187122, 1.003353488,
2133.940618841, 1.003576582,
2133.961050761, 1.003437776,
2133.981482481, 1.003523934,
2134.083641685, 1.003365715,
2134.104073506, 1.003183673,
2134.124505328, 1.003338665,
2134.144937151, 1.003587839,
2134.165368973, 1.003618614,
2134.185800796, 1.003685797,
2134.206232619, 1.003707240,
2134.226664443, 1.003487747,
2134.247096366, 1.003492077,
2134.267528090, 1.003764516,
2134.287960015, 1.003460889,
2134.308391839, 1.003694362,
2134.328823564, 1.003414344,
2134.349255490, 1.003462881,
2134.369687315, 1.003557190,
2134.410550967, 1.003386514,
2134.430982794, 1.003469527,
2134.451414721, 1.003600071,
2134.471846448, 1.003647916,
2134.553573759, 1.003336328,
2134.574005587, 1.003816643,
2134.594437416, 1.003628310,
2134.614869345, 1.003531017,
2134.635301175, 1.003568397,
2134.655732905, 1.003511407,
2134.676164835, 1.003371426,
2134.696596565, 1.003389479,
2134.717028396, 1.003773067,
2134.737460327, 1.003594456,
2134.798755822, 1.003709809,
2134.819187654, 1.003603395,
2134.839619486, 1.003746454,
2134.860051319, 1.003569303,
2134.880483152, 1.003562499,
2134.900915086, 1.003510215,
2134.921346820, 1.003560086,
2134.941778654, 1.003541282,
2134.962210588, 1.003691530,
2134.982642323, 1.003474894,
2135.043937829, 1.003333272,
2135.064369765, 1.003369882,
2135.084801601, 1.003254143,
2135.105233337, 1.003456624,
2135.125665274, 1.003419004,
2135.146097111, 1.003297226,
2135.166529049, 1.003560879,
2135.186960786, 1.003537257,
2135.207392624, 1.003543864,
2135.227824563, 1.003623418,
2135.268688141, 1.003655271,
2135.289120080, 1.003926616,
2135.329983659, 1.003665158,
2135.350415500, 1.003583117,
2135.370847340, 1.003739499,
2135.391279281, 1.003623694,
2135.411711122, 1.003727879,
2135.432142864, 1.003504674,
2135.452574805, 1.003754791,
2135.473006647, 1.003587943,
2135.534302176, 1.003671578,
2135.554734119, 1.003338603,
2135.575165863, 1.003328833,
2135.595597707, 1.003385915,
2135.616029651, 1.003353495,
2135.636461396, 1.003355595,
2135.656893240, 1.003449343,
2135.677325186, 1.003668367,
2135.697756931, 1.003143872,
2135.779484417, 1.003845521,
2135.799916264, 1.003577532,
2135.820348011, 1.003577469,
2135.840779959, 1.003655262,
2135.861211807, 1.003467652,
2135.881643655, 1.003779378,
2135.902075504, 1.003765872,
2135.922507353, 1.003773381,
2135.942939302, 1.003788854,
2135.963371052, 1.003618488,
2135.983802902, 1.003744615,
2136.004234752, 1.003640914,
2136.024666603, 1.003697229,
2136.045098454, 1.003792089,
2136.065530405, 1.003539954,
2136.085962157, 1.003265342,
2136.106394109, 1.003500852,
2136.126825961, 1.003434325,
2136.147257714, 1.003602432,
2136.167689666, 1.003535323,
2136.188121520, 1.003631288,
2136.208553273, 1.003539441,
2136.249417081, 1.003544638,
2136.269849035, 1.003388799,
2136.290280790, 1.003569415,
2136.310712645, 1.003280225,
2136.331144601, 1.003547288,
2136.351576356, 1.003408836,
2136.372008212, 1.003516956,
2136.392440169, 1.003724315,
2136.412871926, 1.003917506,
2136.433303783, 1.003653579,
2136.515031314, 1.003685339,
2136.535463173, 1.003580138,
2136.555895032, 1.003443780,
2136.576326891, 1.003256808,
2136.596758750, 1.003713977,
2136.617190610, 1.003625996,
2136.637622471, 1.003287810,
2136.658054331, 1.003369092,
2136.678486192, 1.003481524,
2136.698918053, 1.003427337,
2136.760213639, 1.003452933,
2136.780645602, 1.003543506,
2136.801077365, 1.003482546,
2136.821509328, 1.003415250,
2136.841941191, 1.002727545,
2136.862372955, 1.003370974,
2136.882804919, 1.003585844,
2136.903236784, 1.003550458,
2136.923668549, 1.003694127,
2136.944100514, 1.003696274,
2137.005396111, 1.003799002,
2137.025827978, 1.004016998,
2137.046259945, 1.003699964,
2137.087123579, 1.003697153,
2137.107555547, 1.003549790,
2137.127987315, 1.003409957,
2137.148419184, 1.003505629,
2137.168851152, 1.003561697,
2137.189283021, 1.003424639,
2137.250578631, 1.003876272,
2137.271010501, 1.003718936,
2137.291442372, 1.003489558,
2137.311874243, 1.003595023,
2137.332306115, 1.003692216,
2137.352737986, 1.003327939,
2137.373169858, 1.003469929,
2137.393601731, 1.003612529,
2137.414033604, 1.003857298,
2137.434465577, 1.003535343,
2137.495761198, 1.003927160,
2137.516192972, 1.003694311,
2137.536624947, 1.003828856,
2137.557056822, 1.003523521,
2137.577488598, 1.003754916,
2137.597920574, 1.003526436,
2137.618352450, 1.003834354,
2137.638784226, 1.003346533,
2137.659216203, 1.003386687,
2137.679648080, 1.003304128,
2137.720511836, 1.003301372,
2137.740943714, 1.003479347,
2137.761375692, 1.003616656,
2137.781807471, 1.003489101,
2137.802239350, 1.003629057,
2137.822671329, 1.003367365,
2137.843103109, 1.003750753,
2137.863534990, 1.003717534,
2137.883966970, 1.003687769,
2137.904398851, 1.003876284,
2137.924830732, 1.003974047,
2137.965694395, 1.003189119,
2137.986126378, 1.003846764,
2138.006558260, 1.003503827,
2138.026990043, 1.003960643,
2138.047422026, 1.003726469,
2138.067853910, 1.003806448,
2138.088285894, 1.003638309,
2138.108717678, 1.003694098,
2138.129149563, 1.003804754,
2138.149581547, 1.003606034,
2138.170013333, 1.003685744,
2138.231308991, 1.003510658,
2138.251740977, 1.003633720,
2138.272172864, 1.003603037,
2138.292604651, 1.003686521,
2138.313036639, 1.003677062,
2138.333468527, 1.003675431,
2138.353900315, 1.003527875,
2138.374332304, 1.003547381,
2138.394764193, 1.003337786,
2138.415196083, 1.003347686,
2138.456059862, 1.003256747,
2138.476491853, 1.003616802,
2138.517355535, 1.003923482,
2138.537787526, 1.003902902,
2138.558219418, 1.003853835,
2138.578651210, 1.003886059,
2138.599083202, 1.003861299,
2138.619514995, 1.003751153,
2138.639946989, 1.003593580,
2138.660378882, 1.003635405,
2138.721674565, 1.003419771,
2138.742106360, 1.003292582,
2138.762538355, 1.003146471,
2138.782970250, 1.003607239,
