BJD - 2454833, Corrected Flux
2146.452722841, 1.000128155,
2146.473155152, 1.000250224,
2146.514019473, 1.000008711,
2146.534451783, 1.000056348,
2146.554883893, 1.000154518,
2146.575316102, 1.000147097,
2146.595748410, 1.000255486,
2146.616180518, 1.000158819,
2146.636612725, 1.000206555,
2146.677477138, 1.000219905,
2146.697909444, 0.999976410,
2146.718341549, 1.000012725,
2146.738773754, 1.000008923,
2146.759206058, 1.000133943,
2146.779638262, 1.000000791,
2146.800070365, 0.999975015,
2146.820502667, 1.000020589,
2146.840934869, 0.999924795,
2146.861366971, 0.999898635,
2146.881799272, 1.000067983,
2146.902231472, 0.999839998,
2146.922663572, 1.000029641,
2146.943095872, 0.999963417,
2146.963528071, 0.999867716,
2146.983960169, 0.999971740,
2147.004392467, 0.999909220,
2147.024824664, 0.999924004,
2147.045256761, 0.999964939,
2147.065689057, 0.999674284,
2147.086121253, 1.000086561,
2147.106553448, 0.999888281,
2147.126985643, 1.000000497,
2147.147417837, 0.999957120,
2147.167850131, 1.000031148,
2147.188282224, 0.999880396,
2147.208714417, 0.999737214,
2147.229146709, 1.000129771,
2147.249578901, 0.999917638,
2147.270010991, 0.999674705,
2147.290443282, 0.999992816,
2147.310875472, 0.999917670,
2147.331307561, 0.999855888,
2147.351739850, 0.999808976,
2147.372171939, 0.999844914,
2147.392604127, 0.999785801,
2147.433468501, 0.999886830,
2147.494765059, 0.999799967,
2147.515197244, 0.999821386,
2147.535629528, 0.999856278,
2147.556061612, 0.999766618,
2147.576493795, 0.999903525,
2147.596926078, 0.999819601,
2147.617358260, 0.999858655,
2147.637790342, 0.999875586,
2147.658222623, 0.999855820,
2147.678654804, 0.999703848,
2147.699086984, 0.999690352,
2147.719519164, 0.999752647,
2147.739951343, 0.999769176,
2147.760383621, 0.999681441,
2147.780815700, 0.999876461,
2147.801247877, 0.999626668,
2147.821680154, 0.999738317,
2147.842112231, 0.999739909,
2147.862544407, 0.999897118,
2147.882976683, 0.999839188,
2147.903408758, 0.999585512,
2147.923840932, 0.999634218,
2147.944273206, 0.999731347,
2147.985137452, 0.999757687,
2148.005569725, 0.999776488,
2148.046433968, 0.999815891,
2148.066866239, 0.999849329,
2148.087298410, 0.999744556,
2148.107730479, 0.999855510,
2148.128162749, 0.999626082,
2148.148594818, 0.999780953,
2148.169026986, 0.999634242,
2148.189459253, 0.999637834,
2148.209891321, 0.999588671,
2148.230323488, 0.999723947,
2148.250755754, 0.999740220,
2148.271187820, 0.999750178,
2148.291620085, 0.999636739,
2148.312052250, 0.999748428,
2148.332484314, 0.999853284,
2148.352916578, 0.999815105,
2148.373348741, 0.999679779,
2148.393780804, 0.999674081,
2148.414213066, 0.999694859,
2148.475509549, 0.999923621,
2148.495941709, 0.999831157,
2148.516373869, 0.999603608,
2148.536806028, 0.999643497,
2148.557238187, 0.999494743,
2148.577670345, 0.999882173,
2148.598102602, 0.999732412,
2148.618534659, 0.999572626,
2148.638966816, 0.999657395,
2148.659399072, 0.999799226,
2148.679831127, 0.999741878,
2148.700263282, 0.999824634,
2148.720695537, 0.999695631,
2148.741127591, 0.999527336,
2148.761559744, 0.999671192,
2148.781991997, 0.999624065,
2148.802424050, 0.999685952,
2148.822856202, 0.999710079,
2148.843288453, 0.999899653,
2148.863720504, 0.999581686,
2148.884152755, 0.999863024,
2148.904584805, 0.999581207,
2148.925016954, 0.999787946,
2148.945449203, 0.999788368,
2148.965881252, 0.999711315,
2148.986313399, 0.999695236,
2149.006745647, 0.999630443,
2149.027177793, 0.999639888,
2149.047609840, 0.999766603,
2149.068042086, 0.999682064,
2149.088474231, 0.999612291,
2149.108906276, 0.999527133,
2149.129338520, 0.999687939,
2149.149770664, 0.999600328,
2149.170202708, 0.999512497,
2149.190634950, 0.999667955,
2149.211067092, 0.999690964,
2149.231499134, 0.999658515,
2149.272363517, 0.999540464,
2149.292795657, 0.999569777,
2149.313227797, 0.999910485,
2149.333659936, 0.999745417,
2149.354092075, 0.999524844,
2149.374524213, 0.999582700,
2149.394956351, 0.999730944,
2149.456252761, 0.999524809,
2149.476684997, 0.999637778,
2149.497117132, 0.999655551,
2149.517549167, 0.999599926,
2149.558413535, 0.999753473,
2149.578845568, 0.999704115,
2149.599277801, 1.000034690,
2149.619709833, 0.999669420,
2149.640141965, 0.999727278,
2149.660574196, 0.999616316,
2149.681006227, 0.999598011,
2149.701438357, 0.999658740,
2149.721870587, 0.999505341,
2149.742302616, 0.999432967,
2149.762734745, 0.999594891,
2149.783166973, 0.999649349,
2149.803599001, 0.999570389,
2149.824031128, 0.999602456,
2149.844463355, 0.999567876,
2149.864895481, 0.999462003,
2149.885327507, 0.999587555,
2149.905759732, 0.999699493,
2149.946623881, 0.999610953,
2149.967056105, 0.999553851,
2149.987488228, 0.999638378,
2150.007920251, 0.999620944,
2150.028352473, 0.999590792,
2150.048784595, 0.999488779,
2150.069216816, 0.999672338,
2150.089648837, 0.999631519,
2150.110080957, 0.999549565,
2150.130513177, 0.999418189,
2150.150945196, 0.999801870,
2150.171377315, 0.999557647,
2150.191809533, 0.999675817,
2150.212241551, 0.999536688,
2150.232673668, 0.999481432,
2150.253105885, 0.999602217,
2150.273538001, 0.999487774,
2150.293970017, 0.999606835,
2150.314402232, 0.999561231,
2150.334834347, 0.999598836,
2150.355266361, 0.999525528,
2150.396130588, 0.999619777,
2150.416562701, 0.999499383,
2150.436994913, 0.999323253,
2150.457426925, 0.999498661,
2150.477859036, 0.999447721,
2150.498291247, 0.999592625,
2150.518723257, 0.999706071,
2150.539155367, 0.999643432,
2150.559587577, 0.999633113,
2150.580019585, 0.999598299,
2150.600451694, 0.999410337,
2150.682180222, 0.999310428,
2150.702612328, 0.999420811,
2150.723044433, 0.999549302,
2150.743476538, 0.999627262,
2150.763908642, 0.999690643,
2150.784340846, 0.999405598,
2150.804772850, 0.999306950,
2150.825204953, 0.999973632,
2150.845637155, 0.999543095,
2150.866069157, 0.999450627,
2150.906933460, 0.999432473,
2150.927365460, 0.999463260,
2150.947797560, 0.999560157,
2150.968229759, 0.999525887,
2150.988661758, 0.999594673,
2151.009093857, 0.999456975,
2151.029525955, 0.999442073,
2151.049958052, 0.999449499,
2151.070390149, 0.999590839,
2151.090822346, 0.999281149,
2151.111254341, 0.999462682,
2151.131686437, 0.999265639,
2151.152118632, 0.999697470,
2151.172550627, 0.999386804,
2151.192982721, 0.999383854,
2151.213414915, 0.999379571,
2151.233846908, 0.999347506,
2151.254279100, 0.999492690,
2151.274711192, 0.999512017,
2151.295143184, 0.999524137,
2151.315575375, 0.999481318,
2151.336007465, 0.999374100,
2151.356439456, 0.999374199,
2151.376871646, 0.999573052,
2151.397303734, 0.999418622,
2151.417735723, 0.999429548,
2151.438167911, 0.999540047,
2151.458599999, 0.999616604,
2151.479031986, 0.999468986,
2151.499464173, 0.999750982,
2151.519896259, 0.999347659,
2151.540328345, 0.999501108,
2151.560760431, 0.999470591,
2151.581192515, 0.999583685,
2151.601624600, 0.999288089,
2151.622056783, 0.999243186,
2151.642488767, 0.999598932,
2151.662920850, 0.999575063,
2151.683353032, 0.999579068,
2151.703785013, 0.999535133,
2151.724217095, 0.999420796,
2151.744649276, 0.999359442,
2151.785513336, 0.999431226,
2151.805945516, 0.999407527,
2151.826377495, 0.999378910,
2151.846809573, 0.999158358,
2151.867241651, 0.999528205,
2151.928537882, 0.999391027,
2151.948969958, 0.999421521,
2151.969402134, 0.999246413,
2151.989834209, 0.999570058,
2152.010266183, 0.999673991,
2152.030698358, 0.999639406,
2152.051130432, 0.999329668,
2152.071562405, 0.999448349,
2152.091994577, 0.999406457,
2152.112426649, 0.999421334,
2152.132858621, 0.999588843,
2152.153290792, 0.999537231,
2152.173722863, 0.999365826,
2152.194154833, 0.999470415,
2152.214587003, 0.999463766,
2152.235019073, 0.999528181,
2152.255451042, 0.999264247,
2152.275883210, 0.999459555,
2152.296315277, 0.999523166,
2152.316747245, 0.999568970,
2152.337179412, 0.999259158,
2152.357611479, 0.999686730,
2152.378043544, 0.999412893,
2152.418907675, 0.999348765,
2152.439339739, 0.999432828,
2152.459771904, 0.999438056,
2152.480203867, 0.999446489,
2152.500636030, 0.999525233,
2152.521068093, 0.999419585,
2152.541500055, 0.999415471,
2152.561932216, 0.999424057,
2152.582364277, 0.999413751,
2152.602796238, 0.999470333,
2152.623228398, 0.999455404,
2152.643660358, 0.999439250,
2152.664092418, 0.999400234,
2152.684524576, 0.999465781,
2152.704956535, 0.999493117,
2152.745820750, 0.999601996,
2152.766252707, 0.999587114,
2152.786684763, 0.999414626,
2152.807116919, 0.999516659,
2152.827548974, 0.999457861,
2152.847980929, 0.999466626,
2152.868413084, 0.999843505,
2152.888845138, 0.999550260,
2152.909277091, 0.999430427,
2152.929709244, 0.999489791,
2152.950141297, 0.999564526,
2152.970573249, 0.999373624,
2152.991005401, 0.999512245,
2153.031869403, 0.999427972,
2153.052301553, 0.999567290,
2153.072733602, 0.999488183,
2153.093165752, 0.999471955,
2153.113597701, 0.999521925,
2153.134029749, 0.999449110,
2153.154461897, 0.999491067,
2153.174893845, 0.999568493,
2153.195325891, 0.999386788,
2153.215758038, 0.999325934,
2153.236189984, 0.999701752,
2153.256622029, 0.999472138,
2153.277054074, 0.999302446,
2153.297486219, 0.999415710,
2153.317918163, 0.999548374,
2153.338350206, 0.999709473,
2153.379214292, 0.999765314,
2153.399646434, 0.999343521,
2153.420078376, 0.999531902,
2153.440510417, 0.999474303,
2153.460942558, 0.999559640,
2153.481374499, 0.999459586,
2153.501806538, 0.999632989,
2153.522238678, 0.999504749,
2153.542670616, 0.999604335,
2153.563102655, 0.999394301,
2153.583534793, 0.999498807,
2153.603966730, 0.999396232,
2153.624398768, 0.999574724,
2153.644830904, 0.999521836,
2153.665262940, 0.999500479,
2153.685694976, 0.999522181,
2153.706127011, 0.999595548,
2153.726559045, 0.999647454,
2153.746991080, 0.999488502,
2153.787855147, 0.999713248,
2153.808287280, 0.999425670,
2153.828719212, 0.999339127,
2153.890015306, 0.999468140,
2153.910447337, 0.999468188,
2153.930879467, 0.999500709,
2153.951311396, 0.999477395,
2153.971743425, 0.999911234,
2153.992175554, 0.999517663,
2154.012607482, 0.999320230,
2154.033039510, 0.999515478,
2154.053471537, 0.999474201,
2154.073903564, 0.999584337,
2154.094335590, 0.999566701,
2154.114767616, 0.999505139,
2154.135199641, 0.999513041,
2154.155631666, 0.999334252,
2154.176063691, 0.999396345,
2154.196495714, 0.999450403,
2154.216927738, 0.999511320,
2154.237359861, 0.999452360,
2154.257791784, 0.999532435,
2154.278223906, 0.999436548,
2154.298655927, 0.999521656,
2154.319087848, 0.999591187,
2154.339519969, 0.999413481,
2154.359951989, 0.999740350,
2154.380383909, 0.999423707,
2154.400816029, 0.999508370,
2154.421248047, 0.999484322,
2154.441679966, 0.999376261,
2154.462112084, 0.999652760,
2154.482544101, 0.999424096,
2154.502976118, 0.999675812,
2154.523408135, 0.999583181,
2154.543840151, 0.999502147,
2154.564272167, 0.999630873,
2154.584704182, 0.999678313,
2154.625568211, 0.999540737,
2154.646000325, 0.999438435,
2154.666432238, 0.999508219,
2154.686864251, 0.999492685,
2154.707296363, 0.999513847,
2154.727728275, 0.999468702,
2154.748160287, 0.999676535,
2154.768592298, 0.999501951,
2154.789024309, 0.999572563,
2154.829888329, 0.999610076,
2154.850320337, 0.999566240,
2154.870752446, 0.999464765,
2154.891184355, 0.999413695,
2154.911616362, 0.999616998,
2154.932048470, 0.999487733,
2154.952480377, 0.999495507,
2154.972912383, 0.999545681,
2154.993344489, 0.999511243,
2155.013776395, 0.999596531,
2155.034208400, 0.999479375,
2155.054640505, 0.999616255,
2155.075072509, 0.999577868,
2155.095504413, 0.999497519,
2155.115936516, 0.999406178,
2155.136368519, 0.999347130,
2155.156800421, 1.000385838,
2155.177232523, 0.999267679,
2155.197664524, 0.999514614,
2155.218096425, 0.999472264,
2155.238528526, 0.999482301,
2155.258960526, 0.999450216,
2155.279392426, 0.999539488,
2155.299824525, 0.999355031,
2155.320256524, 0.999542893,
2155.340688522, 0.999491962,
2155.401984614, 0.999469771,
2155.422416511, 0.999527399,
2155.442848506, 0.999290412,
2155.463280602, 0.999444636,
2155.483712497, 0.999519915,
2155.504144491, 0.999469822,
2155.524576486, 0.999532832,
2155.545008480, 0.999442270,
2155.565440473, 0.999320122,
2155.585872566, 0.999466561,
2155.606304458, 0.999485072,
2155.626736450, 0.999373455,
2155.647168542, 0.999220833,
2155.667600433, 0.999323717,
2155.688032423, 0.999424324,
2155.708464514, 0.999389494,
2155.728896403, 0.999389062,
2155.749328392, 0.999391303,
2155.769760481, 0.999535627,
2155.790192369, 0.999255692,
2155.851488332, 0.999624506,
2155.871920318, 0.999496098,
2155.892352404, 0.999469619,
2155.912784390, 0.999395899,
2155.933216275, 0.999220548,
2155.953648360, 0.999520578,
2155.974080344, 0.999128561,
2155.994512328, 0.999403209,
2156.014944312, 0.999314435,
2156.035376294, 0.999420952,
2156.055808377, 0.999357077,
2156.076240259, 0.999252572,
2156.096672241, 0.999382045,
2156.117104322, 0.999352068,
2156.137536203, 0.999284643,
2156.157968183, 0.999464939,
2156.178400263, 0.999579862,
2156.198832142, 0.999570661,
2156.219264121, 0.999492634,
2156.239696200, 0.999419039,
2156.260128078, 0.999304541,
2156.280560055, 0.999354704,
2156.321424009, 0.999453288,
2156.403151912, 0.999412503,
2156.423583986, 0.999495100,
2156.444015860, 0.999525112,
2156.464447834, 0.999404260,
2156.484879907, 0.999401811,
2156.505311780, 0.999424011,
2156.525743752, 0.999428939,
2156.546175824, 0.999409673,
2156.566607695, 0.999441359,
2156.587039766, 0.999471158,
2156.607471737, 0.999595367,
2156.627903607, 0.999490867,
2156.648335676, 0.999428044,
2156.668767645, 0.999368517,
2156.689199514, 0.999572747,
2156.709631582, 0.999452589,
2156.730063550, 0.999304344,
2156.750495518, 0.999409596,
2156.770927485, 0.999403817,
2156.791359451, 0.999577121,
2156.811791418, 0.999498730,
2156.832223383, 0.999567593,
2156.852655348, 0.999474934,
2156.873087313, 0.999288880,
2156.893519377, 0.999384262,
2156.913951241, 0.999495443,
2156.954815268, 0.999494425,
2156.975247130, 0.999287859,
2156.995679092, 0.999514302,
2157.016111054, 0.999302295,
2157.036543016, 0.999645857,
2157.056974976, 0.999529130,
2157.077406937, 0.999452213,
2157.097838897, 0.999339546,
2157.118270856, 0.999488859,
2157.138702815, 0.999381617,
2157.159134774, 0.999422940,
2157.179566832, 0.999509827,
2157.199998690, 0.999776950,
2157.220430647, 0.999348809,
2157.240862704, 0.999426467,
2157.261294660, 0.999329716,
2157.302158572, 0.999408399,
2157.322590527, 0.999572311,
2157.363454436, 0.999387846,
2157.383886390, 0.999257148,
2157.404318244, 0.999402372,
2157.445182249, 0.999510039,
2157.465614101, 0.999541779,
2157.486046153, 0.999410556,
2157.506478104, 0.999357212,
2157.547342005, 0.999439958,
2157.567773955, 0.999438100,
2157.588205905, 0.999519963,
2157.608637854, 0.999441797,
2157.629069802, 0.999422008,
2157.649501751, 0.999613155,
2157.669933699, 0.999622231,
2157.690365646, 0.999449248,
2157.710797593, 0.999528367,
2157.731229539, 0.999446503,
2157.833389365, 0.999621850,
2157.853821209, 0.999492333,
2157.874253153, 0.999308691,
2157.894685195, 0.999430443,
2157.935548980, 0.999259462,
2157.955981022, 0.999365204,
2157.976412864, 0.999527111,
2157.996844804, 0.999298602,
2158.017276845, 0.999461622,
2158.037708685, 0.999443859,
2158.078572664, 0.999535919,
2158.099004603, 0.999390872,
2158.119436441, 0.999472424,
2158.139868479, 0.999366605,
2158.160300416, 0.999468870,
2158.180732253, 0.999333737,
2158.201164290, 0.999444138,
2158.221596226, 0.999258614,
2158.242028061, 0.999475508,
2158.262460097, 0.999407236,
2158.303323866, 0.999457199,
2158.323755900, 0.999371526,
2158.344187834, 0.999373727,
2158.364619867, 0.999306276,
2158.385051700, 0.999403109,
2158.405483632, 0.999404121,
2158.425915664, 0.999453235,
2158.446347495, 0.999410014,
2158.466779427, 0.999477439,
2158.487211458, 0.999287731,
2158.507643288, 0.999417589,
2158.528075217, 0.999323052,
2158.548507147, 0.999378041,
2158.568939076, 0.999530392,
2158.589371004, 0.999519484,
2158.609803032, 0.999563012,
2158.650666788, 0.999490755,
2158.671098814, 0.999865486,
2158.711962567, 0.999469164,
2158.732394592, 0.999496949,
2158.773258342, 0.999171625,
2158.793690366, 0.999505607,
2158.814122190, 0.999346351,
2158.834554114, 0.999366541,
2158.854986137, 0.999552872,
2158.875417959, 0.999441779,
2158.895849982, 0.999345760,
2158.916281903, 0.999668139,
2158.936713825, 0.999295755,
2158.957145746, 0.999276359,
2158.977577666, 0.999302746,
2158.998009586, 0.999514559,
2159.018441506, 0.999391260,
2159.038873425, 0.999565359,
2159.059305344, 0.999393623,
2159.079737363, 0.999406911,
2159.100169180, 0.999287176,
2159.120601098, 0.999322207,
2159.141033115, 0.999530716,
2159.161464932, 0.999599984,
2159.181896848, 0.999603187,
2159.202328864, 0.999332442,
2159.222760679, 0.999397087,
2159.243192595, 0.999431254,
2159.263624510, 0.999886388,
2159.284056424, 0.999406498,
2159.304488338, 0.999376322,
2159.345352164, 0.999385288,
2159.365784076, 0.999348607,
2159.386215988, 0.999414151,
2159.406647900, 0.999516199,
2159.427079812, 0.999387182,
2159.508807553, 0.999601588,
2159.529239362, 0.999519198,
2159.549671371, 0.999517672,
2159.570103279, 0.999478649,
2159.590535087, 0.999606304,
2159.610967095, 0.999406106,
2159.651830809, 0.999369562,
2159.692694721, 0.999520332,
2159.753990436, 0.999339480,
2159.774422341, 0.999420443,
2159.794854245, 0.999553306,
2159.815286148, 0.999576978,
2159.856149954, 0.999531677,
2159.876581856, 0.999329835,
2159.917445760, 0.999363033,
2159.937877560, 0.999249837,
2159.958309461, 0.999396749,
2159.978741361, 0.999388057,
2159.999173261, 0.999463922,
2160.019605060, 0.999516847,
2160.040037059, 0.999485029,
2160.060468958, 0.999575392,
2160.080900956, 0.999297497,
2160.101332754, 0.999345743,
2160.121764651, 0.999378415,
2160.142196648, 0.999418426,
2160.162628445, 0.999363124,
2160.183060341, 0.999768507,
2160.203492336, 0.999466554,
2160.223924132, 0.999270966,
2160.244356026, 0.999539359,
2160.264788021, 0.999490562,
2160.285219915, 0.999506663,
2160.305651709, 0.999561058,
2160.326083702, 0.999291339,
2160.346515595, 0.999402135,
2160.366947387, 0.999434280,
2160.387379379, 0.999435208,
2160.407811271, 0.999520093,
2160.448675053, 0.999506064,
2160.469106943, 0.999429259,
2160.489538733, 0.999389513,
2160.509970723, 0.999406194,
2160.530402612, 0.999302450,
2160.550834401, 0.999334938,
2160.571266389, 0.999466758,
2160.612130165, 0.999455289,
2160.632562052, 0.999576996,
2160.673425925, 0.999493429,
2160.734721582, 0.999312885,
2160.755153367, 0.999421402,
2160.775585251, 0.999279985,
2160.796017135, 0.999520450,
2160.816449018, 0.999450756,
2160.836880902, 0.999394886,
2160.857312884, 0.999433521,
2160.877744667, 0.999479187,
2160.898176549, 0.999502789,
2160.918608530, 0.999261934,
2160.939040311, 0.999381519,
2160.959472192, 0.999371676,
2160.979904172, 0.999384957,
2161.000335952, 0.999508350,
2161.020767832, 0.999451729,
2161.041199811, 0.999342873,
2161.061631590, 0.999459687,
2161.082063468, 0.999478050,
2161.102495446, 0.999600363,
2161.122927323, 0.999349867,
2161.143359101, 0.999435903,
2161.163791077, 0.999383043,
2161.184222954, 0.999227501,
2161.204654730, 0.999274606,
2161.225086705, 0.999374728,
2161.245518581, 0.999383303,
2161.265950355, 0.999480322,
2161.286382330, 0.999337667,
2161.306814203, 0.999342616,
2161.327246177, 0.999271165,
2161.347677950, 0.999399352,
2161.368109823, 0.999416862,
2161.388541795, 0.999775834,
2161.408973567, 0.999438757,
2161.429405439, 0.999043245,
2161.470269181, 0.999561619,
2161.490701051, 0.999557602,
2161.511132921, 0.999390252,
2161.531564791, 0.999386634,
2161.551996660, 0.999382510,
2161.572428529, 0.999527531,
2161.592860397, 0.999363883,
2161.613292266, 0.999448240,
2161.633724133, 0.999467192,
2161.654156001, 0.999348816,
2161.674587867, 0.999210393,
2161.735883465, 0.999519982,
2161.756315431, 0.999430288,
2161.776747196, 0.999519809,
2161.797179060, 0.999385066,
2161.817611024, 0.999337564,
2161.838042788, 0.999485776,
2161.858474751, 0.999446617,
2161.878906614, 0.999501835,
2161.899338377, 0.999328700,
2161.919770339, 0.999301998,
2161.940202201, 0.999355769,
2161.960634062, 0.999390316,
2161.981065923, 0.999482674,
2162.001497784, 0.999479368,
2162.021929644, 0.999375238,
2162.042361504, 0.999694804,
2162.062793363, 0.999431790,
2162.083225222, 0.999310231,
2162.103657081, 0.999576787,
2162.124088939, 0.999515798,
2162.226248224, 0.999607769,
2162.267111836, 0.999606272,
2162.287543791, 0.999508156,
2162.307975646, 0.999396533,
2162.328407400, 0.999517828,
2162.348839354, 0.999618741,
2162.369271208, 0.999532306,
2162.389703061, 0.999519613,
2162.410134914, 0.999615873,
2162.430566766, 0.999515623,
2162.450998718, 0.999428223,
2162.471430470, 0.999437484,
2162.491862321, 0.999405090,
2162.512294272, 0.999517844,
2162.532726123, 0.999561214,
2162.553157873, 0.999548804,
2162.573589823, 0.999442771,
2162.594021672, 0.999525949,
2162.614453421, 0.999444911,
2162.634885370, 0.999420296,
2162.655317218, 0.999509089,
2162.696180913, 0.999426821,
2162.716612760, 0.999442315,
2162.737044507, 0.999573904,
2162.757476453, 0.999356756,
2162.777908299, 0.999441317,
2162.798340145, 0.999464418,
2162.818771990, 0.999430020,
2162.839203835, 0.999522585,
2162.859635679, 0.999423553,
2162.880067523, 0.999470548,
2162.900499367, 0.999644578,
2162.920931210, 0.999464790,
2162.941363053, 0.999626606,
2162.961794895, 0.999566786,
2162.982226738, 0.999583159,
2163.002658579, 0.999428650,
2163.023090421, 0.999588964,
2163.043522362, 0.999650789,
2163.186545138, 0.999354820,
2163.206976976, 0.999418831,
2163.227408913, 0.999529066,
2163.247840650, 0.999659361,
2163.268272487, 0.999363873,
2163.288704424, 0.999589142,
2163.309136160, 0.999500237,
2163.329567996, 0.999415501,
2163.349999931, 0.999374264,
2163.370431766, 0.999427239,
2163.390863500, 0.999583294,
2163.411295435, 0.999484821,
2163.431727268, 0.999436166,
2163.452159002, 0.999647901,
2163.472590935, 0.999573688,
2163.493022768, 0.999678001,
2163.513454500, 0.999819059,
2163.533886432, 0.999405732,
2163.574750195, 0.999506009,
2163.595181925, 0.999718842,
2163.615613756, 0.999704850,
2163.697341074, 0.999495464,
2163.717772902, 0.999594776,
2163.738204731, 0.999416381,
2163.758636559, 0.999456099,
2163.779068386, 0.999553839,
2163.799500213, 0.999449209,
2163.819932040, 0.999622913,
2163.840363866, 0.999567102,
2163.860795692, 0.999496041,
2163.922091168, 0.999543927,
2163.942523092, 0.999600077,
2163.962954817, 0.999606163,
2163.983386640, 0.999783942,
2164.003818564, 0.999506889,
2164.024250287, 0.999512940,
2164.044682109, 0.999725983,
2164.065114032, 0.999452851,
2164.085545754, 0.999507567,
2164.105977575, 0.999505106,
2164.126409496, 0.999494894,
2164.146841217, 0.999599812,
2164.167273137, 0.999510577,
2164.187704958, 0.999561287,
2164.208136777, 0.999408665,
2164.269432234, 0.999289593,
2164.289864152, 0.999350727,
2164.310295870, 0.999426079,
2164.330727688, 0.999411048,
2164.351159605, 0.998977796,
2164.371591322, 0.999006385,
2164.412454954, 0.999652325,
2164.432886770, 0.999600465,
2164.453318585, 0.999418819,
2164.473750400, 0.999350663,
2164.494182215, 0.999482240,
2164.514613929, 0.999698164,
2164.535045843, 0.999566319,
2164.555477656, 0.999474270,
2164.575909469, 0.999511794,
2164.596341282, 0.999568361,
2164.616773095, 0.999652846,
2164.637204907, 0.999440348,
2164.657636718, 0.999683265,
2164.678068530, 0.999625817,
2164.698500441, 0.999515896,
2164.718932251, 0.999603909,
2164.739363961, 0.999535067,
2164.759795871, 0.999390013,
2164.780227681, 0.999392281,
2164.800659390, 0.999552354,
2164.821091299, 0.999363742,
2164.841523107, 0.999520672,
2164.902818530, 0.999586488,
2164.923250238, 0.999638755,
2164.943682144, 0.999512105,
2164.964113950, 0.999536241,
2164.984545656, 0.999653470,
2165.004977562, 0.999439206,
2165.025409367, 0.999644195,
2165.066272976, 0.999311957,
2165.086704780, 0.999357100,
2165.107136584, 0.999423029,
2165.127568388, 0.999604208,
2165.168431993, 0.999333820,
2165.188863896, 0.999516044,
2165.209295598, 0.999613514,
2165.229727499, 0.999492207,
2165.250159200, 0.999620785,
2165.270591001, 0.999569375,
2165.291022902, 0.999535175,
2165.311454602, 0.999554718,
2165.393181799, 0.999575174,
2165.413613698, 0.999526214,
2165.454477193, 0.999465567,
2165.474909091, 0.999447372,
2165.495340788, 0.999579904,
2165.515772585, 0.999373956,
2165.536204481, 0.999578216,
2165.556636277, 0.999737009,
2165.577067972, 0.999436360,
2165.597499868, 0.999760138,
2165.638363357, 0.999633957,
2165.658795251, 0.999495744,
2165.679227045, 0.999594992,
2165.699658739, 0.999561070,
2165.720090632, 0.999540237,
2165.740522424, 0.999632935,
2165.760954317, 0.999555153,
2165.781386009, 0.999510309,
2165.801817801, 0.999576088,
2165.822249692, 0.999626805,
2165.842681383, 0.999495561,
2165.863113174, 0.999462427,
2165.883544964, 0.999688610,
2165.903976754, 0.999594045,
2165.924408544, 0.999597327,
2165.944840333, 0.999693140,
2165.965272122, 0.999752587,
2165.985703911, 0.999637961,
2166.006135699, 0.999596611,
2166.026567487, 0.999690008,
2166.046999274, 0.999893969,
2166.067431161, 0.999683285,
2166.087862848, 0.999597373,
2166.108294635, 0.999742679,
2166.128726521, 0.999514901,
2166.149158207, 0.999616952,
2166.169589992, 0.999673041,
2166.190021877, 0.999704879,
2166.210453562, 0.999644876,
2166.230885347, 0.999660665,
2166.251317230, 0.999632944,
2166.271748914, 0.999677123,
2166.292180798, 0.999525060,
2166.312612581, 0.999788394,
2166.333044263, 0.999654842,
2166.373907928, 0.999721452,
2166.394339709, 0.999586580,
2166.414771491, 0.999609270,
2166.435203272, 0.999608561,
2166.476066833, 0.999599402,
2166.496498613, 0.999722561,
2166.516930392, 0.999722882,
2166.537362271, 0.999642032,
2166.557793950, 0.999591343,
2166.578225729, 0.999523310,
2166.598657607, 0.999665837,
2166.619089285, 0.999687102,
2166.639521063, 0.999630336,
2166.659952840, 0.999678085,
2166.680384617, 0.999706523,
2166.700816393, 0.999874199,
2166.721248169, 0.999813626,
2166.741679945, 0.999752726,
2166.762111721, 0.999736889,
2166.782543496, 0.999806100,
2166.802975271, 0.999706999,
2166.823407145, 0.999783221,
2166.864270593, 0.999913151,
2166.905134240, 0.999885375,
2166.925565912, 1.000937191,
2166.945997785, 0.999905388,
2166.966429557, 0.999792001,
2166.986861229, 0.999487066,
2167.007293100, 0.999938298,
2167.027724871, 0.999674411,
2167.048156542, 0.999666946,
2167.109451852, 0.999813651,
2167.129883722, 0.999623067,
2167.150315491, 0.999654325,
2167.170747160, 0.999857928,
2167.191179028, 0.999612695,
2167.211610796, 0.999817255,
2167.232042564, 0.999804480,
2167.252474331, 0.999758921,
2167.272906099, 0.999840905,
2167.293337865, 0.999726452,
2167.354633263, 0.999688666,
2167.375064929, 0.999751079,
2167.395496694, 0.999814249,
2167.415928559, 0.999880086,
2167.436360223, 0.999703972,
2167.456791987, 0.999737848,
2167.477223851, 1.000012536,
2167.538519140, 0.999766338,
2167.620246088, 0.999646221,
2167.661109710, 0.999539043,
2167.681541370, 0.999798194,
2167.701973130, 0.999700359,
2167.722404990, 0.999760696,
2167.742836749, 0.999573257,
2167.763268409, 0.999822518,
2167.783700267, 0.999757717,
2167.804132026, 0.999788577,
2167.844995542, 0.999792963,
2167.865427299, 0.999673875,
2167.885859156, 0.999849982,
2167.906290813, 0.999549170,
2167.926722570, 0.999875092,
2167.947154426, 0.999809742,
2167.967586082, 0.999972465,
2167.988017837, 0.999798894,
2168.008449692, 0.999801640,
2168.028881347, 0.999768220,
2168.090176610, 0.999802848,
2168.110608363, 0.999736629,
2168.171903622, 0.999835376,
2168.192335374, 1.000033433,
2168.212767126, 0.999815691,
2168.233198878, 0.999900495,
2168.253630729, 0.999948844,
2168.274062380, 1.000179823,
2168.294494131, 0.999873332,
2168.335357831, 0.999651164,
2168.355789581, 0.999841756,
2168.376221430, 0.999804679,
2168.396653179, 0.999822536,
2168.417085028, 0.999880714,
2168.437516676, 0.999689146,
2168.457948424, 0.999680158,
2168.478380272, 0.999797862,
2168.498811919, 0.999666717,
2168.519243666, 0.999624208,
2168.539675513, 0.999490389,
2168.580538906, 1.000044423,
2168.600970752, 0.999793133,
2168.621402497, 0.999941379,
2168.641834142, 0.999738852,
2168.662265987, 0.999835770,
2168.682697732, 0.999883053,
2168.703129376, 1.000069946,
2168.723561220, 0.999894753,
2168.743992964, 0.999880881,
2168.764424607, 0.999804234,
2168.784856450, 0.999643294,
2168.825719835, 0.999952734,
2168.846151677, 0.999814392,
2168.887015060, 1.000095320,
2168.907446901, 0.999707479,
2168.927878541, 0.999694809,
2168.948310382, 0.999672707,
2168.968742122, 0.999738363,
2168.989173762, 0.999783007,
2169.009605601, 0.999815027,
2169.030037340, 0.999738376,
2169.070900818, 0.999948748,
2169.091332556, 0.999854333,
2169.111764294, 0.999829136,
2169.132196031, 0.999935068,
2169.152627769, 0.999878278,
2169.173059505, 0.999929080,
2169.193491342, 1.000088478,
2169.213922979, 0.999835515,
2169.234354715, 0.999826373,
2169.254786550, 0.999947460,
2169.275218186, 0.999909596,
2169.316081755, 0.999883909,
2169.356945124, 0.999818385,
2169.377376958, 0.999802079,
2169.397808591, 0.999783487,
2169.418240425, 0.999975478,
2169.438672158, 0.999933567,
2169.459103890, 0.999925695,
2169.479535622, 0.999769352,
2169.499967254, 0.999728991,
2169.520399086, 0.999991436,
2169.561262548, 0.999892804,
2169.581694179, 0.999851304,
2169.602126010, 0.999700055,
2169.622557740, 0.999973378,
2169.642989370, 0.999961183,
2169.663421199, 1.000056238,
2169.683852928, 0.999919148,
2169.704284557, 1.000208271,
2169.724716386, 0.999718382,
2169.745148114, 0.999970873,
2169.765579742, 0.999759926,
2169.826874924, 1.000002393,
2169.847306751, 0.999969091,
2169.867738477, 1.000025610,
2169.888170303, 0.999962605,
2169.908601929, 0.999904948,
2169.929033655, 0.999949157,
2169.949465480, 0.999937579,
2169.969897105, 0.999964386,
2169.990328829, 1.000125452,
2170.010760653, 0.999863099,
2170.051624001, 1.000112488,
2170.072055825, 0.999991900,
2170.092487548, 1.000082857,
2170.112919170, 0.999967500,
2170.133350993, 1.000310146,
2170.174214337, 0.999971473,
2170.194646159, 0.999974915,
2170.215077880, 0.999985593,
2170.235509501, 1.000106003,
2170.255941322, 1.000158662,
2170.296804662, 0.999898305,
2170.317236482, 1.000062874,
2170.358099820, 0.999859597,
2170.378531639, 1.000074102,
2170.398963358, 1.000052765,
2170.419395076, 1.000024572,
2170.439826794, 1.000140565,
2170.460258512, 1.000024466,
2170.480690229, 1.000249001,
2170.501121946, 0.999982237,
2170.521553663, 1.000097784,
2170.541985479, 1.000008465,
2170.562417095, 1.000070619,
2170.582848811, 1.000160117,
2170.603280627, 0.999862704,
2170.623712242, 1.000007248,
2170.644143957, 1.000047588,
2170.664575772, 1.000082688,
2170.685007386, 1.000007345,
2170.705439100, 0.999968895,
2170.725870914, 0.999924221,
2170.746302527, 0.999936833,
2170.807597666, 0.999923305,
2170.828029379, 0.999935646,
2170.848461191, 0.999864275,
2170.868892902, 1.000226955,
2170.889324614, 1.000116080,
2170.909756325, 0.999988986,
2170.930188036, 1.000037525,
2170.950619746, 1.000070526,
2171.032346586, 0.999902914,
2171.052778195, 1.000047433,
2171.073210003, 0.999998469,
2171.093641712, 1.000056770,
2171.114073320, 1.000001426,
2171.134505128, 0.999959153,
2171.154936836, 0.999992214,
2171.175368443, 1.000065385,
2171.195800250, 1.000026739,
2171.216231957, 1.000015396,
2171.277527076, 0.999963360,
2171.297958781, 0.999810289,
2171.318390486, 0.999899327,
2171.338822191, 1.000096123,
2171.379685701, 1.000082673,
2171.400117305, 1.000180654,
2171.420549109, 0.999944115,
2171.440980812, 1.000069009,
2171.461412416, 1.000132162,
2171.481844218, 1.000060843,
2171.522707524, 1.000047897,
2171.543139326, 1.000021986,
2171.563571028, 0.999992854,
2171.584002629, 1.000053178,
2171.604434430, 1.000050310,
2171.624866131, 0.999934362,
2171.645297732, 1.000076768,
2171.665729533, 0.999952355,
2171.686161233, 0.999917593,
2171.706592833, 1.000075277,
2171.727024632, 1.000126670,
2171.747456332, 1.000012393,
2171.767887931, 1.000037227,
2171.788319729, 1.000140245,
2171.808751428, 1.000048428,
2171.829183126, 1.000218411,
2171.849614824, 1.000249542,
2171.870046521, 1.000389620,
2171.910909916, 1.000036934,
2171.931341613, 1.000403353,
2171.951773409, 1.000107721,
2172.033500092, 1.000040377,
2172.053931787, 1.000123346,
2172.074363582, 1.000077392,
2172.094795176, 1.000209007,
2172.115226870, 1.000134005,
2172.135658664, 1.000204004,
2172.156090258, 1.000094786,
2172.176521951, 1.000011829,
2172.258248822, 1.000065628,
2172.278680514, 0.999997586,
2172.299112206, 1.000095997,
2172.319543897, 1.000116453,
2172.339975588, 1.000023914,
2172.360407279, 1.000122102,
2172.380838970, 1.000069545,
2172.401270660, 1.000262161,
2172.421702350, 1.000663129,
2172.442134040, 0.999935736,
2172.462565729, 1.000127041,
2172.482997419, 1.000092527,
2172.503429108, 0.999900671,
2172.523860696, 1.000162478,
2172.544292485, 0.999878991,
2172.564724173, 1.000147986,
2172.585155861, 0.999990136,
2172.605587548, 1.000205521,
2172.626019235, 1.000013528,
2172.646450922, 1.000179489,
2172.666882609, 0.999978485,
2172.748609353, 1.000252553,
2172.789472824, 1.000121917,
2172.809904409, 1.000238538,
2172.830336193, 1.000232034,
2172.850767878, 1.000231293,
2172.871199462, 1.000287542,
2172.891631245, 1.000237240,
2172.912062929, 1.000283474,
2172.932494512, 1.000071759,
2172.952926295, 1.000076661,
2172.973357978, 0.999960508,
2172.993789560, 1.000116917,
2173.014221342, 1.000057330,
2173.034653024, 0.999903914,
2173.055084706, 1.000118684,
2173.075516387, 1.000014928,
2173.116379749, 0.999996629,
2173.157243110, 1.000197270,
2173.177674790, 1.000045957,
2173.238969928, 1.000257277,
2173.259401507, 1.000138810,
2173.279833185, 1.000281694,
2173.300264964, 1.000219311,
2173.320696542, 1.000135233,
2173.341128220, 1.000131153,
2173.361559997, 1.000271202,
2173.381991575, 1.000080441,
2173.402423252, 1.000298670,
2173.422855029, 0.999968938,
2173.443286605, 1.000269678,
2173.484150057, 1.000120321,
2173.504581633, 1.000196521,
2173.525013308, 1.000176623,
2173.545445084, 1.000079772,
2173.565876659, 1.000169053,
2173.586308433, 1.000201284,
2173.606740108, 1.000123469,
2173.627171782, 1.000178776,
2173.647603456, 1.000322889,
2173.668035129, 1.000144261,
2173.688466803, 1.000064760,
2173.729330148, 1.000328706,
2173.749761821, 1.000232408,
2173.770193594, 1.000131848,
2173.790625165, 1.000197461,
2173.811056837, 1.000284388,
2173.831488609, 1.000075526,
2173.872351851, 1.000385437,
2173.892783522, 1.000238249,
2173.913215192, 1.000125989,
2173.933646763, 1.000337066,
2173.954078533, 1.000251351,
2173.974510202, 1.000340341,
2173.994941972, 1.000227739,
2174.015373541, 1.000252239,
2174.035805210, 1.000056137,
2174.056236979, 1.000344265,
2174.076668647, 1.000118679,
2174.097100215, 1.000203246,
2174.117531983, 1.000361136,
2174.137963651, 1.000044087,
2174.158395218, 1.000067462,
2174.219690219, 1.000321883,
2174.240121985, 1.000382015,
2174.260553651, 1.000315154,
2174.280985217, 1.000238010,
2174.301416983, 1.000255414,
2174.321848648, 1.000252516,
2174.342280213, 1.000261102,
2174.362711978, 1.000247074,
2174.383143643, 1.000222984,
2174.403575207, 1.000276167,
2174.424006971, 1.000071982,
2174.464870399, 1.000361435,
2174.485301962, 1.000352509,
2174.505733625, 1.000234429,
2174.526165288, 1.000404488,
2174.546597051, 1.000420659,
2174.567028613, 1.000360502,
2174.587460275, 1.000266473,
2174.607891937, 1.000189258,
2174.628323598, 1.000190875,
2174.648755360, 1.000158405,
2174.669186921, 1.000332348,
2174.689618582, 1.000434310,
2174.710050342, 1.000482937,
2174.730481903, 1.000452112,
2174.750913563, 1.000454055,
2174.771345323, 1.000311153,
2174.791776882, 1.000310428,
2174.832640300, 1.000429751,
2174.853071859, 1.000262861,
2174.873503618, 1.000474089,
2174.893935276, 1.000511184,
2174.914366934, 1.000276437,
2174.955230250, 1.000318746,
2174.975661907, 1.000165067,
2174.996093564, 1.000312419,
2175.016525221, 1.000431050,
2175.036956878, 1.000391084,
2175.057388634, 1.000316282,
2175.077820190, 1.000351530,
2175.098251846, 1.000312441,
2175.200410122, 1.000426144,
2175.220841776, 1.000423337,
2175.241273531, 1.000215464,
2175.261705085, 1.000485872,
2175.282136838, 1.000345435,
2175.302568492, 1.000469415,
2175.343431798, 1.000520543,
2175.363863351, 1.000501809,
2175.384295003, 1.000219303,
2175.404726755, 1.000206966,
2175.466021710, 1.000131079,
2175.486453362, 1.000497640,
2175.506884913, 1.000270865,
2175.527316663, 1.000470726,
2175.547748314, 1.000371147,
2175.568179865, 1.000265368,
2175.588611615, 1.000383554,
2175.609043264, 1.000215564,
2175.629474814, 1.000242634,
2175.649906563, 1.000382276,
2175.670338212, 1.000226830,
2175.690769961, 1.000338535,
2175.711201510, 1.000361537,
2175.731633158, 1.000149505,
2175.752064907, 1.000079590,
2175.772496454, 1.000201423,
2175.792928102, 1.000323795,
2175.813359850, 1.000534589,
2175.833791397, 1.000317849,
2175.854223044, 1.000430174,
2175.874654790, 1.000322193,
2175.895086437, 1.000298626,
2175.915517983, 1.001424548,
2175.935949729, 1.000519057,
2175.956381375, 1.000384422,
2175.976812921, 1.000415389,
2175.997244666, 1.000596133,
2176.017676211, 1.000582188,
2176.038107856, 1.000451543,
2176.058539601, 1.000568068,
2176.078971245, 1.000466453,
2176.119834533, 1.000589256,
2176.181129464, 1.000247064,
2176.201561007, 1.000316008,
2176.221992749, 1.000466958,
2176.242424392, 1.000483010,
2176.262855934, 1.000517296,
2176.283287676, 1.000313229,
2176.303719318, 1.000571615,
2176.324150960, 1.000481728,
2176.344582601, 1.000755939,
2176.365014243, 1.000667829,
2176.385445883, 1.000640306,
2176.426309164, 1.000384501,
2176.446740805, 1.000875258,
2176.467172545, 1.000497752,
2176.487604085, 1.000395308,
2176.508035824, 1.000380871,
2176.528467464, 1.000381138,
2176.548899003, 1.000482706,
2176.569330742, 1.000541576,
2176.589762380, 1.000423942,
2176.610193919, 1.000324215,
2176.671488833, 1.000399510,
2176.691920570, 1.000312213,
2176.712352207, 1.000399976,
2176.732783744, 1.000322394,
2176.753215481, 1.000472874,
2176.773647018, 1.000391436,
2176.794078654, 1.000502307,
2176.814510391, 1.000480126,
2176.834942026, 1.000380470,
2176.855373562, 1.000237859,
2176.875805298, 1.000335921,
2176.896236933, 1.000394785,
2176.916668568, 1.000411624,
2176.937100203, 1.000420984,
2176.957531838, 1.000271850,
2176.977963572, 1.000358232,
2176.998395106, 1.000369048,
2177.018826740, 1.000456058,
2177.039258474, 1.000506127,
2177.080121640, 1.000404852,
2177.161848271, 1.000383713,
2177.182279803, 1.000349844,
2177.202711436, 1.000589870,
2177.223143167, 1.000446348,
2177.243574699, 1.000746086,
2177.264006330, 1.000474677,
2177.284438061, 1.000677588,
2177.304869692, 1.000538886,
2177.325301323, 1.000581647,
2177.345732953, 1.000298369,
2177.366164583, 1.000652681,
2177.407027843, 1.000322671,
2177.427459472, 1.000649772,
2177.447891202, 1.000502675,
2177.468322731, 1.000471376,
2177.488754360, 1.000558677,
2177.509185988, 1.000361303,
2177.529617617, 1.000414835,
2177.550049145, 1.000684018,
2177.570480873, 1.000455471,
2177.652207383, 1.000508632,
2177.672639010, 1.000378567,
2177.693070637, 1.000478824,
2177.713502263, 1.000527857,
2177.733933990, 1.000492077,
2177.754365516, 1.000406760,
2177.774797142, 1.000648107,
2177.795228867, 1.000571191,
2177.815660493, 1.000506471,
2177.836092018, 1.000500454,
2177.897386893, 1.000592123,
2177.917818617, 1.000411609,
2177.958681765, 1.000544638,
2177.979113489, 1.000567343,
2177.999545113, 1.000736284,
2178.019976636, 1.000465457,
2178.040408359, 1.000654500,
2178.060839982, 1.000464933,
2178.081271505, 1.000611780,
2178.101703227, 1.000726063,
2178.122134850, 1.000607672,
2178.142566472, 1.000573917,
2178.162998094, 1.000401988,
2178.203861337, 1.000474904,
2178.224292958, 1.000427547,
2178.244724579, 1.000437900,
2178.265156200, 1.000583604,
2178.285587821, 1.000724539,
2178.326451061, 1.000549223,
2178.346882681, 1.000633371,
2178.367314301, 1.000559853,
2178.387746021, 1.000436774,
2178.408177541, 1.000556857,
2178.428609160, 1.000381269,
2178.449040879, 1.000555124,
2178.469472398, 1.000671842,
2178.489904016, 1.000604959,
2178.530767253, 1.000520509,
2178.571630589, 1.000540199,
2178.632925441, 1.000633219,
2178.653357058, 1.000713348,
2178.673788674, 1.000608076,
2178.694220291, 1.000698339,
2178.714651907, 1.000712238,
2178.735083524, 1.000489530,
2178.755515139, 1.000251795,
2178.775946755, 1.000420226,
2178.796378471, 1.000651360,
2178.816809986, 1.000660373,
2178.837241601, 1.000548192,
2178.857673316, 1.000690443,
2178.878104831, 1.000657913,
2178.898536546, 1.000632959,
2178.918968060, 1.000443250,
2178.939399674, 1.000709275,
2178.959831388, 1.000494764,
2178.980262902, 1.000677021,
2179.000694516, 1.000493355,
2179.021126229, 1.000696300,
2179.041557742, 1.000634079,
2179.061989355, 1.000550255,
2179.123284193, 1.000522996,
2179.143715905, 1.000607260,
2179.164147417, 1.000620356,
2179.205010741, 1.000643055,
2179.245873863, 1.000545991,
2179.266305574, 1.000638393,
2179.286737185, 1.000608072,
2179.307168896, 1.000597450,
2179.327600406, 1.000694443,
2179.368463727, 1.000740592,
2179.388895237, 1.000619876,
2179.409326846, 1.000545238,
2179.450190065, 1.000512983,
2179.470621674, 1.000590330,
2179.491053383, 1.000644084,
2179.511484892, 1.000529154,
2179.531916500, 1.000688110,
2179.552348209, 1.000667148,
2179.572779717, 1.000786004,
2179.593211325, 1.000669161,
2179.613643032, 1.000531663,
2179.634074540, 1.000714935,
2179.654506248, 1.000646541,
2179.674937855, 1.000705227,
2179.695369362, 1.000656778,
2179.715801068, 1.000726780,
2179.736232675, 1.000608565,
2179.756664182, 1.000612860,
2179.777095888, 1.000401467,
2179.797527494, 1.000683377,
2179.817959000, 1.000801409,
2179.838390706, 1.000813701,
2179.858822311, 1.000599235,
2179.879253816, 1.000549550,
2179.899685521, 1.000637334,
2179.920117127, 1.000725213,
2179.940548631, 1.000656345,
2179.960980336, 1.000773755,
2179.981411940, 1.001000777,
2180.001843644, 1.000739862,
2180.022275148, 1.000700161,
2180.042706752, 1.000879505,
2180.063138456, 1.000786405,
2180.104001563, 1.000639216,
2180.124433266, 1.000630914,
2180.144864869, 1.000761418,
2180.165296371, 1.000579215,
2180.185728074, 1.000623877,
2180.206159676, 1.000764850,
2180.226591178, 1.000649689,
2180.247022881, 1.000582525,
2180.287885984, 1.000654882,
2180.369612489, 1.000565230,
2180.390043989, 1.000787480,
2180.410475690, 1.000760855,
2180.430907290, 1.000602760,
2180.451338790, 1.000527018,
2180.471770490, 1.000470675,
2180.492202090, 1.000808897,
2180.512633690, 1.000648979,
2180.533065289, 1.000608276,
2180.553496889, 1.000918025,
2180.573928488, 1.000616519,
2180.594360087, 1.000745869,
2180.614791686, 1.000801838,
2180.635223284, 1.000825254,
2180.655654983, 1.000615385,
2180.676086481, 1.000712201,
2180.696518079, 1.000749638,
2180.716949777, 1.000692107,
2180.737381274, 1.000684617,
2180.757812972, 1.000709460,
2180.778244569, 1.001621600,
2180.798676066, 1.000670402,
2180.819107763, 1.000643925,
2180.839539360, 1.000669350,
2180.859970857, 1.000792791,
2180.880402553, 1.000305171,
2180.900834150, 1.000531471,
2180.921265646, 1.000656632,
2180.941697342, 1.000733869,
2180.962128937, 1.000801172,
2180.982560533, 1.000693534,
2181.002992128, 1.000836973,
2181.023423724, 1.000694850,
2181.043855319, 1.000649668,
2181.064286914, 1.000974067,
2181.105150103, 1.000699462,
2181.125581697, 1.000660568,
2181.146013292, 1.000539761,
2181.186876480, 1.000697595,
2181.207308073, 1.000642803,
2181.227739767, 1.000877839,
2181.248171260, 1.000797497,
2181.268602854, 1.000636353,
2181.289034547, 1.000725905,
2181.329897632, 1.000799928,
2181.350329325, 1.000660249,
2181.370760817, 1.000622551,
2181.411624101, 1.000867523,
2181.432055593, 1.000761243,
2181.452487185, 1.000659605,
2181.472918876, 1.000631980,
2181.493350468, 1.000656940,
2181.513782059, 1.000805060,
2181.534213650, 1.000674748,
2181.554645241, 1.000794467,
2181.575076831, 1.000764039,
2181.595508422, 1.000637868,
2181.615940012, 1.000767249,
2181.636371602, 1.001107634,
2181.656803193, 1.000863385,
2181.677234782, 1.000771199,
2181.697666472, 1.000803919,
2181.718097962, 1.000819301,
2181.738529551, 1.000726797,
2181.758961140, 1.000478328,
2181.779392729, 1.000832794,
2181.820255907, 1.000698701,
2181.840687495, 1.000941061,
2181.861119184, 1.000799123,
2181.881550672, 1.000779438,
2181.901982260, 1.000768182,
2181.922413948, 1.001091970,
2181.942845436, 1.001007314,
2181.963277023, 1.000766481,
2181.983708711, 1.000713344,
2182.004140198, 1.000714998,
2182.024571785, 1.000795715,
2182.045003472, 1.000876345,
2182.065435059, 1.000824715,
2182.106298232, 1.000788635,
2182.126729818, 1.000667324,
2182.147161304, 1.000948832,
2182.167592990, 1.000833095,
2182.188024576, 1.000810871,
2182.208456262, 1.000818107,
2182.228887748, 1.000852804,
2182.269751018, 1.000776067,
2182.310614088, 1.000815460,
2182.331045773, 1.000741419,
2182.351477257, 1.000776732,
2182.371908842, 1.000840416,
2182.392340526, 1.000785921,
2182.412772010, 1.000750590,
2182.433203594, 1.000861970,
2182.453635178, 1.001000526,
2182.474066762, 1.000837787,
2182.494498345, 1.000793114,
2182.514930029, 1.000648607,
2182.555793195, 1.000759587,
2182.576224777, 1.000757067,
2182.596656260, 1.000830469,
2182.617087943, 1.000899549,
2182.637519525, 1.000609264,
2182.657951008, 1.000387703,
2182.678382690, 1.000891002,
2182.698814272, 1.001096392,
2182.719245754, 1.001278238,
2182.739677435, 1.000708560,
2182.760109017, 1.000435147,
2182.800972179, 1.000706925,
2182.821403760, 1.000789872,
2182.841835241, 1.000882066,
2182.862266922, 1.000751078,
2182.882698503, 1.000772765,
2182.903130183, 1.000844435,
2182.923561663, 1.000978102,
2182.943993244, 1.000949594,
2182.964424924, 1.000590017,
2182.984856403, 1.000788403,
2183.005287983, 1.000719150,
2183.025719663, 1.000817934,
2183.046151242, 1.000920399,
2183.066582721, 1.000986085,
2183.087014401, 1.000743217,
2183.107445980, 1.000613634,
2183.127877458, 1.000738509,
2183.148309137, 1.000932812,
2183.168740616, 1.000818489,
2183.189172194, 1.000846129,
2183.209603872, 1.000827357,
2183.230035351, 1.000755394,
2183.250467029, 1.001004339,
2183.291330084, 1.000710974,
2183.311761762, 1.000745825,
2183.332193339, 1.000627746,
2183.352624816, 1.000713422,
2183.373056493, 1.001000375,
2183.413919647, 1.001296590,
2183.434351224, 1.001006597,
2183.454782800, 1.000662327,
2183.475214377, 1.000623298,
2183.536509105, 1.000693108,
2183.556940781, 1.000985125,
2183.577372257, 1.000733287,
2183.597803932, 1.000817520,
2183.618235508, 1.001082239,
2183.638666983, 1.000864139,
2183.659098658, 1.000893518,
2183.679530233, 1.001003312,
2183.699961708, 1.000967990,
2183.720393383, 1.000830651,
2183.781688106, 1.000959492,
2183.802119680, 1.000846497,
2183.822551154, 1.000887036,
2183.842982828, 1.000831994,
2183.883845975, 1.000732694,
2183.904277549, 1.000759180,
2183.924709122, 1.001142802,
2183.945140695, 1.000948546,
2183.965572269, 1.000967018,
2183.986003841, 1.000892433,
2184.006435414, 1.000749921,
2184.026866987, 1.000743282,
2184.047298559, 1.001004716,
2184.067730232, 1.000827244,
2184.088161704, 1.000902940,
2184.108593276, 1.000656497,
2184.129024948, 1.000825451,
2184.149456420, 1.000842387,
2184.169887992, 1.000809545,
2184.190319663, 1.000811812,
2184.210751135, 1.000866279,
2184.231182706, 1.000910813,
2184.272045848, 1.000906911,
2184.312909090, 1.000904847,
2184.333340561, 1.000919456,
2184.353772232, 1.000781706,
2184.374203802, 1.000858316,
2184.415066942, 1.000785874,
2184.435498512, 1.000726050,
2184.455930082, 1.000870495,
2184.476361652, 1.000863133,
2184.496793222, 1.000817670,
2184.517224791, 1.000851938,
2184.537656461, 1.000933490,
2184.558087930, 1.000850318,
2184.578519499, 1.000979019,
2184.598951168, 1.000823707,
2184.619382637, 1.001236569,
2184.639814306, 1.000933086,
2184.680677343, 1.000941825,
2184.721540479, 1.000872723,
2184.741972047, 1.000910212,
2184.762403715, 1.001048191,
2184.782835183, 1.001050109,
2184.803266751, 1.000738275,
2184.823698419, 1.000928228,
2184.844129886, 1.001274205,
2184.864561454, 1.001047680,
2184.884993121, 1.000964570,
2184.905424688, 1.000953781,
2184.925856155, 1.001015995,
2184.946287822, 1.000841816,
2185.007582522, 1.000771985,
2185.028014088, 1.000974764,
2185.048445754, 1.001070118,
2185.068877221, 1.000842439,
2185.089308787, 1.001132286,
2185.109740452, 1.000972809,
2185.130171918, 1.001131635,
2185.150603484, 1.000924894,
2185.171035149, 1.000879569,
2185.191466615, 1.000781231,
2185.252761310, 1.001139477,
2185.273192875, 1.000978175,
2185.293624540, 1.000880317,
2185.314056005, 1.000976890,
2185.334487669, 1.000967012,
2185.354919134, 1.001148382,
2185.375350798, 1.001092331,
2185.395782363, 1.000934771,
2185.416213927, 1.000882734,
2185.436645391, 1.001140381,
2185.497940082, 1.000807162,
2185.518371745, 1.001001760,
2185.538803309, 1.000905620,
2185.559234772, 1.000937124,
2185.579666435, 1.000993920,
2185.600097998, 1.001228406,
2185.620529661, 1.001038173,
2185.640961124, 1.001060097,
2185.661392687, 1.000922016,
2185.681824350, 1.000997335,
2185.702255812, 1.001067378,
2185.722687375, 1.001074224,
2185.743119037, 1.001096431,
2185.763550499, 1.001055235,
2185.783982061, 1.000936018,
2185.804413723, 1.000985791,
2185.824845185, 1.000988999,
2185.845276747, 1.000988626,
2185.865708408, 1.001057212,
2185.886139970, 1.001128235,
2185.906571431, 1.001068706,
2185.927003092, 1.001157878,
2185.947434654, 1.001108383,
2185.967866215, 1.001301100,
2185.988297776, 1.001124995,
2186.008729336, 1.001029027,
2186.029160897, 1.001106797,
2186.049592458, 1.001083953,
2186.070023918, 1.001015005,
2186.090455579, 1.000988919,
2186.110887139, 1.001732910,
2186.131318599, 1.000882180,
2186.151750259, 1.001200590,
2186.172181819, 1.001031824,
2186.192613279, 1.001254124,
2186.213044939, 1.001019823,
2186.233476498, 1.000921203,
2186.253908058, 1.001076269,
2186.274339618, 1.000909438,
2186.294771177, 1.001111359,
2186.315202836, 1.001264511,
2186.335634295, 1.000979467,
2186.356065854, 1.001170446,
2186.376497513, 1.000965441,
2186.396928972, 1.001230407,
2186.417360531, 1.001142115,
2186.437792189, 1.001086779,
2186.458223748, 1.001104702,
2186.478655206, 1.001085236,
2186.499086865, 1.001082657,
2186.519518423, 1.001109648,
2186.539949881, 1.001099414,
2186.560381539, 1.001025489,
2186.601244754, 1.001213820,
2186.621676212, 1.001024586,
2186.642107770, 1.001128064,
2186.662539427, 1.001170688,
2186.723833999, 1.001139852,
2186.744265556, 1.001277386,
2186.764697113, 1.001192964,
2186.785128670, 1.001069925,
2186.805560227, 1.001280600,
2186.825991783, 1.001105633,
2186.846423340, 1.001224783,
2186.866854896, 1.001010229,
2186.907718009, 1.001086496,
2186.928149565, 1.001158388,
2186.948581221, 1.001037864,
2186.969012777, 1.001300274,
2186.989444233, 1.000987859,
2187.009875889, 1.001024382,
2187.030307445, 1.001106871,
2187.050738901, 1.001199479,
2187.071170556, 1.001125427,
2187.091602111, 1.001147195,
2187.112033567, 1.001190020,
2187.132465222, 1.001182634,
2187.152896777, 1.001237065,
2187.173328232, 1.001281421,
2187.214191442, 1.001188779,
2187.234622897, 1.002259801,
2187.255054551, 1.001335353,
2187.275486106, 1.001092077,
2187.295917761, 1.001175396,
2187.316349215, 1.001334095,
2187.336780769, 1.001218790,
2187.357212423, 1.001194921,
2187.377643878, 1.001164600,
2187.398075432, 1.001205080,
2187.418507085, 1.001294617,
2187.438938539, 1.001233129,
2187.459370093, 1.001059033,
2187.479801747, 1.001240823,
2187.500233200, 1.001129208,
2187.541096407, 1.001319147,
2187.561527861, 1.001318113,
2187.581959514, 1.001087111,
2187.602391067, 1.001316603,
2187.622822520, 1.001038169,
2187.643254173, 1.001275301,
2187.663685726, 1.001222131,
2187.684117179, 1.001205570,
2187.704548831, 1.001123404,
2187.724980384, 1.001236809,
2187.745411836, 1.001142515,
2187.765843489, 1.001258423,
2187.786275041, 1.001213111,
2187.806706593, 1.001172289,
2187.827138145, 1.001217508,
2187.847569698, 1.001239733,
2187.868001349, 1.001120836,
2187.888432801, 1.001200329,
2187.908864353, 1.001262371,
2187.929296005, 1.001336055,
2187.949727557, 1.001375939,
2187.970159008, 1.001300043,
2187.990590660, 1.001528664,
2188.011022211, 1.001092832,
2188.031453663, 1.001094382,
2188.051885314, 1.001241009,
2188.072316865, 1.001247556,
2188.092748316, 1.001443571,
2188.113179967, 1.001173775,
2188.133611518, 1.001265202,
2188.154042969, 1.001216111,
2188.174474619, 1.001281518,
2188.194906070, 1.000950388,
2188.215337721, 1.001324165,
2188.235769271, 1.001193787,
2188.256200722, 1.001165384,
2188.276632372, 1.001118497,
2188.297063922, 1.001284185,
2188.317495472, 1.001380857,
2188.337927023, 1.001328018,
2188.358358573, 1.001310558,
2188.378790123, 1.001218707,
2188.399221672, 1.001284755,
2188.419653222, 1.001197831,
2188.440084772, 1.001157962,
2188.460516422, 1.001207224,
2188.480947871, 1.001205630,
2188.501379521, 1.001307344,
2188.521811070, 1.001127487,
2188.542242519, 1.001098502,
2188.562674169, 1.001369704,
2188.583105718, 1.001364213,
2188.603537167, 1.001354971,
2188.623968816, 1.001201946,
2188.644400365, 1.001284197,
2188.664831814, 1.001190600,
2188.685263463, 1.001278717,
2188.705695011, 1.001424983,
2188.726126460, 1.001235377,
2188.746558109, 1.001493136,
2188.766989657, 1.001243899,
2188.787421305, 1.001284992,
2188.807852754, 1.001486216,
2188.828284302, 1.001233785,
2188.848715850, 1.001211140,
2188.869147398, 1.001255826,
2188.889578947, 1.001396605,
2188.910010495, 1.001589934,
2188.930442043, 1.001517813,
2188.950873590, 1.001225827,
2188.971305238, 1.001331953,
2188.991736686, 1.001301893,
2189.012168233, 1.001446385,
2189.032599881, 1.001302604,
2189.053031329, 1.001461816,
2189.114325971, 1.001269280,
2189.134757618, 1.001262451,
2189.196052259, 1.001474935,
2189.216483806, 1.001466773,
2189.236915253, 1.001477261,
2189.257346900, 1.001210715,
2189.277778447, 1.001254398,
2189.298209993, 1.001322483,
2189.318641540, 1.001373245,
2189.339073086, 1.001535026,
2189.359504633, 1.001448539,
2189.379936179, 1.001402270,
2189.400367726, 1.001415229,
2189.420799372, 1.001435939,
2189.441230918, 1.001283110,
2189.461662364, 1.001430590,
2189.482094011, 1.001438048,
2189.502525557, 1.001452447,
2189.522957003, 1.001685431,
2189.543388648, 1.002174800,
2189.584251640, 1.001470076,
2189.604683286, 1.001568514,
2189.625114732, 1.001503077,
2189.645546277, 1.001379961,
2189.665977923, 1.001466227,
2189.686409368, 1.001240233,
2189.706841014, 1.001438113,
2189.727272559, 1.001570046,
2189.747704004, 1.001404271,
2189.768135649, 1.001560291,
2189.788567194, 1.001390174,
2189.808998740, 1.001723695,
2189.829430285, 1.001562631,
2189.849861830, 1.001438896,
2189.870293375, 1.001723737,
2189.890724919, 1.001434024,
2189.911156464, 1.001395712,
2189.931588009, 1.001548878,
2189.952019654, 1.001699286,
2189.972451098, 1.001444920,
2189.992882743, 1.001540319,
2190.013314287, 1.001620359,
2190.033745732, 1.001591193,
2190.054177376, 1.001739614,
2190.074608921, 1.001336432,
2190.095040365, 1.001286574,
2190.115472009, 1.001654178,
2190.135903553, 1.001403426,
2190.156334998, 1.001356913,
2190.176766642, 1.001441951,
2190.197198186, 1.001498807,
2190.217629630, 1.001684734,
2190.238061274, 1.001404864,
2190.258492717, 1.001452767,
2190.278924361, 1.001466586,
2190.299355905, 1.001319369,
2190.319787349, 1.001343830,
2190.340218992, 1.001631752,
2190.381082079, 1.001401953,
2190.401513623, 1.001831153,
2190.421945166, 1.001368865,
2190.442376710, 1.002265341,
2190.462808253, 1.001658038,
2190.483239796, 1.001421954,
2190.503671340, 1.001518102,
2190.524102983, 1.001415994,
2190.544534426, 1.001595951,
2190.564966069, 1.001384061,
2190.585397612, 1.001421695,
2190.605829055, 1.001464149,
2190.646692241, 1.001676106,
2190.667123684, 1.001550595,
2190.687555327, 1.001518839,
2190.707986869, 1.001483579,
2190.769281497, 1.001723587,
2190.789713040, 1.001560027,
2190.810144582, 1.001548391,
2190.871439209, 1.001637180,
2190.891870752, 1.001550110,
2190.912302394, 1.001502401,
2190.932733836, 1.001420712,
2190.973597021, 1.001659343,
2190.994028463, 1.001534842,
2191.014460005, 1.001560685,
2191.034891647, 1.001589138,
2191.055323089, 1.001503622,
2191.075754631, 1.001697863,
2191.096186273, 1.001621030,
2191.137049356, 1.001575039,
2191.157480898, 1.001739145,
2191.177912340, 1.001697765,
2191.218775523, 1.001495408,
2191.239206964, 1.001978625,
2191.259638606, 1.001671226,
2191.300501589, 1.001806090,
2191.320933230, 1.001771851,
2191.361796313, 1.001727602,
2191.382227854, 1.001839669,
2191.402659396, 1.001749961,
2191.423091037, 1.001740995,
2191.443522578, 1.001934373,
2191.463954019, 1.001765123,
2191.484385660, 1.001809646,
2191.504817201, 1.001654692,
2191.525248642, 1.001849885,
2191.545680283, 1.001718795,
2191.566111824, 1.001798178,
2191.586543265, 1.001674601,
2191.647837888, 1.001823875,
2191.668269529, 1.001786901,
2191.688701069, 1.001654155,
2191.709132610, 1.001823315,
2191.729564151, 1.001780864,
2191.749995591, 1.001775784,
2191.770427232, 1.001912134,
2191.790858773, 1.001861988,
2191.811290213, 1.001970848,
2191.852153394, 1.001770003,
2191.872584934, 1.001731435,
2191.893016475, 1.001851911,
2191.913448015, 1.002004838,
2191.933879656, 1.002058661,
2191.954311096, 1.001897407,
2191.974742636, 1.001829167,
2191.995174276, 1.001861664,
2192.015605817, 1.001909399,
2192.036037257, 1.001794136,
2192.056468897, 1.001828177,
2192.076900437, 1.001790636,
2192.138195057, 1.001785655,
2192.158626497, 1.001837980,
2192.179058137, 1.001827053,
2192.199489677, 1.001887506,
2192.219921317, 1.001834071,
2192.260784297, 1.001942273,
2192.281215937, 1.001787203,
2192.301647377, 1.001829300,
2192.342510556, 1.001986638,
2192.362941996, 1.001857090,
2192.403805075, 1.001957494,
2192.424236615, 1.001872273,
2192.444668154, 1.002235371,
2192.465099694, 1.002009626,
2192.485531234, 1.002135548,
2192.505962873, 1.002074378,
2192.526394413, 1.002064832,
2192.546825852, 1.002163383,
2192.567257492, 1.001824406,
2192.608120471, 1.001996527,
2192.628552110, 1.001885005,
2192.648983649, 1.001899297,
2192.669415089, 1.001877790,
2192.689846728, 1.001750951,
2192.710278267, 1.002094334,
2192.730709907, 1.002051106,
2192.751141346, 1.002120632,
2192.771572885, 1.001972547,
2192.792004524, 1.002025014,
2192.812435964, 1.001957800,
2192.853299142, 1.002305546,
2192.873730581, 1.002884312,
2192.894162120, 1.002057649,
2192.914593759, 1.002192044,
2192.935025199, 1.001956030,
2192.996319816, 1.002182565,
2193.016751455, 1.002029222,
2193.037182994, 1.001937700,
2193.057614533, 1.002030991,
2193.098477611, 1.001916595,
2193.118909050, 1.002122511,
2193.139340689, 1.002246991,
2193.159772228, 1.002074679,
2193.180203666, 1.002010815,
2193.200635305, 1.002038949,
2193.221066844, 1.001964336,
2193.241498483, 1.002144991,
2193.261929922, 1.002250663,
2193.282361461, 1.002082767,
2193.302793099, 1.002095097,
2193.343656077, 1.001926895,
2193.364087716, 1.002130262,
2193.384519155, 1.002086767,
2193.404950693, 1.001991239,
2193.425382332, 1.002243552,
2193.445813771, 1.001971794,
2193.466245309, 1.001932322,
2193.486676948, 1.001996071,
2193.507108487, 1.001998633,
2193.527540026, 1.001979863,
2193.547971564, 1.001935421,
2193.588834642, 1.002021252,
2193.609266180, 1.002094420,
2193.629697719, 1.001911718,
2193.650129357, 1.002181271,
2193.670560796, 1.002144274,
2193.690992335, 1.002303074,
2193.711423973, 1.002023522,
2193.731855412, 1.002098991,
2193.752286950, 1.002112637,
2193.772718489, 1.002037158,
2193.793150027, 1.002082981,
2193.834013104, 1.002074714,
2193.854444643, 1.002007537,
2193.874876282, 1.002204778,
2193.895307720, 1.002192975,
2193.915739259, 1.002343720,
2193.936170897, 1.002082799,
2193.956602336, 1.002181435,
2193.977033874, 1.002199848,
2193.997465513, 1.002366793,
2194.017896951, 1.002380483,
2194.038328590, 1.002292290,
2194.079191667, 1.001957901,
2194.099623205, 1.002037126,
2194.120054743, 1.002237753,
2194.140486282, 1.002036334,
2194.160917920, 1.002167234,
2194.181349359, 1.002266931,
2194.201780897, 1.002173817,
2194.222212536, 1.002269746,
2194.242643974, 1.002244371,
2194.263075513, 1.002013716,
2194.303938590, 1.002185922,
2194.324370228, 1.002100854,
2194.344801766, 1.002125887,
2194.365233205, 1.002217691,
2194.406096282, 1.002127543,
2194.426527820, 1.002157364,
2194.446959459, 1.002180228,
2194.467390897, 1.002212030,
2194.487822436, 1.001955282,
2194.508254074, 1.002140418,
2194.569548690, 1.002311505,
2194.589980228, 1.002185561,
2194.610411767, 1.002240765,
2194.630843305, 1.002275489,
2194.651274843, 1.002249913,
2194.671706482, 1.002428311,
2194.692137920, 1.002314143,
2194.712569459, 1.002217571,
2194.733001097, 1.002242831,
2194.753432536, 1.002032852,
2194.814727152, 1.002207116,
2194.835158790, 1.002224968,
2194.855590329, 1.002285638,
2194.876021767, 1.002536472,
2194.896453406, 1.002260873,
2194.937316383, 1.002461663,
2194.957748021, 1.002133575,
2194.978179560, 1.002462590,
2194.998611099, 1.002277445,
2195.019042637, 1.002268104,
2195.080337253, 1.002508389,
2195.100768792, 1.002306857,
2195.121200330, 1.002410404,
2195.141631869, 1.002334029,
2195.162063408, 1.002409443,
2195.202926485, 1.002233759,
2195.223358024, 1.002322105,
2195.243789662, 1.002359628,
2195.284652740, 1.002251673,
2195.305084279, 1.002241176,
2195.325515717, 1.002342200,
2195.345947356, 1.002299602,
2195.386810334, 1.002168862,
2195.407241973, 1.002454738,
2195.427673511, 1.002536210,
2195.448104950, 1.002401512,
2195.468536589, 1.002445951,
2195.488968128, 1.002607399,
2195.509399767, 1.002390310,
2195.550262745, 1.002282337,
2195.570694384, 1.002434497,
2195.591125823, 1.002504156,
2195.611557362, 1.002460357,
2195.631989001, 1.002423523,
2195.652420440, 1.002434681,
2195.672851979, 1.002513130,
2195.693283618, 1.002238240,
2195.713715157, 1.002390878,
2195.734146696, 1.002458705,
2195.754578235, 1.002395721,
2195.795441313, 1.002302055,
2195.815872852, 1.002438309,
2195.836304291, 1.002460471,
2195.856735931, 1.002438113,
2195.877167470, 1.002449999,
2195.897598909, 1.002352640,
2195.918030548, 1.002437818,
2195.938462088, 1.002562638,
2195.958893727, 1.002494396,
2195.979325166, 1.002670091,
2195.999756705, 1.002508928,
2196.040619784, 1.002433286,
2196.061051324, 1.002300439,
2196.081482963, 1.002476200,
2196.101914403, 1.002517904,
2196.122345942, 1.002500208,
2196.142777582, 1.002476857,
2196.163209021, 1.002680726,
2196.183640561, 1.002332709,
2196.204072200, 1.002478059,
2196.224503740, 1.002430660,
2196.285798359, 1.002670638,
2196.306229898, 1.002612954,
2196.326661438, 1.002647609,
2196.347092978, 1.002634496,
2196.367524618, 1.002351941,
2196.387956057, 1.002670020,
2196.408387597, 1.002644252,
2196.428819137, 1.002639616,
2196.449250677, 1.002670186,
2196.469682317, 1.002654622,
2196.530976937, 1.002648358,
2196.551408377, 1.002649348,
2196.571839917, 1.002596017,
2196.592271557, 1.002676733,
2196.612702997, 1.002911697,
2196.633134537, 1.002654470,
2196.653566177, 1.002749834,
2196.673997618, 1.002651208,
2196.694429258, 1.002950365,
2196.714860798, 1.002974623,
2196.776155419, 1.002565323,
2196.796586960, 1.002805932,
2196.817018500, 1.002927654,
2196.837450040, 1.002792188,
2196.857881581, 1.002796897,
2196.878313222, 1.002696065,
2196.898744662, 1.002821205,
2196.919176303, 1.002790381,
2196.939607843, 1.002825597,
2196.960039284, 1.002821640,
2197.021333906, 1.002726708,
2197.041765547, 1.002766136,
2197.062197088, 1.002803057,
2197.082628529, 1.002730102,
2197.103060170, 1.002624500,
2197.123491711, 1.002725596,
2197.143923352, 1.002788315,
2197.164354793, 1.002691454,
2197.184786234, 1.002640791,
2197.205217875, 1.002706992,
2197.266512498, 1.002919914,
2197.286944040, 1.002743804,
2197.307375581, 1.002900011,
2197.327807122, 1.002635393,
2197.348238664, 1.002881386,
2197.368670305, 1.002805827,
2197.389101846, 1.003130545,
2197.409533288, 1.002807623,
2197.429964929, 1.002927098,
2197.450396471, 1.003013476,
2197.470827913, 1.002976967,
2197.593417363, 1.003041283,
2197.613848805, 1.002957928,
2197.634280347, 1.002822884,
2197.654711989, 1.002899949,
2197.675143431, 1.002881259,
2197.695574974, 1.002916532,
2197.716006616, 1.002817169,
2197.756869600, 1.002783202,
2197.777301242, 1.002975720,
2197.818164327, 1.002960450,
2197.838595769, 1.003178619,
2197.859027412, 1.003015342,
2197.899890397, 1.002991366,
2197.920321940, 1.002874144,
2197.940753582, 1.002941754,
2197.961185125, 1.002911912,
2198.002048210, 1.002818703,
2198.022479753, 1.003175918,
2198.042911296, 1.002958824,
2198.063342839, 1.003104526,
2198.083774382, 1.003116977,
2198.104206025, 1.003079933,
2198.124637468, 1.002861960,
2198.145069011, 1.002836770,
2198.165500654, 1.003007551,
2198.185932098, 1.003038270,
2198.206363641, 1.002897017,
2198.247226728, 1.003158361,
2198.267658371, 1.003157601,
2198.288089915, 1.002954310,
2198.308521358, 1.003036088,
2198.328953002, 1.003037340,
2198.349384545, 1.003223306,
2198.369816089, 1.002998765,
2198.390247633, 1.003006182,
2198.410679177, 1.003255394,
2198.431110721, 1.003006913,
2198.451542264, 1.002962253,
2198.492405352, 1.003372027,
2198.533268441, 1.003110106,
2198.553699985, 1.003159765,
2198.574131529, 1.003280646,
2198.594563073, 1.003060805,
2198.614994718, 1.003254521,
2198.635426162, 1.003337695,
2198.655857707, 1.003154576,
2198.676289351, 1.003209705,
2198.696720796, 1.003234390,
2198.737583985, 1.003142048,
2198.758015430, 1.003050140,
2198.778447075, 1.003108649,
2198.798878620, 1.003105560,
2198.839741710, 1.003186433,
2198.901036345, 1.003189402,
2198.921467890, 1.003034180,
2198.941899536, 1.003189223,
2199.003194172, 1.003177804,
2199.023625717, 1.003123800,
2199.044057163, 1.003101656,
2199.064488809, 1.003128672,
2199.084920354, 1.003264604,
2199.105351900, 1.003264626,
2199.125783446, 1.003065229,
2199.146214992, 1.003365008,
2199.166646538, 1.003324729,
2199.187078084, 1.003252754,
2199.227941176, 1.003072595,
2199.248372723, 1.003168103,
2199.268804169, 1.003267732,
2199.289235815, 1.003153144,
2199.309667362, 1.003332321,
2199.330099008, 1.003150387,
2199.350530455, 1.003425121,
2199.370962002, 1.003736210,
2199.391393648, 1.003376623,
2199.411825095, 1.003397669,
2199.452688289, 1.003329259,
2199.473119736, 1.003157017,
2199.493551283, 1.003208943,
2199.513982930, 1.003422156,
2199.534414377, 1.003335259,
2199.554846024, 1.003146638,
2199.575277572, 1.003367003,
2199.595709119, 1.003266622,
2199.636572214, 1.003379513,
2199.657003762, 1.003299679,
2199.718298405, 1.003279759,
2199.738730053, 1.003347521,
2199.759161501, 1.003236538,
2199.779593149, 1.003399457,
2199.800024697, 1.003159111,
2199.820456145, 1.003246955,
2199.840887793, 1.003429918,
2199.861319242, 1.003487469,
2199.881750790, 1.003410674,
2199.902182439, 1.003389932,
2199.922613887, 1.003393942,
2199.963477085, 1.003431992,
2199.983908533, 1.003417891,
2200.004340182, 1.003369075,
2200.024771731, 1.003310632,
2200.045203180, 1.003265179,
2200.065634829, 1.003533378,
2200.086066378, 1.003325727,
2200.106497927, 1.003500348,
2200.126929477, 1.003046953,
2200.147361026, 1.003673132,
2200.167792676, 1.003373116,
2200.208655675, 1.003565440,
2200.229087324, 1.003392352,
2200.249518874, 1.003737944,
2200.269950324, 1.003507391,
2200.290381974, 1.003479537,
2200.310813524, 1.003285015,
2200.331244974, 1.003523640,
2200.351676624, 1.003447600,
2200.372108174, 1.003499970,
2200.392539825, 1.003322243,
2200.453834476, 1.003470085,
2200.474265927, 1.003290035,
2200.494697478, 1.003222072,
2200.515129028, 1.003415680,
2200.535560579, 1.003422566,
2200.555992130, 1.003517985,
2200.576423681, 1.003574788,
2200.596855232, 1.003342588,
2200.617286884, 1.003416206,
2200.637718335, 1.003513290,
2200.699012989, 1.003463705,
2200.719444541, 1.003538639,
2200.739876193, 1.003856525,
2200.760307645, 1.003251863,
2200.780739196, 1.003509173,
2200.801170848, 1.003365704,
2200.821602401, 1.003557749,
2200.842033953, 1.003408325,
2200.862465505, 1.003469799,
2200.882897057, 1.003483600,
2200.903328710, 1.003499290,
2200.944191715, 1.003393127,
2200.964623367, 1.003703758,
2200.985054820, 1.003539375,
2201.005486473, 1.003434408,
2201.025918026, 1.003255308,
2201.046349479, 1.003555732,
2201.066781132, 1.003533105,
2201.087212685, 1.003458004,
2201.107644139, 1.003482554,
2201.128075792, 1.003483252,
2201.148507345, 1.003347740,
2201.189370453, 1.003373504,
2201.209802006, 1.003597211,
2201.250665114, 1.003501121,
2201.271096668, 1.003397372,
2201.291528222, 1.003602195,
2201.311959777, 1.003525650,
2201.332391331, 1.003391242,
2201.352822885, 1.003467508,
2201.373254440, 1.003564595,
2201.393685994, 1.003464710,
2201.434549104, 1.003580088,
2201.454980759, 1.003400885,
2201.475412314, 1.003660567,
2201.495843769, 1.003486633,
2201.516275424, 1.003334115,
2201.536706979, 1.003504208,
2201.557138434, 1.003558839,
2201.577570090, 1.003477203,
2201.598001645, 1.003494481,
2201.618433101, 1.003524886,
2201.659296313, 1.003320781,
2201.679727968, 1.003607969,
2201.700159424, 1.003659533,
2201.720590981, 1.003616140,
2201.741022637, 1.003478815,
2201.761454093, 1.003621023,
2201.781885649, 1.003499363,
2201.802317306, 1.003718056,
2201.822748763, 1.003523499,
2201.843180419, 1.003349852,
2201.863611976, 1.003508350,
2201.924906547, 1.003538009,
2201.945338104, 1.003599452,
2201.965769762, 1.003578978,
2201.986201319, 1.003477359,
2202.006632777, 1.003560915,
2202.027064434, 1.003468495,
2202.047495992, 1.003527293,
2202.067927550, 1.003414611,
2202.088359108, 1.003595775,
2202.108790666, 1.003283540,
2202.170085340, 1.003329319,
2202.190516999, 1.003766452,
2202.210948457, 1.003528607,
2202.231380016, 1.003342305,
2202.272243134, 1.003575357,
2202.292674792, 1.003556871,
2202.313106352, 1.003488194,
2202.333537811, 1.003754602,
2202.415264148, 1.003502488,
2202.435695708, 1.003599772,
2202.456127368, 1.003620551,
2202.476558828, 1.003776885,
2202.496990388, 1.003583954,
2202.517421948, 1.003677720,
2202.537853508, 1.003512715,
2202.558285069, 1.003631339,
2202.578716629, 1.003496794,
2202.599148190, 1.003445275,
2202.660442872, 1.003564093,
2202.680874533, 1.003526887,
2202.701306094, 1.003535969,
2202.721737555, 1.003561055,
2202.742169217, 1.003519867,
2202.783032240, 1.003518547,
2202.803463901, 1.003599765,
2202.823895463, 1.003568755,
2202.844326925, 1.003937262,
2202.864758587, 1.003415439,
2202.926053274, 1.003477859,
2202.946484836, 1.003739110,
2202.966916499, 1.003531177,
2202.987347962, 1.003498428,
2203.007779524, 1.003718058,
2203.028211187, 1.003663150,
2203.069074314, 1.003534104,
2203.089505877, 1.003476055,
2203.109937440, 1.003621317,
2203.150800567, 1.003728428,
2203.171232131, 1.003636963,
2203.191663695, 1.003491588,
2203.212095259, 1.003582340,
2203.232526823, 1.003565083,
2203.252958387, 1.003596232,
2203.273389952, 1.003581933,
2203.293821616, 1.003593507,
2203.314253081, 1.003544190,
2203.334684645, 1.003731724,
2203.355116310, 1.003570837,
2203.395979340, 1.003606930,
2203.416411005, 1.003691747,
2203.436842471, 1.003753115,
2203.457274036, 1.003713864,
2203.477705702, 1.003628686,
2203.518568833, 1.003761886,
2203.539000399, 1.003579419,
2203.559431865, 1.003485317,
2203.579863531, 1.003690947,
2203.600295097, 1.003774883,
2203.641158230, 1.003688346,
2203.661589797, 1.003631076,
2203.682021464, 1.003788146,
2203.702452930, 1.003851892,
2203.722884497, 1.003670231,
2203.743316165, 1.003581401,
2203.763747732, 1.003771287,
2203.784179199, 1.003726712,
2203.804610867, 1.003684208,
2203.825042434, 1.003707340,
2203.886337138, 1.003790089,
2203.906768706, 1.003666837,
2203.927200274, 1.003708788,
2203.947631743, 1.003812653,
2203.968063411, 1.003610198,
2203.988494980, 1.003730246,
2204.008926449, 1.003693414,
2204.029358118, 1.003699081,
2204.049789687, 1.003751771,
2204.070221156, 1.003719234,
2204.131516064, 1.004475303,
2204.151947534, 1.003432942,
2204.172379104, 1.003694408,
2204.192810773, 1.003726399,
2204.213242244, 1.003539504,
2204.233673814, 1.003767763,
2204.254105484, 1.003509877,
2204.274537055, 1.003665349,
2204.294968625, 1.003586733,
2204.315400196, 1.003689225,
2204.376694909, 1.003485059,
2204.397126480, 1.003774637,
2204.417558051, 1.003756669,
2204.437989623, 1.003772888,
2204.458421195, 1.003546141,
2204.478852866, 1.003805547,
2204.499284338, 1.003738160,
2204.519716010, 1.003961177,
2204.540147483, 1.003837426,
2204.560579055, 1.003685856,
2204.621873773, 1.003858835,
2204.642305446, 1.003688802,
2204.662736919, 1.003845620,
2204.683168592, 1.003735404,
2204.703600165, 1.003597047,
2204.724031638, 1.003615419,
2204.744463312, 1.003766025,
2204.764894886, 1.003860447,
2204.785326360, 1.003562050,
2204.826189608, 1.003788596,
2204.867052756, 1.003644530,
2204.887484331, 1.003789835,
2204.907916005, 1.003625775,
2204.928347580, 1.003815650,
2204.948779055, 1.003643480,
2204.969210730, 1.003838877,
2204.989642306, 1.003600553,
2205.010073781, 1.003688539,
2205.030505456, 1.003796443,
2205.050937032, 1.003886394,
2205.071368508, 1.003822023,
2205.112231760, 1.003787636,
2205.132663436, 1.003810776,
2205.153094913, 1.003455065,
2205.173526489, 1.003762848,
2205.193958066, 1.003791861,
2205.214389643, 1.003860434,
2205.234821219, 1.004028891,
2205.255252797, 1.003802665,
2205.275684374, 1.004037447,
2205.296116051, 1.003983950,
2205.316547529, 1.003617784,
2205.357410784, 1.003720448,
2205.377842262, 1.003740870,
2205.398273840, 1.003842163,
2205.418705519, 1.003883257,
2205.459568576, 1.003849461,
2205.480000254, 1.003786485,
2205.500431833, 1.003751648,
2205.520863412, 1.004039431,
2205.541294991, 1.003584545,
2205.602589729, 1.003793610,
2205.623021309, 1.003900401,
2205.643452989, 1.003864341,
2205.663884469, 1.003708600,
2205.684316049, 1.003790850,
2205.704747730, 1.003846082,
2205.725179210, 1.003692660,
2205.745610891, 1.003824336,
2205.786473953, 1.003864956,
2205.806905634, 1.003704091,
2205.847768696, 1.003690013,
2205.868200378, 1.003849025,
2205.888631960, 1.003975116,
2205.909063541, 1.003814477,
2205.929495123, 1.003838834,
2205.949926606, 1.003765294,
2205.970358288, 1.003917220,
2205.990789870, 1.003899344,
2206.011221453, 1.003763806,
2206.031653036, 1.003941172,
2206.052084619, 1.004003465,
2206.113379368, 1.003536651,
2206.133811052, 1.003668556,
2206.154242636, 1.003954012,
2206.174674120, 1.003828154,
2206.195105804, 1.003782233,
2206.215537388, 1.003852749,
2206.235968872, 1.003666154,
2206.256400557, 1.003777560,
2206.276832141, 1.004277157,
2206.338126896, 1.003860138,
2206.358558581, 1.003769454,
2206.378990067, 1.003798471,
2206.399421653, 1.003754067,
2206.419853338, 1.003875867,
2206.440284824, 1.003888225,
2206.460716410, 1.003777249,
2206.481148097, 1.003791516,
2206.501579583, 1.004034134,
2206.522011270, 1.003864727,
2206.583306030, 1.003865662,
2206.603737517, 1.003805444,
2206.624169105, 1.003978958,
2206.644600792, 1.003903936,
2206.665032280, 1.003747733,
2206.705895556, 1.003822280,
2206.726327144, 1.003965695,
2206.746758733, 1.004214117,
2206.767190321, 1.004361123,
2206.828485088, 1.004359525,
2206.848916677, 1.004102815,
2206.869348366, 1.003845407,
2206.889779856, 1.004013196,
2206.910211545, 1.004041642,
2206.930643135, 1.004062525,
2206.951074625, 1.003909377,
2206.971506315, 1.003751911,
2206.991937906, 1.003832993,
2207.012369396, 1.003895213,
2207.032801087, 1.003936784,
2207.073664169, 1.003958132,
2207.094095860, 1.003974347,
2207.114527451, 1.003881698,
2207.134959143, 1.004008589,
2207.155390635, 1.003944082,
2207.175822226, 1.004026532,
2207.196253919, 1.004033579,
2207.216685411, 1.003889181,
2207.237117003, 1.003955808,
2207.257548596, 1.003792353,
2207.277980288, 1.003816368,
2207.318843474, 1.003845418,
2207.339274968, 1.003812273,
2207.359706661, 1.004012887,
2207.380138255, 1.003944719,
2207.400569748, 1.003831983,
2207.421001442, 1.003809055,
2207.441433036, 1.003958366,
2207.461864531, 1.003887918,
2207.482296225, 1.003915655,
2207.523159514, 1.003874429,
2207.564022605, 1.004083965,
2207.584454300, 1.003738362,
2207.604885795, 1.003902673,
2207.625317391, 1.004015563,
2207.645749087, 1.005487614,
2207.666180583, 1.003781061,
2207.686612179, 1.003955404,
2207.707043876, 1.003774244,
2207.727475372, 1.003966800,
2207.747907069, 1.004288258,
2207.768338666, 1.003982705,
2207.809201860, 1.003847981,
2207.829633457, 1.003971382,
2207.850065055, 1.004045349,
2207.870496653, 1.003836630,
2207.890928251, 1.003943723,
2207.911359849, 1.004211571,
2207.931791447, 1.003807938,
2207.952223046, 1.004045774,
2207.972654645, 1.003939676,
2207.993086243, 1.004160439,
2208.013517843, 1.003935085,
2208.054381041, 1.003893539,
2208.074812641, 1.004012980,
2208.095244340, 1.004046675,
2208.115675840, 1.004090246,
2208.136107541, 1.003992559,
2208.156539141, 1.004107599,
2208.176970641, 1.003823386,
2208.197402342, 1.003991421,
2208.217833943, 1.003996864,
2208.238265444, 1.003952380,
2208.258697145, 1.003953129,
2208.299560248, 1.003999316,
2208.319991950, 1.003829482,
2208.340423552, 1.003837066,
2208.360855254, 1.004016823,
2208.381286757, 1.004030933,
2208.401718359, 1.003966915,
2208.422150062, 1.003773924,
2208.442581565, 1.003869212,
2208.463013168, 1.004355092,
2208.483444871, 1.004055056,
2208.503876475, 1.003966758,
2208.544739682, 1.004105699,
2208.565171286, 1.003978347,
2208.585602890, 1.004254654,
2208.606034495, 1.004074619,
2208.626465999, 1.004174997,
2208.646897704, 1.004081519,
2208.667329309, 1.004045228,
2208.687760814, 1.003931978,
2208.708192520, 1.003935702,
2208.728624125, 1.004084228,
2208.749055831, 1.004107016,
2208.789918943, 1.003976118,
2208.810350649, 1.004049628,
2208.830782156, 1.003901598,
2208.851213762, 1.003903321,
2208.871645469, 1.003993061,
2208.892076976, 1.004252137,
2208.932940291, 1.004120749,
2208.953371799, 1.004022729,
2208.973803507, 1.004184383,
2208.994235115, 1.004051257,
2209.035098331, 1.003886795,
2209.055529940, 1.003955205,
2209.075961549, 1.004064608,
2209.096393158, 1.003986882,
2209.116824767, 1.004002818,
2209.137256476, 1.003969300,
2209.157688086, 1.004063679,
2209.178119596, 1.004090747,
2209.198551306, 1.004247526,
2209.218982916, 1.004133875,
2209.239414426, 1.004287759,
2209.280277648, 1.004191023,
2209.300709359, 1.004060541,
2209.321140970, 1.004005585,
2209.341572481, 1.004016819,
2209.362004193, 1.004033011,
2209.382435804, 1.004197527,
2209.402867316, 1.004039157,
2209.423299028, 1.004282264,
2209.443730641, 1.004158873,
2209.464162153, 1.004159054,
2209.484593866, 1.004169328,
2209.525457192, 1.004178012,
2209.545888706, 1.004324848,
2209.566320319, 1.004113027,
2209.586752033, 1.004161312,
2209.607183547, 1.004045805,
2209.627615161, 1.004114174,
2209.648046875, 1.004289143,
2209.668478490, 1.004137102,
2209.688910105, 1.004054288,
2209.709341720, 1.004085664,
2209.729773335, 1.004094317,
2209.770636566, 1.004168177,
2209.791068182, 1.003975873,
2209.831931414, 1.004202063,
2209.852363030, 1.004167881,
2209.872794647, 1.004147275,
2209.893226264, 1.004186653,
2209.913657981, 1.004244945,
2209.934089498, 1.004248520,
2209.954521115, 1.004267316,
2209.974952833, 1.004235351,
2210.015815969, 1.004044806,
2210.036247687, 1.004144347,
2210.056679205, 1.004220330,
2210.077110924, 1.004120357,
2210.097542543, 1.004290655,
2210.117974062, 1.004151814,
2210.138405781, 1.004288041,
2210.158837401, 1.004303389,
2210.179269020, 1.004137169,
2210.199700640, 1.004317168,
2210.220132260, 1.004269559,
2210.281427122, 1.004242917,
2210.301858843, 1.004117282,
2210.322290364, 1.004201226,
2210.342721986, 1.003940846,
2210.363153707, 1.004115229,
2210.383585329, 1.004269642,
2210.404016851, 1.004162837,
2210.424448573, 1.004586969,
2210.485743441, 1.004175684,
2210.506175064, 1.004095978,
2210.526606688, 1.004207971,
2210.547038311, 1.004251709,
2210.587901659, 1.004237790,
2210.608333183, 1.004051555,
2210.628764807, 1.004222935,
2210.649196432, 1.004306415,
2210.669628057, 1.004198597,
2210.751354658, 1.004104765,
2210.771786184, 1.004242223,
2210.792217810, 1.004100917,
2210.812649536, 1.004225706,
2210.833081163, 1.004213167,
2210.853512789, 1.004287357,
2210.873944416, 1.004247546,
2210.894376044, 1.004383560,
2210.914807671, 1.004369670,
2210.955670926, 1.004236653,
2210.996534183, 1.003956766,
2211.016965811, 1.004303538,
2211.037397540, 1.004357456,
2211.057829069, 1.004390451,
2211.078260798, 1.004344266,
2211.098692427, 1.004228633,
2211.119123957, 1.004240287,
2211.139555687, 1.004348000,
2211.159987317, 1.004236692,
2211.180418847, 1.004164243,
2211.200850577, 1.004229237,
2211.241713839, 1.004240390,
2211.262145470, 1.004292821,
2211.282577001, 1.004407627,
2211.303008733, 1.004347029,
2211.323440365, 1.004283879,
2211.343871897, 1.004240685,
2211.364303629, 1.004323524,
2211.384735262, 1.004285980,
2211.405166894, 1.004359467,
2211.425598527, 1.004102711,
2211.446030160, 1.004806473,
2211.486893427, 1.004379906,
2211.507325061, 1.004103531,
2211.527756795, 1.004265416,
2211.548188429, 1.004382957,
2211.568619964, 1.004213079,
2211.589051698, 1.004344725,
2211.609483333, 1.004473263,
2211.629914968, 1.004223419,
2211.650346604, 1.004258228,
2211.670778239, 1.004301634,
2211.691209975, 1.004270463,
2211.732073148, 1.004397691,
2211.752504884, 1.004372136,
2211.772936421, 1.004316057,
2211.793368058, 1.004274958,
2211.813799795, 1.004379584,
2211.834231333, 1.004277771,
2211.854663071, 1.004272444,
2211.875094708, 1.004260709,
2211.895526247, 1.004236804,
2211.915957985, 1.004459019,
2211.936389524, 1.004428056,
2211.977252902, 1.004369261,
2212.018116180, 1.004371695,
2212.038547820, 1.004529058,
2212.058979460, 1.004415940,
2212.079411101, 1.004293078,
2212.099842741, 1.004574804,
2212.120274382, 1.004418556,
2212.140706023, 1.004105613,
2212.161137664, 1.004305326,
2212.202001047, 1.003975990,
2212.222432589, 1.004315127,
2212.242864331, 1.004333292,
2212.263295973, 1.004257726,
2212.283727516, 1.004380564,
2212.304159259, 1.004320703,
2212.324590902, 1.004252975,
2212.345022445, 1.004265262,
2212.365454189, 1.004197481,
2212.385885833, 1.004328638,
2212.406317577, 1.004327514,
2212.426749121, 1.004415517,
2212.467612510, 1.004250491,
2212.488044055, 1.004279998,
2212.508475700, 1.004302447,
2212.528907446, 1.004519732,
2212.549338991, 1.004514232,
2212.569770637, 1.004323494,
2212.590202283, 1.004302177,
2212.610633930, 1.004414910,
2212.631065676, 1.004297438,
2212.651497223, 1.004257214,
2212.671928870, 1.004361070,
2212.712792265, 1.004333251,
2212.733223813, 1.004538477,
2212.753655561, 1.004443816,
2212.774087210, 1.004360624,
2212.794518758, 1.004361142,
2212.814950507, 1.004416836,
2212.835382156, 1.004288658,
2212.855813905, 1.004386306,
2212.876245455, 1.004264522,
2212.896677105, 1.004554025,
2212.917108855, 1.004302679,
2212.957972056, 1.004245218,
2212.978403806, 1.004203502,
2212.998835357, 1.004320524,
2213.019267109, 1.004387162,
2213.039698760, 1.004329925,
2213.060130312, 1.004333666,
2213.080562064, 1.004333310,
2213.100993716, 1.004239451,
2213.121425269, 1.004530683,
2213.162288674, 1.004344282,
2213.203151981, 1.004343829,
2213.223583635, 1.004583523,
2213.244015289, 1.004460686,
2213.264446943, 1.004316523,
