BJD - 2454833, Corrected Flux
2146.452701861, 0.995387524,
2146.473134162, 0.995626859,
2146.513998462, 0.995509266,
2146.534430762, 0.995458317,
2146.554862860, 0.995277685,
2146.575295059, 0.995027453,
2146.595727357, 0.995151562,
2146.616159454, 0.995530135,
2146.636591651, 0.995483044,
2146.677456043, 0.995910008,
2146.697888338, 0.995192177,
2146.718320433, 0.994970301,
2146.759184921, 0.995145133,
2146.779617114, 0.994987661,
2146.800049206, 0.995048160,
2146.820481499, 0.995264834,
2146.840913690, 0.995615579,
2146.881778072, 0.995194038,
2146.902210262, 0.994878639,
2146.922642351, 0.994685246,
2146.943074640, 0.994861767,
2146.963506829, 0.995202611,
2146.983938917, 0.994812804,
2147.004371204, 0.995178701,
2147.024803391, 0.995100120,
2147.045235478, 0.994919061,
2147.065667763, 0.995109231,
2147.086099949, 0.994945339,
2147.106532134, 0.994790871,
2147.126964318, 0.994632233,
2147.147396501, 0.994699644,
2147.167828785, 0.994976456,
2147.188260867, 0.994978380,
2147.208693050, 0.995248729,
2147.249557513, 0.994675566,
2147.269989593, 0.994957442,
2147.290421874, 0.994375528,
2147.310854053, 0.994653688,
2147.331286132, 0.994728570,
2147.351718411, 0.994826965,
2147.372150489, 0.994765973,
2147.392582667, 0.994676210,
2147.413014944, 0.994543881,
2147.433447020, 0.994659955,
2147.453879196, 0.995073951,
2147.494743547, 0.994738523,
2147.515175721, 0.994644653,
2147.535607995, 0.994495135,
2147.556040069, 0.994631572,
2147.576472241, 0.994539152,
2147.596904514, 0.994400062,
2147.617336685, 0.994589893,
2147.637768757, 0.994191567,
2147.658201028, 0.994408612,
2147.678633198, 0.993950827,
2147.699065368, 0.994280707,
2147.719497538, 0.994435745,
2147.739929706, 0.994145787,
2147.760361975, 0.994061869,
2147.780794042, 0.994571900,
2147.801226209, 0.994613840,
2147.821658476, 0.994697980,
2147.842090542, 0.994810199,
2147.862522708, 0.994271479,
2147.882954973, 0.994384408,
2147.903387038, 0.994420737,
2147.923819202, 0.994082443,
2147.944251466, 0.994827495,
2147.985115692, 0.994214081,
2148.005547954, 0.994431875,
2148.025980016, 0.994342132,
2148.046412177, 0.994080536,
2148.066844437, 0.994203130,
2148.087276597, 0.994791594,
2148.107708657, 0.994329011,
2148.128140916, 0.994276916,
2148.148572974, 0.994060932,
2148.169005133, 0.994208710,
2148.189437390, 0.994395624,
2148.209869447, 0.994226010,
2148.230301603, 0.994132137,
2148.250733859, 0.993993864,
2148.271165915, 0.994162423,
2148.291598170, 0.994195327,
2148.312030325, 0.994266959,
2148.332462378, 0.994120407,
2148.352894632, 0.994107410,
2148.373326785, 0.994305435,
2148.393758837, 0.994374176,
2148.414191089, 0.994362231,
2148.434623240, 0.994487255,
2148.475487542, 0.994521539,
2148.495919692, 0.994733039,
2148.516351841, 0.994455225,
2148.536783990, 0.994528720,
2148.557216138, 0.994665596,
2148.577648286, 0.994713393,
2148.598080533, 0.994522628,
2148.618512581, 0.994127993,
2148.638944727, 0.994090250,
2148.659376972, 0.994341632,
2148.679809018, 0.994526812,
2148.700241163, 0.994451217,
2148.720673407, 0.994210035,
2148.741105451, 0.994303535,
2148.761537594, 0.994108603,
2148.781969837, 0.993988588,
2148.802401879, 0.994189179,
2148.822834021, 0.993846065,
2148.843266262, 0.993996297,
2148.863698303, 0.993876406,
2148.884130543, 0.994337933,
2148.904562583, 0.994206267,
2148.924994722, 0.994389723,
2148.945426961, 0.994218890,
2148.965858999, 0.994707745,
2148.986291137, 0.994366452,
2149.006723374, 0.994326060,
2149.027155511, 0.994327655,
2149.047587547, 0.994388431,
2149.068019782, 0.994232654,
2149.088451918, 0.994302429,
2149.108883953, 0.994100071,
2149.129316187, 0.994078735,
2149.149748320, 0.994471789,
2149.170180353, 0.993954959,
2149.190612586, 0.994481839,
2149.211044718, 0.994310720,
2149.231476750, 0.994600702,
2149.251908981, 0.994316672,
2149.272341112, 0.994513983,
2149.292773242, 0.994249128,
2149.313205372, 0.994267212,
2149.333637501, 0.994774137,
2149.354069630, 0.994381521,
2149.374501758, 0.994490113,
2149.394933885, 0.994535882,
2149.415366012, 0.994145429,
2149.456230265, 0.994686128,
2149.476662491, 0.994297963,
2149.497094616, 0.994497559,
2149.517526641, 0.994346207,
2149.537958865, 0.994491808,
2149.558390989, 0.994882161,
2149.578823012, 0.994271915,
2149.599255234, 0.994076186,
2149.619687256, 0.994409399,
2149.640119378, 0.994290801,
2149.660551600, 0.994228194,
2149.680983620, 0.994463098,
2149.701415740, 0.994299361,
2149.721847960, 0.994217566,
2149.742279979, 0.994145245,
2149.762712098, 0.994507971,
2149.783144316, 0.994395808,
2149.803576333, 0.994405214,
2149.824008451, 0.994588021,
2149.844440667, 0.994432755,
2149.864872784, 0.994641620,
2149.885304799, 0.994877963,
2149.905737015, 0.994766431,
2149.946601143, 0.995090052,
2149.967033357, 0.994579112,
2149.987465470, 0.994923192,
2150.007897483, 0.994260681,
2150.028329695, 0.994548143,
2150.048761807, 0.994796848,
2150.069194018, 0.994841309,
2150.089626029, 0.994347901,
2150.110058139, 0.994444366,
2150.130490348, 0.994334222,
2150.150922358, 0.994430958,
2150.171354466, 0.994630210,
2150.191786675, 0.994588833,
2150.212218682, 0.994634010,
2150.232650790, 0.994857388,
2150.253082997, 0.994712004,
2150.273515103, 0.994324042,
2150.293947108, 0.994357784,
2150.314379314, 0.994704804,
2150.334811418, 0.994318228,
2150.355243423, 0.994896014,
2150.375675626, 0.994820540,
2150.396107630, 0.994611248,
2150.416539733, 0.994217072,
2150.436971935, 0.994528841,
2150.457403937, 0.994448894,
2150.477836038, 0.994459632,
2150.498268239, 0.994758837,
2150.518700239, 0.994965391,
2150.539132339, 0.994267214,
2150.559564539, 0.994800038,
2150.579996537, 0.994687969,
2150.600428636, 0.994259060,
2150.620860834, 0.994477914,
2150.682157124, 0.994968564,
2150.702589220, 0.994758049,
2150.723021316, 0.994716035,
2150.743453411, 0.994338185,
2150.784317699, 0.994557333,
2150.804749692, 0.994502950,
2150.845613978, 0.994408124,
2150.866045970, 0.994518242,
2150.886478061, 0.994653051,
2150.906910252, 0.994162951,
2150.927342243, 0.993878000,
2150.947774333, 0.994162231,
2150.968206522, 0.994187178,
2150.988638511, 0.994620087,
2151.009070600, 0.994425747,
2151.029502688, 0.994314814,
2151.049934776, 0.994773500,
2151.070366863, 0.994820035,
2151.090799049, 0.994521964,
2151.111231036, 0.994585971,
2151.131663121, 0.994501187,
2151.152095306, 0.994490839,
2151.172527291, 0.994818526,
2151.192959375, 0.994261261,
2151.213391559, 0.994785189,
2151.233823542, 0.994670855,
2151.254255725, 0.994149247,
2151.274687807, 0.994353551,
2151.295119789, 0.994786836,
2151.315551970, 0.994386736,
2151.335984051, 0.994160020,
2151.356416031, 0.994700731,
2151.376848211, 0.994659764,
2151.397280290, 0.994743536,
2151.417712269, 0.994617323,
2151.438144448, 0.994674093,
2151.458576525, 0.994769034,
2151.479008503, 0.994693845,
2151.499440680, 0.994796452,
2151.519872756, 0.994884989,
2151.540304832, 0.994636665,
2151.560736908, 0.994916379,
2151.581168983, 0.994767979,
2151.601601057, 0.994510306,
2151.622033231, 0.994724188,
2151.642465205, 0.994800378,
2151.662897278, 0.994782284,
2151.683329450, 0.994867291,
2151.703761422, 0.994589326,
2151.724193494, 0.994717459,
2151.744625665, 0.994724810,
2151.785489706, 0.994879606,
2151.805921875, 0.994805399,
2151.846785913, 0.994591234,
2151.867217981, 0.994670972,
2151.908082216, 0.994872463,
2151.928514183, 0.995290235,
2151.948946249, 0.994935385,
2151.969378415, 0.995300271,
2151.989810481, 0.995516404,
2152.010242445, 0.995314494,
2152.030674610, 0.994907202,
2152.051106674, 0.994835079,
2152.071538637, 0.994796246,
2152.112402863, 0.995265231,
2152.132834824, 0.994654809,
2152.153266986, 0.994578334,
2152.173699047, 0.994789261,
2152.194131008, 0.994524506,
2152.214563168, 0.994896896,
2152.234995228, 0.994843230,
2152.255427187, 0.994881523,
2152.275859345, 0.995202693,
2152.296291403, 0.995089196,
2152.357587575, 0.995053063,
2152.378019631, 0.994804727,
2152.398451687, 0.995071783,
2152.418883742, 0.994868738,
2152.439315797, 0.994884499,
2152.459747951, 0.994854808,
2152.480179905, 0.994989297,
2152.500612058, 0.995058721,
2152.521044112, 0.995012175,
2152.541476064, 0.995053938,
2152.561908216, 0.995351219,
2152.582340267, 0.995064036,
2152.602772218, 0.995093997,
2152.623204369, 0.995084517,
2152.643636319, 0.995470476,
2152.664068369, 0.995118790,
2152.684500518, 0.995136329,
2152.704932466, 0.995600085,
2152.725364514, 0.995100770,
2152.745796662, 0.995075933,
2152.766228609, 0.995325630,
2152.786660656, 0.995247631,
2152.807092802, 0.995229303,
2152.827524848, 0.995993323,
2152.847956794, 0.995043324,
2152.868388938, 0.994659952,
2152.888820983, 0.995420812,
2152.909252927, 0.995218039,
2152.929685070, 0.995017134,
2152.950117113, 0.995436901,
2152.970549056, 0.995228629,
2152.990981198, 0.995329965,
2153.011413240, 0.995395577,
2153.031845180, 0.995253013,
2153.052277321, 0.995192131,
2153.072709361, 0.995403390,
2153.093141501, 0.995620835,
2153.113573440, 0.995521334,
2153.134005479, 0.995253662,
2153.154437617, 0.995529657,
2153.174869555, 0.995625583,
2153.195301592, 0.995215883,
2153.215733729, 0.995294153,
2153.236165665, 0.995562852,
2153.256597701, 0.995239904,
2153.297461872, 0.995382839,
2153.317893806, 0.995570612,
2153.338325840, 0.995683820,
2153.379189907, 0.995321192,
2153.399622040, 0.995466424,
2153.420053972, 0.995511166,
2153.440486003, 0.995493325,
2153.460918135, 0.996092285,
2153.481350065, 0.996270488,
2153.501782096, 0.995847209,
2153.522214226, 0.995567967,
2153.542646155, 0.995566857,
2153.563078184, 0.995113602,
2153.583510312, 0.995505179,
2153.603942240, 0.995495427,
2153.624374268, 0.995137131,
2153.644806395, 0.995266986,
2153.665238421, 0.995395679,
2153.685670447, 0.995630062,
2153.706102473, 0.995620108,
2153.726534498, 0.995640469,
2153.746966523, 0.995297379,
2153.767398547, 0.995496454,
2153.787830571, 0.995488118,
2153.808262694, 0.995398961,
2153.910422704, 0.995502826,
2153.930854825, 0.995639777,
2153.951286745, 0.995748925,
2153.971718764, 0.995522775,
2153.992150883, 0.995835633,
2154.012582802, 0.995522936,
2154.033014820, 0.995404359,
2154.053446838, 0.996099164,
2154.073878856, 0.996131348,
2154.094310872, 0.995780692,
2154.114742889, 0.995720026,
2154.135174904, 0.995718711,
2154.155606920, 0.995778775,
2154.176038935, 0.995866282,
2154.196470950, 0.995649380,
2154.216902963, 0.995896642,
2154.237335077, 0.995995247,
2154.257766990, 0.996225016,
2154.278199103, 0.995942298,
2154.298631115, 0.996082520,
2154.319063027, 0.996097554,
2154.339495138, 0.995995002,
2154.380359060, 0.995819044,
2154.421223179, 0.995972955,
2154.441655088, 0.996216903,
2154.462087197, 0.995761907,
2154.482519204, 0.995747486,
2154.502951212, 0.995665455,
2154.523383219, 0.995556747,
2154.543815226, 0.995680049,
2154.564247232, 0.995716234,
2154.584679238, 0.995493450,
2154.605111243, 0.995105906,
2154.625543249, 0.995542757,
2154.645975353, 0.996127377,
2154.666407257, 0.995722525,
2154.686839261, 0.995226776,
2154.707271363, 0.995351437,
2154.727703266, 0.995617430,
2154.768567270, 0.995711745,
2154.788999271, 0.995831420,
2154.809431372, 0.995614692,
2154.829863272, 0.995571949,
2154.850295272, 0.995665163,
2154.870727372, 0.995392949,
2154.891159271, 0.995464864,
2154.911591269, 0.995822757,
2154.932023367, 0.995631241,
2154.952455265, 0.995768749,
2154.972887262, 0.995662824,
2154.993319359, 0.995699774,
2155.013751255, 0.995822304,
2155.034183251, 0.996028288,
2155.054615346, 0.995615082,
2155.075047341, 0.995786638,
2155.095479235, 0.996282335,
2155.115911329, 0.995684103,
2155.136343323, 0.995436436,
2155.156775216, 0.995713105,
2155.177207309, 0.995317122,
2155.197639301, 0.995472285,
2155.218071192, 0.995655014,
2155.238503284, 0.995511449,
2155.258935275, 0.995376129,
2155.279367165, 0.996239911,
2155.299799255, 0.996193331,
2155.320231244, 0.995884548,
2155.340663234, 0.996229506,
2155.361095222, 0.996038786,
2155.401959298, 0.996167404,
2155.422391185, 0.995872127,
2155.442823172, 0.996045237,
2155.463255258, 0.996046038,
2155.483687144, 0.995895620,
2155.504119129, 0.995989834,
2155.524551114, 0.995880084,
2155.544983099, 0.996304600,
2155.565415083, 0.996084765,
2155.606279050, 0.996338574,
2155.626711032, 0.996175850,
2155.647143115, 0.996091688,
2155.667574996, 0.996478134,
2155.688006978, 0.996402059,
2155.708439059, 0.996308731,
2155.728870939, 0.996706644,
2155.749302920, 0.996541024,
2155.769734999, 0.996786129,
2155.790166878, 0.997001977,
2155.851462813, 0.996270506,
2155.871894790, 0.996904727,
2155.892326867, 0.996728096,
2155.912758843, 0.996791618,
2155.933190720, 0.996947824,
2155.953622795, 0.996735003,
2155.994486745, 0.996611940,
2156.014918719, 0.996120209,
2156.035350693, 0.996700059,
2156.055782766, 0.996615178,
2156.076214639, 0.996273422,
2156.117078684, 0.996355289,
2156.137510555, 0.996930522,
2156.157942527, 0.996782558,
2156.198806467, 0.996745142,
2156.219238438, 0.996528458,
2156.239670507, 0.996976261,
2156.260102376, 0.996453368,
2156.280534344, 0.996626339,
2156.300966312, 0.997265243,
2156.321398280, 0.996748474,
2156.403126146, 0.996693903,
2156.423558212, 0.996611853,
2156.443990076, 0.996859299,
2156.464422041, 0.996845449,
2156.484854105, 0.996543815,
2156.505285969, 0.997005415,
2156.525717932, 0.996964353,
2156.546149994, 0.996770344,
2156.566581857, 0.996309277,
2156.587013919, 0.996686715,
2156.607445880, 0.996580495,
2156.627877741, 0.996411649,
2156.648309802, 0.996503796,
2156.668741762, 0.996267961,
2156.689173621, 0.996364790,
2156.709605681, 0.996529334,
2156.730037640, 0.996422042,
2156.750469598, 0.996776437,
2156.770901556, 0.996904118,
2156.791333513, 0.996949742,
2156.811765470, 0.997112487,
2156.832197427, 0.996910864,
2156.852629383, 0.996671736,
2156.873061339, 0.996500220,
2156.893493394, 0.996589761,
2156.913925249, 0.996832328,
2156.934357204, 0.996807227,
2156.954789258, 0.996897218,
2156.975221111, 0.996758210,
2156.995653065, 0.996755850,
2157.016085017, 0.996674879,
2157.036516970, 0.996801199,
2157.056948921, 0.996502648,
2157.077380873, 0.996720824,
2157.097812824, 0.997004517,
2157.118244774, 0.997032882,
2157.138676724, 0.996853647,
2157.159108674, 0.997005105,
2157.179540723, 0.996633828,
2157.199972572, 0.996921998,
2157.220404520, 0.996605101,
2157.240836569, 0.996590142,
2157.302132410, 0.996598286,
2157.322564356, 0.996741792,
2157.342996202, 0.996542104,
2157.363428247, 0.996768426,
2157.383860192, 0.996865389,
2157.404292036, 0.996648381,
2157.424724080, 0.997093625,
2157.445156024, 0.996950547,
2157.465587867, 0.996879553,
2157.486019910, 0.996836814,
2157.506451852, 0.997074256,
2157.526883694, 0.997237287,
2157.547315736, 0.996835888,
2157.567747677, 0.997158805,
2157.588179617, 0.997163543,
2157.608611557, 0.997121626,
2157.629043497, 0.996705344,
2157.649475436, 0.996635191,
2157.669907375, 0.997062409,
2157.690339314, 0.996822727,
2157.710771252, 0.996905658,
2157.731203189, 0.997258621,
2157.751635127, 0.997065533,
2157.812930936, 0.996829993,
2157.833362971, 0.997009824,
2157.853794806, 0.996990185,
2157.874226740, 0.996830215,
2157.894658775, 0.996713916,
2157.915090609, 0.997121568,
2157.935522542, 0.997096386,
2157.955954575, 0.996977165,
2157.976386407, 0.997363029,
2157.996818339, 0.997124259,
2158.017250371, 0.997056077,
2158.037682202, 0.997241496,
2158.078546163, 0.997210452,
2158.098978093, 0.997523488,
2158.139841952, 0.996717777,
2158.160273881, 0.997243806,
2158.180705708, 0.996941197,
2158.201137736, 0.996927649,
2158.221569664, 0.997378674,
2158.242001491, 0.997219732,
2158.262433517, 0.997261994,
2158.282865443, 0.997884561,
2158.303297269, 0.997394661,
2158.323729294, 0.997089962,
2158.344161219, 0.996803861,
2158.364593244, 0.996999031,
2158.385025067, 0.997193446,
2158.405456991, 0.997067736,
2158.425889014, 0.997086769,
2158.446320837, 0.997434719,
2158.466752760, 0.996898462,
2158.487184781, 0.997018815,
2158.507616603, 0.997222586,
2158.528048524, 0.996926405,
2158.548480444, 0.997061422,
2158.568912365, 0.996862917,
2158.589344284, 0.997130604,
2158.609776303, 0.997168686,
2158.630208122, 0.997152453,
2158.650640041, 0.997488879,
2158.671072059, 0.997497951,
2158.691503877, 0.997344048,
2158.711935794, 0.997110681,
2158.732367811, 0.997195189,
2158.773231543, 0.997104906,
2158.793663559, 0.997215686,
2158.814095374, 0.997005421,
2158.834527289, 0.997112897,
2158.854959304, 0.997245603,
2158.875391117, 0.997303898,
2158.895823131, 0.997129699,
2158.916255044, 0.997197833,
2158.936686957, 0.997265983,
2158.957118869, 0.997308043,
2158.977550780, 0.997244639,
2158.997982692, 0.997256632,
2159.018414603, 0.997498189,
2159.059278424, 0.997020661,
2159.079710433, 0.997238959,
2159.100142243, 0.997227361,
2159.120574152, 0.996969923,
2159.141006160, 0.996861723,
2159.161437968, 0.997115330,
2159.181869876, 0.997294702,
2159.202301883, 0.997531762,
2159.222733690, 0.997598835,
2159.243165597, 0.997525885,
2159.263597503, 0.997576998,
2159.284029408, 0.997618266,
2159.304461313, 0.997646099,
2159.324893218, 0.997100049,
2159.345325123, 0.997400210,
2159.386188930, 0.997326382,
2159.406620833, 0.997532708,
2159.427052736, 0.997254499,
2159.447484738, 0.997200416,
2159.508780443, 0.997278286,
2159.529212244, 0.997501904,
2159.549644244, 0.997448971,
2159.570076143, 0.997185175,
2159.610939942, 0.997295451,
2159.631371841, 0.997021429,
2159.651803639, 0.997472570,
2159.672235637, 0.997591469,
2159.713099331, 0.997609671,
2159.753963224, 0.997886826,
2159.774395119, 0.997763581,
2159.794827015, 0.997587669,
2159.815258910, 0.997468412,
2159.835690805, 0.997343105,
2159.856122698, 0.997195712,
2159.876554592, 0.997347734,
2159.896986486, 0.997220695,
2159.917418478, 0.997421698,
2159.958282163, 0.997652773,
2159.978714055, 0.997289792,
2159.999145946, 0.997260545,
2160.019577737, 0.996936179,
2160.040009727, 0.997065035,
2160.060441617, 0.997133187,
2160.080873607, 0.996811109,
2160.101305396, 0.996753669,
2160.121737285, 0.997071812,
2160.142169274, 0.996945330,
2160.162601061, 0.997025162,
2160.183032949, 0.997251789,
2160.203464936, 0.997505488,
2160.223896723, 0.997420844,
2160.244328610, 0.997295808,
2160.264760596, 0.997553790,
2160.285192481, 0.997344413,
2160.305624266, 0.997703820,
2160.326056251, 0.997605704,
2160.346488135, 0.997488240,
2160.366919919, 0.997638934,
2160.387351903, 0.997351620,
2160.407783786, 0.997088240,
2160.428215569, 0.997143710,
2160.448647551, 0.997274578,
2160.469079433, 0.997036906,
2160.489511215, 0.996702711,
2160.509943196, 0.997059658,
2160.530375077, 0.997386816,
2160.550806857, 0.997068194,
2160.571238837, 0.997112170,
2160.591670717, 0.997264334,
2160.612102596, 0.996735533,
2160.632534475, 0.997228073,
2160.652966353, 0.997267611,
2160.673398331, 0.997309583,
2160.734693963, 0.997662945,
2160.755125739, 0.997405670,
2160.775557615, 0.997494310,
2160.795989491, 0.997525323,
2160.816421366, 0.997512320,
2160.836853241, 0.997454299,
2160.857285215, 0.997292363,
2160.877716989, 0.997420624,
2160.898148862, 0.997866125,
2160.918580836, 0.997652905,
2160.939012608, 0.997784217,
2160.959444481, 0.997835528,
2160.979876453, 0.997500247,
2161.000308224, 0.997280933,
2161.020740095, 0.997461579,
2161.041172066, 0.997496466,
2161.061603837, 0.997194951,
2161.082035707, 0.997448352,
2161.102467677, 0.997327652,
2161.122899546, 0.996921432,
2161.143331314, 0.997641397,
2161.163763283, 0.997604717,
2161.184195151, 0.997280747,
2161.204626919, 0.997402973,
2161.225058886, 0.997203274,
2161.245490753, 0.997699599,
2161.265922519, 0.997451333,
2161.286354485, 0.997307937,
2161.306786351, 0.997324777,
2161.327218316, 0.997556266,
2161.347650081, 0.997523460,
2161.368081946, 0.997639743,
2161.388513910, 0.997679998,
2161.408945673, 0.997571716,
2161.470241262, 0.997764626,
2161.490673124, 0.997987354,
2161.511104986, 0.997512441,
2161.531536847, 0.997554924,
2161.551968708, 0.997518473,
2161.572400569, 0.997492946,
2161.592832429, 0.997858357,
2161.613264289, 0.998031585,
2161.633696148, 0.998004860,
2161.654128007, 0.998119309,
2161.674559866, 0.999063994,
2161.735855440, 0.998073156,
2161.756287397, 0.998160863,
2161.776719153, 0.997745556,
2161.797151010, 0.997916148,
2161.838014721, 0.997656290,
2161.858446676, 0.997812601,
2161.878878531, 0.997529364,
2161.899310285, 0.997529668,
2161.919742239, 0.997729830,
2161.940174093, 0.997889877,
2161.960605946, 0.997876376,
2161.981037799, 0.997939924,
2162.001469651, 0.997989899,
2162.021901503, 0.997785224,
2162.042333355, 0.997601946,
2162.062765206, 0.997964471,
2162.083197057, 0.997610201,
2162.103628908, 0.998077423,
2162.124060758, 0.997525578,
2162.144492608, 0.997772719,
2162.164924557, 0.997910804,
2162.205788154, 0.998218623,
2162.226220003, 0.998147580,
2162.246651850, 0.998179304,
2162.267083598, 0.998108535,
2162.287515545, 0.997969961,
2162.307947391, 0.998076325,
2162.328379138, 0.998288682,
2162.348811084, 0.998404157,
2162.369242929, 0.998161803,
2162.389674774, 0.997580972,
2162.410106619, 0.997826456,
2162.430538463, 0.997759124,
2162.450970407, 0.997890674,
2162.471402151, 0.998034004,
2162.491833994, 0.997938033,
2162.512265937, 0.998048191,
2162.532697779, 0.997912307,
2162.553129521, 0.997512407,
2162.573561463, 0.997491804,
2162.593993304, 0.997544506,
2162.614425045, 0.997360806,
2162.634856986, 0.997584615,
2162.655288826, 0.997585335,
2162.696152505, 0.997668574,
2162.716584344, 0.998135978,
2162.737016083, 0.997921081,
2162.757448021, 0.997853773,
2162.777879859, 0.997659808,
2162.798311697, 0.997497889,
2162.818743534, 0.997544607,
2162.839175371, 0.997844509,
2162.859607207, 0.997551174,
2162.880039043, 0.997733701,
2162.900470879, 0.997798638,
2162.920902714, 0.997966752,
2162.941334549, 0.997888102,
2162.961766383, 0.998030659,
2162.982198217, 0.997701083,
2163.002630051, 0.997991245,
2163.023061884, 0.998390576,
2163.043493817, 0.997979658,
2163.063925550, 0.998165144,
2163.084357382, 0.997996605,
2163.104789314, 0.998255102,
2163.125221046, 0.998135347,
2163.186516538, 0.998009573,
2163.206948368, 0.998224990,
2163.227380297, 0.998396184,
2163.247812027, 0.997985466,
2163.268243856, 0.997963213,
2163.288675784, 0.997821424,
2163.309107512, 0.998036859,
2163.329539340, 0.998197833,
2163.349971268, 0.998005816,
2163.370403095, 0.998150481,
2163.390834821, 0.998207674,
2163.411266747, 0.998389670,
2163.431698573, 0.998822794,
2163.452130299, 0.998307087,
2163.472562224, 0.998549059,
2163.492994049, 0.998019489,
2163.513425773, 0.998332977,
2163.533857697, 0.998347666,
2163.554289521, 0.998597888,
2163.574721444, 0.999128229,
2163.595153167, 0.998481851,
2163.615584990, 0.998441897,
2163.697312276, 0.998344774,
2163.717744097, 0.998433476,
2163.738175917, 0.998656120,
2163.758607737, 0.998394667,
2163.779039557, 0.998685016,
2163.799471376, 0.998376754,
2163.819903195, 0.998414278,
2163.840335013, 0.998645730,
2163.860766832, 0.998761677,
2163.881198749, 0.998530667,
2163.922062284, 0.998796295,
2163.942494200, 0.998345842,
2163.962925917, 0.998290078,
2163.983357733, 0.998126375,
2164.003789648, 0.998278521,
2164.024221363, 0.997964421,
2164.065085093, 0.998104977,
2164.085516807, 0.998593549,
2164.105948621, 0.998598269,
2164.126380534, 0.998576441,
2164.146812247, 0.998888359,
2164.167244160, 0.998589184,
2164.187675972, 0.998548610,
2164.208107784, 0.998651681,
2164.228539596, 0.998279788,
2164.248971407, 0.998088246,
2164.269403218, 0.998360565,
2164.289835128, 0.998277767,
2164.310266838, 0.998479298,
2164.330698648, 0.998223229,
2164.351130557, 0.998266247,
2164.412425883, 0.998309427,
2164.432857691, 0.998738774,
2164.453289499, 0.998601235,
2164.473721306, 0.998465457,
2164.494153113, 0.998992656,
2164.514584820, 0.998305993,
2164.535016726, 0.998246357,
2164.555448531, 0.998174310,
2164.575880337, 0.998341553,
2164.596312142, 0.998163062,
2164.616743947, 0.998561690,
2164.637175751, 0.998569837,
2164.657607555, 0.998676513,
2164.678039359, 0.998577078,
2164.698471262, 0.998403154,
2164.718903065, 0.998696084,
2164.739334767, 0.998557791,
2164.759766669, 0.998685147,
2164.780198471, 0.998220730,
2164.800630173, 0.998778614,
2164.821062074, 0.998520322,
2164.841493875, 0.998768134,
2164.861925575, 0.998412901,
2164.902789275, 0.998804209,
2164.923220974, 0.999007582,
2164.943652873, 0.998837917,
2164.964084672, 0.998776303,
2164.984516370, 0.998520254,
2165.025380065, 0.999015238,
2165.045811863, 0.999293723,
2165.066243660, 0.998981592,
2165.086675456, 0.998827223,
2165.107107252, 0.999169927,
2165.127539048, 0.999132329,
2165.147970844, 0.999109579,
2165.168402639, 0.999087964,
2165.188834533, 0.999132956,
2165.209266228, 0.999036029,
2165.229698122, 0.999280368,
2165.270561609, 0.999051474,
2165.290993502, 0.999032668,
2165.311425194, 0.998992593,
2165.331856987, 0.998837594,
2165.352288878, 0.999057120,
2165.393152361, 0.998615640,
2165.413584252, 0.999183785,
2165.434015943, 0.998923990,
2165.454447733, 0.998621337,
2165.474879622, 0.999334016,
2165.495311312, 0.999404295,
2165.536174990, 0.999206251,
2165.556606778, 0.999139864,
2165.577038466, 0.998691490,
2165.597470354, 0.999051686,
2165.638333829, 0.999542304,
2165.658765715, 0.999245134,
2165.679197501, 0.999246739,
2165.699629188, 0.999300948,
2165.720061073, 0.999248327,
2165.740492858, 0.999152353,
2165.760924743, 0.999387411,
2165.781356428, 0.998816273,
2165.801788212, 0.999304378,
2165.822220096, 0.999163834,
2165.842651780, 0.998875933,
2165.863083563, 0.998870283,
2165.883515346, 0.999342951,
2165.903947128, 0.999366681,
2165.924378910, 0.999424152,
2165.944810692, 0.998779400,
2165.965242474, 0.999270989,
2165.985674255, 0.999689167,
2166.006106035, 0.999237098,
2166.026537816, 0.999670967,
2166.046969596, 0.999598644,
2166.067401476, 0.999544027,
2166.108264934, 0.999390341,
2166.128696813, 0.999417279,
2166.149128491, 0.999290751,
2166.169560269, 0.999736557,
2166.189992147, 0.999584144,
2166.210423824, 1.000203070,
2166.230855601, 0.999637476,
2166.251287478, 0.999712984,
2166.271719154, 0.999594802,
2166.292151030, 0.999217265,
2166.312582806, 0.999562226,
2166.333014481, 0.999604825,
2166.373878131, 1.000037139,
2166.394309905, 0.999229483,
2166.414741679, 0.999402387,
2166.435173453, 0.999459894,
2166.455605226, 0.999886589,
2166.476036999, 0.999266228,
2166.496468772, 0.999995059,
2166.516900544, 0.999820053,
2166.537332416, 0.999965102,
2166.557764087, 0.999744494,
2166.578195858, 0.999769037,
2166.598627729, 0.999731896,
2166.619059400, 0.999507917,
2166.639491170, 0.999579642,
2166.659922940, 0.999678414,
2166.700786479, 0.999634528,
2166.721218248, 0.999991465,
2166.741650016, 0.999824563,
2166.762081784, 0.999786142,
2166.782513552, 0.999691067,
2166.802945320, 0.999637121,
2166.823377187, 0.999729836,
2166.864240620, 0.999631942,
2166.884672486, 0.999773115,
2166.905104252, 0.999155207,
2166.925535918, 0.999296461,
2166.945967783, 0.999463582,
2166.966399548, 0.999394126,
2166.986831212, 0.999625816,
2167.007263077, 0.999874394,
2167.027694840, 0.999736488,
2167.048126504, 0.999461459,
2167.109421792, 0.999357972,
2167.129853655, 0.999579532,
2167.150285416, 0.999328921,
2167.170717078, 0.999648376,
2167.191148939, 0.999710679,
2167.211580700, 0.999294299,
2167.232012461, 0.999438380,
2167.252444221, 0.999319082,
2167.293307740, 0.999924866,
2167.313739499, 0.999254668,
2167.354603117, 0.999765648,
2167.375034775, 0.998593500,
2167.395466533, 0.999607593,
2167.415898390, 0.999757502,
2167.436330048, 0.999380294,
2167.456761805, 0.999743816,
2167.477193661, 0.999928692,
2167.497625317, 0.999691719,
2167.518057073, 0.999957569,
2167.538488929, 0.999968690,
2167.558920584, 1.000253405,
2167.599784194, 0.999945161,
2167.620215848, 0.999925830,
2167.640647602, 0.999861608,
2167.661079455, 0.999939764,
2167.701942862, 1.000084170,
2167.722374714, 0.999754910,
2167.742806467, 0.999866615,
2167.763238119, 1.000184165,
2167.783669970, 0.999847676,
2167.804101722, 0.999885697,
2167.844965223, 0.999772012,
2167.865396974, 1.000196071,
2167.885828824, 1.000579205,
2167.906260474, 1.000149877,
2167.926692223, 1.000329506,
2167.947124072, 1.000473070,
2167.967555721, 1.000112465,
2168.008419317, 1.000254289,
2168.028850965, 1.000045873,
2168.049282713, 1.000148107,
2168.090146206, 0.999996030,
2168.110577953, 1.000130188,
2168.131009699, 1.000776296,
2168.151441445, 1.000538103,
2168.171873190, 1.000506674,
2168.192304936, 1.000495126,
2168.212736681, 1.000519421,
2168.233168425, 1.000765947,
2168.253600269, 1.000661639,
2168.274031913, 1.000587111,
2168.294463657, 1.000430741,
2168.335327343, 1.000264522,
2168.355759086, 1.000255537,
2168.376190928, 1.000170537,
2168.417054512, 1.000161369,
2168.437486153, 1.000180975,
2168.457917894, 1.000147722,
2168.478349735, 1.000382403,
2168.498781376, 0.999896502,
2168.519213116, 1.000386733,
2168.539644956, 1.000497859,
2168.580508334, 1.000657387,
2168.600940173, 1.000575888,
2168.621371911, 1.000639961,
2168.641803550, 1.000303048,
2168.662235388, 1.000628683,
2168.682667125, 1.000661040,
2168.703098763, 1.000749720,
2168.723530599, 1.000593667,
2168.743962336, 1.000352863,
2168.764393972, 1.000298814,
2168.784825808, 1.000319483,
2168.825689180, 1.001047542,
2168.846121015, 1.000529675,
2168.866552649, 1.000511118,
2168.886984384, 1.000675900,
2168.907416218, 1.000443605,
2168.927847852, 1.000398745,
2168.948279685, 1.000642833,
2168.968711419, 1.000777941,
2168.989143051, 1.000489589,
2169.009574884, 1.000681483,
2169.030006616, 1.000477331,
2169.070870080, 1.000608286,
2169.091301811, 1.000305443,
2169.111733542, 1.000477837,
2169.132165273, 1.000244510,
2169.152597003, 1.000311436,
2169.173028733, 1.000703329,
2169.213892193, 1.001046146,
2169.234323922, 1.000411224,
2169.254755751, 1.000359938,
2169.275187379, 1.000307929,
2169.316050936, 1.001019528,
2169.336482563, 1.000870857,
2169.356914290, 1.000606019,
2169.377346117, 1.000676833,
2169.397777744, 1.000907661,
2169.418209571, 1.000973712,
2169.438641297, 1.001143306,
2169.459073023, 1.000933361,
2169.479504748, 1.000514431,
2169.499936373, 1.000904608,
2169.520368198, 1.000880400,
2169.561231647, 1.000829381,
2169.602095095, 1.000508488,
2169.642958441, 1.000518663,
2169.663390264, 1.000720694,
2169.683821986, 1.000812384,
2169.704253608, 1.000626164,
2169.724685430, 1.001193432,
2169.745117152, 1.001152143,
2169.765548773, 1.001287346,
2169.806412314, 1.001066669,
2169.826843935, 1.001197116,
2169.847275755, 1.001434547,
2169.867707474, 1.001606794,
2169.888139294, 1.001279902,
2169.908570913, 1.000850257,
2169.929002632, 1.001468016,
2169.949434450, 1.001112482,
2169.969866068, 1.001202727,
2169.990297786, 1.000886785,
2170.010729604, 1.001150922,
2170.051592938, 1.001406835,
2170.092456471, 1.001223867,
2170.112888087, 1.001161373,
2170.133319903, 1.001157471,
2170.153751619, 1.001618758,
2170.174183234, 1.001217389,
2170.194615049, 1.001597899,
2170.215046763, 1.001755485,
2170.235478378, 1.001211701,
2170.255910192, 1.001673160,
2170.296773519, 1.001234468,
2170.317205332, 1.001386619,
2170.337636945, 1.001358283,
2170.358068657, 1.001350419,
2170.378500469, 1.001834380,
2170.398932181, 1.001375445,
2170.419363893, 1.001337749,
2170.439795604, 1.001747025,
2170.460227316, 1.001226295,
2170.480659026, 1.000949148,
2170.501090737, 1.001036209,
2170.521522447, 1.001617971,
2170.541954257, 1.001679043,
2170.562385866, 1.001563546,
2170.582817576, 1.001985712,
2170.603249385, 1.001755252,
2170.623680993, 1.001662000,
2170.644112702, 1.001779064,
2170.664544510, 1.001468702,
2170.684976118, 1.002062805,
2170.705407825, 1.001596764,
2170.725839633, 1.001697615,
2170.787134752, 1.001725131,
2170.807566359, 1.001874892,
2170.827998064, 1.001567522,
2170.868861575, 1.002135829,
2170.889293280, 1.001722463,
2170.909724984, 1.001666218,
2170.930156689, 1.001354560,
2170.950588393, 1.001489579,
2170.971020097, 1.001631027,
2170.991451700, 1.001167740,
2171.052746809, 1.001864811,
2171.073178611, 1.002133778,
2171.093610313, 1.001579897,
2171.134473716, 1.001678362,
2171.154905418, 1.002136216,
2171.175337018, 1.001892009,
2171.216200519, 1.001871410,
2171.236632219, 1.001728856,
2171.277495618, 1.001715532,
2171.297927318, 1.001637181,
2171.318359017, 1.001448404,
2171.338790715, 1.001875216,
2171.359222514, 1.001770747,
2171.379654212, 1.001895566,
2171.400085809, 1.001980116,
2171.420517607, 1.001643986,
2171.440949304, 1.001823632,
2171.461380901, 1.002159252,
2171.481812697, 1.001935352,
2171.522675990, 1.001792370,
2171.543107785, 1.001724565,
2171.563539481, 1.002483961,
2171.583971076, 1.002192529,
2171.604402871, 1.001898561,
2171.624834565, 1.002245373,
2171.645266160, 1.001750949,
2171.665697954, 1.002193268,
2171.686129648, 1.002313783,
2171.706561241, 1.002114698,
2171.747424727, 1.002256940,
2171.767856320, 1.001824040,
2171.788288113, 1.002083913,
2171.808719804, 1.002191442,
2171.829151496, 1.002113485,
2171.849583188, 1.001953617,
2171.870014879, 1.002686106,
2171.890446570, 1.002831261,
2171.910878261, 1.002517216,
2171.931309951, 1.002218539,
2171.951741741, 1.002491589,
2172.013036810, 1.002287411,
2172.033468399, 1.001851819,
2172.053900088, 1.002186055,
2172.074331877, 1.002839151,
2172.094763465, 1.001989735,
2172.115195153, 1.001820246,
2172.135626940, 1.001869289,
2172.156058528, 1.001692878,
2172.176490215, 1.002325628,
2172.196922002, 1.002427060,
2172.217353688, 1.002498193,
2172.258217061, 1.001983552,
2172.278648746, 1.001683135,
2172.299080432, 1.002105254,
2172.319512117, 1.002687669,
2172.339943802, 1.001936582,
2172.360375486, 1.001938764,
2172.380807171, 1.001753649,
2172.401238855, 1.002284105,
2172.421670539, 1.002091903,
2172.442102222, 1.001935223,
2172.462533906, 1.002290731,
2172.482965588, 1.001800326,
2172.503397271, 1.001727467,
2172.523828854, 1.002339426,
2172.544260636, 1.001768556,
2172.564692318, 1.001888500,
2172.585124000, 1.002400388,
2172.605555681, 1.001679908,
2172.625987362, 1.002111556,
2172.646419043, 1.002264304,
2172.666850723, 1.002317365,
2172.687282404, 1.002374391,
2172.748577443, 1.002502425,
2172.769009222, 1.002778800,
2172.789440901, 1.002744105,
2172.809872480, 1.002601628,
2172.830304258, 1.002309738,
2172.850735936, 1.002301993,
2172.871167514, 1.002729663,
2172.891599292, 1.002354612,
2172.912030969, 1.002164146,
2172.932462546, 1.002386685,
2172.952894323, 1.002107302,
2172.973326000, 1.002376572,
2172.993757576, 1.002514777,
2173.014189352, 1.002076142,
2173.034621028, 1.002197398,
2173.055052703, 1.002219053,
2173.075484379, 1.002016666,
2173.095916054, 1.002617042,
2173.116347728, 1.002497974,
2173.157211077, 1.002458195,
2173.177642751, 1.002303741,
2173.238937871, 1.002417467,
2173.259369444, 1.002531906,
2173.279801116, 1.002694781,
2173.300232889, 1.002603692,
2173.320664461, 1.003060331,
2173.341096133, 1.003082783,
2173.361527904, 1.002692494,
2173.381959476, 1.002582170,
2173.402391147, 1.003036200,
2173.422822917, 1.002624721,
2173.443254488, 1.002606259,
2173.484117928, 1.002758098,
2173.504549498, 1.002940817,
2173.524981167, 1.003067328,
2173.545412936, 1.002583122,
2173.565844505, 1.002907244,
2173.586276274, 1.002820186,
2173.606707942, 1.002841632,
2173.627139610, 1.002101583,
2173.647571278, 1.002737711,
2173.668002946, 1.002307753,
2173.688434613, 1.002754799,
2173.749729614, 1.003099784,
2173.770161380, 1.002793050,
2173.790592947, 1.002819941,
2173.811024612, 1.002980709,
2173.831456378, 1.002906929,
2173.872319608, 1.002686814,
2173.892751273, 1.002520360,
2173.933614502, 1.002810803,
2173.954046266, 1.002848554,
2173.974477930, 1.002353341,
2173.994909694, 1.002435540,
2174.035772920, 1.002785256,
2174.056204683, 1.003069455,
2174.076636345, 1.002859031,
2174.097067908, 1.002877922,
2174.117499670, 1.003365451,
2174.137931332, 1.002947895,
2174.158362893, 1.002932979,
2174.178794654, 1.002929228,
2174.219657876, 1.003679927,
2174.240089637, 1.003679050,
2174.260521297, 1.002910579,
2174.280952857, 1.002918473,
2174.301384617, 1.003125959,
2174.321816276, 1.003239572,
2174.362679595, 1.003166190,
2174.383111253, 1.003208217,
2174.403542812, 1.002877496,
2174.423974570, 1.002559932,
2174.464837986, 1.003669861,
2174.485269544, 1.003104883,
2174.505701201, 1.003199347,
2174.526132858, 1.003194021,
2174.546564615, 1.003576379,
2174.566996171, 1.003236214,
2174.607859484, 1.002918060,
2174.628291139, 1.003063282,
2174.648722895, 1.003219995,
2174.669154450, 1.003045863,
2174.689586105, 1.002887539,
2174.710017860, 1.003155449,
2174.730449415, 1.003835925,
2174.750881069, 1.002949890,
2174.771312823, 1.003165084,
2174.791744377, 1.003281309,
2174.812176031, 1.003354430,
2174.832607784, 1.003079265,
2174.853039337, 1.003089358,
2174.873471090, 1.003407373,
2174.893902743, 1.003398790,
2174.955197699, 1.003734632,
2174.975629351, 1.003248424,
2175.016492653, 1.003731081,
2175.036924304, 1.003295656,
2175.057356055, 1.003123434,
2175.077787605, 1.003003577,
2175.098219256, 1.003598605,
2175.118651005, 1.003357818,
2175.139082555, 1.003279776,
2175.159514205, 1.003601039,
2175.200377503, 1.003526552,
2175.220809152, 1.002942603,
2175.241240900, 1.002988176,
2175.261672448, 1.003605319,
2175.282104197, 1.003418951,
2175.302535844, 1.003240690,
2175.322967392, 1.003394285,
2175.343399139, 1.003957101,
2175.363830686, 1.004089236,
2175.404694080, 1.003745489,
2175.465989018, 1.003032869,
2175.486420664, 1.004098939,
2175.506852209, 1.003449188,
2175.527283955, 1.003617452,
2175.547715599, 1.003653713,
2175.568147144, 1.003397055,
2175.588578889, 1.003389664,
2175.609010533, 1.003179610,
2175.629442077, 1.003321189,
2175.649873821, 1.003217655,
2175.670305464, 1.003306381,
2175.690737208, 1.003398717,
2175.711168751, 1.003443933,
2175.731600394, 1.003606884,
2175.752032136, 1.003791275,
2175.772463679, 1.003839804,
2175.792895321, 1.003753761,
2175.813327063, 1.003627190,
2175.833758604, 1.003847960,
2175.854190246, 1.003799400,
2175.874621987, 1.003519182,
2175.895053628, 1.004026577,
2175.915485169, 1.004064272,
2175.935916909, 1.003669390,
2175.956348550, 1.003832558,
2175.976780090, 1.003717319,
2175.997211830, 1.003852582,
2176.017643369, 1.004457288,
2176.038075009, 1.004330716,
2176.058506748, 1.004785433,
2176.078938387, 1.003972261,
2176.140233202, 1.004148126,
2176.181096578, 1.003741687,
2176.201528116, 1.003851442,
2176.221959853, 1.003606968,
2176.242391490, 1.003751527,
2176.262823027, 1.004025454,
2176.283254764, 1.003795310,
2176.303686400, 1.003875631,
2176.324118036, 1.003896990,
2176.344549672, 1.004311748,
2176.364981308, 1.004076468,
2176.426276214, 1.003631444,
2176.446707849, 1.004007022,
2176.467139583, 1.004105888,
2176.487571118, 1.003581548,
2176.508002852, 1.004139593,
2176.528434486, 1.004098335,
2176.548866020, 1.003427477,
2176.569297753, 1.004210745,
2176.589729386, 1.004357385,
2176.610160919, 1.003766272,
2176.630592652, 1.003974301,
2176.671455817, 1.003942899,
2176.691887549, 1.004214173,
2176.712319181, 1.004188018,
2176.732750713, 1.004250648,
2176.753182445, 1.003970143,
2176.773613976, 1.003564998,
2176.794045607, 1.003781527,
2176.814477338, 1.004224836,
2176.834908968, 1.003948595,
2176.855340499, 1.004544191,
2176.875772229, 1.004307837,
2176.896203859, 1.004283139,
2176.916635489, 1.004252334,
2176.937067118, 1.003850708,
2176.957498748, 1.003835680,
2176.977930477, 1.004161586,
2176.998362006, 1.003897098,
2177.018793634, 1.004227866,
2177.039225363, 1.004336675,
2177.059656891, 1.004019919,
2177.080088519, 1.004022689,
2177.100520247, 1.003422637,
2177.161815129, 1.003809861,
2177.182246656, 1.003915039,
2177.202678283, 1.004225035,
2177.223110009, 1.003976570,
2177.243541535, 1.003686308,
2177.263973161, 1.003799491,
2177.284404887, 1.003484722,
2177.304836513, 1.003455654,
2177.325268138, 1.004343673,
2177.366131388, 1.004014108,
2177.406994638, 1.003997747,
2177.427426262, 1.004139184,
2177.447857986, 1.004677981,
2177.468289510, 1.004032709,
2177.488721134, 1.004454194,
2177.509152757, 1.004292022,
2177.529584381, 1.003716136,
2177.550015904, 1.004061906,
2177.570447627, 1.004174635,
2177.590879249, 1.003605327,
2177.611310772, 1.003896183,
2177.652174116, 1.004238464,
2177.672605738, 1.004669037,
2177.693037359, 1.004073711,
2177.713468981, 1.004275728,
2177.733900702, 1.004517486,
2177.754332223, 1.004395760,
2177.774763844, 1.004837493,
2177.795195564, 1.004483864,
2177.815627185, 1.004331130,
2177.836058705, 1.004462016,
2177.856490425, 1.004131152,
2177.897353564, 1.004465057,
2177.917785283, 1.004206955,
2177.938216902, 1.004431599,
2177.958648422, 1.004460217,
2177.979080140, 1.004756457,
2177.999511759, 1.004594863,
2178.019943277, 1.004344543,
2178.040374995, 1.004392029,
2178.060806613, 1.004585089,
2178.081238131, 1.004728313,
2178.101669848, 1.004524636,
2178.122101465, 1.004449940,
2178.142533082, 1.004626134,
2178.162964699, 1.004583681,
2178.183396316, 1.004546532,
2178.203827932, 1.004540481,
2178.224259549, 1.004821532,
2178.244691165, 1.004557748,
2178.265122780, 1.004596182,
2178.305986012, 1.004680174,
2178.326417627, 1.004787126,
2178.346849242, 1.004696166,
2178.367280857, 1.004334058,
2178.387712571, 1.004626201,
2178.408144086, 1.004629853,
2178.428575700, 1.004402309,
2178.449007414, 1.004731147,
2178.469438928, 1.004450471,
2178.489870542, 1.004534757,
2178.510302255, 1.004685999,
2178.530733768, 1.004699730,
2178.551165481, 1.005351827,
2178.571597094, 1.004758000,
2178.592028607, 1.004751801,
2178.632891931, 1.005092677,
2178.653323543, 1.004719209,
2178.673755155, 1.004919790,
2178.694186767, 1.004541169,
2178.714618378, 1.004617285,
2178.735049990, 1.004759858,
2178.755481601, 1.004606957,
2178.796344922, 1.004825575,
2178.816776433, 1.004696194,
2178.837208043, 1.004453909,
2178.857639753, 1.004964086,
2178.878071263, 1.004966808,
2178.898502973, 1.004713180,
2178.918934482, 1.005095680,
2178.939366091, 1.004595620,
2178.959797801, 1.004545040,
2178.980229309, 1.004944685,
2179.000660918, 1.004777174,
2179.021092627, 1.004714898,
2179.041524135, 1.004842998,
2179.061955743, 1.004664975,
2179.082387451, 1.004835398,
2179.123250566, 1.004452732,
2179.143682274, 1.004782858,
2179.184545388, 1.004877689,
2179.204977095, 1.004668072,
2179.225408702, 1.004702880,
2179.245840208, 1.004880779,
2179.266271914, 1.004631487,
2179.286703520, 1.004365462,
2179.307135226, 1.004632561,
2179.327566732, 1.004483182,
2179.368430042, 1.005001812,
2179.388861547, 1.005104773,
2179.409293152, 1.004803448,
2179.429724857, 1.004559577,
2179.450156362, 1.004507371,
2179.470587966, 1.005039297,
2179.491019670, 1.004974312,
2179.511451174, 1.004955493,
2179.531882778, 1.004910629,
2179.552314482, 1.004993719,
2179.572745985, 1.004901336,
2179.593177588, 1.004592853,
2179.613609291, 1.004949196,
2179.634040794, 1.004862374,
2179.654472497, 1.005126062,
2179.674904099, 1.004979477,
2179.695335602, 1.005115065,
2179.715767304, 1.004886828,
2179.736198905, 1.004544955,
2179.756630407, 1.004968281,
2179.797493710, 1.004801500,
2179.817925211, 1.004970680,
2179.838356912, 1.004872457,
2179.858788513, 1.004451765,
2179.879220014, 1.004611105,
2179.899651714, 1.004665570,
2179.920083315, 1.004973940,
2179.940514815, 1.005050206,
2179.960946515, 1.004925865,
2179.981378114, 1.005182298,
2180.001809814, 1.005370182,
2180.022241313, 1.005453661,
2180.042672912, 1.004927397,
2180.063104611, 1.005048926,
2180.103967709, 1.005485046,
2180.124399407, 1.005554475,
2180.144831006, 1.005228059,
2180.165262504, 1.004903778,
2180.185694202, 1.004821644,
2180.206125799, 1.004757843,
2180.226557297, 1.004911301,
2180.246988995, 1.005288488,
2180.267420592, 1.005127970,
2180.287852089, 1.005178797,
2180.349146879, 1.005101722,
2180.369578575, 1.005250436,
2180.390010071, 1.005164983,
2180.410441767, 1.005166675,
2180.430873363, 1.004606086,
2180.451304859, 1.005085038,
2180.471736554, 1.005001877,
2180.492168150, 1.004935428,
2180.512599745, 1.005196549,
2180.533031340, 1.005268860,
2180.553462935, 1.004982293,
2180.573894529, 1.005328563,
2180.594326123, 1.005084495,
2180.614757718, 1.005198413,
2180.635189312, 1.005038477,
2180.655621006, 1.004825996,
2180.676052499, 1.004914366,
2180.696484093, 1.005366318,
2180.716915786, 1.005343697,
2180.737347279, 1.005421632,
2180.757778972, 1.005131818,
2180.778210565, 1.005199425,
2180.798642058, 1.005209788,
2180.819073750, 1.005255244,
2180.839505343, 1.005416840,
2180.859936835, 1.005512676,
2180.880368527, 1.004887021,
2180.900800119, 1.005279076,
2180.921231611, 1.005175491,
2180.941663302, 1.005501971,
2180.962094893, 1.005431585,
2181.002958076, 1.005288306,
2181.023389667, 1.005494771,
2181.064252848, 1.005503061,
2181.084684438, 1.005801757,
2181.105116028, 1.005012912,
2181.125547618, 1.005176149,
2181.145979208, 1.005772163,
2181.166410797, 1.005414784,
2181.186842387, 1.005785046,
2181.207273976, 1.005321350,
2181.248137155, 1.005792330,
2181.268568743, 1.005283345,
2181.289000432, 1.005291172,
2181.329863509, 1.006086972,
2181.350295197, 1.005968940,
2181.370726685, 1.005744654,
2181.391158273, 1.005606015,
2181.411589961, 1.005792475,
2181.432021448, 1.005612076,
2181.452453035, 1.005259518,
2181.472884723, 1.005426462,
2181.493316310, 1.005736711,
2181.534179483, 1.005679200,
2181.575042656, 1.005723022,
2181.615905828, 1.005504926,
2181.636337414, 1.005804750,
2181.656769000, 1.005650189,
2181.677200586, 1.005600076,
2181.697632271, 1.005525449,
2181.718063756, 1.005462109,
2181.738495341, 1.005742280,
2181.758926926, 1.005856001,
2181.779358511, 1.005992703,
2181.820221680, 1.005787359,
2181.840653265, 1.005632034,
2181.861084949, 1.005919282,
2181.881516433, 1.006103040,
2181.901948016, 1.006111157,
2181.942811184, 1.005733881,
2181.963242767, 1.006266924,
2181.983674450, 1.005965715,
2182.004105933, 1.006218897,
2182.024537516, 1.005732905,
2182.044969199, 1.005643740,
2182.065400781, 1.006179234,
2182.085832264, 1.006235638,
2182.106263946, 1.006262666,
2182.126695528, 1.005796234,
2182.167558692, 1.005814734,
2182.187990274, 1.005798212,
2182.208421955, 1.005592330,
2182.228853437, 1.005751361,
2182.249285018, 1.005389768,
2182.269716699, 1.006144622,
2182.290148180, 1.006324922,
2182.310579761, 1.005873607,
2182.331011441, 1.005886986,
2182.351442922, 1.006024196,
2182.371874502, 1.005848671,
2182.412737662, 1.005937494,
2182.433169242, 1.005970814,
2182.453600822, 1.006133936,
2182.474032401, 1.005995954,
2182.494463980, 1.005967642,
2182.535327139, 1.005701386,
2182.555758818, 1.005831012,
2182.576190397, 1.006270402,
2182.596621875, 1.006163406,
2182.617053554, 1.006556086,
2182.637485132, 1.005908480,
2182.657916610, 1.005753868,
2182.678348288, 1.006334895,
2182.698779866, 1.005884628,
2182.719211344, 1.006358025,
2182.739643021, 1.006177765,
2182.800937753, 1.006400355,
2182.821369330, 1.006057308,
2182.841800807, 1.006317716,
2182.882664061, 1.006329247,
2182.903095737, 1.006417916,
2182.923527213, 1.006080841,
2182.943958790, 1.006306837,
2182.964390466, 1.006004492,
2182.984821942, 1.005923744,
2183.005253517, 1.005808524,
2183.025685193, 1.006306640,
2183.046116768, 1.005971238,
2183.066548244, 1.006597898,
2183.086979919, 1.006155038,
2183.107411494, 1.006170443,
2183.127842969, 1.006183906,
2183.148274643, 1.006015461,
2183.168706118, 1.006066251,
2183.189137692, 1.006426272,
2183.209569367, 1.006530507,
2183.250432515, 1.006386790,
2183.291295562, 1.006166340,
2183.311727236, 1.006311527,
2183.332158810, 1.006158279,
2183.352590283, 1.006320028,
2183.373021956, 1.006198627,
2183.393453529, 1.006295504,
2183.413885102, 1.006063238,
2183.434316675, 1.006416848,
2183.454748247, 1.006604622,
2183.475179820, 1.006429018,
2183.495611392, 1.006420682,
2183.536474537, 1.006770171,
2183.577337680, 1.005982442,
2183.597769352, 1.006737918,
2183.618200924, 1.006325978,
2183.638632395, 1.006363730,
2183.659064066, 1.006303471,
2183.679495638, 1.006330120,
2183.699927109, 1.006377309,
2183.720358779, 1.006619369,
2183.781653491, 1.006398107,
2183.802085062, 1.006479202,
2183.822516532, 1.006333350,
2183.842948202, 1.006341770,
2183.863379772, 1.006329926,
2183.883811342, 1.006543958,
2183.904242911, 1.006776087,
2183.924674481, 1.007063458,
2183.945106050, 1.006814504,
2183.965537620, 1.007079893,
2183.985969189, 1.006785920,
2184.006400758, 1.006914037,
2184.026832327, 1.006600233,
2184.047263895, 1.006797726,
2184.067695564, 1.006996989,
2184.088127033, 1.006957389,
2184.108558601, 1.006884700,
2184.128990269, 1.006903023,
2184.149421737, 1.006929899,
2184.169853305, 1.006609197,
2184.190284973, 1.006442172,
2184.210716441, 1.007018209,
2184.231148009, 1.007240635,
2184.272011143, 1.006559479,
2184.292442811, 1.006232688,
2184.312874378, 1.006594383,
2184.333305845, 1.006414501,
2184.353737512, 1.006524108,
2184.374169078, 1.006970097,
2184.394600645, 1.007110220,
2184.415032211, 1.006473422,
2184.435463778, 1.006813422,
2184.455895344, 1.006801679,
2184.476326910, 1.006612994,
2184.496758476, 1.006657738,
2184.517190042, 1.006656687,
2184.537621708, 1.006583994,
2184.558053173, 1.006643813,
2184.578484739, 1.006690108,
2184.598916404, 1.006818126,
2184.619347869, 1.006744865,
2184.639779534, 1.006735504,
2184.660210999, 1.006724704,
2184.680642564, 1.007123502,
2184.701074229, 1.007029626,
2184.721505694, 1.007194117,
2184.741937258, 1.007437696,
2184.762368922, 1.007534684,
2184.782800387, 1.006984770,
2184.803231951, 1.007339084,
2184.823663615, 1.006909162,
2184.844095079, 1.007361904,
2184.864526642, 1.007340377,
2184.884958306, 1.006844159,
2184.905389870, 1.006833231,
2184.925821333, 1.006590645,
2184.946252996, 1.008157072,
2184.966684560, 1.006835434,
2185.007547686, 1.006459548,
2185.027979248, 1.006745638,
2185.048410911, 1.007224575,
2185.068842374, 1.006808517,
2185.109705599, 1.006780098,
2185.130137061, 1.006822166,
2185.150568623, 1.006957333,
2185.171000285, 1.007436817,
2185.191431747, 1.006553232,
2185.211863309, 1.006463749,
2185.252726432, 1.006827387,
2185.273157993, 1.006502408,
2185.293589655, 1.006747288,
2185.314021116, 1.007034108,
2185.334452777, 1.006413151,
2185.375315899, 1.007181449,
2185.395747460, 1.007147802,
2185.416179020, 1.007065955,
2185.436610481, 1.007340643,
2185.457042141, 1.007150705,
2185.497905162, 1.007324837,
2185.518336822, 1.007130578,
2185.538768382, 1.006931852,
2185.559199842, 1.006967541,
2185.579631501, 1.007087103,
2185.600063061, 1.006846009,
2185.620494721, 1.006797817,
2185.640926180, 1.007300114,
2185.661357739, 1.007302647,
2185.681789399, 1.007318394,
2185.702220858, 1.007222065,
2185.743084076, 1.007317407,
2185.763515534, 1.007310907,
2185.783947093, 1.007256788,
2185.804378752, 1.007357653,
2185.824810210, 1.007258087,
2185.845241768, 1.007062538,
2185.865673427, 1.007664651,
2185.886104985, 1.007342242,
2185.906536443, 1.007457426,
2185.926968101, 1.007579651,
2185.947399659, 1.007353133,
2185.967831216, 1.006928809,
2185.988262774, 1.007389280,
2186.008694332, 1.007167661,
2186.029125889, 1.007408888,
2186.049557446, 1.007630970,
2186.069988903, 1.007418352,
2186.090420560, 1.007760366,
2186.110852118, 1.007927472,
2186.131283574, 1.007377002,
2186.151715231, 1.007862313,
2186.172146788, 1.007590658,
2186.192578244, 1.007288591,
2186.213009901, 1.007362251,
2186.233441457, 1.007570003,
2186.253873014, 1.007349354,
2186.274304570, 1.007733227,
2186.294736126, 1.007479607,
2186.315167782, 1.007085087,
2186.335599238, 1.007493610,
2186.356030793, 1.007144223,
2186.376462449, 1.007369147,
2186.396893905, 1.007697950,
2186.417325460, 1.008090194,
2186.437757115, 1.007345288,
2186.458188671, 1.007809271,
2186.478620126, 1.007645298,
2186.499051781, 1.007634933,
2186.519483336, 1.007513663,
2186.539914791, 1.007602537,
2186.560346446, 1.007571312,
2186.580778000, 1.008047332,
2186.601209655, 1.008091716,
2186.621641109, 1.007710128,
2186.642072664, 1.007446681,
2186.662504318, 1.007514035,
2186.682935772, 1.007688429,
2186.723798880, 1.008042252,
2186.744230434, 1.007442776,
2186.764661988, 1.007035523,
2186.785093542, 1.007577200,
2186.805525095, 1.007869921,
2186.825956649, 1.007639474,
2186.846388202, 1.007932872,
2186.866819756, 1.007617126,
2186.887251309, 1.007770690,
2186.907682862, 1.007697174,
2186.928114415, 1.007949250,
2186.948546068, 1.007935416,
2186.968977621, 1.007989887,
2187.030272279, 1.007029136,
2187.050703732, 1.008005063,
2187.071135384, 1.007569061,
2187.091566936, 1.007340917,
2187.111998389, 1.007921532,
2187.132430041, 1.007635883,
2187.152861593, 1.007961267,
2187.173293045, 1.008371662,
2187.214156248, 1.008211489,
2187.234587700, 1.008381209,
2187.255019352, 1.007951797,
2187.275450903, 1.007998523,
2187.295882555, 1.007734534,
2187.316314006, 1.007384971,
2187.336745557, 1.007768605,
2187.357177209, 1.007937143,
2187.377608660, 1.007450694,
2187.398040211, 1.007994479,
2187.438903312, 1.008156525,
2187.459334863, 1.008062863,
2187.479766514, 1.007557090,
2187.500197964, 1.007961787,
2187.520629515, 1.007797787,
2187.541061165, 1.008020856,
2187.561492615, 1.007856964,
2187.581924266, 1.007662403,
2187.602355816, 1.007809228,
2187.622787266, 1.007559277,
2187.643218916, 1.007656196,
2187.684081916, 1.007993284,
2187.704513565, 1.007885770,
2187.724945115, 1.007742996,
2187.745376565, 1.007967762,
2187.765808214, 1.008028710,
2187.786239763, 1.007831365,
2187.806671313, 1.007774392,
2187.827102862, 1.007968799,
2187.847534411, 1.007853244,
2187.867966060, 1.007801803,
2187.888397509, 1.008254363,
2187.908829058, 1.008304572,
2187.929260707, 1.008555043,
2187.949692256, 1.008312753,
2187.970123704, 1.008069334,
2187.990555353, 1.008427988,
2188.010986902, 1.008273012,
2188.031418350, 1.008600490,
2188.051849998, 1.009048617,
2188.072281547, 1.008338647,
2188.092712995, 1.008881918,
2188.113144643, 1.008149518,
2188.133576191, 1.008142561,
2188.174439287, 1.008563054,
2188.194870735, 1.008427576,
2188.215302382, 1.008752874,
2188.235733930, 1.008171153,
2188.256165378, 1.008148768,
2188.276597025, 1.008059432,
2188.297028573, 1.008309753,
2188.317460120, 1.008502317,
2188.337891667, 1.008834523,
2188.358323215, 1.008789832,
2188.378754762, 1.008816851,
2188.399186309, 1.008388640,
2188.419617856, 1.008367347,
2188.440049403, 1.007985813,
2188.460481050, 1.008090576,
2188.480912496, 1.008652538,
2188.501344143, 1.008668586,
2188.521775690, 1.008448744,
2188.562638783, 1.008677116,
2188.603501776, 1.008827706,
2188.623933422, 1.008731407,
2188.644364968, 1.008572068,
2188.664796414, 1.009061889,
2188.685228060, 1.008543951,
2188.705659606, 1.008196342,
2188.726091052, 1.008799661,
2188.746522698, 1.008240860,
2188.766954244, 1.008818797,
2188.787385890, 1.008421035,
2188.807817335, 1.008543676,
2188.828248881, 1.008841348,
2188.848680426, 1.008554525,
2188.869111972, 1.008435609,
2188.889543517, 1.008888819,
2188.909975063, 1.008711966,
2188.930406608, 1.008751972,
2188.950838153, 1.008230377,
2188.971269798, 1.008668542,
2188.991701243, 1.008759731,
2189.012132788, 1.008594537,
2189.032564433, 1.008804890,
2189.052995878, 1.008855754,
2189.093859067, 1.008761024,
2189.114290512, 1.009091230,
2189.134722157, 1.008778749,
2189.196016790, 1.008735555,
2189.216448334, 1.008616109,
2189.236879779, 1.008513153,
2189.257311423, 1.008833601,
2189.277742967, 1.008456535,
2189.298174511, 1.009098568,
2189.318606055, 1.009154662,
2189.339037599, 1.009089412,
2189.359469143, 1.008846153,
2189.379900687, 1.009079272,
2189.400332231, 1.008982392,
2189.420763874, 1.009278145,
2189.441195418, 1.008980875,
2189.461626862, 1.008822497,
2189.482058505, 1.008965578,
2189.502490049, 1.008459790,
2189.522921492, 1.008788855,
2189.543353136, 1.009591518,
2189.563784679, 1.008771560,
2189.584216122, 1.008559033,
2189.604647765, 1.008854238,
2189.625079209, 1.009353121,
2189.645510752, 1.009066072,
2189.665942395, 1.009266187,
2189.686373838, 1.008732000,
2189.706805481, 1.008836273,
2189.727237023, 1.009129310,
2189.747668466, 1.009262905,
2189.768100109, 1.009494690,
2189.788531652, 1.009504079,
2189.808963194, 1.009322240,
2189.829394737, 1.009592478,
2189.849826279, 1.009334879,
2189.870257822, 1.009469069,
2189.890689364, 1.009073630,
2189.911120907, 1.009303251,
2189.931552449, 1.009256047,
2189.951984091, 1.008986030,
2189.972415533, 1.009338161,
2189.992847175, 1.009444844,
2190.013278718, 1.009300558,
2190.033710160, 1.009282354,
2190.054141802, 1.009469942,
2190.074573343, 1.009174550,
2190.095004785, 1.009803139,
2190.115436427, 1.009519563,
2190.135867969, 1.009339486,
2190.156299411, 1.009542610,
2190.176731052, 1.009488530,
2190.197162594, 1.009898406,
2190.217594036, 1.009996461,
2190.238025677, 1.009217416,
2190.258457119, 1.009557119,
2190.278888760, 1.009254592,
2190.299320301, 1.009245049,
2190.340183384, 1.009519629,
2190.381046467, 1.009567962,
2190.401478008, 1.009412430,
2190.421909549, 1.009652087,
2190.442341090, 1.009332333,
2190.462772631, 1.009414796,
2190.483204172, 1.009487985,
2190.503635713, 1.009419177,
2190.524067354, 1.009339967,
2190.544498794, 1.009617900,
2190.564930435, 1.010018726,
2190.585361976, 1.009237223,
2190.605793417, 1.009471624,
2190.667088038, 1.009008599,
2190.687519679, 1.009329348,
2190.707951219, 1.009349309,
2190.728382660, 1.009677064,
2190.748814300, 1.009603029,
2190.769245840, 1.009537316,
2190.789677381, 1.009728159,
2190.810108921, 1.009705547,
2190.830540461, 1.009777696,
2190.850972101, 1.009447316,
2190.871403542, 1.009353750,
2190.891835082, 1.009368461,
2190.912266722, 1.009342654,
2190.932698162, 1.009500336,
2190.953129702, 1.009577129,
2190.973561342, 1.009640036,
2190.993992782, 1.009885383,
2191.014424321, 1.010012469,
2191.034855961, 1.009927228,
2191.075718941, 1.009765421,
2191.096150580, 1.010029748,
2191.137013660, 1.009464468,
2191.157445199, 1.009684961,
2191.177876639, 1.009623638,
2191.198308278, 1.009708323,
2191.218739818, 1.009499100,
2191.239171257, 1.010013159,
2191.259602896, 1.009489426,
2191.280034436, 1.009384511,
2191.300465875, 1.009568683,
2191.320897514, 1.009980059,
2191.341329054, 1.009334669,
2191.361760593, 1.009581504,
2191.382192132, 1.009747407,
2191.402623671, 1.009211744,
2191.423055310, 1.009453528,
2191.443486849, 1.010240573,
2191.463918288, 1.010232332,
2191.484349927, 1.009866746,
2191.504781466, 1.009866984,
2191.525212905, 1.010023811,
2191.545644544, 1.009554289,
2191.566076083, 1.010010005,
2191.586507522, 1.009297647,
2191.627370600, 1.010024839,
2191.647802138, 1.009838824,
2191.668233777, 1.009963470,
2191.688665316, 1.009949138,
2191.709096854, 1.009846800,
2191.749959832, 1.009666817,
2191.770391470, 1.009951242,
2191.790823009, 1.009908342,
2191.811254447, 1.009685395,
2191.831686086, 1.009893301,
2191.852117624, 1.009959191,
2191.872549163, 1.009296321,
2191.892980701, 1.009800768,
2191.913412239, 1.009778522,
2191.933843878, 1.009821469,
2191.954275316, 1.010098330,
2191.974706854, 1.009974539,
2191.995138493, 1.009906374,
2192.015570031, 1.010340510,
2192.036001469, 1.009872170,
2192.076864645, 1.010202226,
2192.117727722, 1.009972223,
2192.138159260, 1.010105759,
2192.158590698, 1.010650987,
2192.179022336, 1.010449091,
2192.199453874, 1.010103531,
2192.240316950, 1.009780472,
2192.260748488, 1.010312558,
2192.281180126, 1.010174544,
2192.301611564, 1.009857501,
2192.322043102, 1.009853577,
2192.342474739, 1.009827141,
2192.362906177, 1.010145693,
2192.383337715, 1.010127860,
2192.403769253, 1.010285678,
2192.424200791, 1.010474551,
2192.444632328, 1.010123533,
2192.465063866, 1.009855367,
2192.485495404, 1.009946148,
2192.505927041, 1.010006579,
2192.526358579, 1.009871398,
2192.546790017, 1.010301973,
2192.567221654, 1.009821865,
2192.608084630, 1.010843208,
2192.628516267, 1.010910146,
2192.648947805, 1.010528154,
2192.669379242, 1.010154396,
2192.689810880, 1.009964513,
2192.710242417, 1.010419783,
2192.730674055, 1.010465453,
2192.751105492, 1.010416654,
2192.771537030, 1.010507229,
2192.791968667, 1.010908881,
2192.812400105, 1.010816667,
2192.853263279, 1.011345171,
2192.873694717, 1.011462759,
2192.894126254, 1.010775300,
2192.914557892, 1.010396281,
2192.934989329, 1.010498953,
2192.955420866, 1.010666316,
2192.975852504, 1.010090604,
2192.996283941, 1.010252215,
2193.016715578, 1.010443440,
2193.037147115, 1.010631864,
2193.057578653, 1.010878459,
2193.098441727, 1.010570241,
2193.118873164, 1.011042858,
2193.139304802, 1.010871747,
2193.159736339, 1.010568990,
2193.180167776, 1.010566859,
2193.200599413, 1.010255387,
2193.221030950, 1.010764345,
2193.241462587, 1.010615782,
2193.261894025, 1.011242253,
2193.282325562, 1.010892790,
2193.302757199, 1.010787516,
2193.343620173, 1.010780118,
2193.364051810, 1.010575123,
2193.384483247, 1.011158009,
2193.404914784, 1.010831840,
2193.425346421, 1.011090485,
2193.445777858, 1.011022545,
2193.466209396, 1.011032886,
2193.486641033, 1.011102336,
2193.507072570, 1.010934485,
2193.527504107, 1.011034321,
2193.547935644, 1.010817073,
2193.588798718, 1.011019120,
2193.609230255, 1.011039478,
2193.629661792, 1.010861738,
2193.650093429, 1.011017123,
2193.670524866, 1.010731906,
2193.690956403, 1.010938545,
2193.711388040, 1.010784632,
2193.731819477, 1.010703269,
2193.752251014, 1.010887210,
2193.772682551, 1.010374363,
2193.793114088, 1.010780397,
2193.833977162, 1.011132795,
2193.854408699, 1.011077542,
2193.874840336, 1.011170193,
2193.895271773, 1.010772155,
2193.915703310, 1.011243087,
2193.936134947, 1.010958678,
2193.956566384, 1.010766191,
2193.976997921, 1.010983848,
2194.017860995, 1.010981856,
2194.038292632, 1.011501871,
2194.079155706, 1.010732495,
2194.099587242, 1.011053071,
2194.120018779, 1.011016068,
2194.140450316, 1.011217546,
2194.160881953, 1.010894891,
2194.181313390, 1.011026791,
2194.201744927, 1.010859397,
2194.222176564, 1.011024418,
2194.242608001, 1.011215188,
2194.263039538, 1.010766141,
2194.303902612, 1.010642661,
2194.324334249, 1.010913113,
2194.344765786, 1.011025451,
2194.365197223, 1.011212229,
2194.385628860, 1.011238712,
2194.426491835, 1.010986715,
2194.446923472, 1.011094775,
2194.467354909, 1.011173210,
2194.487786446, 1.010933003,
2194.508218083, 1.010540328,
2194.528649620, 1.010887513,
2194.569512694, 1.010803773,
2194.589944231, 1.011141525,
2194.610375768, 1.010983904,
2194.630807305, 1.010581258,
2194.651238842, 1.011148316,
2194.671670480, 1.011240978,
2194.692101917, 1.010716481,
2194.712533454, 1.010988725,
2194.732965091, 1.010568032,
2194.753396528, 1.010977112,
2194.773828165, 1.011129224,
2194.814691140, 1.011191024,
2194.835122777, 1.011271530,
2194.855554314, 1.011295521,
2194.875985751, 1.011691501,
2194.896417389, 1.011313959,
2194.916848926, 1.011133417,
2194.957712000, 1.011786104,
2194.978143538, 1.011725586,
2194.998575075, 1.012026545,
2195.019006612, 1.011850280,
2195.080301224, 1.011321263,
2195.100732762, 1.011139840,
2195.121164299, 1.011717106,
2195.141595836, 1.011089526,
2195.162027374, 1.011215066,
2195.182458911, 1.011582921,
2195.202890449, 1.011160460,
2195.223321986, 1.011126146,
2195.243753624, 1.011235811,
2195.284616699, 1.011267310,
2195.305048236, 1.011200245,
2195.325479674, 1.011425798,
2195.345911311, 1.011753568,
2195.366342849, 1.011319122,
2195.386774287, 1.011397023,
2195.407205924, 1.011661857,
2195.427637462, 1.011551567,
2195.468500537, 1.011833000,
2195.488932075, 1.011630764,
2195.509363713, 1.012492335,
2195.550226688, 1.011692987,
2195.570658326, 1.012163916,
2195.591089764, 1.011793418,
2195.611521301, 1.012061541,
2195.631952939, 1.012264252,
2195.672815915, 1.011960081,
2195.693247553, 1.011393578,
2195.713679091, 1.011285871,
2195.734110629, 1.011816575,
2195.754542167, 1.011465500,
2195.795405243, 1.011620175,
2195.815836781, 1.011230334,
2195.836268219, 1.011486466,
2195.856699857, 1.011606513,
2195.877131395, 1.011397678,
2195.897562833, 1.011773434,
2195.917994472, 1.012056157,
2195.938426010, 1.011794298,
2195.958857648, 1.011693946,
2195.979289086, 1.011782233,
2195.999720625, 1.012146969,
2196.040583701, 1.011883446,
2196.061015240, 1.011642032,
2196.081446878, 1.011798877,
2196.101878316, 1.011439554,
2196.122309855, 1.011512189,
2196.142741493, 1.012093751,
2196.163172932, 1.012047752,
2196.183604470, 1.011997261,
2196.204036109, 1.011876308,
2196.224467648, 1.011688495,
2196.244899186, 1.012217391,
2196.285762264, 1.012081056,
2196.306193802, 1.011884858,
2196.326625341, 1.012161318,
2196.347056880, 1.012133230,
2196.367488519, 1.012063608,
2196.408351496, 1.011915518,
2196.428783035, 1.012529749,
2196.449214574, 1.012253600,
2196.469646213, 1.012424814,
2196.490077652, 1.012629540,
2196.530940830, 1.011724329,
2196.551372269, 1.012450420,
2196.571803808, 1.011906967,
2196.592235448, 1.011618482,
2196.612666887, 1.011676822,
2196.633098426, 1.012236375,
2196.653530065, 1.012669682,
2196.673961505, 1.012245850,
2196.694393144, 1.012391288,
2196.714824683, 1.012595829,
2196.735256223, 1.012553289,
2196.776119302, 1.012333937,
2196.796550841, 1.012302932,
2196.816982381, 1.012318851,
2196.837413920, 1.012418576,
2196.857845460, 1.012545459,
2196.878277100, 1.012261100,
2196.898708539, 1.011878329,
2196.919140179, 1.012024347,
2196.939571719, 1.012502014,
2196.960003159, 1.012476487,
2197.021297779, 1.012120219,
2197.041729419, 1.012052858,
2197.062160959, 1.012125018,
2197.082592399, 1.012177504,
2197.103024039, 1.012166306,
2197.123455579, 1.012143123,
2197.143887219, 1.012191314,
2197.164318659, 1.012350126,
2197.184750100, 1.012130881,
2197.205181740, 1.012249336,
2197.266476361, 1.012802356,
2197.286907902, 1.012192439,
2197.307339442, 1.012310891,
2197.327770983, 1.012075949,
2197.348202524, 1.012481213,
2197.368634164, 1.012276228,
2197.389065705, 1.012567807,
2197.409497146, 1.012400540,
2197.429928787, 1.012217920,
2197.450360327, 1.012416962,
2197.470791768, 1.012225266,
2197.593381215, 1.012467076,
2197.613812656, 1.013041908,
2197.634244197, 1.012499099,
2197.654675839, 1.012735802,
2197.675107280, 1.012679175,
2197.695538822, 1.012554265,
2197.715970463, 1.012328142,
2197.777265088, 1.012769179,
2197.797696529, 1.012653354,
2197.818128171, 1.012758187,
2197.838559613, 1.012800529,
2197.858991255, 1.012701927,
2197.879422797, 1.012820889,
2197.899854239, 1.012537589,
2197.920285781, 1.012442923,
2197.940717423, 1.012845908,
2197.961148965, 1.012821121,
2198.002012049, 1.012534402,
2198.063306676, 1.012590108,
2198.083738218, 1.012691792,
2198.104169861, 1.012325960,
2198.124601303, 1.012393373,
2198.145032846, 1.012375038,
2198.165464489, 1.012774968,
2198.185895931, 1.013069498,
2198.206327474, 1.012848324,
2198.247190560, 1.013209645,
2198.267622203, 1.012636612,
2198.288053746, 1.012711027,
2198.308485189, 1.012364337,
2198.328916832, 1.012763385,
2198.349348375, 1.012749784,
2198.369779918, 1.013238190,
2198.390211461, 1.012952769,
2198.410643005, 1.012631476,
2198.431074548, 1.012939651,
2198.451506091, 1.012583127,
2198.492369179, 1.012659414,
2198.512800722, 1.013119769,
2198.533232266, 1.013168153,
2198.553663810, 1.012919749,
2198.574095353, 1.012932698,
2198.594526897, 1.012745392,
2198.614958541, 1.012816326,
2198.635389985, 1.012949477,
2198.655821529, 1.012578996,
2198.676253173, 1.013031539,
2198.696684617, 1.013382969,
2198.737547806, 1.012676930,
2198.757979250, 1.012813691,
2198.778410895, 1.012653130,
2198.798842439, 1.013186192,
2198.819273884, 1.013236822,
2198.839705528, 1.012923347,
2198.860137073, 1.013115848,
2198.880568518, 1.012451928,
2198.901000163, 1.012715911,
2198.921431707, 1.012821382,
2198.941863352, 1.013164342,
2199.003157988, 1.012814269,
2199.023589533, 1.012603609,
2199.044020978, 1.013421935,
2199.064452623, 1.013143375,
2199.084884169, 1.012988372,
2199.105315714, 1.012883916,
2199.125747260, 1.012957697,
2199.146178805, 1.012945887,
2199.166610351, 1.012796817,
2199.187041897, 1.012634409,
2199.227904988, 1.012737623,
2199.248336534, 1.012979933,
2199.268767980, 1.013343434,
2199.289199627, 1.012927454,
2199.330062819, 1.012865976,
2199.350494265, 1.012519456,
2199.370925812, 1.012761266,
2199.391357458, 1.012994850,
2199.411788905, 1.012790670,
2199.432220451, 1.012933144,
2199.452652098, 1.012448835,
2199.473083545, 1.012980289,
2199.493515091, 1.013188554,
2199.513946738, 1.013581472,
2199.534378185, 1.012926543,
2199.554809832, 1.012839024,
2199.575241379, 1.013450966,
2199.595672927, 1.013155298,
2199.616104474, 1.013429931,
2199.636536021, 1.013315169,
2199.656967569, 1.013238269,
2199.677399116, 1.013069849,
2199.718262211, 1.013149375,
2199.738693859, 1.013390176,
2199.759125307, 1.013319556,
2199.779556955, 1.013196784,
2199.799988503, 1.013390657,
2199.820419951, 1.013154323,
2199.840851599, 1.013356142,
2199.861283047, 1.013335091,
2199.881714595, 1.013548420,
2199.922577692, 1.012854777,
2199.963440889, 1.013205313,
2199.983872337, 1.013181841,
2200.004303986, 1.013044731,
2200.024735535, 1.013184399,
2200.045166984, 1.012987143,
2200.065598633, 1.012923118,
2200.086030182, 1.012769797,
2200.126893280, 1.013059093,
2200.147324830, 1.013001597,
2200.167756479, 1.013219927,
2200.208619478, 1.013302529,
2200.229051127, 1.013395181,
2200.249482677, 1.013307730,
2200.269914127, 1.012804860,
2200.290345777, 1.013116924,
2200.310777327, 1.012956805,
2200.331208777, 1.013146123,
2200.351640427, 1.013460687,
2200.372071977, 1.013299503,
2200.392503627, 1.013123015,
2200.453798279, 1.013247104,
2200.474229729, 1.013267443,
2200.494661280, 1.012971666,
2200.515092831, 1.013504791,
2200.535524382, 1.013286054,
2200.555955933, 1.013010021,
2200.576387484, 1.013523382,
2200.617250686, 1.013142947,
2200.637682138, 1.013694911,
2200.658113689, 1.013412551,
2200.698976792, 1.013342723,
2200.719408344, 1.013132769,
2200.739839996, 1.013266549,
2200.760271447, 1.013315231,
2200.780702999, 1.013400879,
2200.801134651, 1.013369918,
2200.821566204, 1.013525936,
2200.841997756, 1.013460607,
2200.862429308, 1.013487426,
2200.882860861, 1.013445959,
2200.903292513, 1.013257114,
2200.944155518, 1.013219726,
2200.964587171, 1.013452899,
2200.985018624, 1.013445260,
2201.005450277, 1.013374046,
2201.025881830, 1.013194079,
2201.046313283, 1.013174372,
2201.066744936, 1.013298068,
2201.087176490, 1.012884801,
2201.107607943, 1.013209121,
2201.128039597, 1.013250011,
2201.148471150, 1.012788285,
2201.189334258, 1.013108056,
2201.209765812, 1.013243894,
2201.230197366, 1.013129306,
2201.250628920, 1.013291284,
2201.271060474, 1.013172317,
2201.291492028, 1.012886797,
2201.311923583, 1.013672368,
2201.332355137, 1.013372338,
2201.352786692, 1.013419591,
2201.373218246, 1.013345909,
2201.393649801, 1.013243729,
2201.434512911, 1.013081012,
2201.454944566, 1.013456936,
2201.475376121, 1.013222825,
2201.495807577, 1.013254773,
2201.516239232, 1.013258415,
2201.536670788, 1.013295396,
2201.557102243, 1.013406548,
2201.577533899, 1.013389419,
2201.597965455, 1.013165403,
2201.618396910, 1.013370094,
2201.659260122, 1.012879770,
2201.679691779, 1.012895082,
2201.700123235, 1.013018656,
2201.720554791, 1.012767463,
2201.740986448, 1.012813853,
2201.761417904, 1.012963221,
2201.781849461, 1.012891579,
2201.802281118, 1.012813563,
2201.822712575, 1.013051774,
2201.843144232, 1.012980785,
2201.863575789, 1.012934911,
2201.884007246, 1.013542566,
2201.924870361, 1.013280154,
2201.945301918, 1.013233229,
2201.986165134, 1.013809403,
2202.006596592, 1.013366893,
2202.027028250, 1.013548063,
2202.047459808, 1.013472502,
2202.067891366, 1.013660973,
2202.088322924, 1.013773830,
2202.129186141, 1.013304481,
2202.170049158, 1.013318227,
2202.190480817, 1.013438318,
2202.210912276, 1.013501365,
2202.231343835, 1.013415159,
2202.251775494, 1.013366086,
2202.272206954, 1.013268926,
2202.292638613, 1.013359821,
2202.313070172, 1.013427406,
2202.333501632, 1.012841638,
2202.353933292, 1.013010920,
2202.374364852, 1.013492673,
2202.415227972, 1.013648722,
2202.435659532, 1.013714883,
2202.456091192, 1.013054876,
2202.476522652, 1.013519690,
2202.496954213, 1.013341232,
2202.517385773, 1.013418345,
2202.537817334, 1.013351697,
2202.558248895, 1.013519906,
2202.578680456, 1.013398910,
2202.599112017, 1.013500029,
2202.619543578, 1.013820662,
2202.660406701, 1.013507956,
2202.680838362, 1.013296490,
2202.701269924, 1.013199484,
2202.721701386, 1.013257989,
2202.742133048, 1.013605076,
2202.762564610, 1.013502592,
2202.782996072, 1.013030589,
2202.803427734, 1.013386072,
2202.823859296, 1.013324576,
2202.844290759, 1.013268181,
2202.864722421, 1.014088076,
2202.926017110, 1.013391293,
2202.946448673, 1.013213769,
2202.966880336, 1.013619720,
2202.987311799, 1.013783710,
2203.007743362, 1.013611457,
2203.028175026, 1.013738582,
2203.048606490, 1.013520484,
2203.069038153, 1.013241637,
2203.109901281, 1.013439779,
2203.150764410, 1.013591704,
2203.171195974, 1.013372780,
2203.191627538, 1.013536144,
2203.212059103, 1.013464021,
2203.232490668, 1.013551920,
2203.252922233, 1.013666122,
2203.273353798, 1.013479759,
2203.293785463, 1.013108883,
2203.314216928, 1.013061333,
2203.334648493, 1.013701021,
2203.355080159, 1.013509723,
2203.395943190, 1.013688130,
2203.416374856, 1.013600307,
2203.436806322, 1.013741368,
2203.457237888, 1.013498800,
2203.477669554, 1.013473563,
2203.498101020, 1.013446708,
2203.518532687, 1.013243848,
2203.538964254, 1.013490756,
2203.559395720, 1.013080778,
2203.579827387, 1.013272331,
2203.600258954, 1.013105240,
2203.641122088, 1.013899134,
2203.661553656, 1.013763707,
2203.681985323, 1.013499436,
2203.702416791, 1.013517660,
2203.722848359, 1.013528780,
2203.743280027, 1.013458459,
2203.763711595, 1.013468075,
2203.784143063, 1.013586442,
2203.804574731, 1.013428659,
2203.825006299, 1.013788306,
2203.845437768, 1.013666139,
2203.886301005, 1.013387527,
2203.906732574, 1.013870646,
2203.927164143, 1.013569834,
2203.947595612, 1.014177811,
2203.968027282, 1.013795455,
2203.988458851, 1.013586938,
2204.008890321, 1.013910063,
2204.029321991, 1.013834354,
2204.049753560, 1.013747264,
2204.070185030, 1.013366986,
2204.090616701, 1.013419885,
2204.131479941, 1.013794211,
2204.151911412, 1.013491824,
2204.172342982, 1.013910938,
2204.192774653, 1.013700219,
2204.233637695, 1.013863358,
2204.254069366, 1.013559097,
2204.274500938, 1.013518740,
2204.294932509, 1.013620979,
2204.315364081, 1.013461185,
2204.335795652, 1.013488885,
2204.376658796, 1.013238564,
2204.397090369, 1.013561206,
2204.417521941, 1.013655163,
2204.437953513, 1.013110736,
2204.458385086, 1.013409775,
2204.478816759, 1.013408720,
2204.499248231, 1.013365575,
2204.519679904, 1.013333663,
2204.540111378, 1.013450035,
2204.560542951, 1.013659777,
2204.580974624, 1.013769367,
2204.621837671, 1.013693674,
2204.642269345, 1.013622938,
2204.662700819, 1.013726141,
2204.683132493, 1.014210011,
2204.703564068, 1.013492204,
2204.723995542, 1.013836810,
2204.744427217, 1.013456331,
2204.764858791, 1.013425439,
2204.785290266, 1.013811580,
2204.805721941, 1.014272115,
2204.826153516, 1.014561403,
2204.867016667, 1.013721640,
2204.887448242, 1.013660635,
2204.907879918, 1.013711495,
2204.928311494, 1.013442126,
2204.948742970, 1.013379218,
2204.969174646, 1.013747305,
2204.989606222, 1.013411860,
2205.010037699, 1.013308104,
2205.030469375, 1.013640331,
2205.050900952, 1.013805536,
2205.112195683, 1.013756613,
2205.132627360, 1.013913507,
2205.153058838, 1.013314092,
2205.193921993, 1.013462394,
2205.214353571, 1.013615649,
2205.234785149, 1.013755449,
2205.255216727, 1.013552500,
2205.275648306, 1.013614064,
2205.296079984, 1.013846895,
2205.316511463, 1.013656831,
2205.357374721, 1.014333785,
2205.377806200, 1.013409313,
2205.398237779, 1.013555982,
2205.418669458, 1.013647946,
2205.439100938, 1.013701594,
2205.459532518, 1.013239858,
2205.479964197, 1.013677179,
2205.500395777, 1.013621479,
2205.520827358, 1.013606841,
2205.541258938, 1.013803998,
2205.561690518, 1.014040933,
2205.602553680, 1.013750736,
2205.622985261, 1.014224129,
2205.643416942, 1.013860224,
2205.663848423, 1.014165902,
2205.684280004, 1.014047046,
2205.704711686, 1.013581516,
2205.725143168, 1.013766268,
2205.745574849, 1.013811239,
2205.766006431, 1.013806632,
2205.786437914, 1.013678508,
2205.806869596, 1.013498546,
2205.847732661, 1.013206699,
2205.868164344, 1.013411789,
2205.888595927, 1.013859377,
2205.909027510, 1.014264912,
2205.929459093, 1.014151919,
2205.949890577, 1.014054048,
2205.970322260, 1.013800084,
2206.011185428, 1.013971448,
2206.031617012, 1.013645445,
2206.052048596, 1.013737183,
2206.113343350, 1.014474521,
2206.133775035, 1.013975590,
2206.154206620, 1.013783251,
2206.174638105, 1.013632544,
2206.195069790, 1.013680716,
2206.215501376, 1.013708725,
2206.235932861, 1.012985723,
2206.256364547, 1.012853059,
2206.276796133, 1.013587095,
2206.297227819, 1.013875019,
2206.338090892, 1.013729758,
2206.358522579, 1.013130264,
2206.378954066, 1.013236559,
2206.399385653, 1.013653677,
2206.419817340, 1.013994148,
2206.440248827, 1.013859768,
2206.460680415, 1.014378124,
2206.481112102, 1.013991438,
2206.501543590, 1.013832685,
2206.521975278, 1.013979182,
2206.542406866, 1.013802763,
2206.583270043, 1.014163511,
2206.603701532, 1.013966429,
2206.624133120, 1.013679194,
2206.644564809, 1.013774367,
2206.664996298, 1.013539890,
2206.685427888, 1.013875369,
2206.705859577, 1.014314738,
2206.726291167, 1.013799258,
2206.746722757, 1.013809580,
2206.767154347, 1.014136421,
2206.787585937, 1.013874766,
2206.828449118, 1.015067342,
2206.848880708, 1.013964674,
2206.869312399, 1.014128836,
2206.889743890, 1.013752922,
2206.910175581, 1.013698165,
2206.930607173, 1.013946448,
2206.951038664, 1.013892351,
2206.971470356, 1.013957112,
2206.991901948, 1.013922644,
2207.012333440, 1.013903665,
2207.032765132, 1.013851958,
2207.073628217, 1.013973492,
2207.094059910, 1.013736556,
2207.114491503, 1.013796387,
2207.134923196, 1.013924654,
2207.155354689, 1.013421881,
2207.175786282, 1.013862632,
2207.196217976, 1.013581355,
2207.237081064, 1.013594391,
2207.257512658, 1.013973700,
2207.277944352, 1.013545498,
2207.318807541, 1.013821932,
2207.339239036, 1.014061418,
2207.359670731, 1.013700109,
2207.380102326, 1.013576192,
2207.400533821, 1.013702809,
2207.420965517, 1.013951358,
2207.441397113, 1.014236763,
2207.461828609, 1.014262357,
2207.482260305, 1.014278215,
2207.502691901, 1.014034490,
2207.523123597, 1.013888532,
2207.563986691, 1.013820920,
2207.584418388, 1.014185183,
2207.625281482, 1.013892137,
2207.645713180, 1.013982805,
2207.666144677, 1.013881085,
2207.686576275, 1.013953436,
2207.707007973, 1.013834977,
2207.727439471, 1.013922753,
2207.747871170, 1.014141710,
2207.768302768, 1.014033789,
2207.809165966, 1.014362858,
2207.829597565, 1.014033613,
2207.850029165, 1.013707795,
2207.870460764, 1.013460533,
2207.890892364, 1.013541536,
2207.911323964, 1.013760979,
2207.931755564, 1.013593270,
2207.952187164, 1.013852698,
2207.972618765, 1.014049138,
2207.993050365, 1.013875442,
2208.013481966, 1.013896587,
2208.054345168, 1.013868275,
2208.074776769, 1.013778349,
2208.095208471, 1.013622682,
2208.115639973, 1.013657349,
2208.136071675, 1.013787157,
2208.156503277, 1.013543727,
2208.176934779, 1.013852882,
2208.197366482, 1.013916930,
2208.217798084, 1.013693366,
2208.238229587, 1.013638470,
2208.258661290, 1.013842458,
2208.319956100, 1.013942950,
2208.340387704, 1.013949062,
2208.360819408, 1.013827415,
2208.381250912, 1.013922551,
2208.401682517, 1.014412008,
2208.422114221, 1.013805999,
2208.442545726, 1.013568917,
2208.462977331, 1.013974754,
2208.483409036, 1.013799248,
2208.503840641, 1.013888351,
2208.544703853, 1.014025866,
2208.565135459, 1.013861669,
2208.585567065, 1.014197114,
2208.605998671, 1.014148066,
2208.626430177, 1.014006095,
2208.646861884, 1.014246199,
2208.667293491, 1.014143696,
2208.687724998, 1.013937527,
2208.708156705, 1.013591769,
2208.728588313, 1.014261312,
2208.749020020, 1.014159688,
2208.789883136, 1.014347952,
2208.810314845, 1.014451770,
2208.830746353, 1.013988620,
2208.851177962, 1.013982031,
2208.892041179, 1.013880195,
2208.932904498, 1.013896749,
2208.953336008, 1.013885713,
2208.973767717, 1.013180637,
2208.994199327, 1.013452222,
2209.035062548, 1.013766220,
2209.055494159, 1.013885266,
2209.075925769, 1.014555413,
2209.096357380, 1.014012989,
2209.116788992, 1.013886197,
2209.137220703, 1.013840535,
2209.157652315, 1.013763957,
2209.178083826, 1.013866433,
2209.198515538, 1.014012750,
2209.218947151, 1.013770888,
2209.239378663, 1.014246317,
2209.280241889, 1.013757095,
2209.300673602, 1.013762765,
2209.321105215, 1.013605090,
2209.341536728, 1.014334205,
2209.361968442, 1.014134193,
2209.382400056, 1.013674530,
2209.402831570, 1.013755215,
2209.423263284, 1.013976735,
2209.443694898, 1.013915568,
2209.464126413, 1.014355504,
2209.484558128, 1.013931354,
2209.525421458, 1.013922215,
2209.545852973, 1.013993155,
2209.566284589, 1.014020443,
2209.586716305, 1.013717499,
2209.627579437, 1.013694587,
2209.648011154, 1.014302839,
2209.668442771, 1.014166634,
2209.688874387, 1.014046341,
2209.709306005, 1.013744043,
2209.729737622, 1.013789254,
2209.770600857, 1.013558461,
2209.791032475, 1.014158373,
2209.811464193, 1.014069956,
2209.831895712, 1.013981904,
2209.852327330, 1.014328805,
2209.872758949, 1.014120826,
2209.893190568, 1.014141823,
2209.913622287, 1.014183077,
2209.934053806, 1.014361458,
2209.954485426, 1.013978425,
2210.015780286, 1.013873795,
2210.036212007, 1.013924894,
2210.056643527, 1.014121131,
2210.077075248, 1.014370804,
2210.097506869, 1.013922608,
2210.117938391, 1.014285651,
2210.138370112, 1.013840211,
2210.158801734, 1.014223116,
2210.179233356, 1.013908999,
2210.199664978, 1.013961870,
2210.220096600, 1.014196943,
2210.260959846, 1.014353867,
2210.281391469, 1.014219693,
2210.301823192, 1.014074503,
2210.322254716, 1.014087182,
2210.342686339, 1.014050994,
2210.363118063, 1.013645450,
2210.383549687, 1.013672344,
2210.403981211, 1.014053870,
2210.444844561, 1.014322178,
2210.465276286, 1.014173053,
2210.485707811, 1.014344432,
2210.506139436, 1.013929752,
2210.526571062, 1.014029896,
2210.547002688, 1.014217023,
2210.567434314, 1.014103333,
2210.587866040, 1.013622853,
2210.608297567, 1.013960246,
2210.628729193, 1.013984548,
2210.649160820, 1.014109785,
2210.669592447, 1.014246012,
2210.690024175, 1.013621014,
2210.751319058, 1.014096644,
2210.771750586, 1.014216164,
2210.792182215, 1.014336410,
2210.812613943, 1.013824160,
2210.833045572, 1.014130564,
2210.853477202, 1.013932442,
2210.873908831, 1.013911016,
2210.894340460, 1.013727098,
2210.914772090, 1.013742809,
2210.935203720, 1.014325922,
2210.955635351, 1.014162634,
2210.996498612, 1.014137060,
2211.016930243, 1.014216943,
2211.037361974, 1.013815981,
2211.078225237, 1.014075410,
2211.098656869, 1.014246847,
2211.119088401, 1.014671944,
2211.139520133, 1.014542933,
2211.159951765, 1.014241257,
2211.180383298, 1.014399603,
2211.200815031, 1.014808694,
2211.241678298, 1.014409244,
2211.262109931, 1.014287208,
2211.282541465, 1.014533961,
2211.302973199, 1.014155057,
2211.323404834, 1.014134461,
2211.343836368, 1.013814618,
2211.364268103, 1.013941025,
2211.384699738, 1.013851715,
2211.405131373, 1.014236274,
2211.425563009, 1.014298162,
2211.445994644, 1.014310203,
2211.486857916, 1.014566684,
2211.507289552, 1.014167967,
2211.527721289, 1.014052359,
2211.548152926, 1.014390439,
2211.568584463, 1.014041252,
2211.589016200, 1.014218073,
2211.609447838, 1.014021657,
2211.629879475, 1.013846894,
2211.650311113, 1.013828871,
2211.670742752, 1.013954283,
2211.691174490, 1.013663310,
2211.732037668, 1.014051767,
2211.752469407, 1.014184243,
2211.772900946, 1.014358470,
2211.793332586, 1.014174122,
2211.813764326, 1.014189154,
2211.834195866, 1.014559894,
2211.854627606, 1.014169000,
2211.875059247, 1.014049152,
2211.895490788, 1.014033940,
2211.915922529, 1.014578679,
2211.936354070, 1.014336458,
2211.977217453, 1.014313131,
2211.997648995, 1.013758225,
2212.018080737, 1.013888362,
2212.058944023, 1.014033018,
2212.079375666, 1.014032394,
2212.099807309, 1.014241299,
2212.120238952, 1.013919690,
2212.140670596, 1.013832799,
2212.161102240, 1.014038090,
2212.181533884, 1.013729075,
2212.201965628, 1.013742363,
2212.222397173, 1.014156975,
2212.242828918, 1.013778536,
2212.263260563, 1.014007157,
2212.283692108, 1.013959270,
2212.304123854, 1.013813662,
2212.324555499, 1.013838468,
2212.344987046, 1.013889920,
2212.365418792, 1.013337712,
2212.385850438, 1.013712318,
2212.406282185, 1.014033221,
2212.426713732, 1.014129345,
2212.467577127, 1.014094030,
2212.508440323, 1.014182961,
2212.528872071, 1.014260786,
2212.549303619, 1.014331653,
2212.569735268, 1.014338776,
2212.590166917, 1.014161682,
2212.610598566, 1.014081479,
2212.631030316, 1.013979921,
2212.651461865, 1.013980621,
2212.671893515, 1.014176508,
2212.712756916, 1.014004208,
2212.733188467, 1.014259155,
2212.753620218, 1.013838652,
2212.774051869, 1.014341097,
2212.794483420, 1.013702723,
2212.814915172, 1.013554674,
2212.835346824, 1.013883764,
2212.855778576, 1.014324889,
2212.876210128, 1.014137869,
2212.896641781, 1.014563649,
2212.917073534, 1.014224202,
2212.957936741, 1.014417818,
2212.978368494, 1.014236838,
2212.998800048, 1.014307017,
2213.019231802, 1.014385704,
2213.039663457, 1.013876248,
2213.060095011, 1.014104686,
2213.080526766, 1.013966464,
2213.100958421, 1.014159407,
2213.121389977, 1.014429681,
2213.141821732, 1.014014776,
2213.162253388, 1.013883972,
2213.203116701, 1.014224691,
2213.223548358, 1.014240398,
2213.243980015, 1.014283424,
2213.264411672, 1.013936227,
