BJD - 2454833, Corrected Flux
2146.452749368, 0.947054391,
2146.473181690, 0.946892479,
2146.514046032, 0.943471379,
2146.534478352, 0.945749043,
2146.554910472, 0.944738059,
2146.575342691, 0.939970339,
2146.595775010, 0.945082708,
2146.616207128, 0.945209239,
2146.636639346, 0.942378587,
2146.677503779, 0.941509193,
2146.697936095, 0.942623314,
2146.718368210, 0.941810097,
2146.738800425, 0.942505144,
2146.759232739, 0.942312759,
2146.779664953, 0.941841972,
2146.800097067, 0.940810651,
2146.820529380, 0.941449323,
2146.840961592, 0.943112934,
2146.861393703, 0.940023883,
2146.881826015, 0.942902024,
2146.902258225, 0.940441844,
2146.922690336, 0.937673460,
2146.943122645, 0.941760720,
2146.963554854, 0.940718224,
2147.024851478, 0.939757023,
2147.045283586, 0.939600583,
2147.065715892, 0.940400400,
2147.086148098, 0.940372428,
2147.106580303, 0.938467506,
2147.127012508, 0.940518964,
2147.147444713, 0.939788338,
2147.167877017, 0.938964875,
2147.188309120, 0.941756034,
2147.208741323, 0.939025656,
2147.249605827, 0.937376370,
2147.270037928, 0.940738056,
2147.290470229, 0.941424691,
2147.310902429, 0.942436619,
2147.331334529, 0.938947603,
2147.351766828, 0.935974233,
2147.372198926, 0.936390461,
2147.392631124, 0.938649819,
2147.413063422, 0.939177115,
2147.433495519, 0.939172864,
2147.494792107, 0.937757449,
2147.515224302, 0.937518798,
2147.535656596, 0.935671570,
2147.576520884, 0.937866424,
2147.596953177, 0.936341726,
2147.617385369, 0.936100354,
2147.658249752, 0.936570904,
2147.678681943, 0.937083860,
2147.699114133, 0.938476500,
2147.719546323, 0.936983870,
2147.739978512, 0.936346808,
2147.760410801, 0.937480809,
2147.780842889, 0.937198254,
2147.801275076, 0.937549523,
2147.821707364, 0.936813416,
2147.842139450, 0.934989509,
2147.862571637, 0.933505844,
2147.883003922, 0.934907674,
2147.903436007, 0.936369222,
2147.923868192, 0.936742700,
2147.944300476, 0.938152569,
2147.985164742, 0.935224008,
2148.005597025, 0.934928517,
2148.026029107, 0.935508872,
2148.066893569, 0.933942805,
2148.087325750, 0.934530206,
2148.107757829, 0.933749533,
2148.128190109, 0.948834683,
2148.148622188, 0.936561802,
2148.169054366, 0.936966313,
2148.189486644, 0.935050740,
2148.209918721, 0.935084311,
2148.230350898, 0.935790302,
2148.250783174, 0.935545329,
2148.271215250, 0.933072369,
2148.291647525, 0.935513907,
2148.312079700, 0.933715781,
2148.332511774, 0.935138770,
2148.352944047, 0.935183673,
2148.373376221, 0.933866548,
2148.393808293, 0.933137705,
2148.414240566, 0.935280089,
2148.434672737, 0.936374848,
2148.475537079, 0.933444718,
2148.495969249, 0.934333896,
2148.516401419, 0.933560505,
2148.536833588, 0.933411474,
2148.557265756, 0.934213015,
2148.577697924, 0.935450045,
2148.598130192, 0.935059637,
2148.618562259, 0.936162792,
2148.638994425, 0.934482500,
2148.659426691, 0.937141666,
2148.679858756, 0.936065181,
2148.700290922, 0.934306430,
2148.720723186, 0.935846961,
2148.741155250, 0.935440244,
2148.761587413, 0.937003851,
2148.782019676, 0.936794841,
2148.802451738, 0.933642337,
2148.822883900, 0.935438281,
2148.843316162, 0.936556078,
2148.863748223, 0.935533901,
2148.884180483, 0.936044191,
2148.904612543, 0.935254418,
2148.945476961, 0.934792626,
2148.965909019, 0.935733246,
2148.986341177, 0.935962919,
2149.006773434, 0.933562373,
2149.027205591, 0.931657850,
2149.047637647, 0.933947434,
2149.068069903, 0.934127930,
2149.088502058, 0.933853029,
2149.108934113, 0.935536063,
2149.129366367, 0.933355569,
2149.149798521, 0.932910712,
2149.170230574, 0.937068203,
2149.190662827, 0.933481542,
2149.211094979, 0.933473540,
2149.231527030, 0.931712666,
2149.251959282, 0.932962270,
2149.272391432, 0.932663015,
2149.292823583, 0.932729145,
2149.313255732, 0.934176711,
2149.333687881, 0.933822143,
2149.354120030, 0.932176796,
2149.374552178, 0.935483472,
2149.394984325, 0.932449701,
2149.415416472, 0.932300216,
2149.456280765, 0.934374631,
2149.497145156, 0.932912986,
2149.517577200, 0.934720235,
2149.538009444, 0.931987352,
2149.558441588, 0.931731573,
2149.578873631, 0.933881041,
2149.599305873, 0.934507182,
2149.619737915, 0.932522365,
2149.640170057, 0.933315470,
2149.660602298, 0.934809647,
2149.681034339, 0.933334912,
2149.701466478, 0.933237020,
2149.721898718, 0.931941180,
2149.742330757, 0.931066910,
2149.762762895, 0.935134184,
2149.783195133, 0.933980316,
2149.803627171, 0.933199891,
2149.824059308, 0.933924046,
2149.864923680, 0.933282008,
2149.885355716, 0.932781188,
2149.905787950, 0.934534412,
2149.946652119, 0.932734992,
2149.967084352, 0.931835400,
2149.987516485, 0.932302672,
2150.007948518, 0.932358129,
2150.028380750, 0.932203358,
2150.048812881, 0.932329290,
2150.069245112, 0.932106060,
2150.089677142, 0.934362995,
2150.110109272, 0.933704828,
2150.130541502, 0.931996456,
2150.150973531, 0.933128636,
2150.171405659, 0.934210142,
2150.191837887, 0.931795291,
2150.212269914, 0.932495952,
2150.232702041, 0.931390734,
2150.253134268, 0.934217316,
2150.273566394, 0.933422014,
2150.293998419, 0.932713989,
2150.314430644, 0.929900093,
2150.334862769, 0.931378902,
2150.355294793, 0.934599419,
2150.375727016, 0.934371894,
2150.396159039, 0.933910920,
2150.416591161, 0.933784263,
2150.437023383, 0.934625687,
2150.477887525, 0.931514957,
2150.498319746, 0.935353157,
2150.518751766, 0.931333491,
2150.539183885, 0.932799756,
2150.559616104, 0.930537646,
2150.580048122, 0.933620242,
2150.600480241, 0.929219539,
2150.620912458, 0.932076872,
2150.641344475, 0.930884600,
2150.682208807, 0.930852352,
2150.702640923, 0.934074606,
2150.723073038, 0.932758297,
2150.743505152, 0.934566637,
2150.763937266, 0.931844061,
2150.784369479, 0.934403426,
2150.804801493, 0.934249998,
2150.825233605, 0.932082259,
2150.845665817, 0.934708684,
2150.866097828, 0.932308613,
2150.886529939, 0.930932997,
2150.906962150, 0.932707404,
2150.927394160, 0.933616599,
2150.947826269, 0.940106879,
2150.968258478, 0.932304029,
2150.988690487, 0.933992677,
2151.009122595, 0.931254478,
2151.029554702, 0.935032319,
2151.049986809, 0.932346887,
2151.070418915, 0.931682352,
2151.090851122, 0.931086043,
2151.111283127, 0.933839200,
2151.131715232, 0.933431015,
2151.152147437, 0.933768295,
2151.172579441, 0.932807957,
2151.193011544, 0.934338759,
2151.213443747, 0.934767343,
2151.233875750, 0.934761110,
2151.254307952, 0.933261506,
2151.274740054, 0.931848411,
2151.295172055, 0.936336565,
2151.315604255, 0.934846482,
2151.336036355, 0.934678968,
2151.356468355, 0.934158228,
2151.376900554, 0.933107471,
2151.397332653, 0.934015421,
2151.417764651, 0.933917701,
2151.438196849, 0.934176621,
2151.458628946, 0.934383261,
2151.479060943, 0.936089840,
2151.499493139, 0.933194221,
2151.519925234, 0.933574113,
2151.540357329, 0.932373800,
2151.560789424, 0.933026032,
2151.581221519, 0.934282515,
2151.601653612, 0.931786758,
2151.622085805, 0.934502079,
2151.642517798, 0.936220511,
2151.662949891, 0.934368037,
2151.683382082, 0.939502373,
2151.703814074, 0.935657068,
2151.724246164, 0.936831758,
2151.744678355, 0.935696305,
2151.785542434, 0.934457864,
2151.805974622, 0.932688647,
2151.826406611, 0.934499389,
2151.846838699, 0.935358390,
2151.867270786, 0.936599204,
2151.908135060, 0.938500998,
2151.928567045, 0.937590601,
2151.948999131, 0.939233296,
2151.969431316, 0.938412859,
2151.989863400, 0.936944489,
2152.010295384, 0.936891670,
2152.030727568, 0.934639993,
2152.051159650, 0.935679756,
2152.071591633, 0.933014018,
2152.092023815, 0.935862456,
2152.112455897, 0.933918787,
2152.132887878, 0.937776235,
2152.153320058, 0.933362760,
2152.173752138, 0.935426794,
2152.194184118, 0.936310957,
2152.214616297, 0.934568607,
2152.235048376, 0.934218946,
2152.255480354, 0.935401857,
2152.275912531, 0.937578554,
2152.296344609, 0.934998836,
2152.316776585, 0.935505658,
2152.337208762, 0.934918416,
2152.357640837, 0.935818944,
2152.378072913, 0.936392467,
2152.398504987, 0.934407014,
2152.418937062, 0.937253722,
2152.439369135, 0.936027832,
2152.459801309, 0.937575987,
2152.480233281, 0.937246669,
2152.500665454, 0.936277902,
2152.521097526, 0.933182669,
2152.541529497, 0.940655025,
2152.561961668, 0.933944426,
2152.582393738, 0.935768961,
2152.602825708, 0.934234759,
2152.623257878, 0.935506386,
2152.643689847, 0.934719350,
2152.664121915, 0.937763622,
2152.684554083, 0.935197742,
2152.704986051, 0.937199318,
2152.725418118, 0.935747349,
2152.745850285, 0.933168539,
2152.766282251, 0.938090582,
2152.786714316, 0.934178937,
2152.807146481, 0.938421259,
2152.827578546, 0.936351588,
2152.848010510, 0.943302848,
2152.868442674, 0.936886769,
2152.888874737, 0.936212551,
2152.909306699, 0.937049343,
2152.929738862, 0.937049301,
2152.950170924, 0.936046330,
2152.970602885, 0.936442887,
2152.991035046, 0.938495148,
2153.011467106, 0.934701872,
2153.031899066, 0.936823422,
2153.052331225, 0.934726180,
2153.072763284, 0.936302476,
2153.093195443, 0.935659498,
2153.113627401, 0.936668859,
2153.134059458, 0.935980050,
2153.154491615, 0.936969061,
2153.174923572, 0.934489282,
2153.195355628, 0.935999845,
2153.215787783, 0.937438848,
2153.236219739, 0.937015842,
2153.256651793, 0.936291479,
2153.277083847, 0.936513833,
2153.297516001, 0.936343344,
2153.317947954, 0.935429177,
2153.338380007, 0.935895129,
2153.379244111, 0.939925468,
2153.399676262, 0.939605036,
2153.420108213, 0.935853817,
2153.440540263, 0.935082530,
2153.460972413, 0.936428205,
2153.481404362, 0.936039308,
2153.501836412, 0.935620435,
2153.522268560, 0.937849659,
2153.542700508, 0.937433972,
2153.563132556, 0.939451334,
2153.583564703, 0.938662992,
2153.603996649, 0.937453562,
2153.624428695, 0.937405039,
2153.644860841, 0.936503454,
2153.665292886, 0.937297362,
2153.685724931, 0.935330659,
2153.706156975, 0.935294487,
2153.726589019, 0.935110594,
2153.747021062, 0.937016596,
2153.767453104, 0.935121855,
2153.787885147, 0.934913614,
2153.808317289, 0.935800228,
2153.828749230, 0.935944765,
2153.890045352, 0.935607919,
2153.910477391, 0.934715847,
2153.930909530, 0.933812595,
2153.951341468, 0.932908837,
2153.971773507, 0.935392121,
2153.992205644, 0.934173005,
2154.012637581, 0.934206846,
2154.033069618, 0.936253275,
2154.053501654, 0.934237868,
2154.073933690, 0.933536299,
2154.094365725, 0.933377059,
2154.114797760, 0.935238296,
2154.135229794, 0.938067760,
2154.155661828, 0.936208583,
2154.176093861, 0.936078278,
2154.196525894, 0.937694363,
2154.216957927, 0.936147871,
2154.237390059, 0.936681821,
2154.257821990, 0.935391274,
2154.278254121, 0.932000790,
2154.298686152, 0.936647659,
2154.319118082, 0.936415906,
2154.339550212, 0.935224939,
2154.359982241, 0.935733734,
2154.380414170, 0.946805263,
2154.400846298, 0.938695615,
2154.421278326, 0.938029287,
2154.441710253, 0.936618436,
2154.462142380, 0.935283823,
2154.482574406, 0.935885055,
2154.503006432, 0.934790081,
2154.523438458, 0.935749234,
2154.543870483, 0.937027688,
2154.564302507, 0.939822997,
2154.584734531, 0.938483332,
2154.605166555, 0.939997042,
2154.625598578, 0.937410766,
2154.646030701, 0.940219524,
2154.666462623, 0.941699677,
2154.686894645, 0.941679899,
2154.707326766, 0.941508123,
2154.727758687, 0.940214769,
2154.748190707, 0.942136230,
2154.768622727, 0.940709816,
2154.789054746, 0.941012130,
2154.809486866, 0.940448045,
2154.829918784, 0.941452107,
2154.850350802, 0.938180305,
2154.870782920, 0.938314640,
2154.891214837, 0.938020675,
2154.911646853, 0.934855454,
2154.932078970, 0.940082940,
2154.952510886, 0.939958310,
2154.972942900, 0.939448704,
2154.993375015, 0.939838320,
2155.013806930, 0.941370525,
2155.034238944, 0.941948322,
2155.054671057, 0.941488681,
2155.075103070, 0.943760672,
2155.095534983, 0.941824014,
2155.115967095, 0.945588311,
2155.136399107, 0.945777314,
2155.156831018, 0.944274861,
2155.177263128, 0.944662759,
2155.197695139, 0.941950542,
2155.218127048, 0.945490014,
2155.238559158, 0.942891640,
2155.258991167, 0.944249690,
2155.279423075, 0.942325315,
2155.299855183, 0.940117428,
2155.320287190, 0.941692485,
2155.340719197, 0.942242621,
2155.361151204, 0.942299667,
2155.381583210, 0.942184540,
2155.402015315, 0.947095119,
2155.422447221, 0.947206815,
2155.442879226, 0.946986671,
2155.463311330, 0.947760491,
2155.483743233, 0.951120632,
2155.504175237, 0.948515931,
2155.524607240, 0.951806355,
2155.545039242, 0.949690371,
2155.565471244, 0.950628451,
2155.585903346, 0.950651574,
2155.606335247, 0.949885245,
2155.626767247, 0.952186468,
2155.647199348, 0.951736617,
2155.667631247, 0.951311090,
2155.688063247, 0.950441018,
2155.708495345, 0.951902248,
2155.728927244, 0.951366183,
2155.749359242, 0.950603007,
2155.769791339, 0.951920377,
2155.790223236, 0.950362962,
2155.851519224, 0.954027744,
2155.871951220, 0.952618592,
2155.892383315, 0.954425371,
2155.912815309, 0.952304418,
2155.933247202, 0.953411807,
2155.953679296, 0.955732496,
2155.974111289, 0.951412772,
2155.994543281, 0.954704031,
2156.014975274, 0.953042457,
2156.035407265, 0.952660671,
2156.055839356, 0.953595631,
2156.076271247, 0.951435778,
2156.096703237, 0.952736093,
2156.117135327, 0.952561182,
2156.137567216, 0.956092931,
2156.157999205, 0.952527352,
2156.178431293, 0.953021952,
2156.198863181, 0.951634916,
2156.219295169, 0.951839250,
2156.239727256, 0.952674932,
2156.260159143, 0.951526774,
2156.280591129, 0.953651027,
2156.301023115, 0.950835962,
2156.321455100, 0.952308040,
2156.403183036, 0.953132651,
2156.423615120, 0.950693165,
2156.444047002, 0.951062531,
2156.464478984, 0.955571895,
2156.484911066, 0.952598608,
2156.505342947, 0.952759843,
2156.525774928, 0.953686832,
2156.546207008, 0.951740149,
2156.566638888, 0.953308009,
2156.607502947, 0.953560642,
2156.627934825, 0.952992124,
2156.648366903, 0.954525442,
2156.668798881, 0.953115160,
2156.689230758, 0.954951222,
2156.709662835, 0.952056413,
2156.730094812, 0.954112937,
2156.750526787, 0.953493049,
2156.770958763, 0.952124565,
2156.791390738, 0.952269235,
2156.811822712, 0.954181512,
2156.832254686, 0.954449701,
2156.852686660, 0.953419106,
2156.873118634, 0.954915989,
2156.913982579, 0.950122827,
2156.934414550, 0.953656571,
2156.954846622, 0.953422810,
2156.975278493, 0.953829797,
2156.995710464, 0.953369502,
2157.016142434, 0.951366520,
2157.036574403, 0.954970518,
2157.077438341, 0.954240937,
2157.097870310, 0.954788079,
2157.118302278, 0.953318964,
2157.138734245, 0.953534306,
2157.159166212, 0.953944860,
2157.179598279, 0.954304936,
2157.200030145, 0.954041977,
2157.220462110, 0.953990137,
2157.240894176, 0.954143982,
2157.261326141, 0.952517635,
2157.302190069, 0.955397208,
2157.322622032, 0.953844946,
2157.343053896, 0.955892308,
2157.363485958, 0.956955013,
2157.383917921, 0.957269831,
2157.404349782, 0.953028159,
2157.424781844, 0.953233112,
2157.445213805, 0.960480244,
2157.465645665, 0.955017894,
2157.486077725, 0.957377927,
2157.506509685, 0.956527315,
2157.526941544, 0.955449582,
2157.547373603, 0.956868443,
2157.567805561, 0.954687155,
2157.588237519, 0.954252812,
2157.608669476, 0.955315699,
2157.629101433, 0.953949654,
2157.649533389, 0.955941803,
2157.669965345, 0.953671366,
2157.690397301, 0.954702820,
2157.710829256, 0.955496220,
2157.731261211, 0.960500525,
2157.751693165, 0.955723644,
2157.812989026, 0.956716583,
2157.833421078, 0.955979207,
2157.853852930, 0.954266607,
2157.874284882, 0.955039883,
2157.894716934, 0.956228188,
2157.915148785, 0.954402894,
2157.935580735, 0.951937986,
2157.956012785, 0.954902751,
2157.976444635, 0.957788364,
2157.996876583, 0.956030921,
2158.017308632, 0.955466389,
2158.037740480, 0.957098720,
2158.058172428, 0.954085820,
2158.078604476, 0.956029209,
2158.099036423, 0.956666622,
2158.119468269, 0.957561079,
2158.139900315, 0.956774259,
2158.160332261, 0.958255908,
2158.180764106, 0.956569980,
2158.201196151, 0.955721609,
2158.221628096, 0.955854755,
2158.242059939, 0.957519939,
2158.262491983, 0.956025194,
2158.282923926, 0.957631220,
2158.303355769, 0.955429229,
2158.323787811, 0.956660385,
2158.344219753, 0.956723384,
2158.385083635, 0.955972887,
2158.405515575, 0.957941148,
2158.425947615, 0.958557314,
2158.446379455, 0.956557183,
2158.466811394, 0.958372811,
2158.487243433, 0.956714546,
2158.507675272, 0.958052305,
2158.528107209, 0.956655488,
2158.548539147, 0.957909669,
2158.568971084, 0.959700276,
2158.589403021, 0.957527763,
2158.609835057, 0.957684854,
2158.630266893, 0.958374601,
2158.650698828, 0.957171888,
2158.671130863, 0.957992297,
2158.691562697, 0.960301364,
2158.711994632, 0.959656797,
2158.773290431, 0.963409064,
2158.793722463, 0.956079113,
2158.814154295, 0.958068029,
2158.834586227, 0.956996439,
2158.855018258, 0.957938922,
2158.875450089, 0.959399939,
2158.895882119, 0.958053173,
2158.916314049, 0.958102198,
2158.936745979, 0.958389823,
2158.957177907, 0.958511737,
2158.977609836, 0.956778721,
2158.998041764, 0.957632754,
2159.018473692, 0.956760069,
2159.038905619, 0.957438487,
2159.059337546, 0.958637382,
2159.079769572, 0.958958712,
2159.100201398, 0.959366135,
2159.120633324, 0.958394283,
2159.141065349, 0.957442159,
2159.161497174, 0.958408983,
2159.181929098, 0.957545895,
2159.202361122, 0.959357675,
2159.222792946, 0.958588618,
2159.243224869, 0.958727500,
2159.263656791, 0.959695623,
2159.284088714, 0.959012779,
2159.304520635, 0.957416714,
2159.324952557, 0.963793208,
2159.345384478, 0.959215496,
2159.365816398, 0.961857138,
2159.386248318, 0.960094260,
2159.406680238, 0.959979160,
2159.427112158, 0.958463171,
2159.447544177, 0.956919107,
2159.467975995, 0.958508237,
2159.508839931, 0.958067536,
2159.529271748, 0.957597510,
2159.549703764, 0.958077341,
2159.570135681, 0.960000495,
2159.590567497, 0.962622549,
2159.610999512, 0.959833488,
2159.631431427, 0.962021357,
2159.672295256, 0.959754646,
2159.692727170, 0.958522350,
2159.713158984, 0.961319155,
2159.774454821, 0.958781488,
2159.794886733, 0.959268664,
2159.815318644, 0.956644882,
2159.835750555, 0.958518486,
2159.856182466, 0.956961310,
2159.876614376, 0.959202607,
2159.897046286, 0.959503353,
2159.917478295, 0.960762180,
2159.937910104, 0.960322789,
2159.958342012, 0.958260703,
2159.978773921, 0.961661782,
2159.999205828, 0.960634959,
2160.019637635, 0.957024223,
2160.040069642, 0.959238191,
2160.060501548, 0.960876107,
2160.080933554, 0.957536678,
2160.101365360, 0.959628575,
2160.121797265, 0.958653375,
2160.142229270, 0.961631856,
2160.162661074, 0.956193553,
2160.183092978, 0.960765740,
2160.203524982, 0.958786826,
2160.223956785, 0.960748941,
2160.244388687, 0.959779398,
2160.264820690, 0.958594771,
2160.285252591, 0.959530871,
2160.305684393, 0.961051410,
2160.326116394, 0.959664478,
2160.346548295, 0.959804052,
2160.366980095, 0.958060250,
2160.387412094, 0.960192374,
2160.407843994, 0.960920146,
2160.428275793, 0.959637161,
2160.448707791, 0.960683509,
2160.469139690, 0.961589802,
2160.489571487, 0.960587748,
2160.510003485, 0.961412561,
2160.530435381, 0.962196460,
2160.550867178, 0.960110952,
2160.571299174, 0.959911054,
2160.591731070, 0.958061755,
2160.612162965, 0.959339252,
2160.632594860, 0.956503013,
2160.653026755, 0.958773673,
2160.673458748, 0.965713111,
2160.693890542, 0.958316943,
2160.734754428, 0.957749372,
2160.755186221, 0.962838241,
2160.775618113, 0.962084619,
2160.796050004, 0.960898866,
2160.816481896, 0.960614181,
2160.836913786, 0.960199280,
2160.857345777, 0.960710609,
2160.877777567, 0.958900351,
2160.898209457, 0.960978537,
2160.918641446, 0.961747985,
2160.939073234, 0.960828157,
2160.959505123, 0.959630457,
2160.979937111, 0.959423435,
2161.000368899, 0.959856772,
2161.020800785, 0.960186619,
2161.041232772, 0.961564817,
2161.082096445, 0.960137906,
2161.102528430, 0.960595156,
2161.122960315, 0.959299329,
2161.143392100, 0.959974226,
2161.163824084, 0.960252601,
2161.184255968, 0.962199370,
2161.204687752, 0.959446280,
2161.225119735, 0.959713836,
2161.245551618, 0.962602293,
2161.265983400, 0.961547162,
2161.286415382, 0.957314461,
2161.306847264, 0.958551280,
2161.327279245, 0.958030770,
2161.368142906, 0.961209490,
2161.388574886, 0.961330297,
2161.409006665, 0.961196490,
2161.429438545, 0.961927188,
2161.470302302, 0.961987364,
2161.490734180, 0.961949405,
2161.511166057, 0.961542697,
2161.531597934, 0.961603369,
2161.552029811, 0.960790567,
2161.572461687, 0.959416448,
2161.592893564, 0.959713242,
2161.613325439, 0.961085471,
2161.633757314, 0.960770077,
2161.654189189, 0.961651529,
2161.674621063, 0.961289584,
2161.735916684, 0.960289080,
2161.776780429, 0.960340673,
2161.797212301, 0.975506312,
2161.817644273, 0.964481102,
2161.838076044, 0.962131694,
2161.858508015, 0.961469273,
2161.878939885, 0.961685982,
2161.899371655, 0.961878485,
2161.919803625, 0.962734953,
2161.940235494, 0.963281138,
2161.960667363, 0.960852517,
2161.981099231, 0.963863556,
2162.001531099, 0.963501352,
2162.021962967, 0.961380741,
2162.042394834, 0.961457394,
2162.062826701, 0.963874082,
2162.083258567, 0.962409779,
2162.103690433, 0.961852962,
2162.124122299, 0.963688594,
2162.144554164, 0.964087280,
2162.164986129, 0.960860012,
2162.205849758, 0.963049113,
2162.226281621, 0.962233199,
2162.246713485, 0.962206662,
2162.267145248, 0.964961785,
2162.287577210, 0.962593281,
2162.308009072, 0.960568244,
2162.328440834, 0.963739048,
2162.348872795, 0.963245654,
2162.369304656, 0.962070427,
2162.389736517, 0.964223159,
2162.410168377, 0.964718676,
2162.430600237, 0.965247651,
2162.451032196, 0.964078716,
2162.471463955, 0.962370626,
2162.491895814, 0.963095158,
2162.512327772, 0.961517178,
2162.532759630, 0.963053066,
2162.553191388, 0.962809627,
2162.573623345, 0.962498949,
2162.594055201, 0.961632066,
2162.614486958, 0.963521708,
2162.634918914, 0.960945876,
2162.655350769, 0.963245398,
2162.696214479, 0.962178134,
2162.716646333, 0.964474261,
2162.737078087, 0.963216122,
2162.757510041, 0.962584270,
2162.777941894, 0.963614922,
2162.798373747, 0.961834836,
2162.818805599, 0.968725642,
2162.839237451, 0.962820357,
2162.859669303, 0.963380490,
2162.880101154, 0.964415328,
2162.900533005, 0.961961690,
2162.920964856, 0.964397251,
2162.941396706, 0.962357465,
2162.961828555, 0.964922450,
2162.982260405, 0.962829741,
2163.002692254, 0.962115245,
2163.023124102, 0.964687215,
2163.043556051, 0.964433092,
2163.063987798, 0.964928527,
2163.084419646, 0.961392099,
2163.104851593, 0.964481812,
2163.125283340, 0.966294066,
2163.186578877, 0.960903432,
2163.227442667, 0.961902613,
2163.247874412, 0.964858270,
2163.268306256, 0.961491024,
2163.288738199, 0.963582940,
2163.309169942, 0.962246314,
2163.329601785, 0.961838347,
2163.350033728, 0.964352587,
2163.370465570, 0.961865045,
2163.390897312, 0.964032717,
2163.411329253, 0.962051784,
2163.431761094, 0.963678541,
2163.452192834, 0.964141496,
2163.472624775, 0.962982829,
2163.493056614, 0.961656085,
2163.513488354, 0.964127695,
2163.533920293, 0.964425660,
2163.574784070, 0.964557183,
2163.595215808, 0.961694029,
2163.615647645, 0.967786830,
2163.697374992, 0.959415208,
2163.717806828, 0.962868033,
2163.738238663, 0.963254922,
2163.758670498, 0.962757951,
2163.779102332, 0.963712312,
2163.799534166, 0.962524002,
2163.819966000, 0.965750331,
2163.840397833, 0.966002394,
2163.860829667, 0.964474571,
2163.881261599, 0.966135932,
2163.942557095, 0.964046356,
2163.962988826, 0.968693043,
2163.983420657, 0.964677538,
2164.003852587, 0.968166407,
2164.024284317, 0.962639425,
2164.065148076, 0.963781625,
2164.085579805, 0.965886611,
2164.106011634, 0.964301504,
2164.126443562, 0.964886344,
2164.146875290, 0.964614737,
2164.167307217, 0.968713530,
2164.187739044, 0.965478119,
2164.208170871, 0.961400243,
2164.228602697, 0.964634399,
2164.249034523, 0.963764632,
2164.269466349, 0.963972662,
2164.289898274, 0.961713768,
2164.310329999, 0.961861637,
2164.330761823, 0.964600368,
2164.351193747, 0.962564865,
2164.371625471, 0.957010370,
2164.412489117, 0.966170539,
2164.432920940, 0.964648529,
2164.453352762, 0.963199917,
2164.473784584, 0.965213921,
2164.494216405, 0.964938512,
2164.514648127, 0.964727124,
2164.535080047, 0.969225027,
2164.555511868, 0.963853196,
2164.575943688, 0.965433927,
2164.596375508, 0.963435044,
2164.616807327, 0.964810352,
2164.637239146, 0.964355169,
2164.657670964, 0.964239818,
2164.678102783, 0.965179360,
2164.698534700, 0.966406921,
2164.718966518, 0.963504325,
2164.739398235, 0.965099182,
2164.759830152, 0.962912850,
2164.780261968, 0.964796464,
2164.800693684, 0.965311254,
2164.821125600, 0.964384717,
2164.841557415, 0.965496215,
2164.861989130, 0.963816856,
2164.902852859, 0.965256758,
2164.923284572, 0.967982613,
2164.943716486, 0.964898746,
2164.964148299, 0.964610946,
2164.984580012, 0.964507176,
2165.005011924, 0.965994280,
2165.025443736, 0.965840013,
2165.045875548, 0.965612545,
2165.066307359, 0.965218778,
2165.086739170, 0.965687874,
2165.107170980, 0.969756803,
2165.127602790, 0.967495567,
2165.148034600, 0.966448281,
2165.188898319, 0.965158392,
2165.209330028, 0.966906457,
2165.229761936, 0.965705350,
2165.250193644, 0.965387019,
2165.270625452, 0.966369127,
2165.291057359, 0.966696591,
2165.311489066, 0.965414890,
2165.331920873, 0.965986971,
2165.352352779, 0.964412066,
2165.393216290, 0.965625130,
2165.413648195, 0.966262499,
2165.434079900, 0.964874666,
2165.454511704, 0.966627561,
2165.474943609, 0.965159386,
2165.495375312, 0.966085468,
2165.515807115, 0.965820146,
2165.536239018, 0.966987074,
2165.556670821, 0.964498612,
2165.577102523, 0.966396894,
2165.597534425, 0.968156041,
2165.638397928, 0.969795339,
2165.658829829, 0.968453793,
2165.679261630, 0.966653614,
2165.699693330, 0.968275172,
2165.720125229, 0.969089035,
2165.740557029, 0.965423830,
2165.760988928, 0.966022968,
2165.781420627, 0.969267146,
2165.801852425, 0.967335232,
2165.822284323, 0.966177013,
2165.842716021, 0.967916911,
2165.883579615, 0.966711455,
2165.904011411, 0.967871609,
2165.924443208, 0.967068764,
2165.944875004, 0.968756308,
2165.965306799, 0.965461664,
2165.985738594, 0.967032770,
2166.006170389, 0.967228091,
2166.026602184, 0.968885016,
2166.067465872, 0.969130813,
2166.087897565, 0.968158014,
2166.108329358, 0.969808707,
2166.128761251, 0.969086664,
2166.149192943, 0.968345613,
2166.169624735, 0.968261873,
2166.190056627, 0.970031596,
2166.210488318, 0.967503342,
2166.230920109, 0.967978866,
2166.251352000, 0.968109455,
2166.271783690, 0.967321403,
2166.292215580, 0.966542748,
2166.312647369, 0.967311110,
2166.373942736, 0.969234041,
2166.394374524, 0.968363582,
2166.414806312, 0.968706430,
2166.455669887, 0.968506043,
2166.496533460, 0.969006250,
2166.516965246, 0.968182921,
2166.537397132, 0.969178192,
2166.557828817, 0.969447587,
2166.578260602, 0.970618431,
2166.598692487, 0.967296118,
2166.619124171, 0.969009130,
2166.639555955, 0.968283827,
2166.659987739, 0.968999390,
2166.680419522, 0.969061239,
2166.700851305, 0.967392867,
2166.721283088, 0.970478961,
2166.741714870, 0.972324193,
2166.762146652, 0.971183281,
2166.782578433, 0.971739837,
2166.803010215, 0.969763366,
2166.823442096, 0.967312696,
2166.864305556, 0.971811384,
2166.884737436, 0.970340065,
2166.905169216, 0.971060393,
2166.925600895, 0.971595642,
2166.946032774, 0.970905956,
2166.966464552, 0.971615608,
2166.986896230, 0.969901102,
2167.007328108, 0.970708449,
2167.027759886, 0.972142066,
2167.048191563, 0.970954370,
2167.068623440, 0.970023024,
2167.109486892, 0.970745559,
2167.129918768, 0.970961579,
2167.150350543, 0.970785093,
2167.170782219, 0.970376970,
2167.191214093, 0.971705206,
2167.211645868, 0.972314944,
2167.232077642, 0.971098317,
2167.252509415, 0.972977458,
2167.272941189, 0.973564679,
2167.293372962, 0.972493263,
2167.313804735, 0.970859337,
2167.354668379, 0.970389817,
2167.375100051, 0.971128140,
2167.395531822, 0.970715468,
2167.415963693, 0.970560843,
2167.436395364, 0.967174849,
2167.456827134, 0.971026895,
2167.477259004, 0.972663369,
2167.497690674, 0.972577368,
2167.518122443, 0.972894257,
2167.538554312, 0.972824325,
2167.558985981, 0.972522757,
2167.599849617, 0.972405236,
2167.620281285, 0.971804232,
2167.640713052, 0.971528200,
2167.661144919, 0.973470077,
2167.681576586, 0.970371280,
2167.702008352, 0.973131507,
2167.722440218, 0.972077379,
2167.742871984, 0.972605742,
2167.763303649, 0.971988696,
2167.783735514, 0.972676743,
2167.804167279, 0.973711858,
2167.845030807, 0.972018718,
2167.865462571, 0.973407923,
2167.885894434, 0.973476411,
2167.906326097, 0.973665766,
2167.947189722, 0.973827695,
2167.967621384, 0.973128205,
2167.988053146, 0.971786916,
2168.008485007, 0.973820431,
2168.028916668, 0.976930693,
2168.049348429, 0.974178271,
2168.090211949, 0.972696645,
2168.110643709, 0.974658280,
2168.131075468, 0.973629679,
2168.151507227, 0.971733509,
2168.171938986, 0.974375947,
2168.192370744, 0.975662031,
2168.212802502, 0.974814285,
2168.233234260, 0.977456273,
2168.253666118, 0.974843401,
2168.294529531, 0.977117860,
2168.335393244, 0.975549122,
2168.355825000, 0.974263831,
2168.376256855, 0.975606906,
2168.396688610, 0.974208179,
2168.417120465, 0.974709760,
2168.437552119, 0.972641208,
2168.457983874, 0.974733378,
2168.478415727, 0.973843783,
2168.498847381, 0.974028939,
2168.519279134, 0.971404384,
2168.539710987, 0.969712902,
2168.580574391, 0.975107845,
2168.601006243, 0.975942063,
2168.621437995, 0.977341235,
2168.641869646, 0.979065676,
2168.662301497, 0.975209552,
2168.682733247, 0.976136168,
2168.703164898, 0.977228725,
2168.723596747, 0.976055278,
2168.744028497, 0.976504982,
2168.764460146, 0.974570485,
2168.784891995, 0.975318397,
2168.825755392, 0.975732355,
2168.846187240, 0.975497389,
2168.866618888, 0.978420831,
2168.887050635, 0.983205431,
2168.907482482, 0.976916625,
2168.927914129, 0.977582125,
2168.948345975, 0.978070228,
2168.968777721, 0.976914524,
2168.989209367, 0.976963911,
2169.009641212, 0.979997788,
2169.030072957, 0.976853497,
2169.070936446, 0.977265308,
2169.091368191, 0.975950528,
2169.111799934, 0.977959837,
2169.132231678, 0.976499994,
2169.152663421, 0.978215891,
2169.173095164, 0.978520895,
2169.193527006, 0.977488749,
2169.213958649, 0.977736453,
2169.234390390, 0.977611368,
2169.254822232, 0.977319146,
2169.275253873, 0.975346591,
2169.316117455, 0.980079742,
2169.356980835, 0.980362601,
2169.377412675, 0.978063293,
2169.397844314, 0.980517400,
2169.418276153, 0.979683799,
2169.438707892, 0.978499297,
2169.459139630, 0.976164900,
2169.479571369, 0.979408545,
2169.500003006, 0.977905282,
2169.561298318, 0.980508080,
2169.602161791, 0.979377797,
2169.622593527, 0.979865904,
2169.643025162, 0.980088848,
2169.663456998, 0.980159884,
2169.683888733, 0.979621261,
2169.704320367, 0.980726310,
2169.724752202, 0.979484858,
2169.745183936, 0.979619487,
2169.765615569, 0.983920186,
2169.806479136, 0.978873281,
2169.826910769, 0.979220465,
2169.847342601, 0.979283421,
2169.888206165, 0.978946872,
2169.908637797, 0.977484691,
2169.929069528, 0.981267837,
2169.949501359, 0.979369697,
2169.969932990, 0.981668194,
2169.990364720, 0.979960146,
2170.010796550, 0.978675500,
2170.051659909, 0.978805142,
2170.072091738, 0.981593429,
2170.092523467, 0.981150874,
2170.112955095, 0.983990011,
2170.133386923, 0.980309682,
2170.153818651, 0.981390349,
2170.174250279, 0.978231651,
2170.194682106, 0.982842689,
2170.215113833, 0.985860559,
2170.235545460, 0.982775985,
2170.255977286, 0.981594603,
2170.296840638, 0.977671253,
2170.337704088, 0.982096544,
2170.358135813, 0.981635413,
2170.378567637, 0.982245799,
2170.398999362, 0.982419094,
2170.419431086, 0.981397952,
2170.439862809, 0.981451233,
2170.460294532, 0.981561046,
2170.480726255, 0.981923974,
2170.501157978, 0.982393770,
2170.521589700, 0.981128662,
2170.542021522, 0.981252857,
2170.562453144, 0.982093709,
2170.582884866, 0.981924812,
2170.603316687, 0.983978868,
2170.623748308, 0.980886106,
2170.644180028, 0.981014061,
2170.664611849, 0.980664231,
2170.685043468, 0.978866197,
2170.705475188, 0.978472800,
2170.725907007, 0.980037333,
2170.746338626, 0.980204864,
2170.787202164, 0.982174347,
2170.807633782, 0.981846687,
2170.828065499, 0.981909944,
2170.848497317, 0.981581489,
2170.868929034, 0.984483143,
2170.889360751, 0.984781130,
2170.909792468, 0.984985594,
2170.930224184, 0.982893782,
2170.950655900, 0.982085658,
2170.971087616, 0.982853801,
2170.991519232, 0.984915193,
2171.032382762, 0.981326030,
2171.052814376, 0.986260753,
2171.073246190, 0.981412602,
2171.093677905, 0.983238768,
2171.114109518, 0.982803441,
2171.134541332, 0.982289570,
2171.154973045, 0.984147475,
2171.175404657, 0.984818337,
2171.195836470, 0.983864960,
2171.216268182, 0.983971773,
2171.236699894, 0.985954633,
2171.277563317, 0.985283354,
2171.297995028, 0.982211891,
2171.318426739, 0.983240728,
2171.338858449, 0.981783543,
2171.359290259, 0.999097420,
2171.379721969, 0.984717287,
2171.400153579, 0.983346306,
2171.420585388, 0.982005864,
2171.441017097, 0.983312976,
2171.461448706, 0.988273672,
2171.481880514, 0.982976036,
2171.522743830, 0.984674382,
2171.543175637, 0.981520194,
2171.563607345, 0.984593718,
2171.584038951, 0.982722714,
2171.604470758, 0.984723453,
2171.624902464, 0.982264589,
2171.645334071, 0.983959392,
2171.665765876, 0.983016495,
2171.686197582, 0.986754028,
2171.706629187, 0.983925009,
2171.727060992, 0.983206514,
2171.747492697, 0.984664577,
2171.767924301, 0.983633023,
2171.788356105, 0.984395881,
2171.808787809, 0.984185660,
2171.829219512, 0.983746817,
2171.849651215, 0.987228289,
2171.870082918, 0.984119797,
2171.890514621, 0.985088342,
2171.910946323, 0.987217003,
2171.931378025, 0.986119453,
2171.951809827, 0.989302479,
2171.972241428, 0.987718541,
2172.013104930, 0.985706660,
2172.033536531, 0.982581245,
2172.053968231, 0.982519204,
2172.074400031, 0.985248992,
2172.094831631, 0.983423077,
2172.115263330, 0.986760996,
2172.135695130, 0.983415999,
2172.156126728, 0.983878222,
2172.176558427, 0.984763505,
2172.196990225, 0.984841034,
2172.217421923, 0.983277439,
2172.258285319, 0.983806919,
2172.278717016, 0.988308318,
2172.299148713, 0.984390109,
2172.319580409, 0.984244356,
2172.340012106, 0.985661578,
2172.360443802, 0.981432331,
2172.401307193, 0.984495323,
2172.421738888, 0.983989693,
2172.442170583, 0.985752999,
2172.462602278, 0.983132436,
2172.483033972, 0.986255365,
2172.503465666, 0.984800224,
2172.523897260, 0.984821636,
2172.544329053, 0.985111446,
2172.564760747, 0.987074257,
2172.585192440, 0.983586456,
2172.605624132, 0.984301376,
2172.626055825, 0.985628822,
2172.646487517, 0.981989100,
2172.666919209, 0.984682102,
2172.687350900, 0.985967448,
2172.707782692, 0.986021335,
2172.748645973, 0.986091534,
2172.769077764, 0.984728622,
2172.789509454, 0.986657953,
2172.809941044, 0.984986453,
2172.830372834, 0.984993880,
2172.850804523, 0.983726758,
2172.871236112, 0.985657903,
2172.891667901, 0.985419493,
2172.912099589, 0.981645214,
2172.932531178, 0.984909619,
2172.952962966, 0.984389671,
2172.973394653, 0.983919303,
2172.993826241, 0.986028717,
2173.014258028, 0.985405265,
2173.034689715, 0.986305258,
2173.055121401, 0.987533234,
2173.075553088, 0.986236926,
2173.095984774, 0.985428313,
2173.116416459, 0.986494728,
2173.136848145, 0.983291498,
2173.157279830, 0.983458504,
2173.177711515, 0.983092106,
2173.198143200, 0.984868717,
2173.259438252, 0.985706859,
2173.279869936, 0.986761105,
2173.300301719, 1.002203117,
2173.320733302, 0.989866557,
2173.341164985, 0.987921740,
2173.361596768, 0.986182916,
2173.382028350, 0.986615819,
2173.402460032, 0.988565825,
2173.422891814, 0.984965943,
2173.443323395, 0.986128147,
2173.484186857, 0.987018844,
2173.504618438, 0.983684886,
2173.525050118, 0.985480840,
2173.545481898, 0.986061578,
2173.565913478, 0.985227058,
2173.606776937, 0.986370974,
2173.627208616, 0.986096591,
2173.647640295, 0.985005014,
2173.668071974, 0.985355424,
2173.688503652, 0.984809121,
2173.729367007, 0.985397472,
2173.749798685, 0.985638518,
2173.770230462, 0.987568930,
2173.790662039, 0.987677382,
2173.811093715, 0.985928149,
2173.831525492, 0.990949443,
2173.851957068, 0.985435257,
2173.872388744, 0.987015972,
2173.892820419, 0.987568244,
2173.913252095, 0.987416498,
2173.933683670, 0.988077659,
2173.954115445, 0.987232420,
2173.974547119, 0.988282002,
2173.994978893, 0.986278291,
2174.015410467, 0.984538991,
2174.056273915, 0.985942449,
2174.076705588, 0.985927392,
2174.097137161, 0.986091613,
2174.117568933, 0.984202223,
2174.138000606, 0.985876111,
2174.158432178, 0.986824987,
2174.178863950, 0.985824427,
2174.219727193, 0.987138573,
2174.240158964, 0.989001009,
2174.260590635, 0.985708237,
2174.281022206, 0.988182564,
2174.301453976, 0.987402299,
2174.321885646, 0.987609679,
2174.342317216, 0.988033013,
2174.362748985, 0.988004729,
2174.383180655, 0.988967631,
2174.403612224, 0.986018673,
2174.424043993, 0.988049121,
2174.464907430, 0.985782536,
2174.485338997, 0.987732614,
2174.505770665, 0.985504767,
2174.526202333, 0.989765879,
2174.546634100, 0.986699727,
2174.567065667, 0.984206139,
2174.587497334, 0.986743385,
2174.607929000, 0.987861293,
2174.628360667, 0.985818738,
2174.648792432, 0.986552677,
2174.669223998, 0.988748523,
2174.689655664, 0.987820072,
2174.710087429, 0.988819415,
2174.730518994, 0.987352812,
2174.750950659, 0.986831085,
2174.771382423, 0.987074459,
2174.791813987, 0.985881417,
2174.812245651, 0.988311888,
2174.832677415, 0.987668370,
2174.873540741, 0.988397575,
2174.893972405, 0.988277820,
2174.914404067, 0.986682373,
2174.955267392, 0.987306035,
2174.975699054, 0.986679455,
2174.996130716, 0.986520170,
2175.016562377, 0.985147146,
2175.036994038, 0.988949857,
2175.057425799, 0.987614396,
2175.077857360, 0.986024824,
2175.098289020, 0.988000224,
2175.118720780, 0.986975891,
2175.139152340, 0.987837393,
2175.159584000, 0.987788469,
2175.200447318, 0.987404177,
2175.220878977, 0.987148156,
2175.241310736, 0.986068925,
2175.261742295, 0.986115689,
2175.282174053, 0.988252422,
2175.302605711, 0.987887330,
2175.323037268, 0.986462054,
2175.343469026, 0.987792879,
2175.363900583, 0.989125192,
2175.404763997, 0.987811577,
2175.466058965, 0.986048086,
2175.486490621, 0.988915301,
2175.506922177, 0.987955462,
2175.527353932, 0.989686075,
2175.547785587, 0.987573702,
2175.568217141, 0.989716192,
2175.588648896, 0.988670133,
2175.629512104, 0.985886144,
2175.649943858, 0.988295262,
2175.670375512, 0.988048765,
2175.690807265, 0.985788692,
2175.731670471, 0.990711533,
2175.752102223, 0.990067406,
2175.772533776, 0.988462563,
2175.792965428, 0.987707859,
2175.813397179, 0.989656506,
2175.833828731, 0.986635033,
2175.854260383, 0.986947998,
2175.874692133, 0.987769409,
2175.895123784, 0.988428646,
2175.915555335, 0.989247331,
2175.935987085, 0.988261931,
2175.956418736, 0.987216300,
2175.997282035, 0.990357892,
2176.017713585, 0.990448455,
2176.038145234, 0.989508653,
2176.058576983, 0.991050369,
2176.079008632, 0.991273443,
2176.099440280, 0.989988584,
2176.119871928, 0.997444833,
2176.140303476, 0.990674389,
2176.181166872, 0.986522798,
2176.201598419, 0.989080832,
2176.242461813, 0.990950782,
2176.262893359, 0.989558829,
2176.283325106, 0.989027120,
2176.303756752, 0.987222669,
2176.324188398, 0.989443633,
2176.344620043, 0.989734863,
2176.365051689, 0.987747064,
2176.385483334, 0.991438536,
2176.426346624, 0.991249320,
2176.446778268, 0.990173802,
2176.467210012, 0.989727482,
2176.487641556, 0.988785212,
2176.528504944, 0.988248801,
2176.548936487, 0.989337027,
2176.569368230, 0.988477764,
2176.589799873, 0.988145597,
2176.630663158, 0.988770389,
2176.691958084, 0.990890081,
2176.712389725, 0.990406751,
2176.732821267, 0.988766997,
2176.753253007, 0.988678342,
2176.773684548, 0.990841820,
2176.794116189, 0.989637416,
2176.814547929, 0.990404620,
2176.834979569, 0.991710073,
2176.855411109, 0.990130967,
2176.875842849, 0.988400985,
2176.896274488, 0.989220463,
2176.916706127, 0.991016568,
2176.937137766, 0.990063216,
2176.957569405, 0.989116491,
2176.978001143, 0.991235021,
2176.998432682, 0.989525875,
2177.018864320, 0.990088635,
2177.039296057, 0.989655286,
2177.059727595, 0.989735965,
2177.080159232, 0.988997853,
2177.100590970, 0.990295414,
2177.121022506, 0.985596727,
2177.161885879, 0.991967498,
2177.182317416, 0.988030168,
2177.202749052, 0.989117332,
2177.223180787, 0.989983980,
2177.243612323, 0.991383442,
2177.264043958, 0.989574974,
2177.284475694, 0.989131865,
2177.304907328, 0.989616891,
2177.325338963, 0.992184998,
2177.345770598, 0.992343804,
2177.366202232, 0.992941529,
2177.407065500, 0.989296066,
2177.427497133, 0.990602414,
2177.447928866, 0.991904710,
2177.468360399, 0.990684418,
2177.488792032, 0.989096107,
2177.509223665, 0.989443641,
2177.529655297, 0.991674106,
2177.550086830, 0.992252880,
2177.570518562, 0.992049726,
2177.590950193, 0.991220189,
2177.611381725, 0.993126338,
2177.652245087, 0.991822321,
2177.672676718, 0.992287589,
2177.693108349, 0.992291398,
2177.713539979, 0.990999982,
2177.733971710, 0.992437752,
2177.754403240, 0.991713553,
2177.774834870, 0.992958770,
2177.795266599, 0.995649666,
2177.815698229, 0.993684146,
2177.836129758, 0.993903921,
2177.856561487, 0.993387211,
2177.897424644, 0.991087959,
2177.917856372, 0.994692524,
2177.938288000, 0.993013121,
2177.958719528, 0.990686377,
2177.979151256, 0.994826688,
2177.999582883, 0.993991552,
2178.020014410, 0.993416232,
2178.040446137, 0.992697546,
2178.060877764, 0.991990528,
2178.081309291, 0.992808722,
2178.101741017, 0.993853642,
2178.122172643, 0.994174877,
2178.142604269, 0.993206175,
2178.163035895, 0.991859136,
2178.183467521, 0.994076155,
2178.203899146, 0.995443855,
2178.224330771, 0.992342009,
2178.265194020, 0.994235882,
2178.285625645, 0.993058450,
2178.306057269, 0.994472385,
2178.326488893, 0.995999341,
2178.346920517, 0.992234693,
2178.367352141, 0.992951516,
2178.387783864, 0.994981028,
2178.408215387, 0.993637136,
2178.428647010, 0.993660482,
2178.449078733, 0.994069227,
2178.469510256, 0.993892156,
2178.489941878, 0.995601195,
2178.510373600, 0.995907721,
2178.530805122, 0.994982539,
2178.551236844, 0.996029419,
2178.571668465, 0.996308609,
2178.592099987, 0.994954763,
2178.632963328, 0.991836344,
2178.653394949, 0.999069608,
2178.673826570, 0.991673774,
2178.694258190, 0.995417028,
2178.714689810, 0.994419745,
2178.735121430, 0.995106518,
2178.755553049, 0.996131394,
2178.775984669, 0.998465078,
2178.796416388, 0.995555061,
2178.816847907, 0.996490401,
2178.837279526, 0.996542873,
2178.857711245, 0.994100944,
2178.878142763, 0.994423309,
2178.898574481, 0.993031902,
2178.919005999, 0.995619302,
2178.939437617, 0.995021067,
2178.959869335, 0.994930268,
2178.980300852, 0.995200520,
2179.000732470, 0.996155047,
2179.021164186, 0.996962510,
2179.041595703, 0.995519875,
2179.062027320, 0.997277456,
2179.082459036, 0.996618696,
2179.123322168, 0.996934710,
2179.143753884, 0.997948983,
2179.164185400, 0.993955043,
2179.184617015, 0.995975619,
2179.205048730, 0.999588397,
2179.225480345, 0.997459719,
2179.245911860, 0.994538444,
2179.266343575, 0.995771312,
2179.286775189, 0.997534676,
2179.307206903, 0.997551137,
2179.327638417, 0.995529096,
2179.368501745, 0.995710783,
2179.409364871, 0.997347921,
2179.429796584, 0.996448778,
2179.450228097, 0.996956206,
2179.491091422, 0.996847259,
2179.511522934, 0.997670022,
2179.531954547, 0.997394271,
2179.552386258, 0.995934386,
2179.572817770, 0.997894869,
2179.593249381, 0.998715593,
2179.613681093, 0.999024943,
2179.634112604, 0.997257494,
2179.654544314, 0.999629936,
2179.674975925, 1.007608988,
2179.695407436, 0.998890587,
2179.715839146, 0.998599753,
2179.736270756, 1.000757927,
2179.756702266, 0.999728164,
2179.777133976, 0.996944578,
2179.797565585, 0.997313676,
2179.817997094, 0.998590322,
2179.838428803, 0.995789282,
2179.879291921, 0.995295493,
2179.899723630, 1.000213410,
2179.920155238, 0.997599858,
2179.940586746, 0.999245068,
2179.961018454, 0.998792863,
2179.981450062, 0.997266389,
2180.001881769, 0.999608359,
2180.022313277, 1.001578058,
2180.042744884, 0.997447235,
2180.063176591, 0.998553343,
2180.104039705, 0.997977910,
2180.124471411, 0.997822981,
2180.144903017, 0.997715325,
2180.165334523, 0.997599574,
2180.185766229, 1.000562161,
2180.226629341, 0.997942315,
2180.247061046, 1.000683320,
2180.267492651, 0.999229899,
2180.287924156, 0.999524536,
2180.308355861, 0.998266057,
2180.349218970, 1.000144903,
2180.369650674, 0.997283605,
2180.410513882, 0.998409160,
2180.430945485, 0.998589947,
2180.451376989, 1.001574753,
2180.471808692, 1.000822208,
2180.492240295, 1.000446060,
2180.512671898, 1.001590553,
2180.533103501, 0.999994788,
2180.553535103, 0.999843423,
2180.573966706, 1.001873613,
2180.594398308, 1.000418290,
2180.614829910, 1.001040259,
2180.635261512, 0.999391029,
2180.655693213, 1.001049135,
2180.696556316, 1.001923576,
2180.716988017, 1.001538064,
2180.737419518, 0.999092496,
2180.757851219, 0.999784069,
2180.778282819, 1.000238355,
2180.798714320, 1.001778120,
2180.819146020, 1.000293685,
2180.839577620, 1.001593417,
2180.860009119, 1.000217033,
2180.880440819, 0.997391017,
2180.900872419, 1.000574214,
2180.921303918, 1.001618288,
2180.941735617, 1.001704466,
2180.962167216, 1.001783025,
2181.003030413, 1.000909288,
2181.023462012, 1.001727016,
2181.043893610, 1.000565871,
2181.064325208, 1.001627904,
2181.105188403, 1.002035503,
2181.125620001, 1.002325156,
2181.146051598, 1.001502571,
2181.166483195, 1.001365505,
2181.186914792, 1.003527984,
2181.207346389, 1.002073300,
2181.227778086, 1.000976016,
2181.248209582, 1.002282960,
2181.268641179, 1.001431613,
2181.289072875, 1.003704292,
2181.329935966, 1.001016195,
2181.350367662, 1.001421735,
2181.370799157, 1.003226474,
2181.391230753, 1.002737125,
2181.411662448, 1.002089624,
2181.432093943, 0.999836566,
2181.452525537, 1.004752214,
2181.493388826, 1.004105144,
2181.513820420, 1.004306743,
2181.534252014, 1.002477770,
2181.554683608, 1.002715924,
2181.595546796, 1.003032755,
2181.615978389, 1.003484973,
2181.636409982, 1.001630497,
2181.656841575, 1.003741732,
2181.677273168, 1.002611427,
2181.697704861, 1.003939656,
2181.718136353, 1.002744910,
2181.738567945, 1.001971555,
2181.758999538, 1.004907716,
2181.779431129, 1.004056320,
2181.820294313, 1.003789637,
2181.840725905, 1.001549963,
2181.861157596, 1.002199501,
2181.881589087, 1.004049082,
2181.902020678, 1.004633556,
2181.922452369, 1.005138940,
2181.942883860, 1.004492098,
2181.963315450, 1.002980848,
2181.983747140, 1.004101138,
2182.024610221, 1.006465333,
2182.045041910, 1.004444979,
2182.065473500, 1.005687184,
2182.085904990, 1.002898057,
2182.106336679, 1.004964801,
2182.126768268, 1.007160914,
2182.147199757, 1.005132091,
2182.167631446, 1.005062852,
2182.188063035, 1.005902089,
2182.208494723, 1.005740394,
2182.228926211, 1.005082305,
2182.249357800, 1.006613814,
2182.269789488, 1.005705944,
2182.290220976, 1.004779287,
2182.310652563, 1.004679505,
2182.331084251, 1.005401937,
2182.351515738, 1.003805919,
2182.371947325, 1.006659426,
2182.392379013, 1.003229517,
2182.412810500, 1.004109304,
2182.433242086, 1.005420884,
2182.453673673, 1.006359196,
2182.474105259, 1.003821937,
2182.494536845, 1.004740991,
2182.514968532, 1.005431403,
2182.535400018, 1.003119365,
2182.555831703, 1.004185303,
2182.576263289, 1.005046540,
2182.596694775, 1.007598995,
2182.617126460, 1.007730317,
2182.637558045, 1.004397260,
2182.657989530, 1.001390389,
2182.678421215, 1.004565823,
2182.698852800, 1.008257469,
2182.719284284, 1.007066005,
2182.739715969, 1.004049419,
2182.760147553, 0.994623759,
2182.801010721, 1.006701707,
2182.821442304, 1.006152314,
2182.841873788, 1.005819734,
2182.862305472, 1.003623175,
2182.903168738, 1.005398623,
2182.923600221, 1.005462772,
2182.944031804, 1.005897763,
2182.964463487, 1.006332387,
2182.984894969, 1.004684164,
2183.005326551, 1.004850183,
2183.025758234, 1.006174403,
2183.046189816, 1.007148226,
2183.066621298, 1.006153470,
2183.087052979, 1.004757576,
2183.107484561, 1.005664954,
2183.127916043, 1.004997087,
2183.148347724, 1.006232073,
2183.168779205, 1.007579755,
2183.189210786, 1.005488035,
2183.209642467, 1.003617241,
2183.230073947, 1.004825354,
2183.250505628, 1.006097931,
2183.291368689, 1.003132387,
2183.311800369, 1.006111517,
2183.352663429, 1.003648113,
2183.373095108, 1.005093910,
2183.393526688, 1.008104374,
2183.413958267, 1.007612802,
2183.434389847, 1.006101980,
2183.454821426, 1.004643710,
2183.475253004, 1.004745020,
2183.495684583, 1.004664338,
2183.536547740, 1.005438233,
2183.556979419, 1.005880820,
2183.577410897, 1.005162162,
2183.597842575, 1.005259999,
2183.618274153, 1.005886231,
2183.638705631, 1.006820406,
2183.659137308, 1.005289704,
2183.679568886, 1.007751767,
2183.700000363, 1.007726600,
2183.720432040, 1.007541069,
2183.740863617, 1.007723929,
2183.781726771, 1.005496823,
2183.802158348, 1.006577150,
2183.822589824, 1.008781176,
2183.843021500, 1.005241646,
2183.863453077, 1.006950532,
2183.883884653, 1.006382862,
2183.904316229, 1.007430505,
2183.924747804, 1.005463362,
2183.945179380, 1.007246402,
2183.965610956, 1.005436259,
2183.986042531, 1.006003155,
2184.006474106, 1.008063976,
2184.026905681, 1.008391688,
2184.047337256, 1.006303891,
2184.067768931, 1.008326332,
2184.088200406, 1.006115040,
2184.108631980, 1.008574188,
2184.129063654, 1.004624353,
2184.149495129, 1.005479126,
2184.169926703, 1.005410195,
2184.190358377, 1.007937742,
2184.210789851, 1.007243787,
2184.231221424, 1.007402173,
2184.272084571, 1.005570513,
2184.292516244, 1.008228189,
2184.312947818, 1.010935699,
2184.333379291, 1.005090880,
2184.353810964, 1.005867702,
2184.374242536, 1.006136655,
2184.394674109, 1.008011149,
2184.415105681, 1.008450160,
2184.435537254, 1.007245767,
2184.455968826, 1.005875762,
2184.476400398, 1.006647837,
2184.517263542, 1.007000575,
2184.537695213, 1.005828539,
2184.558126685, 1.008520148,
2184.578558256, 1.006101135,
2184.598989927, 1.008240044,
2184.619421399, 1.011696820,
2184.639853070, 1.006246701,
2184.660284540, 1.008099891,
2184.680716111, 1.007168057,
2184.701147782, 1.006893486,
2184.721579252, 1.007398328,
2184.742010823, 1.009784818,
2184.762442493, 1.009637239,
2184.782873963, 1.008140818,
2184.803305533, 1.008139198,
2184.844168672, 1.010103573,
2184.864600242, 1.009250952,
2184.885031911, 1.009639012,
2184.905463481, 1.008878056,
2184.925894950, 1.009281688,
2184.946326619, 1.007338626,
2184.966758188, 1.007066360,
2185.007621325, 1.007689965,
2185.028052894, 1.008271291,
2185.048484562, 1.006622621,
2185.068916030, 1.008348507,
2185.089347599, 1.008837936,
2185.109779267, 1.010146467,
2185.130210735, 1.008449005,
2185.150642302, 1.009292982,
2185.171073970, 1.008140243,
2185.191505438, 1.009367012,
2185.211937005, 1.008992564,
2185.252800139, 1.008793407,
2185.273231706, 1.009381685,
2185.293663373, 1.007568407,
2185.314094840, 1.009851337,
2185.334526507, 1.009292850,
2185.354957973, 1.008828652,
2185.375389640, 1.012733630,
2185.395821206, 1.008543222,
2185.416252772, 1.009002640,
2185.436684238, 1.010446327,
2185.497978936, 1.008433233,
2185.518410601, 1.007193943,
2185.538842167, 1.008857683,
2185.559273632, 1.009367034,
2185.579705297, 1.008763518,
2185.600136862, 1.008964011,
2185.640999992, 1.012347957,
2185.661431557, 1.013167792,
2185.681863222, 1.010468694,
2185.702294686, 1.008053436,
2185.722726250, 1.010616275,
2185.743157915, 1.008842584,
2185.763589379, 1.007207048,
2185.784020943, 1.009487686,
2185.804452607, 1.014630167,
2185.824884071, 1.011094222,
2185.845315634, 1.009217164,
2185.865747298, 1.008602969,
2185.886178861, 1.009952994,
2185.906610325, 1.011252439,
2185.927041988, 1.011898917,
2185.947473551, 1.010934373,
2185.967905114, 1.009637115,
2185.988336677, 1.013785454,
2186.008768239, 1.010557220,
2186.029199802, 1.010629268,
2186.049631365, 1.011985883,
2186.070062827, 1.012006882,
2186.090494489, 1.009991116,
2186.110926051, 1.012356184,
2186.131357514, 1.011752760,
2186.151789176, 1.010283686,
2186.172220737, 1.011521707,
2186.192652199, 1.010166704,
2186.213083861, 1.011626420,
2186.253946984, 1.012626534,
2186.274378545, 1.011440647,
2186.294810106, 1.012329665,
2186.315241767, 1.013069119,
2186.335673228, 1.012634555,
2186.356104789, 1.011115173,
2186.376536450, 1.011568712,
2186.396967910, 1.010287911,
2186.417399471, 1.014002052,
2186.458262692, 1.010213167,
2186.478694152, 1.012293599,
2186.499125812, 1.011795659,
2186.519557372, 1.008476064,
2186.539988832, 1.012737313,
2186.560420491, 1.012390895,
2186.580852051, 1.012528736,
2186.601283711, 1.012789803,
2186.621715170, 1.012875118,
2186.642146729, 1.010947135,
2186.662578389, 1.013581700,
2186.683009848, 1.013409861,
2186.744304525, 1.011570182,
2186.764736083, 1.014209844,
2186.785167642, 1.015245175,
2186.805599200, 1.011327344,
2186.826030759, 1.012559098,
2186.846462317, 1.014691400,
2186.866893875, 1.012274479,
2186.887325433, 1.013512571,
2186.907756991, 1.012397665,
2186.928188549, 1.014384097,
2186.948620207, 1.014420722,
2186.969051765, 1.013138219,
2186.989483222, 1.014126828,
2187.009914880, 1.013802165,
2187.030346437, 1.012198640,
2187.071209551, 1.013972176,
2187.091641108, 1.013150592,
2187.112072565, 1.014599386,
2187.132504222, 1.015274086,
2187.152935779, 1.015826969,
2187.173367236, 1.016043200,
2187.214230449, 1.019133689,
2187.234661905, 1.012909959,
2187.255093561, 1.014525072,
2187.275525118, 1.013704334,
2187.295956774, 1.018487929,
2187.316388230, 1.013643661,
2187.336819786, 1.015093969,
2187.357251441, 1.013424666,
2187.377682897, 1.014448745,
2187.398114453, 1.015436950,
2187.418546108, 1.016144421,
2187.438977564, 1.016419893,
2187.459409119, 1.017507883,
2187.479840774, 1.012871364,
2187.500272229, 1.015934826,
2187.520703784, 1.014346795,
2187.541135439, 1.016081382,
2187.561566894, 1.016658788,
2187.581998549, 1.016472807,
2187.602430103, 1.017201598,
2187.622861558, 1.018915618,
2187.643293212, 1.017032139,
2187.663724767, 1.017507974,
2187.684156221, 1.016488921,
2187.704587875, 1.016919212,
2187.725019429, 1.014227059,
2187.745450883, 1.016525760,
2187.765882537, 1.015407606,
2187.786314091, 1.016684141,
2187.806745645, 1.015207885,
2187.827177198, 1.016933599,
2187.847608752, 1.019376330,
2187.868040405, 1.018168411,
2187.888471859, 1.018925197,
2187.908903412, 1.017227716,
2187.929335065, 1.017433632,
2187.949766618, 1.016202214,
2187.970198071, 1.018345977,
2187.990629724, 1.017828304,
2188.031492730, 1.017527616,
2188.051924382, 1.014681572,
2188.072355935, 1.018120618,
2188.092787387, 1.016972563,
2188.113219040, 1.016654496,
2188.133650592, 1.019482862,
2188.154082044, 1.017395976,
2188.174513696, 1.021826390,
2188.194945148, 1.019782915,
2188.215376800, 1.018214985,
2188.235808352, 1.017315164,
2188.256239804, 1.014820275,
2188.276671456, 1.019772295,
2188.297103007, 1.019018847,
2188.317534559, 1.018246633,
2188.337966110, 1.018770883,
2188.358397661, 1.019290249,
2188.378829213, 1.017503202,
2188.399260764, 1.018428022,
2188.419692315, 1.019310014,
2188.440123866, 1.021478408,
2188.460555517, 1.019194975,
2188.480986968, 1.020505595,
2188.501418619, 1.019595545,
2188.521850169, 1.020141897,
2188.562713270, 1.019751788,
2188.583144821, 1.020477503,
2188.603576271, 1.020905357,
2188.624007922, 1.019301336,
2188.644439472, 1.021570714,
2188.664870922, 1.020063204,
2188.685302572, 1.020911702,
2188.705734122, 1.030408378,
2188.726165572, 1.019280143,
2188.746597222, 1.021204448,
2188.767028771, 1.020973371,
2188.787460421, 1.020311296,
2188.807891870, 1.019083591,
2188.828323420, 1.020123145,
2188.848754969, 1.021275547,
2188.869186519, 1.019780613,
2188.889618068, 1.021133226,
2188.910049617, 1.021663094,
2188.930481166, 1.021673549,
2188.950912715, 1.021363837,
2188.971344364, 1.021957887,
2188.991775813, 1.022481074,
2189.012207362, 1.020290081,
2189.032639011, 1.021164053,
2189.053070459, 1.021467551,
2189.093933657, 1.020714370,
2189.114365105, 1.019859192,
2189.134796753, 1.022373739,
2189.196091398, 1.020796311,
2189.216522946, 1.021445487,
2189.236954394, 1.021887864,
2189.257386042, 1.019464102,
2189.277817590, 1.021268254,
2189.298249138, 1.022869569,
2189.318680685, 1.021397000,
2189.339112233, 1.022669922,
2189.359543780, 1.023893924,
2189.379975328, 1.022617322,
2189.400406875, 1.021701508,
2189.420838523, 1.021438677,
2189.441270070, 1.026955935,
2189.461701517, 1.029953722,
2189.482133164, 1.025986003,
2189.502564711, 1.023742515,
2189.522996158, 1.023086491,
2189.543427805, 1.023352175,
2189.563859352, 1.022917638,
2189.584290799, 1.020176366,
2189.604722446, 1.020199748,
2189.625153892, 1.020700365,
2189.645585439, 1.022897244,
2189.666017086, 1.024135708,
2189.686448532, 1.024915825,
2189.706880179, 1.021876689,
2189.727311725, 1.025381979,
2189.747743171, 1.023286110,
2189.768174817, 1.024297515,
2189.788606363, 1.024958294,
2189.809037910, 1.025738216,
2189.829469456, 1.022862526,
2189.849901001, 1.021534197,
2189.870332547, 1.029605377,
2189.890764093, 1.022311106,
2189.911195639, 1.025198458,
2189.931627185, 1.025109838,
2189.952058830, 1.025099320,
2189.972490276, 1.024190509,
2189.992921921, 1.025256933,
2190.013353467, 1.022714152,
2190.033784912, 1.024428184,
2190.054216557, 1.029174547,
2190.074648103, 1.026292940,
2190.095079548, 1.024813923,
2190.115511193, 1.024517634,
2190.156374183, 1.024237042,
2190.176805828, 1.025821693,
2190.197237373, 1.024149736,
2190.217668818, 1.022730659,
2190.238100462, 1.025087484,
2190.258531907, 1.023505066,
2190.278963552, 1.024630206,
2190.299395096, 1.025205305,
2190.319826541, 1.026410369,
2190.340258185, 1.028939528,
2190.360689730, 1.025780261,
2190.381121274, 1.024982839,
2190.401552819, 1.025385337,
2190.442415907, 1.025446300,
2190.462847451, 1.024220009,
2190.483278995, 1.027931514,
2190.503710539, 1.025080036,
2190.524142183, 1.027973807,
2190.544573627, 1.027352998,
2190.565005271, 1.027118601,
2190.585436815, 1.028813309,
2190.605868259, 1.024806763,
2190.646731446, 1.029042738,
2190.667162889, 1.030412849,
2190.687594533, 1.032522534,
2190.708026076, 1.030829630,
2190.728457520, 1.028724382,
2190.748889163, 1.031155724,
2190.769320707, 1.029073756,
2190.789752250, 1.031226450,
2190.810183793, 1.031134202,
2190.830615336, 1.031936240,
2190.851046979, 1.030292275,
2190.871478422, 1.030954582,
2190.891909965, 1.029459499,
2190.912341608, 1.030879375,
2190.932773051, 1.030104827,
2190.953204594, 1.032871857,
2190.973636237, 1.033180750,
2190.994067680, 1.032831685,
2191.014499222, 1.031990037,
2191.034930865, 1.031413434,
2191.055362308, 1.031108487,
2191.075793850, 1.028569746,
2191.096225493, 1.029389199,
2191.137088578, 1.031769950,
2191.157520120, 1.035128696,
2191.177951562, 1.033414540,
2191.198383205, 1.034476071,
2191.218814747, 1.030963880,
2191.239246189, 1.034745507,
2191.259677831, 1.031962476,
2191.280109373, 1.036335867,
2191.300540815, 1.031407850,
2191.341403999, 1.035422834,
2191.361835541, 1.034330145,
2191.382267083, 1.034069438,
2191.402698625, 1.036004186,
2191.423130267, 1.035662066,
2191.443561808, 1.034785449,
2191.463993250, 1.035596065,
2191.484424892, 1.033251459,
2191.504856433, 1.036476210,
2191.525287875, 1.036622249,
2191.566151058, 1.037738401,
2191.586582499, 1.037291596,
2191.627445582, 1.037084326,
2191.647877123, 1.037601633,
2191.668308765, 1.039138322,
2191.688740306, 1.037203099,
2191.709171847, 1.037883514,
2191.729603388, 1.038777140,
2191.750034829, 1.038982909,
2191.770466470, 1.040537324,
2191.790898011, 1.037636019,
2191.811329452, 1.038476956,
2191.831761093, 1.040074373,
2191.852192634, 1.039546314,
2191.872624175, 1.040098257,
2191.893055716, 1.040205109,
2191.933918898, 1.039746955,
2191.954350338, 1.042086928,
2191.974781879, 1.039139410,
2191.995213520, 1.038672963,
2192.015645060, 1.039226936,
2192.056508141, 1.042736346,
2192.076939682, 1.040861190,
2192.117802763, 1.035297566,
2192.138234303, 1.038764492,
2192.158665744, 1.039003408,
2192.179097384, 1.039217134,
2192.219960565, 1.042056278,
2192.240392005, 1.041439881,
2192.260823545, 1.039815188,
2192.281255185, 1.040037475,
2192.322118165, 1.042047207,
2192.342549806, 1.044014438,
2192.362981246, 1.040872119,
2192.383412786, 1.045433005,
2192.403844326, 1.043454481,
2192.424275866, 1.043290961,
2192.444707406, 1.044539910,
2192.485570485, 1.045955541,
2192.506002125, 1.044276836,
2192.526433665, 1.042254912,
2192.546865105, 1.042572982,
2192.567296744, 1.045828821,
2192.608159724, 1.046221244,
2192.628591363, 1.043442704,
2192.649022903, 1.041696573,
2192.669454343, 1.048472479,
2192.689885982, 1.046639416,
2192.710317522, 1.048081299,
2192.730749161, 1.044805524,
2192.771612140, 1.045109343,
2192.792043780, 1.044357369,
2192.812475219, 1.044769321,
2192.853338398, 1.042729240,
2192.873769837, 1.044789674,
2192.894201377, 1.043410178,
2192.914633016, 1.047048815,
2192.935064455, 1.046723024,
2192.955495995, 1.045872936,
2192.975927634, 1.047068877,
2192.996359073, 1.048054164,
2193.016790712, 1.050240734,
2193.037222251, 1.048950765,
2193.057653790, 1.050252192,
2193.098516869, 1.050147939,
2193.118948308, 1.047807107,
2193.139379947, 1.049230270,
2193.159811486, 1.044809759,
2193.180242925, 1.044988740,
2193.221106103, 1.040453630,
2193.241537742, 1.040473149,
2193.261969181, 1.043150793,
2193.282400720, 1.043086639,
2193.302832358, 1.044285025,
2193.343695336, 1.048648142,
2193.364126975, 1.046444010,
2193.384558414, 1.044514757,
2193.404989953, 1.046406649,
2193.425421591, 1.045887027,
2193.445853030, 1.043790562,
2193.466284569, 1.047794881,
2193.486716208, 1.045109405,
2193.507147746, 1.044652204,
2193.527579285, 1.048429944,
2193.548010824, 1.047204766,
2193.588873901, 1.049842590,
2193.609305440, 1.048038507,
2193.629736978, 1.047430644,
2193.650168617, 1.047809567,
2193.670600056, 1.051284383,
2193.691031594, 1.046805120,
2193.711463233, 1.048081619,
2193.731894671, 1.046768951,
2193.752326210, 1.051668662,
2193.772757748, 1.047847513,
2193.793189287, 1.050646459,
2193.834052364, 1.049559427,
2193.854483902, 1.054561040,
2193.874915541, 1.048140399,
2193.895346979, 1.052099537,
2193.915778518, 1.052253840,
2193.936210156, 1.050378553,
2193.956641595, 1.049226883,
2193.977073133, 1.051802449,
2193.997504771, 1.051620992,
2194.017936210, 1.051209657,
2194.038367848, 1.051245689,
2194.079230925, 1.050930844,
2194.099662463, 1.054911811,
2194.120094002, 1.050502903,
2194.140525540, 1.053592920,
2194.160957178, 1.054150604,
2194.181388617, 1.052636650,
2194.201820155, 1.051944642,
2194.222251793, 1.053268744,
2194.242683232, 1.054864533,
2194.263114770, 1.051353474,
2194.283546408, 1.047979802,
2194.303977846, 1.054284422,
2194.324409485, 1.054501232,
2194.344841023, 1.052791770,
2194.365272461, 1.052388943,
2194.385704099, 1.053106507,
2194.406135538, 1.049739489,
2194.426567076, 1.051996105,
2194.446998714, 1.052431488,
2194.467430153, 1.057005752,
2194.487861691, 1.056714736,
2194.508293329, 1.061765531,
2194.528724867, 1.056983374,
2194.569587944, 1.053944499,
2194.590019482, 1.053987139,
2194.610451020, 1.060958053,
2194.630882558, 1.057500105,
2194.651314097, 1.055613404,
2194.671745735, 1.058701134,
2194.692177173, 1.057443008,
2194.712608711, 1.057932578,
2194.733040350, 1.056017436,
2194.753471788, 1.061403517,
2194.773903426, 1.055316271,
2194.814766402, 1.053504582,
2194.835198041, 1.056479273,
2194.855629579, 1.053223158,
2194.876061017, 1.058626491,
2194.896492655, 1.055193269,
2194.916924194, 1.055663266,
2194.937355632, 1.060301880,
2194.957787270, 1.057940428,
2194.978218808, 1.055943423,
2194.998650347, 1.056617356,
2195.019081885, 1.058180868,
2195.080376500, 1.053543985,
2195.100808038, 1.054299216,
2195.121239576, 1.057616876,
2195.162102653, 1.055522812,
2195.182534191, 1.056767966,
2195.202965729, 1.054141236,
2195.223397268, 1.057172764,
2195.243828906, 1.056519703,
2195.264260344, 1.052711081,
2195.284691983, 1.055567753,
2195.305123521, 1.057825951,
2195.325554959, 1.058802585,
2195.345986598, 1.055521117,
2195.366418136, 1.056447383,
2195.386849574, 1.059690561,
2195.407281213, 1.055471121,
2195.427712751, 1.055489374,
2195.448144189, 1.054142808,
2195.468575828, 1.055576846,
2195.489007366, 1.061083053,
2195.509439005, 1.058123041,
2195.550301982, 1.058683343,
2195.570733620, 1.060669285,
2195.591165058, 1.057271133,
2195.611596597, 1.058259223,
2195.652459674, 1.061515864,
2195.672891212, 1.059369796,
2195.693322851, 1.058600488,
2195.713754389, 1.058053640,
2195.734185928, 1.057138853,
2195.754617467, 1.057237095,
2195.795480544, 1.061190737,
2195.815912082, 1.059895182,
2195.836343521, 1.060876217,
2195.856775160, 1.061068486,
2195.877206698, 1.058936779,
2195.897638137, 1.063106588,
2195.918069776, 1.059420288,
2195.938501314, 1.061151781,
2195.958932953, 1.056393735,
2195.979364392, 1.058213390,
2195.999795930, 1.056911181,
2196.040659008, 1.061089048,
2196.061090547, 1.062780700,
2196.081522186, 1.062431275,
2196.101953624, 1.060707674,
2196.122385163, 1.059136201,
2196.163248241, 1.061456265,
2196.183679780, 1.061566577,
2196.204111419, 1.061628434,
2196.224542958, 1.059471583,
2196.285837575, 1.063013409,
2196.306269114, 1.064536305,
2196.326700653, 1.065225374,
2196.347132192, 1.063988818,
2196.367563831, 1.058396016,
2196.387995270, 1.064548039,
2196.408426809, 1.063340010,
2196.428858348, 1.060210228,
2196.449289888, 1.061319313,
2196.469721527, 1.065218257,
2196.490152966, 1.060958663,
2196.531016144, 1.066992676,
2196.551447584, 1.066312809,
2196.571879123, 1.066269640,
2196.592310762, 1.066483273,
2196.612742202, 1.065215475,
2196.633173741, 1.066150586,
2196.653605381, 1.065568271,
2196.674036820, 1.065246950,
2196.694468459, 1.063795311,
2196.714899999, 1.068184906,
2196.735331539, 1.057600412,
2196.776194618, 1.069285034,
2196.796626157, 1.069070498,
2196.817057697, 1.064468121,
2196.837489237, 1.069703065,
2196.857920776, 1.067369179,
2196.878352416, 1.069215955,
2196.898783856, 1.066019405,
2196.919215495, 1.063220135,
2196.939647035, 1.065548363,
2196.960078475, 1.061756519,
2196.980510115, 1.036027511,
2197.021373095, 1.070688375,
2197.041804735, 1.074615270,
2197.062236275, 1.072526150,
2197.082667715, 1.069925084,
2197.103099355, 1.065841406,
2197.123530895, 1.070904838,
2197.143962535, 1.071793785,
2197.164393975, 1.064643594,
2197.184825415, 1.070577289,
2197.205257055, 1.070585195,
2197.225688596, 1.071995954,
2197.266551676, 1.066501445,
2197.286983217, 1.068834895,
2197.307414757, 1.069477093,
2197.327846297, 1.069656084,
2197.348277838, 1.073555912,
2197.368709478, 1.067490002,
2197.389141019, 1.069434112,
2197.409572459, 1.066650913,
2197.430004100, 1.071105352,
2197.450435641, 1.071805303,
2197.470867081, 1.071398683,
2197.593456526, 1.071321357,
2197.613887967, 1.072113191,
2197.634319508, 1.075323378,
2197.654751149, 1.076863085,
2197.675182590, 1.074551379,
2197.716045772, 1.073815193,
2197.756908754, 1.074992032,
2197.777340396, 1.076177899,
2197.797771837, 1.072250338,
2197.818203478, 1.071601288,
2197.838634920, 1.075800013,
2197.859066561, 1.075660033,
2197.879498102, 1.074017762,
2197.899929544, 1.073998479,
2197.920361085, 1.073967600,
2197.940792727, 1.075527785,
2197.961224269, 1.076104049,
2198.002087352, 1.077766308,
2198.022518894, 1.077750193,
2198.042950435, 1.078712284,
2198.063381977, 1.081515595,
2198.083813519, 1.082804843,
2198.104245161, 1.078869230,
2198.124676603, 1.078949842,
2198.145108145, 1.077008708,
2198.165539787, 1.079115039,
2198.185971229, 1.084341299,
2198.206402771, 1.082534606,
2198.247265856, 1.081798824,
2198.267697498, 1.078661285,
2198.288129040, 1.078727267,
2198.308560483, 1.081153666,
2198.328992125, 1.077014907,
2198.349423667, 1.078624680,
2198.369855210, 1.076618202,
2198.390286753, 1.079479629,
2198.410718295, 1.081470609,
2198.431149838, 1.077599009,
2198.451581381, 1.079463437,
2198.492444466, 1.079701384,
2198.512876009, 1.080029018,
2198.533307552, 1.079877534,
2198.553739095, 1.079061234,
2198.574170638, 1.080239801,
2198.594602181, 1.078441412,
2198.615033824, 1.082026336,
2198.635465267, 1.081261473,
2198.655896810, 1.080017265,
2198.676328454, 1.078344208,
2198.696759897, 1.078649486,
2198.737623084, 1.077610845,
2198.758054527, 1.082428713,
2198.778486171, 1.082191288,
2198.798917714, 1.081195184,
2198.819349158, 1.083627631,
2198.839780802, 1.079676595,
2198.860212345, 1.083952616,
2198.880643789, 1.078998058,
2198.901075433, 1.082705019,
2198.921506977, 1.080001154,
2198.941938621, 1.078618170,
2199.003233253, 1.081227569,
2199.023664797, 1.094866755,
2199.044096242, 1.083180464,
2199.064527886, 1.084837797,
2199.084959430, 1.083782740,
2199.105390975, 1.081403753,
2199.125822519, 1.081736367,
2199.146254064, 1.083901303,
2199.166685608, 1.082974463,
2199.187117153, 1.079208487,
2199.227980243, 1.083503143,
2199.248411787, 1.082783790,
2199.268843232, 1.084860209,
2199.289274877, 1.084624110,
2199.309706422, 1.084379238,
2199.330138067, 1.086427233,
2199.350569512, 1.085050245,
2199.371001058, 1.087038098,
2199.391432703, 1.084900057,
2199.411864148, 1.088079298,
2199.432295694, 1.086605061,
2199.452727339, 1.086323084,
2199.473158785, 1.085916276,
2199.493590330, 1.085996246,
2199.514021976, 1.086752949,
2199.534453422, 1.089106324,
2199.554885067, 1.086919189,
2199.575316613, 1.089567058,
2199.595748159, 1.088823232,
2199.616179705, 1.089139492,
2199.636611251, 1.083634727,
2199.657042797, 1.086508502,
2199.677474343, 1.087691280,
2199.718337436, 1.088386033,
2199.738769082, 1.087290364,
2199.779632175, 1.088390632,
2199.800063722, 1.088759187,
2199.840926815, 1.086181596,
2199.861358262, 1.087707220,
2199.881789808, 1.090125095,
2199.902221455, 1.088020428,
2199.922652902, 1.085341864,
2199.963516096, 1.084132199,
2199.983947544, 1.084632716,
2200.004379191, 1.087550626,
2200.024810738, 1.088387174,
2200.045242186, 1.085676030,
2200.065673833, 1.086970962,
2200.086105381, 1.087850703,
2200.106536928, 1.085277184,
2200.126968476, 1.088907421,
2200.147400024, 1.087870519,
2200.167831671, 1.088585393,
2200.208694667, 1.093281914,
2200.229126315, 1.089601960,
2200.249557863, 1.094749498,
2200.269989311, 1.087992688,
2200.290420960, 1.086725983,
2200.310852508, 1.086660369,
2200.331283956, 1.088331043,
2200.351715605, 1.089917574,
2200.372147153, 1.087965672,
2200.392578802, 1.087448445,
2200.413010251, 1.093154391,
2200.453873448, 1.089443368,
2200.474304897, 1.090503135,
2200.494736446, 1.090774195,
2200.515167995, 1.089280445,
2200.535599545, 1.088878784,
2200.556031094, 1.096734011,
2200.596894192, 1.089439867,
2200.617325842, 1.091828071,
2200.637757291, 1.088380493,
2200.658188841, 1.087035671,
2200.699051941, 1.090905283,
2200.719483490, 1.091474191,
2200.739915140, 1.088188108,
2200.760346590, 1.090934959,
2200.780778140, 1.089447526,
2200.801209791, 1.092317580,
2200.821641341, 1.090394809,
2200.842072891, 1.090269555,
2200.862504442, 1.091417662,
2200.882935992, 1.090320753,
2200.903367643, 1.093520707,
2200.944230644, 1.094691054,
2200.964662295, 1.090731279,
2200.985093746, 1.092817097,
2201.005525397, 1.091403357,
2201.025956948, 1.091062096,
2201.046388399, 1.089639033,
2201.066820050, 1.093210142,
2201.087251602, 1.091658505,
2201.107683053, 1.092803239,
2201.128114705, 1.089762874,
2201.148546256, 1.093757388,
2201.189409360, 1.091984016,
2201.209840911, 1.092657776,
2201.230272463, 1.093492788,
2201.250704015, 1.093298870,
2201.291567120, 1.092942975,
2201.311998672, 1.092534223,
2201.332430224, 1.091200833,
2201.352861777, 1.092273044,
2201.373293329, 1.096570580,
2201.393724882, 1.095293372,
2201.434587987, 1.090498455,
2201.455019640, 1.093736485,
2201.475451193, 1.092850414,
2201.495882646, 1.097453650,
2201.516314300, 1.094594165,
2201.536745853, 1.092861703,
2201.557177306, 1.093083802,
2201.577608960, 1.094020611,
2201.598040513, 1.095049720,
2201.638903620, 1.093925170,
2201.659335174, 1.093019030,
2201.679766828, 1.094915274,
2201.700198282, 1.093403370,
2201.720629836, 1.094677771,
2201.741061490, 1.093270502,
2201.761492945, 1.098213700,
2201.781924499, 1.093649890,
2201.802356153, 1.092739050,
2201.822787608, 1.093307612,
2201.843219263, 1.094290488,
2201.863650817, 1.089997248,
2201.884082272, 1.092818026,
2201.924945382, 1.094751521,
2201.945376937, 1.094690628,
2201.965808592, 1.095036556,
2201.986240148, 1.097032943,
2202.027103259, 1.092320019,
2202.047534814, 1.088564498,
2202.067966370, 1.092786431,
2202.088397926, 1.091610846,
2202.108829482, 1.095596146,
2202.170124150, 1.092910651,
2202.190555806, 1.095605049,
2202.210987262, 1.093993197,
2202.231418819, 1.092915704,
2202.251850476, 1.093152685,
2202.272281932, 1.097600015,
2202.292713589, 1.099340270,
2202.313145146, 1.092036574,
2202.333576603, 1.097832929,
2202.354008260, 1.095888350,
2202.374439817, 1.094368152,
2202.415302932, 1.097807553,
2202.435734489, 1.095802071,
2202.456166147, 1.095674744,
2202.476597605, 1.097412120,
2202.497029162, 1.092860449,
2202.517460720, 1.095992163,
2202.537892278, 1.095445720,
2202.558323836, 1.094860646,
2202.578755395, 1.094842513,
2202.599186953, 1.086702798,
2202.619618511, 1.094271724,
2202.660481628, 1.092013546,
2202.680913287, 1.095570019,
2202.701344846, 1.095143464,
2202.721776305, 1.093960448,
2202.742207964, 1.095764031,
2202.762639523, 1.093848891,
2202.783070982, 1.095116721,
2202.803502642, 1.091484078,
2202.823934201, 1.096227095,
2202.844365661, 1.093389911,
2202.926092000, 1.097308039,
2202.946523560, 1.092390459,
2202.966955221, 1.094159092,
2202.987386681, 1.094277728,
2203.007818242, 1.092935006,
2203.028249902, 1.093427084,
2203.069113024, 1.095218452,
2203.089544584, 1.091948042,
2203.109976145, 1.095547312,
2203.150839268, 1.098854987,
2203.171270829, 1.094397413,
2203.191702391, 1.098517812,
2203.212133952, 1.100742901,
2203.232565514, 1.098215206,
2203.252997076, 1.094579300,
2203.273428638, 1.091623649,
2203.293860300, 1.094646829,
2203.314291762, 1.099074827,
2203.334723324, 1.096077750,
2203.355154986, 1.095828979,
2203.396018011, 1.098895915,
2203.416449674, 1.098770757,
2203.436881137, 1.099589344,
2203.457312700, 1.095303268,
2203.477744363, 1.096542913,
2203.498175826, 1.098732552,
2203.518607489, 1.097105510,
2203.539039053, 1.097041743,
2203.559470516, 1.096350462,
2203.579902180, 1.096091018,
2203.600333744, 1.100485216,
2203.641196872, 1.119588968,
2203.661628436, 1.097251618,
2203.682060100, 1.094881594,
2203.702491564, 1.099578919,
2203.722923129, 1.093712183,
2203.743354793, 1.100651488,
2203.763786358, 1.098360393,
2203.784217823, 1.095417556,
2203.804649488, 1.101062952,
2203.825081053, 1.097574152,
2203.845512518, 1.096727246,
2203.886375749, 1.093561330,
2203.906807314, 1.099271124,
2203.968102012, 1.094325154,
2203.988533578, 1.099011277,
2204.008965044, 1.095917000,
2204.029396710, 1.096422289,
2204.049828277, 1.094741133,
2204.070259743, 1.091837718,
2204.090691410, 1.101826365,
2204.131554644, 1.097538153,
2204.151986111, 1.096760589,
2204.172417678, 1.097368817,
2204.192849345, 1.095999358,
2204.213280812, 1.099597452,
2204.233712380, 1.105164403,
2204.254144048, 1.099493260,
2204.274575615, 1.096557420,
2204.295007183, 1.095950609,
2204.315438751, 1.100484985,
2204.335870320, 1.100450073,
2204.376733456, 1.096328750,
2204.397165025, 1.097467675,
2204.417596593, 1.095904876,
2204.438028162, 1.096314407,
2204.458459731, 1.093590232,
2204.478891400, 1.096411613,
2204.499322869, 1.095736243,
2204.519754539, 1.098891621,
2204.540186008, 1.097488667,
2204.560617578, 1.098365691,
2204.581049248, 1.099937917,
2204.621912287, 1.097161262,
2204.642343957, 1.095478595,
2204.662775428, 1.095108580,
2204.683207098, 1.096895067,
2204.703638669, 1.095641094,
2204.724070139, 1.098880337,
2204.744501810, 1.096982555,
2204.764933381, 1.095541658,
2204.785364852, 1.095858464,
2204.805796523, 1.095830610,
2204.826228094, 1.097459210,
2204.867091237, 1.094771753,
2204.887522809, 1.096369437,
2204.907954481, 1.094429236,
2204.928386053, 1.098146911,
2204.948817525, 1.096094071,
2204.969249197, 1.094087923,
2204.989680770, 1.096973338,
2205.010112242, 1.097315087,
2205.030543915, 1.097344764,
2205.050975488, 1.097654088,
2205.071406961, 1.099915366,
2205.132701880, 1.095838852,
2205.153133354, 1.097826736,
2205.173564927, 1.095778857,
2205.193996501, 1.097024690,
2205.234859649, 1.100768710,
2205.255291223, 1.099331905,
2205.275722797, 1.097923516,
2205.296154472, 1.098070525,
2205.316585946, 1.094671299,
2205.357449196, 1.097917117,
2205.377880671, 1.097845071,
2205.398312246, 1.097706731,
2205.418743922, 1.099423392,
2205.439175397, 1.099678688,
2205.459606973, 1.097519185,
2205.480038648, 1.100374876,
2205.500470224, 1.099572672,
2205.520901800, 1.100859077,
2205.541333376, 1.097696103,
2205.561764953, 1.095347489,
2205.602628106, 1.097541575,
2205.643491359, 1.100490634,
2205.663922836, 1.097138957,
2205.684354413, 1.095392743,
2205.704786091, 1.098923977,
2205.725217568, 1.100166951,
2205.745649246, 1.099412310,
2205.766080824, 1.097918247,
2205.786512301, 1.100551454,
2205.847807036, 1.097498869,
2205.868238714, 1.096801335,
2205.888670293, 1.096809931,
2205.909101872, 1.099535754,
2205.929533451, 1.099513685,
2205.949964930, 1.098511945,
2205.970396609, 1.097467115,
2205.990828188, 1.098600382,
2206.011259768, 1.094227870,
2206.031691348, 1.098137580,
2206.052122927, 1.094512324,
2206.113417668, 1.097999135,
2206.133849348, 1.093912106,
2206.154280929, 1.098796444,
2206.174712410, 1.098143823,
2206.195144090, 1.094175669,
2206.215575671, 1.097965861,
2206.236007153, 1.098889086,
2206.256438834, 1.098994853,
2206.276870415, 1.107826851,
2206.338165161, 1.096223049,
2206.358596843, 1.098540806,
2206.379028325, 1.096411809,
2206.399459908, 1.092471524,
2206.419891590, 1.096685399,
2206.440323073, 1.101065311,
2206.460754656, 1.094784070,
2206.481186339, 1.097207613,
2206.501617822, 1.097490384,
2206.522049505, 1.096064971,
2206.542481089, 1.102843358,
2206.583344256, 1.097930601,
2206.603775740, 1.100071358,
2206.624207324, 1.098516024,
2206.644639009, 1.097150757,
2206.665070493, 1.095437958,
2206.685502078, 1.096293413,
2206.705933762, 1.095648501,
2206.726365347, 1.096044782,
2206.746796932, 1.096459638,
2206.767228518, 1.107811185,
2206.828523274, 1.097639221,
2206.848954860, 1.098608083,
2206.869386546, 1.097841665,
2206.889818032, 1.094040650,
2206.910249719, 1.095070408,
2206.930681305, 1.096270980,
2206.951112792, 1.095652791,
2206.971544479, 1.096157770,
2206.991976066, 1.098551895,
2207.012407553, 1.097179024,
2207.032839240, 1.096078888,
2207.073702315, 1.096117736,
2207.094134003, 1.094469682,
2207.114565591, 1.100203168,
2207.134997279, 1.097613519,
2207.155428768, 1.096552765,
2207.175860356, 1.095588416,
2207.196292045, 1.097050209,
2207.216723534, 1.095359406,
2207.237155123, 1.093282949,
2207.257586712, 1.096549916,
2207.278018401, 1.094871851,
2207.318881580, 1.096550616,
2207.339313070, 1.097667677,
2207.359744760, 1.098645968,
2207.380176350, 1.095590947,
2207.400607840, 1.095435041,
2207.421039531, 1.096760241,
2207.441471121, 1.096566422,
2207.461902612, 1.095369753,
2207.482334303, 1.094876926,
2207.502765894, 1.096538835,
2207.523197586, 1.100468749,
2207.564060669, 1.097130670,
2207.584492361, 1.098021735,
2207.604923853, 1.095685489,
2207.625355445, 1.097750218,
2207.645787137, 1.099955896,
2207.666218630, 1.098594142,
2207.686650222, 1.101382192,
2207.707081915, 1.096400026,
2207.727513408, 1.095826120,
2207.747945101, 1.097699036,
2207.768376695, 1.101875786,
2207.809239882, 1.096365995,
2207.829671476, 1.098522445,
2207.850103070, 1.098358779,
2207.870534664, 1.098201872,
2207.890966258, 1.095204078,
2207.911397853, 1.096645897,
2207.931829448, 1.095559757,
2207.952261043, 1.096219257,
2207.972692638, 1.095650030,
2207.993124233, 1.094823845,
2208.013555829, 1.096009852,
2208.054419020, 1.096974406,
2208.074850616, 1.096083318,
2208.095282312, 1.095947273,
2208.115713808, 1.098519561,
2208.136145505, 1.095681016,
2208.156577102, 1.094734082,
2208.177008599, 1.096784341,
2208.197440296, 1.095425841,
2208.217871893, 1.094601226,
2208.238303390, 1.096438932,
2208.258735088, 1.094078928,
2208.299598184, 1.092810496,
2208.320029882, 1.093104233,
2208.340461480, 1.096911389,
2208.360893178, 1.095656389,
2208.381324677, 1.094695827,
2208.401756276, 1.097106326,
2208.422187975, 1.093325756,
2208.442619474, 1.097254156,
2208.463051073, 1.099444314,
2208.483482773, 1.095531900,
2208.503914373, 1.097304500,
2208.544777573, 1.096007272,
2208.565209173, 1.096432075,
2208.606072374, 1.094849417,
2208.626503875, 1.095403985,
2208.646935576, 1.098644289,
2208.667367177, 1.099215621,
2208.687798679, 1.094755678,
2208.708230380, 1.101024968,
2208.728661982, 1.099702000,
2208.749093684, 1.097809128,
2208.789956789, 1.092941634,
2208.810388491, 1.096626659,
2208.830819994, 1.094174798,
2208.851251597, 1.098962425,
2208.871683300, 1.094701345,
2208.892114803, 1.101219372,
2208.912546506, 1.097642896,
2208.932978110, 1.097659371,
2208.953409614, 1.097117796,
2208.973841318, 1.096536872,
2208.994272922, 1.099303383,
2209.035136131, 1.091492080,
2209.055567736, 1.094912769,
2209.075999341, 1.094388378,
2209.096430946, 1.097230743,
2209.116862551, 1.100261267,
2209.137294257, 1.101875231,
2209.157725862, 1.099296823,
2209.178157368, 1.099432191,
2209.198589074, 1.098095698,
2209.219020681, 1.100187166,
2209.239452187, 1.094078544,
2209.280315401, 1.098807867,
2209.300747108, 1.099444190,
2209.321178715, 1.095884322,
2209.341610222, 1.099589013,
2209.362041930, 1.097211050,
2209.382473538, 1.096055379,
2209.402905046, 1.098402579,
2209.423336754, 1.095547818,
2209.443768362, 1.095841965,
2209.464199871, 1.098879714,
2209.484631580, 1.095196439,
2209.525494898, 1.098129903,
2209.545926407, 1.097453563,
2209.566358017, 1.093774019,
2209.586789727, 1.097940888,
2209.607221237, 1.096899850,
2209.627652847, 1.096726550,
2209.648084557, 1.096231382,
2209.668516168, 1.097766100,
2209.688947779, 1.096221749,
2209.709379390, 1.099952336,
2209.729811001, 1.098727310,
2209.770674224, 1.093644521,
2209.791105835, 1.096181421,
2209.831969059, 1.096690908,
2209.852400672, 1.097489243,
2209.872832284, 1.095436026,
2209.893263897, 1.095581993,
2209.913695610, 1.098844350,
2209.934127123, 1.096470727,
2209.954558736, 1.097718023,
2209.974990450, 1.096947780,
2210.015853578, 1.096746746,
2210.036285292, 1.100720770,
2210.056716806, 1.095498736,
2210.077148521, 1.094985542,
2210.097580135, 1.098957034,
2210.118011650, 1.092129082,
2210.158874981, 1.097002989,
2210.179306597, 1.095741328,
2210.199738212, 1.093945648,
2210.220169828, 1.098463918,
2210.281464677, 1.098105770,
2210.301896394, 1.098538613,
2210.322327911, 1.095701290,
2210.342759528, 1.098405532,
2210.363191246, 1.098290522,
2210.383622864, 1.097322098,
2210.404054381, 1.098657674,
2210.424486099, 1.096610389,
2210.444917718, 1.096560292,
2210.465349436, 1.096122048,
2210.506212574, 1.096553367,
2210.526644193, 1.095648370,
2210.547075812, 1.095207069,
2210.567507431, 1.099219863,
2210.587939151, 1.095879364,
2210.608370671, 1.099426824,
2210.628802291, 1.097789765,
2210.649233911, 1.105284802,
2210.669665532, 1.097342035,
2210.690097253, 1.095563310,
2210.710528774, 1.101622764,
2210.751392116, 1.099517931,
2210.771823638, 1.096989194,
2210.792255260, 1.096766277,
2210.812686982, 1.097702874,
2210.833118604, 1.098828216,
2210.853550226, 1.097696249,
2210.873981849, 1.097897193,
2210.894413472, 1.096250527,
2210.914845095, 1.100466726,
2210.935276718, 1.101030341,
2210.955708342, 1.100407155,
2210.996571589, 1.098162759,
2211.017003214, 1.095312073,
2211.037434938, 1.096298903,
2211.057866462, 1.102158738,
2211.078298187, 1.098642228,
2211.098729812, 1.099591895,
2211.119161337, 1.098952456,
2211.139593063, 1.101091374,
2211.160024689, 1.099430141,
2211.180456214, 1.098668811,
2211.200887941, 1.100618592,
2211.241751193, 1.098163635,
2211.262182820, 1.101815572,
2211.282614347, 1.100316514,
2211.303046074, 1.099677245,
2211.323477702, 1.097241912,
2211.343909229, 1.099565947,
2211.364340957, 1.100264818,
2211.384772585, 1.100082785,
2211.405204213, 1.096441950,
2211.425635842, 1.104188487,
2211.446067471, 1.099718118,
2211.486930729, 1.099459719,
2211.507362358, 1.100098508,
2211.527794087, 1.099314522,
2211.568657247, 1.098202658,
2211.589088977, 1.100417777,
2211.609520608, 1.102042594,
2211.629952238, 1.100042411,
2211.650383869, 1.103004298,
2211.670815501, 1.102830053,
2211.691247232, 1.099540311,
2211.732110395, 1.103195447,
2211.752542127, 1.099582582,
2211.772973660, 1.100462193,
2211.793405292, 1.100837741,
2211.813837025, 1.101318117,
2211.834268558, 1.102808208,
2211.854700291, 1.102844553,
2211.875131924, 1.101483652,
2211.895563458, 1.108596420,
2211.915995192, 1.103061413,
2211.936426726, 1.102098422,
2211.977290095, 1.099728792,
2211.997721630, 1.102734625,
2212.018153365, 1.102463719,
2212.059016635, 1.100739281,
2212.079448271, 1.103081134,
2212.099879907, 1.105420456,
2212.120311543, 1.104870586,
2212.140743179, 1.102045920,
2212.161174816, 1.101829961,
2212.181606453, 1.105936151,
2212.202038190, 1.103497541,
2212.222469727, 1.104233277,
2212.263333102, 1.103563225,
2212.283764640, 1.104756904,
2212.304196378, 1.104260053,
2212.324628017, 1.105367734,
2212.345059555, 1.103920888,
2212.365491294, 1.105231883,
2212.385922933, 1.103772016,
2212.406354673, 1.101896790,
2212.426786212, 1.105430188,
2212.467649592, 1.104040321,
2212.488081132, 1.104262542,
2212.508512773, 1.102460317,
2212.528944514, 1.107698984,
2212.549376055, 1.107778443,
2212.569807696, 1.106838574,
2212.590239337, 1.107744730,
2212.610670979, 1.108477326,
2212.631102721, 1.110871903,
2212.651534263, 1.104454105,
2212.671965905, 1.104903997,
2212.712829291, 1.105429150,
2212.733260834, 1.107772206,
2212.753692577, 1.104418610,
2212.774124221, 1.106192755,
2212.794555765, 1.107118241,
2212.814987509, 1.105698731,
2212.835419153, 1.110410920,
2212.855850898, 1.106059210,
2212.876282442, 1.105445523,
2212.896714087, 1.106995956,
2212.917145833, 1.106187679,
2212.958009024, 1.105969626,
2212.978440770, 1.106491695,
2212.998872316, 1.105073515,
2213.019304062, 1.104677142,
2213.039735709, 1.107663321,
2213.060167256, 1.102402953,
2213.080599003, 1.104975192,
2213.101030651, 1.105673353,
2213.121462198, 1.110234320,
2213.141893946, 1.107081505,
2213.162325594, 1.106245278,
2213.203188891, 1.104597782,
2213.223620540, 1.108897315,
2213.244052189, 1.117143789,
2213.264483839, 1.110081041,
