BJD - 2454833, Corrected Flux
2146.452701119, 1.000481990,
2146.473133422, 1.000507582,
2146.513997726, 1.000509052,
2146.534430027, 1.000511173,
2146.554862128, 1.000595885,
2146.575294328, 1.000453814,
2146.595726627, 1.000528069,
2146.636590925, 1.000439975,
2146.657023123, 1.000411450,
2146.677455320, 1.000430140,
2146.697887617, 1.000383638,
2146.718319714, 1.000348918,
2146.738751910, 1.000373269,
2146.759184205, 1.000367559,
2146.779616400, 1.000399034,
2146.800048494, 1.000275838,
2146.820480788, 1.000350917,
2146.840912982, 1.000449464,
2146.861345074, 1.000183434,
2146.881777367, 1.000317551,
2146.902209559, 1.000203482,
2146.922641650, 1.000282797,
2146.943073940, 1.000230942,
2146.963506130, 1.000314201,
2146.983938220, 1.000358514,
2147.004370509, 1.000162727,
2147.024802698, 1.000203394,
2147.045234786, 1.000154732,
2147.065667074, 1.000255026,
2147.086099261, 1.000278205,
2147.106531447, 1.000260086,
2147.126963633, 1.000187881,
2147.147395819, 1.000189587,
2147.188260189, 1.000256846,
2147.208692372, 1.000112600,
2147.229124656, 1.000199540,
2147.249556838, 1.000186310,
2147.269988921, 1.000187228,
2147.290421203, 1.000078150,
2147.310853384, 1.000069239,
2147.331285465, 1.000079246,
2147.351717745, 1.000110206,
2147.372149825, 1.000129094,
2147.392582004, 1.000051216,
2147.413014283, 1.000196626,
2147.494742893, 1.000208977,
2147.535607345, 1.000133013,
2147.556039420, 1.000213085,
2147.576471595, 1.000078227,
2147.596903869, 1.000127645,
2147.617336043, 1.000120943,
2147.637768116, 1.000034862,
2147.658200388, 1.000074549,
2147.678632561, 1.000056481,
2147.699064732, 1.000023860,
2147.719496903, 1.000023819,
2147.739929074, 0.999999578,
2147.760361344, 1.000044970,
2147.780793413, 1.000112734,
2147.801225582, 1.000052471,
2147.821657851, 1.000030074,
2147.842089919, 1.000047087,
2147.862522086, 1.000036737,
2147.882954353, 1.000053563,
2147.903386419, 1.000075814,
2147.923818585, 1.000078285,
2147.944250851, 0.999960962,
2147.985115080, 0.999929286,
2148.005547344, 1.000110961,
2148.025979407, 1.000070101,
2148.046411570, 0.999979379,
2148.066843833, 1.000050281,
2148.087275994, 0.999957715,
2148.107708056, 1.000000869,
2148.128140316, 0.999968760,
2148.148572376, 1.000008780,
2148.169004536, 0.999983018,
2148.189436795, 0.999983607,
2148.209868854, 0.999981933,
2148.230301013, 0.999909806,
2148.250733270, 1.000033335,
2148.271165328, 0.999961985,
2148.291597584, 1.000012556,
2148.312029741, 0.999985911,
2148.332461796, 0.999987691,
2148.373326206, 1.000040095,
2148.393758260, 0.999964235,
2148.475486972, 0.999961379,
2148.516351274, 0.999999038,
2148.536783425, 0.999987176,
2148.577647725, 1.000075731,
2148.598079974, 1.000017998,
2148.618512022, 0.999944256,
2148.638944170, 1.000027378,
2148.659376418, 0.999989717,
2148.679808465, 0.999965116,
2148.700240612, 0.999933862,
2148.720672857, 0.999861647,
2148.741104903, 0.999929913,
2148.761537048, 0.999861850,
2148.781969293, 0.999836618,
2148.802401337, 1.000002161,
2148.822833480, 0.999898423,
2148.843265723, 0.999955583,
2148.863697765, 0.999869523,
2148.884130007, 1.000008569,
2148.904562049, 0.999933118,
2148.924994190, 0.999936969,
2148.945426430, 1.000001003,
2148.965858470, 1.000005613,
2148.986290610, 0.999975645,
2149.006722849, 0.999806823,
2149.027154987, 0.999911113,
2149.047587025, 0.999869289,
2149.068019263, 1.000033405,
2149.088451400, 0.999913089,
2149.108883436, 0.999831502,
2149.129315672, 0.999808610,
2149.149747808, 0.999934653,
2149.170179842, 0.999861332,
2149.190612077, 0.999881232,
2149.231476244, 0.999841927,
2149.251908477, 0.999934871,
2149.272340609, 0.999842472,
2149.313204873, 0.999928490,
2149.333637004, 0.999948264,
2149.374501264, 0.999817820,
2149.394933393, 0.999854502,
2149.415365522, 0.999846178,
2149.456229779, 0.999879517,
2149.476662006, 0.999800552,
2149.497094133, 0.999763578,
2149.517526159, 0.999710581,
2149.537958385, 0.999879587,
2149.558390510, 0.999843193,
2149.578822535, 0.999886736,
2149.599254760, 0.999939288,
2149.619686784, 0.999809930,
2149.640118907, 0.999781984,
2149.660551130, 0.999812107,
2149.680983152, 0.999786833,
2149.721847496, 0.999845502,
2149.742279517, 0.999813427,
2149.762711637, 0.999712806,
2149.783143857, 0.999847652,
2149.824007995, 0.999802729,
2149.844440214, 0.999825005,
2149.864872331, 0.999758607,
2149.885304349, 0.999822391,
2149.905736566, 0.999898947,
2149.946600698, 0.999830596,
2149.967032913, 0.999772305,
2149.987465028, 0.999850196,
2150.007897043, 0.999723207,
2150.028329257, 0.999811214,
2150.048761370, 0.999806252,
2150.069193583, 0.999814961,
2150.089625596, 0.999793521,
2150.110057708, 0.999755315,
2150.130489919, 0.999765982,
2150.150921930, 0.999723864,
2150.171354041, 0.999717633,
2150.191786251, 0.999779985,
2150.212218260, 0.999741108,
2150.232650369, 0.999736873,
2150.253082577, 0.999842614,
2150.273514685, 0.999684151,
2150.293946693, 0.999713553,
2150.314378900, 0.999740648,
2150.334811006, 0.999713395,
2150.355243012, 0.999756340,
2150.375675218, 0.999745775,
2150.396107223, 0.999698089,
2150.436971531, 0.999697325,
2150.457403535, 0.999788285,
2150.477835638, 0.999634818,
2150.498267841, 0.999748407,
2150.518699843, 0.999786236,
2150.539131945, 0.999721873,
2150.579996146, 0.999657830,
2150.600428246, 0.999584707,
2150.682156742, 0.999783937,
2150.702588839, 0.999719108,
2150.723020937, 0.999846105,
2150.763885129, 0.999643628,
2150.784317325, 0.999584373,
2150.804749320, 0.999701153,
2150.825181415, 0.999636447,
2150.845613609, 0.999656381,
2150.866045603, 0.999587234,
2150.886477696, 0.999665322,
2150.927341881, 0.999606046,
2150.947773973, 0.999717438,
2150.968206164, 0.999717505,
2150.988638155, 0.999612615,
2151.009070245, 0.999616189,
2151.029502335, 0.999621398,
2151.049934425, 0.999601030,
2151.070366514, 0.999544020,
2151.090798702, 0.999634307,
2151.111230690, 0.999645654,
2151.131662777, 0.999715106,
2151.152094964, 0.999802603,
2151.172526950, 0.999797247,
2151.213391222, 0.999718708,
2151.233823207, 0.999678563,
2151.254255391, 0.999700945,
2151.274687475, 0.999719997,
2151.315551642, 0.999653772,
2151.335983724, 0.999672380,
2151.356415706, 0.999717486,
2151.376847888, 0.999841047,
2151.397279969, 0.999714775,
2151.417711950, 0.999666125,
2151.438144130, 0.999682664,
2151.458576209, 0.999765348,
2151.479008188, 0.999739648,
2151.499440367, 0.999745334,
2151.519872445, 0.999589281,
2151.540304523, 0.999696308,
2151.560736600, 0.999707070,
2151.581168677, 0.999662104,
2151.622032928, 0.999675583,
2151.642464904, 0.999716571,
2151.662896979, 0.999780557,
2151.683329153, 0.999713520,
2151.703761127, 0.999702621,
2151.724193200, 0.999783106,
2151.744625373, 0.999753578,
2151.785489417, 0.999742785,
2151.805921589, 0.999704213,
2151.826353559, 0.999687870,
2151.846785630, 0.999624114,
2151.867217700, 0.999721622,
2151.948945975, 0.999708806,
2151.969378143, 0.999672866,
2151.989810210, 0.999697037,
2152.010242176, 0.999734334,
2152.030674342, 0.999733079,
2152.051106408, 0.999689988,
2152.071538373, 0.999710362,
2152.091970538, 0.999727630,
2152.112402602, 0.999747106,
2152.153266729, 0.999711340,
2152.173698792, 0.999670071,
2152.194130754, 0.999665778,
2152.214562916, 0.999675331,
2152.234994977, 0.999714516,
2152.255426938, 0.999587181,
2152.275859099, 0.999666693,
2152.296291159, 0.999674789,
2152.316723118, 0.999721424,
2152.337155277, 0.999704343,
2152.357587335, 0.999713421,
2152.378019393, 0.999667782,
2152.398451451, 0.999653015,
2152.418883508, 0.999685293,
2152.439315565, 0.999707970,
2152.459747720, 0.999776172,
2152.480179676, 0.999622749,
2152.500611831, 0.999746050,
2152.521043886, 0.999704771,
2152.541475840, 0.999917139,
2152.561907994, 0.999686419,
2152.582340047, 0.999690060,
2152.602772000, 0.999702476,
2152.623204152, 0.999776538,
2152.643636104, 0.999641753,
2152.664068155, 0.999649950,
2152.684500306, 0.999700016,
2152.725364306, 0.999725166,
2152.745796456, 0.999703471,
2152.766228405, 0.999740745,
2152.786660453, 0.999655266,
2152.807092601, 0.999704480,
2152.827524649, 0.999695367,
2152.847956596, 0.999675864,
2152.868388742, 0.999744403,
2152.888820789, 0.999708958,
2152.909252734, 0.999719301,
2152.929684880, 0.999659590,
2152.950116924, 0.999738855,
2152.970548869, 0.999790220,
2152.990981012, 0.999753663,
2153.011413056, 0.999728118,
2153.031844998, 0.999775716,
2153.052277141, 0.999674418,
2153.072709183, 0.999812299,
2153.093141324, 0.999490094,
2153.113573265, 0.999859272,
2153.134005306, 0.999586073,
2153.154437446, 0.999642756,
2153.174869385, 0.999701475,
2153.215733562, 0.999695177,
2153.236165501, 0.999759978,
2153.256597538, 0.999685028,
2153.277029576, 0.999606816,
2153.317893649, 0.999806831,
2153.379189755, 0.999759257,
2153.399621889, 0.999682453,
2153.420053823, 0.999660292,
2153.440485856, 0.999634126,
2153.460917989, 0.999814434,
2153.481349922, 0.999594489,
2153.522214086, 0.999699103,
2153.542646016, 0.999644574,
2153.563078047, 0.999619392,
2153.603942107, 0.999626365,
2153.624374136, 0.999665319,
2153.644806265, 0.999715959,
2153.665238293, 0.999635737,
2153.685670321, 0.999769102,
2153.706102349, 0.999624268,
2153.726534376, 0.999582381,
2153.746966402, 0.999600994,
2153.767398428, 0.999674449,
2153.787830453, 0.999637291,
2153.808262579, 0.999560761,
2153.828694503, 0.999542820,
2153.889990574, 0.999571236,
2153.910422597, 0.999610016,
2153.930854719, 0.999643571,
2153.951286641, 0.999589163,
2153.971718662, 0.999666762,
2153.992150783, 0.999630362,
2154.012582704, 0.999651318,
2154.033014724, 0.999584190,
2154.053446743, 0.999618841,
2154.073878762, 0.999618166,
2154.114742799, 0.999585448,
2154.135174817, 0.999640480,
2154.155606834, 0.999657999,
2154.176038851, 0.999529552,
2154.196470867, 0.999700197,
2154.216902883, 0.999620999,
2154.237334998, 0.999623677,
2154.257766913, 0.999559524,
2154.278199028, 0.999598878,
2154.298631042, 0.999591059,
2154.319062955, 0.999525700,
2154.339495068, 0.999579594,
2154.359927081, 0.999531959,
2154.380358993, 0.999543603,
2154.400791104, 0.999621469,
2154.421223116, 0.999576187,
2154.441655026, 0.999574625,
2154.462087136, 0.999612669,
2154.482519147, 0.999593051,
2154.502951156, 0.999591260,
2154.523383165, 0.999627061,
2154.543815173, 0.999538783,
2154.564247181, 0.999473905,
2154.584679189, 0.999538838,
2154.605111196, 0.999487259,
2154.625543202, 0.999554817,
2154.645975309, 0.999573804,
2154.666407215, 0.999533454,
2154.686839220, 0.999495269,
2154.707271325, 0.999509019,
2154.727703229, 0.999527141,
2154.748135233, 0.999466644,
2154.768567236, 0.999575787,
2154.788999239, 0.999524979,
2154.809431342, 0.999453134,
2154.829863244, 0.999501472,
2154.870727347, 0.999472163,
2154.891159247, 0.999469063,
2154.911591247, 0.999391917,
2154.932023347, 0.999509296,
2154.952455247, 0.999605428,
2154.972887246, 0.999528023,
2154.993319344, 0.999533244,
2155.013751242, 0.999446877,
2155.034183240, 0.999497779,
2155.054615337, 0.999584697,
2155.075047333, 0.999353278,
2155.095479230, 0.999431357,
2155.115911325, 0.999492511,
2155.136343321, 0.999450368,
2155.156775216, 0.999438957,
2155.177207310, 0.999499350,
2155.197639304, 0.999420180,
2155.218071197, 0.999336053,
2155.238503290, 0.999427189,
2155.258935283, 0.999402905,
2155.279367175, 0.999440961,
2155.299799267, 0.999443960,
2155.320231258, 0.999504771,
2155.340663249, 0.999449614,
2155.361095239, 0.999501867,
2155.381527229, 0.999457660,
2155.401959318, 0.999476272,
2155.422391207, 0.999444942,
2155.442823196, 0.999419281,
2155.483687171, 0.999307425,
2155.504119159, 0.999376525,
2155.524551145, 0.999320229,
2155.544983132, 0.999419653,
2155.565415117, 0.999390718,
2155.606279087, 0.999356856,
2155.626711072, 0.999405602,
2155.647143156, 0.999309346,
2155.667575040, 0.999355073,
2155.688007022, 0.999356561,
2155.708439105, 0.999420244,
2155.728870987, 0.999380390,
2155.749302969, 0.999433520,
2155.769735051, 0.999395698,
2155.790166932, 0.999459762,
2155.851462871, 0.999004056,
2155.871894851, 0.999163085,
2155.892326930, 0.999097302,
2155.912758908, 0.998991065,
2155.933190785, 0.999006498,
2155.953622863, 0.999178233,
2155.974054840, 0.999033808,
2155.994486816, 0.999032419,
2156.014918792, 0.999072064,
2156.035350767, 0.999167152,
2156.055782843, 0.999101991,
2156.076214718, 0.999132198,
2156.117078765, 0.999080223,
2156.137510639, 0.999160004,
2156.157942612, 0.999133879,
2156.178374684, 0.999065892,
2156.198806556, 0.999075443,
2156.219238527, 0.999063050,
2156.239670599, 0.999141212,
2156.260102469, 0.999026360,
2156.300966410, 0.999138176,
2156.321398379, 0.999105773,
2156.403126252, 0.999086354,
2156.423558319, 0.999048129,
2156.443990186, 0.999043014,
2156.464422152, 0.998950655,
2156.484854218, 0.999007518,
2156.505286083, 0.999058243,
2156.525718048, 0.999160103,
2156.546150113, 0.999102521,
2156.566581977, 0.998997393,
2156.587014041, 0.999030721,
2156.607446004, 0.999052177,
2156.627877866, 0.999057986,
2156.648309929, 0.999025518,
2156.668741891, 0.999016146,
2156.689173752, 0.998979161,
2156.709605813, 0.999005481,
2156.730037774, 0.998966248,
2156.750469734, 0.998985726,
2156.770901693, 0.998970428,
2156.791333653, 0.999049438,
2156.811765612, 0.999103485,
2156.832197570, 0.999069051,
2156.852629528, 0.998991473,
2156.873061485, 0.998905986,
2156.893493542, 0.999009940,
2156.913925399, 0.999032062,
2156.934357355, 0.998962538,
2156.954789411, 0.999025590,
2156.975221266, 0.998981904,
2156.995653221, 0.998960867,
2157.016085176, 0.998936314,
2157.036517129, 0.998984424,
2157.056949083, 0.999121616,
2157.077381036, 0.999042146,
2157.097812989, 0.998990070,
2157.159108844, 0.998985014,
2157.179540895, 0.998993508,
2157.199972746, 0.999037199,
2157.220404696, 0.998999785,
2157.240836746, 0.998897937,
2157.302132592, 0.999063026,
2157.322564540, 0.999013719,
2157.342996388, 0.999037579,
2157.363428435, 0.998986471,
2157.404292228, 0.999004746,
2157.424724273, 0.999066837,
2157.445156219, 0.999001387,
2157.465588064, 0.999089604,
2157.486020108, 0.999023524,
2157.506452052, 0.999148082,
2157.526883896, 0.999123769,
2157.547315939, 0.998944725,
2157.567747882, 0.999047944,
2157.588179824, 0.999032941,
2157.608611766, 0.999144981,
2157.629043708, 0.999025938,
2157.649475649, 0.999170382,
2157.669907589, 0.999047008,
2157.690339529, 0.999146402,
2157.812931162, 0.998887759,
2157.853795036, 0.998866862,
2157.874226972, 0.998947220,
2157.894659008, 0.998998040,
2157.915090843, 0.999057280,
2157.935522779, 0.998974826,
2157.955954813, 0.998936796,
2157.976386647, 0.998962367,
2157.996818581, 0.998943731,
2158.017250615, 0.999216542,
2158.037682447, 0.999022010,
2158.058114380, 0.999077156,
2158.078546412, 0.999022173,
2158.098978344, 0.998876191,
2158.139842206, 0.998867018,
2158.160274136, 0.998977926,
2158.180705966, 0.998947058,
2158.221569925, 0.998878148,
2158.242001753, 0.998926235,
2158.262433782, 0.998957228,
2158.282865710, 0.998972329,
2158.303297537, 0.998926089,
2158.323729564, 0.998935098,
2158.344161491, 0.998945029,
2158.364593517, 0.998866233,
2158.385025343, 0.999044615,
2158.405457268, 0.998908612,
2158.425889293, 0.999002029,
2158.446321117, 0.998944784,
2158.466753041, 0.998929673,
2158.487185065, 0.998965126,
2158.507616888, 0.998935369,
2158.528048811, 0.998930792,
2158.568912655, 0.998916971,
2158.630208419, 0.998967295,
2158.650640339, 0.998834301,
2158.691504178, 0.998945854,
2158.711936097, 0.998941533,
2158.732368116, 0.998915998,
2158.773231852, 0.998813478,
2158.793663869, 0.998857459,
2158.814095686, 0.998797908,
2158.834527603, 0.998868479,
2158.854959618, 0.998957695,
2158.875391434, 0.998868926,
2158.895823449, 0.998884782,
2158.916255364, 0.998996769,
2158.936687279, 0.998881439,
2158.957119193, 0.998832138,
2158.977551106, 0.998809492,
2158.997983019, 0.998860492,
2159.018414932, 0.998890011,
2159.038846844, 0.998966474,
2159.059278756, 0.998895408,
2159.079710768, 0.998976362,
2159.100142579, 0.998960173,
2159.120574489, 0.998940033,
2159.141006500, 0.998957773,
2159.161438310, 0.998973806,
2159.181870219, 0.998917035,
2159.222734037, 0.998933430,
2159.243165945, 0.998951962,
2159.263597853, 0.998900548,
2159.284029760, 0.999050076,
2159.365757385, 0.999085602,
2159.386189291, 0.998959640,
2159.406621196, 0.998929535,
2159.508780814, 0.998824316,
2159.529212616, 0.998888850,
2159.549644618, 0.998906930,
2159.570076520, 0.998908399,
2159.590508321, 0.998888089,
2159.610940322, 0.998856518,
2159.631372222, 0.998868816,
2159.651804022, 0.998911184,
2159.672236021, 0.998921407,
2159.692667921, 0.998985340,
2159.713099719, 0.998926252,
2159.753963615, 0.998975998,
2159.774395513, 0.998844939,
2159.794827410, 0.998841685,
2159.815259307, 0.998928741,
2159.835691203, 0.998895415,
2159.856123099, 0.998836921,
2159.896986889, 0.998854117,
2159.917418884, 0.998909496,
2159.937850678, 0.998855082,
2159.978714465, 0.998775181,
2159.999146358, 0.998942074,
2160.019578151, 0.998825143,
2160.040010143, 0.998801876,
2160.060442035, 0.998774270,
2160.080874027, 0.998766072,
2160.101305818, 0.998787863,
2160.121737708, 0.998821998,
2160.142169698, 0.998767770,
2160.162601488, 0.998638780,
2160.183033377, 0.998832747,
2160.203465366, 0.998749326,
2160.223897155, 0.998749333,
2160.244329043, 0.998859486,
2160.264761030, 0.998905460,
2160.285192918, 0.998866503,
2160.305624705, 0.998779384,
2160.326056691, 0.998717201,
2160.346488578, 0.998780065,
2160.366920363, 0.998781091,
2160.387352349, 0.998791566,
2160.407784234, 0.998804568,
2160.428216018, 0.998752289,
2160.448648002, 0.998767508,
2160.469079886, 0.998672918,
2160.489511669, 0.998650815,
2160.509943652, 0.998667626,
2160.550807317, 0.998694008,
2160.571239298, 0.998772662,
2160.591671180, 0.998597710,
2160.612103060, 0.998622102,
2160.652966821, 0.998702790,
2160.673398801, 0.998656840,
2160.734694438, 0.998723143,
2160.755126216, 0.998775194,
2160.775558094, 0.998784044,
2160.795989971, 0.998736504,
2160.816421848, 0.998770750,
2160.836853724, 0.998749642,
2160.857285700, 0.998784809,
2160.877717476, 0.998750627,
2160.898149351, 0.998707475,
2160.918581327, 0.998716100,
2160.939013101, 0.998733494,
2160.959444975, 0.998666170,
2160.979876949, 0.998619899,
2161.000308722, 0.998689669,
2161.020740595, 0.998769813,
2161.041172567, 0.998693526,
2161.061604340, 0.998586223,
2161.082036211, 0.998601185,
2161.102468183, 0.998664954,
2161.122900054, 0.998629089,
2161.143331824, 0.998707929,
2161.163763794, 0.998662382,
2161.204627434, 0.998646736,
2161.245491271, 0.998590145,
2161.265923040, 0.998648446,
2161.286355007, 0.998653938,
2161.306786875, 0.998653750,
2161.327218842, 0.998644709,
2161.347650608, 0.998597801,
2161.408946206, 0.999060428,
2161.470241800, 0.998761793,
2161.490673664, 0.998759293,
2161.511105527, 0.998705846,
2161.531537390, 0.998683751,
2161.551969253, 0.998645606,
2161.572401115, 0.998676371,
2161.592832977, 0.998657697,
2161.613264839, 0.998633162,
2161.633696700, 0.998592243,
2161.654128561, 0.998681258,
2161.674560421, 0.998584035,
2161.735856000, 0.998700748,
2161.756287959, 0.998609713,
2161.776719717, 0.998658658,
2161.817583533, 0.998631968,
2161.838015290, 0.998624670,
2161.858447247, 0.998645983,
2161.878879103, 0.998591941,
2161.899310859, 0.998610133,
2161.919742815, 0.998585285,
2161.940174670, 0.998551208,
2161.960606525, 0.998648194,
2162.001470234, 0.998596013,
2162.021902088, 0.998660900,
2162.042333941, 0.998575599,
2162.062765794, 0.998589466,
2162.083197647, 0.998581686,
2162.103629499, 0.998615126,
2162.124061351, 0.998546282,
2162.144493202, 0.998557960,
2162.205788754, 0.998550061,
2162.226220604, 0.998611451,
2162.246652454, 0.998605153,
2162.267084203, 0.998514468,
2162.287516152, 0.998622433,
2162.307948000, 0.998632994,
2162.328379748, 0.998573454,
2162.348811696, 0.998872546,
2162.369243543, 0.998566555,
2162.389675390, 0.998606092,
2162.410107236, 0.998598200,
2162.430539082, 0.998564860,
2162.450971028, 0.998585422,
2162.471402773, 0.998629666,
2162.491834619, 0.998569692,
2162.512266563, 0.998568171,
2162.532698407, 0.998695945,
2162.553130151, 0.998635206,
2162.573562094, 0.998563404,
2162.593993938, 0.998580133,
2162.614425680, 0.998606922,
2162.634857622, 0.998639068,
2162.696153147, 0.998546422,
2162.716584988, 0.998536518,
2162.737016728, 0.998622437,
2162.757448668, 0.998645248,
2162.777880508, 0.998595133,
2162.818744186, 0.998545552,
2162.839176024, 0.998640799,
2162.880039700, 0.998600788,
2162.900471538, 0.998607052,
2162.920903375, 0.998547159,
2162.941335211, 0.998685537,
2162.961767047, 0.998551288,
2162.982198883, 0.998614402,
2163.002630719, 0.998619221,
2163.023062554, 0.998604926,
2163.043494488, 0.998655681,
2163.104789990, 0.998695757,
2163.125221724, 0.998680747,
2163.186517221, 0.998497443,
2163.206949053, 0.998555249,
2163.227380984, 0.998580283,
2163.247812715, 0.998565434,
2163.268244546, 0.998678270,
2163.288676476, 0.998520242,
2163.309108206, 0.998563451,
2163.329540035, 0.998506194,
2163.349971964, 0.998469571,
2163.370403793, 0.998561994,
2163.390835521, 0.998610688,
2163.411267450, 0.998514680,
2163.431699277, 0.998699399,
2163.452131004, 0.998641295,
2163.472562931, 0.998597504,
2163.492994758, 0.998558226,
2163.513426484, 0.998668731,
2163.533858410, 0.998611634,
2163.574722160, 0.998717763,
2163.615585709, 0.998748161,
2163.636017533, 0.998815905,
2163.697313003, 0.998394176,
2163.717744825, 0.998537255,
2163.738176647, 0.998579892,
2163.779040290, 0.998538757,
2163.799472111, 0.998492787,
2163.819903932, 0.998621450,
2163.840335752, 0.998607111,
2163.860767572, 0.998624024,
2163.922063029, 0.998490482,
2163.942494948, 0.998482287,
2163.962926666, 0.998465965,
2163.983358483, 0.998560018,
2164.003790400, 0.998465424,
2164.024222117, 0.998579489,
2164.044653934, 0.998575278,
2164.065085850, 0.998561967,
2164.085517566, 0.998637660,
2164.105949382, 0.998601793,
2164.126381297, 0.998594017,
2164.146813011, 0.998643855,
2164.167244926, 0.998325288,
2164.187676740, 0.998335428,
2164.208108553, 0.998293933,
2164.228540367, 0.998207119,
2164.248972180, 0.998265838,
2164.269403992, 0.998214008,
2164.289835904, 0.998224666,
2164.310267616, 0.998196519,
2164.351131339, 0.998192381,
2164.412426670, 0.998462311,
2164.432858480, 0.998576325,
2164.453290289, 0.998335597,
2164.473722098, 0.998413239,
2164.494153906, 0.998421275,
2164.514585615, 0.998391510,
2164.535017523, 0.998417603,
2164.555449330, 0.998418147,
2164.575881137, 0.998297765,
2164.596312944, 0.998353929,
2164.616744750, 0.998419208,
2164.637176556, 0.998298884,
2164.657608362, 0.998361269,
2164.678040168, 0.998365342,
2164.698472072, 0.998320231,
2164.718903877, 0.998369055,
2164.739335582, 0.998316710,
2164.759767485, 0.998338243,
2164.780199289, 0.998306828,
2164.800630992, 0.998243801,
2164.902790103, 0.998427408,
2164.923221804, 0.998338304,
2164.943653705, 0.998307273,
2164.964085505, 0.998318940,
2164.984517205, 0.998320556,
2165.004949105, 0.998318948,
2165.025380904, 0.998425348,
2165.045812703, 0.998340410,
2165.066244501, 0.998249000,
2165.086676299, 0.998202965,
2165.107108097, 0.998388122,
2165.127539895, 0.998289478,
2165.147971692, 0.998347411,
2165.168403489, 0.998312870,
2165.188835385, 0.998296299,
2165.209267081, 0.998306621,
2165.229698977, 0.998253138,
2165.250130673, 0.998346307,
2165.311426057, 0.998198716,
2165.413585123, 0.998333656,
2165.434016815, 0.998262628,
2165.454448607, 0.998259101,
2165.474880499, 0.998311857,
2165.495312190, 0.998258630,
2165.515743981, 0.998233986,
2165.536175871, 0.998267277,
2165.556607661, 0.998292721,
2165.577039351, 0.998332320,
2165.597471241, 0.998316533,
2165.638334718, 0.998141695,
2165.658766607, 0.998261913,
2165.679198395, 0.998259874,
2165.699630083, 0.998373236,
2165.720061970, 0.998437086,
2165.740493757, 0.998266177,
2165.760925643, 0.998337252,
2165.781357330, 0.998243462,
2165.801789116, 0.998339516,
2165.822221001, 0.998306097,
2165.842652686, 0.998311894,
2165.863084471, 0.998319515,
2165.883516256, 0.998251776,
2165.903948040, 0.998345995,
2165.924379824, 0.998333865,
2165.944811608, 0.998281984,
2165.965243391, 0.998345289,
2165.985675174, 0.998304596,
2166.006106956, 0.998277923,
2166.026538738, 0.998319783,
2166.046970520, 0.998349870,
2166.067402402, 0.998275994,
2166.087834083, 0.998271606,
2166.108265863, 0.998264774,
2166.128697744, 0.998294296,
2166.149129424, 0.998375345,
2166.169561204, 0.998276186,
2166.189993083, 0.998270170,
2166.210424762, 0.998254696,
2166.230856541, 0.998247169,
2166.251288419, 0.998182413,
2166.271720097, 0.998223751,
2166.292151975, 0.998681618,
2166.312583752, 0.998469069,
2166.333015430, 0.998215502,
2166.373879083, 0.998264250,
2166.414742634, 0.998154575,
2166.435174409, 0.998075025,
2166.455606184, 0.998282861,
2166.476037959, 0.998255326,
2166.496469733, 0.998308315,
2166.516901507, 0.998227902,
2166.537333381, 0.998242190,
2166.578196827, 0.998345637,
2166.598628700, 0.998258052,
2166.619060372, 0.998222155,
2166.639492144, 0.998266750,
2166.659923916, 0.998239923,
2166.680355687, 0.998295841,
2166.700787458, 0.998315529,
2166.721219228, 0.998254931,
2166.741650998, 0.998359831,
2166.762082768, 0.998389666,
2166.782514538, 0.998401955,
2166.802946307, 0.998242340,
2166.884673481, 0.998310014,
2166.905105248, 0.998273005,
2166.925536915, 0.998262275,
2166.945968782, 0.998345316,
2166.966400549, 0.998303383,
2166.986832215, 0.998402810,
2167.007264081, 0.998404193,
2167.048127512, 0.998398807,
2167.129854669, 0.998364307,
2167.150286433, 0.998348845,
2167.170718096, 0.998357428,
2167.191149959, 0.998373238,
2167.232013484, 0.998338775,
2167.252445246, 0.998374411,
2167.272877007, 0.998461137,
2167.293308769, 0.998469073,
2167.354604150, 0.998245821,
2167.375035810, 0.998194780,
2167.395467570, 0.998228517,
2167.415899429, 0.998333648,
2167.436331088, 0.998378189,
2167.456762847, 0.998309196,
2167.477194705, 0.998278149,
2167.497626363, 0.998217002,
2167.518058121, 0.998312667,
2167.538489978, 0.998271217,
2167.558921635, 0.998345119,
2167.599785248, 0.998363252,
2167.620216904, 0.998395306,
2167.640648659, 0.998486486,
2167.661080514, 0.998432649,
2167.681512170, 0.998527987,
2167.701943924, 0.998502205,
2167.722375779, 0.998563774,
2167.742807533, 0.998572631,
2167.763239186, 0.998513605,
2167.783671040, 0.998490428,
2167.804102793, 0.998511624,
2167.844966298, 0.998358644,
2167.865398050, 0.998472125,
2167.885829902, 0.998553367,
2167.906261553, 0.998464782,
2167.926693304, 0.998554890,
2167.947125155, 0.998602096,
2167.967556805, 0.998644651,
2167.987988555, 0.998561541,
2168.008420405, 0.998662462,
2168.028852055, 0.998657112,
2168.049283804, 0.998712128,
2168.090147301, 0.998533041,
2168.110579050, 0.998589316,
2168.131010798, 0.998667485,
2168.171874292, 0.998694089,
2168.192306039, 0.998704645,
2168.212737786, 0.998680810,
2168.233169532, 0.998775414,
2168.274033023, 0.998869152,
2168.335328459, 0.998610834,
2168.355760203, 0.998572412,
2168.376192047, 0.998533821,
2168.396623791, 0.998470642,
2168.417055634, 0.998447127,
2168.437487277, 0.998413633,
2168.457919020, 0.998472357,
2168.478350862, 0.998422729,
2168.498782504, 0.998204130,
2168.580509470, 0.998781490,
2168.600941310, 0.998667403,
2168.621373051, 0.998686414,
2168.641804691, 0.998675767,
2168.662236530, 0.998613716,
2168.703099909, 0.998667960,
2168.723531747, 0.998667603,
2168.743963485, 0.998513850,
2168.764395123, 0.998471013,
2168.825690336, 0.998727790,
2168.846122172, 0.998626248,
2168.866553809, 0.998827088,
2168.886985545, 0.998681228,
2168.907417381, 0.998706596,
2168.927849016, 0.998723029,
2168.948280852, 0.998787817,
2168.968712586, 0.998567609,
2168.989144221, 0.998547248,
2169.009576055, 0.998658065,
2169.030007789, 0.998548209,
2169.070871256, 0.998735406,
2169.091302989, 0.998678765,
2169.111734722, 0.998631964,
2169.132166455, 0.998628020,
2169.152598187, 0.998713966,
2169.173029918, 0.998673856,
2169.193461750, 0.998629644,
2169.213893381, 0.998593884,
2169.234325112, 0.998565417,
2169.254756942, 0.998596177,
2169.275188573, 0.998684837,
2169.316052132, 0.998701818,
2169.336483762, 0.998725025,
2169.356915490, 0.998701246,
2169.377347319, 0.998709278,
2169.397778948, 0.998741580,
2169.418210776, 0.998707062,
2169.438642504, 0.998706931,
2169.459074231, 0.998758935,
2169.479505958, 0.998729677,
2169.499937585, 0.998673306,
2169.520369412, 0.998741273,
2169.561232864, 0.998744442,
2169.581664490, 0.998807600,
2169.602096315, 0.998672572,
2169.622528040, 0.998808011,
2169.642959665, 0.998787400,
2169.663391489, 0.998873734,
2169.683823213, 0.998761293,
2169.704254837, 0.998754757,
2169.724686661, 0.998743451,
2169.806413552, 0.998862827,
2169.826845174, 0.998743766,
2169.847276995, 0.998832834,
2169.867708717, 0.998878245,
2169.888140538, 0.998760112,
2169.908572158, 0.998830189,
2169.929003879, 0.998836546,
2169.949435699, 0.998817597,
2170.051594196, 0.998899731,
2170.072026014, 0.998906588,
2170.092457732, 0.998826998,
2170.112889350, 0.998892759,
2170.133321167, 0.998924491,
2170.153752885, 0.999012234,
2170.174184501, 0.998918134,
2170.194616318, 0.998915275,
2170.215048034, 0.998947601,
2170.296774797, 0.998911440,
2170.317206611, 0.998970494,
2170.337638226, 0.998931341,
2170.358069940, 0.998884983,
2170.378501754, 0.999001022,
2170.398933468, 0.998933364,
2170.419365181, 0.998953139,
2170.439796894, 0.998988492,
2170.460228607, 0.998915084,
2170.480660319, 0.998865305,
2170.521523743, 0.998971738,
2170.541955555, 0.999044521,
2170.562387166, 0.998987666,
2170.582818877, 0.998944223,
2170.623682298, 0.998963063,
2170.644114008, 0.999023597,
2170.664545818, 0.998997056,
2170.684977427, 0.998881927,
2170.705409137, 0.998966966,
2170.725840946, 0.998965224,
2170.787136070, 0.999045863,
2170.807567678, 0.999063346,
2170.827999386, 0.999126212,
2170.848431193, 0.999072228,
2170.868862900, 0.999269544,
2170.889294606, 0.999086802,
2170.909726313, 0.999230122,
2170.930158019, 0.999134784,
2170.950589725, 0.999038234,
2171.032316545, 0.999129231,
2171.052748149, 0.999067064,
2171.073179953, 0.999213253,
2171.093611657, 0.999122386,
2171.134475063, 0.999097187,
2171.154906766, 0.999148407,
2171.175338368, 0.999177149,
2171.195770171, 0.999215847,
2171.216201873, 0.999220693,
2171.277496977, 0.999189372,
2171.297928678, 0.999156643,
2171.318360378, 0.999188296,
2171.338792078, 0.999095327,
2171.359223879, 0.999151021,
2171.379655578, 0.999206656,
2171.400087178, 0.999192157,
2171.440950676, 0.999208074,
2171.461382274, 0.999298803,
2171.481814072, 0.999315466,
2171.522677368, 0.999230449,
2171.543109166, 0.999197472,
2171.563540863, 0.999234464,
2171.583972460, 0.999228572,
2171.604404256, 0.999185511,
2171.624835952, 0.999228995,
2171.645267549, 0.999195262,
2171.665699344, 0.999166279,
2171.686131040, 0.999120035,
2171.706562635, 0.999215826,
2171.726994430, 0.999224887,
2171.747426124, 0.999317370,
2171.767857719, 0.999385521,
2171.788289513, 0.999344730,
2171.808721207, 0.999310668,
2171.870016286, 0.999366134,
2171.890447979, 0.999406415,
2171.910879671, 0.999348977,
2171.931311363, 0.999431140,
2171.951743155, 0.999472076,
2172.013038229, 0.999308172,
2172.033469820, 0.999305464,
2172.053901510, 0.999312526,
2172.074333300, 0.999377609,
2172.094764890, 0.999319769,
2172.115196580, 0.999329779,
2172.135628369, 0.999303423,
2172.156059958, 0.999421021,
2172.176491647, 0.999489313,
2172.196923435, 0.999431372,
2172.217355124, 0.999552126,
2172.258218499, 0.999317182,
2172.278650187, 0.999263234,
2172.299081874, 0.999279639,
2172.319513560, 0.999303290,
2172.339945247, 0.999351307,
2172.360376933, 0.999298109,
2172.380808620, 0.999277869,
2172.401240305, 0.999350345,
2172.421671991, 0.999378190,
2172.442103676, 0.999289597,
2172.462535361, 0.999465778,
2172.482967046, 0.999334677,
2172.503398730, 0.999333887,
2172.523830314, 0.999371135,
2172.544262098, 0.999325432,
2172.564693781, 0.999321144,
2172.585125465, 0.999425491,
2172.605557148, 0.999270631,
2172.625988831, 0.999258744,
2172.646420513, 0.999320183,
2172.687283877, 0.999353509,
2172.707715659, 0.999311892,
2172.769010703, 0.999532009,
2172.789442383, 0.999427615,
2172.809873964, 0.999494545,
2172.830305744, 0.999545426,
2172.850737424, 0.999507228,
2172.871169003, 0.999499687,
2172.891600782, 0.999501765,
2172.912032461, 0.999544038,
2172.932464040, 0.999456704,
2172.952895819, 0.999452628,
2172.973327497, 0.999342707,
2172.993759075, 0.999406304,
2173.014190852, 0.999427396,
2173.034622530, 0.999474356,
2173.055054207, 0.999390059,
2173.075485884, 0.999458349,
2173.095917560, 0.999357093,
2173.116349237, 0.999420797,
2173.136780913, 0.999478349,
2173.157212589, 0.999455709,
2173.177644264, 0.999310244,
2173.259370964, 0.999568461,
2173.279802638, 0.999574739,
2173.300234412, 0.999561724,
2173.320665986, 0.999492574,
2173.341097659, 0.999653191,
2173.361529433, 0.999477421,
2173.381961005, 0.999505293,
2173.402392678, 0.999567789,
2173.422824451, 0.999511704,
2173.443256023, 0.999574386,
2173.484119466, 0.999535512,
2173.504551038, 0.999535622,
2173.524982709, 0.999529893,
2173.545414480, 0.999472993,
2173.565846050, 0.999641170,
2173.586277821, 0.999594978,
2173.606709491, 0.999448807,
2173.627141160, 0.999512449,
2173.647572830, 0.999575855,
2173.668004499, 0.999467492,
2173.688436169, 0.999483253,
2173.729299506, 0.999680080,
2173.749731174, 0.999701256,
2173.770162942, 0.999547736,
2173.811026177, 0.999646175,
2173.831457945, 0.999578135,
2173.851889512, 0.999639108,
2173.872321178, 0.999586872,
2173.892752845, 0.999655262,
2173.913184511, 0.999587282,
2173.933616077, 0.999671107,
2173.954047843, 0.999677214,
2173.974479508, 0.999616823,
2173.994911273, 0.999626432,
2174.015342838, 0.999575211,
2174.035774503, 0.999648293,
2174.056206268, 0.999628836,
2174.076637932, 0.999587803,
2174.097069496, 0.999515384,
2174.117501259, 0.999712873,
2174.137932923, 0.999696232,
2174.219659474, 0.999762011,
2174.240091236, 0.999657159,
2174.260522898, 0.999643524,
2174.280954460, 0.999691542,
2174.301386221, 0.999672498,
2174.321817883, 0.999551891,
2174.342249444, 0.999720106,
2174.362681204, 0.999665301,
2174.383112865, 0.999683207,
2174.403544425, 0.999620503,
2174.423976185, 0.999513888,
2174.464839604, 0.999734150,
2174.485271163, 0.999661518,
2174.505702822, 0.999631399,
2174.526134481, 0.999759331,
2174.546566239, 0.999639367,
2174.566997797, 0.999644122,
2174.587429455, 0.999709371,
2174.607861113, 0.999682268,
2174.628292770, 0.999630179,
2174.648724528, 0.999663903,
2174.669156084, 0.999810878,
2174.689587741, 0.999653622,
2174.710019497, 0.999697800,
2174.730451054, 0.999841879,
2174.750882710, 0.999705542,
2174.771314466, 0.999726330,
2174.812177676, 0.999832893,
2174.832609431, 0.999877616,
2174.853040986, 0.999759886,
2174.873472740, 0.999889977,
2174.893904395, 0.999654458,
2174.955199356, 0.999696721,
2174.975631010, 0.999742751,
2174.996062662, 0.999721011,
2175.016494315, 0.999795021,
2175.036925968, 0.999746639,
2175.057357720, 0.999788538,
2175.077789272, 0.999820591,
2175.139084227, 0.999992053,
2175.159515878, 0.999978458,
2175.200379180, 0.999767926,
2175.220810830, 0.999757458,
2175.241242580, 0.999771137,
2175.261674130, 0.999720304,
2175.282105880, 1.000188262,
2175.302537529, 0.999796778,
2175.322969079, 0.999809509,
2175.363832376, 0.999840316,
2175.384264025, 0.999890696,
2175.404695773, 0.999859557,
2175.465990716, 0.999808489,
2175.486422364, 0.999890154,
2175.527285658, 0.999817806,
2175.547717304, 0.999805527,
2175.568148851, 0.999755916,
2175.588580597, 0.999743899,
2175.609012242, 0.999772083,
2175.629443788, 0.999734303,
2175.670307179, 0.999799894,
2175.690738924, 0.999737872,
2175.711170468, 0.999745280,
2175.731602113, 0.999707204,
2175.752033857, 0.999730890,
2175.772465401, 0.999846796,
2175.792897045, 0.999750126,
2175.833760332, 0.999865844,
2175.874623718, 0.999778747,
2175.895055361, 0.999881623,
2175.915486903, 0.999832588,
2175.935918645, 0.999811579,
2175.956350287, 0.999859349,
2175.976781829, 0.999783391,
2175.997213570, 0.999835911,
2176.017645112, 0.999921142,
2176.038076753, 0.999938850,
2176.078940134, 0.999956711,
2176.201529873, 0.999665065,
2176.221961611, 0.999704296,
2176.242393250, 0.999872004,
2176.262824789, 0.999872772,
2176.283256527, 1.000009399,
2176.303688165, 0.999879101,
2176.324119803, 0.999873363,
2176.344551440, 0.999963962,
2176.426277988, 0.999855619,
2176.446709625, 0.999769040,
2176.467141361, 0.999760928,
2176.487572897, 0.999770824,
2176.508004633, 0.999804039,
2176.548867804, 0.999819672,
2176.569299539, 0.999921746,
2176.589731174, 0.999897930,
2176.610162709, 0.999629052,
2176.671457612, 0.999729966,
2176.691889345, 0.999810137,
2176.712320979, 0.999725470,
2176.753184245, 0.999825505,
2176.773615778, 0.999712607,
2176.794047411, 0.999779256,
2176.814479144, 0.999746973,
2176.834910776, 0.999741546,
2176.855342308, 0.999976736,
2176.875774039, 0.999654135,
2176.896205671, 0.999623907,
2176.916637303, 0.999559575,
2176.957500565, 0.999639073,
2176.977932295, 0.999673590,
2176.998363826, 0.999638048,
2177.059658716, 0.999667515,
2177.080090346, 0.999921216,
2177.120953604, 1.000114171,
2177.161816962, 0.999739904,
2177.182248490, 0.999813363,
2177.202680119, 0.999860829,
2177.223111847, 0.999760683,
2177.243543375, 0.999776513,
2177.263975002, 0.999846657,
2177.284406730, 0.999819065,
2177.304838357, 0.999788044,
2177.325269984, 0.999803761,
2177.366133238, 0.999664753,
2177.427428116, 0.999780832,
2177.447859842, 0.999667383,
2177.468291367, 0.999702787,
2177.488722993, 0.999819232,
2177.509154618, 0.999794563,
2177.529586243, 0.999733904,
2177.550017767, 0.999807768,
2177.570449492, 0.999665248,
2177.590881116, 0.999805432,
2177.611312640, 0.999819896,
2177.652175988, 0.999828171,
2177.672607611, 0.999834731,
2177.693039235, 0.999818288,
2177.713470858, 0.999817440,
2177.733902580, 0.999759131,
2177.754334103, 0.999684532,
2177.795197447, 0.999763329,
2177.856492313, 0.999770669,
2177.897355455, 0.999867352,
2177.917787176, 0.999763520,
2177.938218797, 0.999860136,
2177.958650317, 0.999913505,
2177.979082038, 0.999848125,
2177.999513658, 0.999889140,
2178.019945178, 0.999826818,
2178.040376898, 0.999895161,
2178.081240036, 0.999951141,
2178.101671755, 1.000376155,
2178.122103374, 0.999886722,
2178.162966611, 0.999839147,
2178.183398230, 0.999842857,
2178.203829848, 0.999824697,
2178.224261465, 0.999900174,
2178.244693083, 0.999817357,
2178.265124701, 0.999879739,
2178.285556318, 0.999897430,
2178.305987935, 0.999854839,
2178.326419552, 0.999958979,
2178.346851168, 0.999888254,
2178.367282785, 0.999890806,
2178.387714501, 0.999826989,
2178.408146017, 0.999852587,
2178.428577633, 0.999864239,
2178.469440864, 0.999930423,
2178.489872479, 1.000002626,
2178.510304194, 0.999905608,
2178.530735709, 0.999936591,
2178.551167424, 1.000114875,
2178.632893880, 0.999912059,
2178.653325494, 0.999910289,
2178.673757107, 0.999920752,
2178.694188721, 0.999909553,
2178.735051946, 0.999943946,
2178.755483559, 0.999813493,
2178.775915172, 0.999795354,
2178.796346884, 0.999894538,
2178.816778396, 0.999887580,
2178.837210008, 0.999833600,
2178.857641719, 0.999838602,
2178.898504942, 0.999852571,
2178.918936453, 0.999831494,
2178.939368064, 0.999888512,
2178.959799775, 0.999866079,
2179.000662896, 0.999884193,
2179.021094606, 0.999844638,
2179.061957726, 0.999998504,
2179.143684263, 0.999843763,
2179.164115772, 0.999936114,
2179.184547380, 0.999834085,
2179.204979088, 0.999877845,
2179.225410697, 0.999833770,
2179.245842205, 0.999917450,
2179.286705520, 0.999970519,
2179.307137228, 0.999984057,
2179.327568735, 0.999851141,
2179.368432049, 0.999895404,
2179.388863555, 0.999947467,
2179.409295162, 0.999896194,
2179.429726868, 0.999872318,
2179.450158374, 0.999791429,
2179.470589980, 0.999860933,
2179.491021686, 0.999966685,
2179.511453192, 0.999820275,
2179.531884797, 0.999932122,
2179.552316502, 0.999844833,
2179.572748007, 0.999888967,
2179.593179612, 0.999951850,
2179.613611317, 0.999853872,
2179.634042821, 0.999919251,
2179.654474525, 0.999877622,
2179.674906129, 0.999923555,
2179.695337633, 0.999926205,
2179.715769337, 0.999926840,
2179.736200940, 0.999814758,
2179.756632444, 0.999938998,
2179.777064147, 0.999874676,
2179.797495750, 0.999996863,
2179.817927253, 1.000063129,
2179.838358955, 0.999923258,
2179.858790558, 0.999945904,
2179.899653762, 0.999873647,
2179.920085364, 0.999957852,
2179.940516866, 0.999886865,
2179.960948567, 1.000041302,
2179.981380168, 0.999970404,
2180.001811870, 0.999989150,
2180.103969772, 0.999896233,
2180.124401472, 0.999897121,
2180.144833072, 0.999922545,
2180.165264572, 0.999799203,
2180.185696271, 0.999795839,
2180.206127871, 0.999942171,
2180.246991069, 0.999825568,
2180.267422668, 0.999968638,
2180.287854166, 0.999975863,
2180.349148961, 0.999895722,
2180.369580659, 0.999899317,
2180.390012157, 0.999808595,
2180.410443855, 0.999834094,
2180.430875452, 0.999894678,
2180.471738646, 0.999743349,
2180.512601840, 0.999786634,
2180.553465033, 0.999873056,
2180.573896629, 0.999741379,
2180.594328225, 0.999827407,
2180.614759820, 0.999728006,
2180.635191416, 0.999837927,
2180.655623112, 0.999739197,
2180.676054607, 0.999713724,
2180.716917897, 0.999780674,
2180.737349392, 0.999785910,
2180.757781086, 0.999754590,
2180.778212681, 0.999774039,
2180.819075869, 0.999692565,
2180.839507463, 0.999737622,
2180.859938957, 0.999727368,
2180.880370650, 0.999545875,
2180.900802244, 0.999680130,
2180.921233737, 0.999724905,
2180.941665430, 0.999709291,
2180.962097023, 0.999748985,
2180.982528616, 0.999675233,
2181.002960208, 0.999697762,
2181.023391801, 0.999637048,
2181.043823393, 0.999666321,
2181.064254985, 0.999693798,
2181.084686577, 0.999685716,
2181.105118169, 0.999639760,
2181.125549760, 0.999689976,
2181.145981352, 0.999679431,
2181.166412943, 0.999696208,
2181.186844534, 0.999680900,
2181.207276125, 0.999639662,
2181.248139306, 0.999766850,
2181.268570896, 0.999661738,
2181.329865667, 0.999680293,
2181.350297356, 0.999648148,
2181.370728846, 0.999585465,
2181.391160435, 0.999670214,
2181.411592125, 0.999635597,
2181.432023614, 0.999676830,
2181.452455203, 0.999647032,
2181.472886891, 0.999668859,
2181.493318480, 0.999637820,
2181.513750068, 0.999687719,
2181.534181656, 0.999581209,
2181.554613245, 0.999578749,
2181.575044833, 0.999630606,
2181.595476420, 0.999510439,
2181.615908008, 0.999563161,
2181.636339595, 0.999682158,
2181.656771183, 0.999708211,
2181.677202770, 0.999589438,
2181.697634457, 0.999578933,
2181.718065944, 0.999539850,
2181.758929117, 0.999437458,
2181.820223875, 0.999578993,
2181.840655461, 0.999569763,
2181.861087147, 0.999612000,
2181.881518632, 0.999634344,
2181.901950218, 0.999534005,
2181.922381903, 0.999593226,
2181.942813388, 0.999623061,
2181.963244973, 0.999669981,
2181.983676658, 0.999560235,
2182.004108143, 0.999811132,
2182.024539727, 0.999633840,
2182.044971411, 0.999579581,
2182.065402995, 0.999644177,
2182.085834479, 0.999527794,
2182.106266163, 0.999551570,
2182.126697747, 0.999554037,
2182.147129230, 0.999549388,
2182.167560914, 0.999575579,
2182.187992497, 0.999561655,
2182.208424180, 0.999486126,
2182.249287246, 0.999582776,
2182.269718928, 0.999612053,
2182.310581993, 0.999536392,
2182.331013675, 0.999525440,
2182.351445157, 0.999546012,
2182.371876739, 0.999540185,
2182.392308421, 0.999601543,
2182.412739902, 0.999544291,
2182.453603065, 0.999484886,
2182.474034646, 0.999528887,
2182.494466227, 0.999555055,
2182.514897908, 0.999466508,
2182.535329388, 0.999455790,
2182.576192649, 0.999449375,
2182.596624129, 0.999439203,
2182.617055809, 0.999502665,
2182.637487389, 0.999571116,
2182.657918869, 0.999594301,
2182.678350549, 0.999559227,
2182.698782128, 0.999548348,
2182.800940023, 0.999565621,
2182.821371602, 0.999595109,
2182.841803080, 0.999550251,
2182.862234758, 0.999569931,
2182.882666336, 0.999585591,
2182.903098014, 0.999597172,
2182.923529492, 0.999575505,
2182.943961070, 0.999568776,
2182.964392748, 0.999445203,
2182.984824225, 0.999548527,
2183.005255802, 0.999549205,
2183.025687479, 0.999567474,
2183.046119056, 0.999582329,
2183.066550533, 0.999587436,
2183.086982210, 0.999587313,
2183.107413787, 0.999577516,
2183.127845263, 0.999568065,
2183.148276939, 0.999557013,
2183.168708415, 0.999586128,
2183.189139991, 0.999596788,
2183.209571667, 0.999577563,
2183.230003143, 0.999588216,
2183.250434818, 0.999555688,
2183.291297869, 0.999597956,
2183.311729544, 0.999659114,
2183.332161119, 0.999554873,
2183.352592594, 0.999615020,
2183.373024269, 0.999519946,
2183.413887418, 0.999596287,
2183.454750566, 0.999687858,
2183.475182140, 0.999698380,
2183.495613714, 0.999806052,
2183.536476862, 0.999468015,
2183.556908535, 0.999604258,
2183.577340009, 0.999544118,
2183.597771682, 0.999675144,
2183.618203255, 0.999483302,
2183.638634728, 0.999540637,
2183.659066401, 0.999551578,
2183.679497973, 0.999561928,
2183.699929446, 0.999575542,
2183.720361118, 0.999602202,
2183.781655835, 0.999566446,
2183.802087407, 0.999591314,
2183.822518878, 0.999541351,
2183.842950550, 0.999607617,
2183.863382121, 0.999635773,
2183.883813693, 0.999588489,
2183.924676835, 0.999607835,
2183.945108406, 0.999615185,
2183.965539977, 0.999610554,
2183.985971547, 0.999584647,
2184.006403118, 0.999459786,
2184.047266259, 0.999610510,
2184.067697929, 0.999657946,
2184.088129399, 0.999679187,
2184.108560969, 0.999594019,
2184.128992639, 0.999622080,
2184.149424108, 0.999684308,
2184.169855678, 0.999660681,
2184.190287347, 0.999682032,
2184.272013523, 0.999647488,
2184.292445192, 0.999664376,
2184.312876761, 0.999628514,
2184.333308229, 0.999651140,
2184.353739898, 0.999689359,
2184.374171466, 0.999689609,
2184.394603034, 0.999672702,
2184.415034602, 0.999594776,
2184.435466170, 0.999704439,
2184.455897738, 0.999694431,
2184.476329305, 0.999707309,
2184.496760873, 0.999671598,
2184.517192440, 0.999592195,
2184.537624107, 0.999726019,
2184.558055574, 0.999722580,
2184.578487141, 0.999668588,
2184.598918808, 0.999607648,
2184.619350275, 0.999733109,
2184.639781942, 0.999669367,
2184.660213408, 0.999727456,
2184.680644974, 0.999871802,
2184.701076641, 0.999759432,
2184.741939673, 0.999814257,
2184.762371339, 0.999793334,
2184.782802805, 0.999873255,
2184.803234370, 0.999874912,
2184.823666036, 0.999928401,
2184.844097501, 0.999963302,
2184.864529067, 0.999975082,
2184.884960732, 1.000044018,
2184.905392297, 0.999651881,
2184.925823762, 0.999686215,
2184.946255426, 0.999579703,
2185.007550120, 0.999768373,
2185.027981685, 0.999789833,
2185.068844813, 0.999685442,
2185.089276377, 0.999784452,
2185.109708041, 0.999696669,
2185.150571068, 0.999785105,
2185.171002732, 0.999911962,
2185.191434195, 0.999860115,
2185.211865758, 0.999864651,
2185.252728885, 0.999969273,
2185.273160448, 0.999776884,
2185.293592110, 0.999847001,
2185.314023573, 0.999936392,
2185.334455236, 0.999817743,
2185.375318361, 1.000020007,
2185.395749923, 0.999921494,
2185.416181485, 0.999892759,
2185.497907633, 0.999683950,
2185.518339294, 0.999776035,
2185.538770856, 0.999649856,
2185.559202317, 0.999760582,
2185.579633978, 0.999733039,
2185.600065539, 0.999766738,
2185.620497200, 0.999847744,
2185.640928661, 1.000029142,
2185.661360222, 1.000081422,
2185.681791883, 0.999974678,
2185.702223344, 1.000032041,
2185.722654904, 1.000014623,
2185.743086564, 0.999916300,
2185.763518025, 0.999989437,
2185.783949585, 1.000071784,
2185.804381245, 1.000021314,
2185.824812705, 1.000039973,
2185.845244265, 1.000051666,
2185.886107484, 1.000033446,
2185.906538944, 1.000073819,
2185.926970603, 1.000067255,
2185.947402162, 1.000169050,
2185.967833722, 1.000061711,
2185.988265281, 1.000075984,
2186.008696840, 1.000148517,
2186.029128399, 1.000059553,
2186.049559957, 1.000093194,
2186.069991416, 1.000056190,
2186.090423075, 1.000067301,
2186.110854633, 1.000139936,
2186.131286092, 1.000164854,
2186.151717750, 1.000077953,
2186.172149308, 1.000118038,
2186.192580766, 1.000109916,
2186.213012424, 1.000093455,
2186.233443982, 1.000010672,
2186.253875540, 1.000124123,
2186.294738655, 1.000166419,
2186.315170312, 1.000216016,
2186.335601770, 1.000442796,
2186.356033327, 1.000185775,
2186.376464984, 1.000190446,
2186.396896441, 1.000133059,
2186.437759655, 1.000214311,
2186.458191212, 1.000147855,
2186.478622668, 1.000133155,
2186.499054325, 1.000143513,
2186.519485881, 1.000130306,
2186.539917338, 1.000121138,
2186.560348994, 1.000158704,
2186.580780550, 1.000231066,
2186.601212206, 1.000215916,
2186.621643662, 1.000231864,
2186.642075218, 1.000184444,
2186.662506874, 1.000210579,
2186.723801441, 1.000149509,
2186.744232996, 1.000252510,
2186.764664551, 1.000161240,
2186.785096107, 1.000138755,
2186.805527662, 1.000180068,
2186.825959217, 1.000266805,
2186.866822326, 1.000193371,
2186.887253881, 1.000246488,
2186.907685436, 1.000219230,
2186.928116990, 1.000208359,
2186.948548645, 1.000245476,
2186.968980199, 1.000308016,
2186.989411653, 1.000181886,
2187.009843308, 1.000156088,
2187.030274862, 1.000137882,
2187.050706316, 1.000186441,
2187.071137970, 1.000176660,
2187.112000977, 1.000255753,
2187.132432631, 1.000251830,
2187.152864184, 1.000288309,
2187.173295638, 1.000222749,
2187.275453504, 1.000166844,
2187.295885156, 1.000207466,
2187.316316609, 1.000200910,
2187.336748162, 1.000196792,
2187.357179815, 1.000199287,
2187.377611267, 1.000106906,
2187.398042820, 1.000112498,
2187.418474472, 1.000193097,
2187.438905924, 1.000193379,
2187.459337477, 1.000189226,
2187.500200581, 1.000225663,
2187.520632133, 1.000153531,
2187.541063785, 1.000172761,
2187.561495236, 1.000232217,
2187.581926888, 1.000136780,
2187.602358440, 1.000238429,
2187.622789891, 1.000175028,
2187.643221543, 1.000194024,
2187.684084545, 1.000242684,
2187.704516197, 1.000201131,
2187.724947748, 1.000100624,
2187.745379199, 1.000147384,
2187.765810850, 1.000198005,
2187.786242401, 1.000146696,
2187.806673951, 1.000223124,
2187.827105502, 1.000176917,
2187.847537053, 1.000113045,
2187.867968703, 1.000127585,
2187.888400154, 1.000213115,
2187.908831704, 1.000192228,
2187.929263354, 1.000183984,
2187.949694904, 1.000175126,
2187.970126355, 1.000140902,
2187.990558005, 1.000163261,
2188.010989555, 1.000193628,
2188.031421005, 1.000145870,
2188.051852654, 1.000147827,
2188.072284204, 1.000123459,
2188.092715654, 1.000146783,
2188.113147303, 1.000131838,
2188.133578853, 1.000183821,
2188.174441952, 1.000223118,
2188.194873401, 1.000179924,
2188.215305050, 1.000183080,
2188.235736599, 1.000266840,
2188.256168048, 1.000127583,
2188.276599697, 1.000191779,
2188.297031246, 1.000216384,
2188.337894344, 1.000300490,
2188.358325893, 1.000262943,
2188.378757441, 1.000260729,
2188.399188990, 1.000232339,
2188.419620538, 1.000195369,
2188.440052087, 1.000168986,
2188.480915183, 1.000163216,
2188.501346831, 1.000186078,
2188.521778379, 1.000176685,
2188.542209827, 1.000242371,
2188.562641475, 1.000140683,
2188.583073023, 1.000215390,
2188.603504471, 1.000241958,
2188.623936119, 1.000242849,
2188.664799114, 1.000312563,
2188.685230762, 1.000216653,
2188.705662309, 1.000230165,
2188.726093756, 1.000210448,
2188.746525404, 1.000317189,
2188.766956951, 1.000267679,
2188.787388598, 1.000271577,
2188.828251592, 1.000275767,
2188.848683139, 1.000280007,
2188.869114686, 1.000297535,
2188.889546233, 1.000354868,
2188.909977780, 1.000329171,
2188.930409326, 1.000289461,
2188.950840873, 1.000208715,
2188.971272520, 1.000336207,
2189.012135513, 1.000298884,
2189.032567159, 1.000380616,
2189.052998605, 1.000367333,
2189.093861798, 1.000243172,
2189.114293244, 1.000107413,
2189.134724890, 1.000163553,
2189.196019527, 1.000112618,
2189.216451073, 1.000257053,
2189.236882519, 1.000248884,
2189.257314165, 1.000197283,
2189.277745710, 1.000124086,
2189.298177256, 1.000213635,
2189.318608801, 1.000172490,
2189.339040347, 1.000295522,
2189.359471892, 1.000109963,
2189.379903437, 1.000182545,
2189.400334983, 1.000171479,
2189.420766628, 1.000215153,
2189.441198173, 1.000224770,
2189.461629618, 1.000193571,
2189.482061263, 1.000208113,
2189.502492808, 1.000195273,
2189.522924253, 1.000218935,
2189.543355897, 1.000230219,
2189.563787442, 1.000233700,
2189.584218887, 1.000213447,
2189.604650531, 1.000289922,
2189.625081976, 1.000303548,
2189.645513521, 1.000233894,
2189.665945165, 1.000294982,
2189.686376609, 1.000226857,
2189.706808254, 1.000233339,
2189.727239798, 1.000331212,
2189.747671242, 1.000144381,
2189.768102886, 1.000222034,
2189.808965975, 1.000271147,
2189.829397519, 1.000211008,
2189.849829063, 1.000231470,
2189.870260606, 1.000248533,
2189.890692150, 1.000198864,
2189.911123694, 1.000208945,
2189.931555238, 1.000271255,
2189.951986882, 1.000285061,
2189.972418325, 1.000168026,
2189.992849969, 1.000273218,
2190.013281512, 1.000263436,
2190.033712956, 1.000232895,
2190.054144599, 1.000296448,
2190.095007586, 1.000158596,
2190.115439229, 1.000272895,
2190.135870772, 1.000198012,
2190.156302215, 1.000249310,
2190.176733858, 1.000244428,
2190.197165401, 1.000250538,
2190.217596845, 1.000266187,
2190.238028487, 1.000248563,
2190.258459930, 1.000249923,
2190.278891573, 1.000218453,
2190.299323116, 1.000209604,
2190.319754559, 1.000142912,
2190.340186201, 1.000234914,
2190.360617744, 1.000250934,
2190.381049287, 1.000154133,
2190.401480829, 1.000304954,
2190.421912372, 1.000230712,
2190.442343914, 1.000121845,
2190.462775457, 1.000268901,
2190.483206999, 1.000166835,
2190.503638542, 1.000189487,
2190.544501626, 1.000347279,
2190.585364810, 1.000252866,
2190.605796253, 1.000291557,
2190.646659437, 1.000298538,
2190.667090879, 1.000360573,
2190.687522520, 1.000233783,
2190.707954062, 1.000368688,
2190.748817146, 1.000225378,
2190.769248688, 1.000182652,
2190.789680229, 1.000208258,
2190.830543313, 1.000191572,
2190.871406396, 1.000149910,
2190.891837937, 1.000265856,
2190.912269579, 1.000245974,
2190.932701020, 1.000230702,
2190.953132562, 1.000240383,
2190.973564203, 1.000266894,
2190.993995644, 1.000257002,
2191.014427185, 1.000203549,
2191.055290268, 1.000201246,
2191.075721809, 1.000287159,
2191.096153450, 1.000211979,
2191.137016532, 1.000237024,
2191.177879514, 1.000216531,
2191.198311155, 1.000161565,
2191.218742696, 1.000220570,
2191.239174137, 1.000230276,
2191.259605778, 1.000203069,
2191.280037318, 1.000240184,
2191.320900400, 1.000184944,
2191.382195022, 1.000349363,
2191.402626562, 1.000217391,
2191.423058203, 1.000208941,
2191.443489743, 1.000287111,
2191.484352824, 1.000283013,
2191.504784364, 1.000196449,
2191.525215805, 1.000332566,
2191.545647445, 1.000114358,
2191.566078985, 1.000176409,
2191.586510425, 1.000225240,
2191.627373506, 1.000188675,
2191.647805046, 1.000129170,
2191.668236686, 1.000217703,
2191.688668226, 1.000088727,
2191.709099766, 1.000124626,
2191.729531306, 1.000174451,
2191.749962746, 1.000118249,
2191.790825926, 1.000165992,
2191.811257366, 1.000204355,
2191.831689006, 1.000210415,
2191.852120546, 1.000136318,
2191.872552086, 1.000036580,
2191.892983625, 1.000095401,
2191.913415165, 1.000104019,
2191.933846805, 1.000147757,
2191.954278245, 1.000229214,
2191.974709784, 1.000116626,
2191.995141424, 1.000108434,
2192.036004403, 1.000070337,
2192.056436043, 1.000152225,
2192.076867582, 1.000146431,
2192.138162201, 1.000146743,
2192.158593640, 1.000094828,
2192.179025280, 1.000160153,
2192.219888458, 1.000153695,
2192.240319898, 1.000203278,
2192.260751437, 1.000170885,
2192.281183076, 1.000176402,
2192.301614516, 1.000204417,
2192.342477694, 1.000153498,
2192.362909134, 1.000191404,
2192.383340673, 1.000286254,
2192.403772212, 1.000182564,
2192.424203751, 1.000090837,
2192.444635290, 1.000231616,
2192.465066829, 1.000250924,
2192.485498368, 1.000199795,
2192.505930007, 1.000191890,
2192.526361546, 1.000268652,
2192.546792986, 1.000197656,
2192.567224625, 1.000212899,
2192.608087602, 1.000285529,
2192.628519241, 1.000175271,
2192.648950780, 1.000227046,
2192.669382219, 1.000348642,
2192.710245397, 1.000272305,
2192.730677036, 1.000164519,
2192.751108475, 1.000226766,
2192.771540014, 1.000219367,
2192.791971652, 1.000289348,
2192.812403091, 1.000201275,
2192.853266269, 1.000175049,
2192.873697708, 1.000236483,
2192.894129246, 1.000266666,
2192.914560885, 1.000177569,
2192.934992324, 1.000146207,
2192.955423862, 1.000338593,
2192.975855501, 1.000269105,
2192.996286940, 1.000279025,
2193.016718578, 1.000296159,
2193.057581656, 1.000256265,
2193.098444733, 1.000325225,
2193.118876172, 1.000231844,
2193.139307810, 1.000285000,
2193.159739349, 1.000242195,
2193.180170787, 1.000229928,
2193.200602426, 1.000198768,
2193.221033964, 1.000238037,
2193.241465603, 1.000287019,
2193.282328580, 1.000404065,
2193.302760218, 1.000311847,
2193.343623195, 1.000220134,
2193.364054834, 1.000271320,
2193.384486272, 1.000309519,
2193.404917811, 1.000397154,
2193.425349449, 1.000400560,
2193.445780888, 1.000314181,
2193.466212426, 1.000359373,
2193.486644064, 1.000390978,
2193.507075603, 1.000368940,
2193.527507141, 1.000353168,
2193.547938680, 1.000396316,
2193.588801756, 1.000368803,
2193.629664833, 1.000333553,
2193.650096471, 1.000376093,
2193.670527910, 1.000472062,
2193.690959448, 1.000482981,
2193.711391087, 1.000297907,
2193.731822525, 1.000345156,
2193.752254063, 1.000449035,
2193.772685602, 1.000383934,
2193.793117140, 1.000388251,
2193.833980217, 1.000366627,
2193.854411755, 1.000297004,
2193.874843393, 1.000484134,
2193.895274832, 1.000545578,
2193.915706370, 1.000485973,
2193.936138008, 1.000491936,
2193.956569447, 1.000405502,
2193.977000985, 1.000471424,
2193.997432623, 1.000450936,
2194.017864062, 1.000406735,
2194.038295700, 1.000479207,
2194.079158777, 1.000442232,
2194.099590315, 1.000352753,
2194.120021853, 1.000417610,
2194.140453392, 1.000418421,
2194.160885030, 1.000362075,
2194.181316468, 1.000417673,
2194.201748007, 1.000384231,
2194.263042622, 1.000431288,
2194.283474260, 1.000392883,
2194.303905698, 1.000414280,
2194.324337337, 1.000425053,
2194.344768875, 1.000401409,
2194.385631952, 1.000437784,
2194.446926567, 1.000439187,
2194.467358005, 1.000491662,
2194.487789544, 1.000600876,
2194.508221182, 1.000410827,
2194.569515797, 1.000387155,
2194.630810413, 1.000404703,
2194.651241951, 1.000431333,
2194.671673590, 1.000547723,
2194.712536567, 1.000450991,
2194.732968205, 1.000365695,
2194.753399644, 1.000470308,
2194.814694259, 1.000399054,
2194.835125898, 1.000356901,
2194.855557436, 1.000359727,
2194.875988875, 1.000518291,
2194.896420513, 1.000422631,
2194.916852052, 1.000405992,
2194.937283491, 1.000328610,
2194.957715129, 1.000365076,
2194.978146668, 1.000401625,
2194.998578206, 1.000362430,
2195.019009745, 1.000400019,
2195.080304361, 1.000435058,
2195.100735900, 1.000338475,
2195.121167438, 1.000474647,
2195.141598977, 1.000405477,
2195.162030516, 1.000334492,
2195.182462055, 1.000387143,
2195.202893593, 1.000348411,
2195.223325132, 1.000440938,
2195.264188210, 1.000480093,
2195.305051388, 1.000399599,
2195.325482826, 1.000365476,
2195.345914465, 1.000504595,
2195.366346004, 1.000380043,
2195.386777443, 1.000374122,
2195.407209082, 1.000452267,
2195.427640621, 1.000410335,
2195.448072060, 1.000392035,
2195.468503699, 1.000471615,
2195.488935238, 1.000476510,
2195.509366877, 1.000493648,
2195.550229855, 1.000421440,
2195.570661494, 1.000434264,
2195.591092934, 1.000325659,
2195.611524473, 1.000349400,
2195.631956112, 1.000391083,
2195.652387551, 1.000388406,
2195.672819090, 1.000424388,
2195.693250730, 1.000304115,
2195.713682269, 1.000306896,
2195.734113808, 1.000420206,
2195.754545347, 1.000408301,
2195.795408426, 1.000335599,
2195.836271405, 1.000404984,
2195.856703044, 1.000337259,
2195.877134584, 1.000385784,
2195.897566023, 1.000451920,
2195.917997663, 1.000472356,
2195.938429202, 1.000459640,
2195.958860842, 1.000411615,
2195.979292281, 1.000460993,
2195.999723821, 1.000416248,
2196.040586900, 1.000447941,
2196.081450079, 1.000459237,
2196.101881519, 1.000446760,
2196.122313059, 1.000433113,
2196.142744699, 1.000413658,
2196.163176139, 1.000479459,
2196.183607678, 1.000474357,
2196.204039318, 1.000350595,
2196.285765478, 1.000531127,
2196.306197018, 1.000461811,
2196.326628558, 1.000504119,
2196.367491738, 1.000424942,
2196.387923178, 1.000474348,
2196.408354719, 1.000390877,
2196.428786259, 1.000509505,
2196.449217799, 1.000453626,
2196.469649439, 1.000511317,
2196.530944060, 1.000532313,
2196.551375501, 1.000569020,
2196.571807041, 1.000467740,
2196.592238682, 1.000586562,
2196.612670122, 1.000442944,
2196.633101663, 1.000472676,
2196.653533303, 1.000505194,
2196.673964744, 1.000481143,
2196.714827925, 1.000510233,
2196.796554088, 1.000630890,
2196.816985629, 1.000585719,
2196.837417170, 1.000612838,
2196.857848711, 1.000615042,
2196.878280352, 1.000507124,
2196.898711793, 1.000583111,
2196.939574975, 1.000533862,
2196.960006416, 0.999769645,
2197.021301040, 1.000737870,
2197.041732681, 1.000552961,
2197.062164222, 1.000669929,
2197.082595664, 1.000542938,
2197.103027305, 1.000514490,
2197.123458847, 1.000500451,
2197.143890488, 1.000604507,
2197.205185013, 1.000652939,
2197.225616554, 1.000570002,
2197.266479638, 1.000561951,
2197.286911180, 1.000436475,
2197.307342722, 1.000502754,
2197.327774263, 1.000529241,
2197.348205805, 1.000636792,
2197.368637447, 1.000707805,
2197.389068989, 1.000732381,
2197.429932073, 1.000533278,
2197.450363616, 1.000636122,
2197.470795058, 1.000580958,
2197.593384512, 1.000693596,
2197.613815955, 1.000677480,
2197.634247497, 1.000635635,
2197.654679140, 1.000700537,
2197.675110582, 1.000542933,
2197.695542125, 1.000574558,
2197.756836754, 1.000587347,
2197.777268396, 1.000639601,
2197.797699839, 1.000568464,
2197.818131482, 1.000521163,
2197.838562925, 1.000619486,
2197.858994569, 1.000677958,
2197.879426112, 1.000602727,
2197.899857555, 1.000657280,
2197.920289098, 1.000676459,
2197.940720742, 1.000631546,
2197.961152285, 1.000789748,
2198.002015372, 1.000711014,
2198.022446915, 1.000717324,
2198.042878459, 1.000734930,
2198.063310002, 1.000716712,
2198.083741546, 1.000729654,
2198.104173190, 1.000701509,
2198.124604634, 1.000640314,
2198.145036178, 1.000634896,
2198.165467821, 1.000709486,
2198.185899265, 1.000685989,
2198.206330809, 1.000677728,
2198.247193898, 1.000685174,
2198.267625542, 1.000701498,
2198.288057086, 1.000748186,
2198.308488530, 1.000638873,
2198.328920175, 1.000684276,
2198.349351719, 1.000635622,
2198.369783263, 1.000681029,
2198.410646353, 1.000656153,
2198.431077897, 1.000764447,
2198.451509442, 1.000643601,
2198.492372531, 1.000730035,
2198.512804076, 1.000741371,
2198.533235621, 1.000754142,
2198.553667166, 1.000691201,
2198.574098711, 1.000768848,
2198.594530256, 1.000792830,
2198.614961902, 1.000713792,
2198.655824892, 1.000813209,
2198.676256538, 1.000700555,
2198.696687983, 1.000829642,
2198.737551174, 1.000716618,
2198.757982620, 1.000747383,
2198.778414265, 1.000708083,
2198.798845811, 1.000778334,
2198.819277257, 1.000774102,
2198.839708903, 1.000768919,
2198.860140449, 1.000755954,
2198.880571895, 1.000764434,
2198.901003541, 1.000780023,
2198.921435087, 1.000717427,
2198.941866733, 1.000783880,
2199.003161372, 1.000789951,
2199.023592918, 1.000711661,
2199.044024365, 1.000760393,
2199.064456011, 1.000821987,
2199.105319105, 1.000848438,
2199.125750652, 1.000804964,
2199.146182198, 1.000785649,
2199.166613745, 1.000797765,
2199.187045292, 1.000765707,
2199.227908386, 1.000711656,
2199.248339934, 1.000767117,
2199.268771381, 1.000869220,
2199.289203028, 1.000769761,
2199.309634576, 1.000818020,
2199.330066223, 1.000879144,
2199.350497671, 1.000872628,
2199.370929218, 1.000868307,
2199.391360866, 1.000854282,
2199.411792314, 1.000847547,
2199.432223862, 1.000815823,
2199.473086957, 1.000806754,
2199.493518506, 1.000946807,
2199.513950154, 1.000849987,
2199.534381602, 1.000875128,
2199.554813250, 1.000819686,
2199.575244798, 1.000874793,
2199.595676347, 1.000823059,
2199.616107895, 1.000911791,
2199.656970993, 1.001020601,
2199.718265639, 1.000887567,
2199.738697288, 1.000911094,
2199.759128737, 1.000899768,
2199.779560386, 1.000892362,
2199.799991935, 1.000890699,
2199.820423384, 1.000866511,
2199.840855034, 1.000874195,
2199.861286483, 1.000952714,
2199.881718033, 1.000828544,
2199.902149682, 1.000907010,
2199.922581132, 1.000784738,
2199.963444331, 1.000905496,
2199.983875781, 1.000963229,
2200.004307431, 1.000988013,
2200.024738981, 1.001015152,
2200.045170431, 1.000860724,
2200.065602081, 1.000948658,
2200.086033632, 1.000894503,
2200.106465182, 1.000838288,
2200.147328283, 1.000998522,
2200.167759934, 1.000886042,
2200.208622935, 1.000974054,
2200.229054586, 1.001003747,
2200.249486137, 1.000962559,
2200.269917588, 1.000825809,
2200.310780790, 1.000911987,
2200.331212241, 1.000959813,
2200.351643893, 1.000995088,
2200.392507095, 1.001026969,
2200.412938547, 1.000929642,
2200.453801751, 1.000883611,
2200.474233202, 1.000998091,
2200.494664754, 1.000948281,
2200.515096306, 1.000878768,
2200.535527858, 1.001071663,
2200.555959411, 1.001124832,
2200.576390963, 1.000944046,
2200.596822515, 1.001021250,
2200.617254168, 1.001055350,
2200.719411831, 1.000986422,
2200.739843484, 1.001025203,
2200.760274937, 1.001065987,
2200.780706491, 1.001113575,
2200.801138144, 1.001006272,
2200.821569697, 1.001114444,
2200.842001251, 1.001107456,
2200.862432804, 1.001084592,
2200.882864358, 1.001028889,
2200.903296011, 1.000975663,
2200.944159019, 1.001020265,
2200.964590673, 1.001084589,
2200.985022127, 1.001008992,
2201.005453781, 1.001086885,
2201.025885336, 1.001038794,
2201.046316790, 1.001111976,
2201.066748444, 1.001111591,
2201.087179999, 1.001087848,
2201.107611454, 1.001122049,
2201.128043108, 1.001147113,
2201.148474663, 1.001105441,
2201.189337773, 1.001174260,
2201.209769328, 1.001130753,
2201.230200883, 1.001157483,
2201.250632439, 1.001114647,
2201.271063994, 1.001149618,
2201.291495550, 1.001068291,
2201.332358661, 1.001084156,
2201.352790217, 1.001068107,
2201.373221772, 1.001219108,
2201.393653328, 1.001218212,
2201.434516441, 1.001176282,
2201.454948097, 1.001161641,
2201.475379653, 1.001153629,
2201.495811110, 1.001226070,
2201.516242766, 1.001209167,
2201.536674323, 1.001213798,
2201.557105780, 1.001191278,
2201.577537437, 1.001258883,
2201.597968994, 1.001199469,
2201.618400451, 1.001215956,
2201.659263665, 1.001122503,
2201.679695322, 1.001240807,
2201.720558338, 1.001223344,
2201.740989995, 1.001233711,
2201.761421453, 1.001229484,
2201.781853011, 1.001210612,
2201.843147785, 1.001273846,
2201.924873919, 1.001220236,
2201.945305478, 1.001199405,
2201.965737137, 1.001265055,
2201.986168695, 1.001176966,
2202.006600154, 1.001254801,
2202.027031814, 1.001223565,
2202.047463373, 1.001211511,
2202.067894932, 1.001187459,
2202.108758051, 1.001243075,
2202.129189711, 1.001201956,
2202.190484391, 1.001323657,
2202.210915851, 1.001386258,
2202.231347411, 1.001184561,
2202.251779071, 1.001300550,
2202.272210532, 1.001317755,
2202.292642192, 1.001166490,
2202.313073753, 1.001287458,
2202.333505214, 1.001323335,
2202.353936875, 1.001290391,
2202.374368436, 1.000761834,
2202.415231558, 1.001219881,
2202.435663119, 1.001255845,
2202.456094781, 1.001196999,
2202.476526242, 1.001292239,
2202.496957804, 1.001189386,
2202.517389366, 1.001225757,
2202.537820927, 1.001185765,
2202.558252489, 1.001223860,
2202.660410301, 1.001254977,
2202.680841964, 1.001239633,
2202.701273527, 1.001220581,
2202.721704989, 1.001235145,
2202.742136652, 1.001157611,
2202.762568216, 1.001248374,
2202.782999679, 1.001308285,
2202.823862906, 1.001265403,
2202.844294369, 1.001213919,
2202.864726033, 1.001241522,
2202.926020725, 1.001216342,
2202.946452289, 1.001200940,
2202.966883953, 1.001114826,
2202.987315418, 1.001171313,
2203.007746982, 1.001243202,
2203.028178647, 1.001159620,
2203.048610112, 1.001197250,
2203.069041777, 1.001220772,
2203.089473342, 1.001157950,
2203.109904907, 1.001175358,
2203.150768038, 1.001200088,
2203.171199603, 1.001153909,
2203.191631169, 1.001169437,
2203.212062735, 1.001053617,
2203.232494300, 1.001225859,
2203.252925866, 1.001037205,
2203.273357433, 1.001155590,
2203.293789099, 1.001098263,
2203.314220565, 1.001089372,
2203.334652132, 1.001118845,
2203.355083798, 1.001109008,
2203.395946832, 1.001156824,
2203.416378499, 1.001036713,
2203.436809966, 1.001146824,
2203.477673201, 1.001110273,
2203.498104668, 1.001104584,
2203.518536336, 1.001168851,
2203.538967903, 1.001093960,
2203.559399371, 1.001069623,
2203.579831039, 1.001113453,
2203.600262607, 1.001175901,
2203.641125744, 1.001114707,
2203.661557313, 1.001090838,
2203.681988981, 1.001141206,
2203.702420450, 1.001077586,
2203.722852019, 1.001157612,
2203.743283688, 1.001123395,
2203.763715257, 1.001136345,
2203.784146726, 1.001057910,
2203.804578396, 1.001064446,
2203.825009965, 1.001001297,
2203.906736245, 1.001097860,
2203.927167815, 1.001088422,
2203.947599285, 1.001026272,
2203.968030956, 1.001027253,
2203.988462526, 1.000999773,
2204.008893997, 1.001050559,
2204.029325668, 1.001049755,
2204.049757239, 1.001062638,
2204.070188710, 1.000999467,
2204.131483624, 1.000927117,
2204.151915096, 1.001042764,
2204.172346668, 1.001036383,
2204.192778339, 1.001029479,
2204.213209811, 1.000988001,
2204.233641384, 1.000993729,
2204.254073056, 1.000971077,
2204.274504628, 1.001069262,
2204.294936201, 1.001023522,
2204.315367774, 1.001034516,
2204.376662493, 1.000986752,
2204.397094066, 1.001063086,
2204.417525640, 1.001101482,
2204.437957213, 1.001101198,
2204.458388787, 1.001031677,
2204.478820461, 1.001008256,
2204.499251935, 1.000980849,
2204.519683609, 1.001072469,
2204.540115083, 1.000962885,
2204.560546657, 1.001028151,
2204.621841381, 1.000962110,
2204.642273056, 1.000902170,
2204.703567782, 1.000974162,
2204.744430933, 1.000975291,
2204.764862509, 1.000982976,
2204.785293985, 1.001007630,
2204.805725661, 1.001050085,
2204.826157237, 1.001070856,
2204.867020390, 1.001013353,
2204.887451967, 1.001100763,
2204.907883644, 1.001036264,
2204.928315221, 1.001008461,
2204.948746698, 1.000993149,
2204.969178375, 1.000950709,
2204.989609952, 1.000980349,
2205.010041430, 1.001064753,
2205.030473107, 1.000901512,
2205.050904685, 1.001032503,
2205.071336163, 1.001005790,
2205.112199420, 1.001012958,
2205.132631098, 1.001013525,
2205.153062577, 1.001030979,
2205.173494155, 1.001000000,
2205.193925734, 1.001231593,
2205.214357313, 1.001071838,
2205.234788892, 1.001173067,
2205.255220472, 1.001124067,
2205.275652051, 1.001074941,
2205.296083731, 1.001381278,
2205.316515210, 1.000928752,
2205.357378470, 1.001052474,
2205.377809951, 1.001112289,
2205.398241531, 1.001046974,
2205.418673211, 1.001133606,
2205.439104692, 1.001083814,
2205.459536273, 1.000970828,
2205.479967954, 1.001096132,
2205.500399535, 1.001060994,
2205.520831116, 1.001110200,
2205.541262698, 1.001141862,
2205.561694279, 1.001110235,
2205.622989025, 1.001117011,
2205.643420707, 1.001203216,
2205.663852189, 1.001139905,
2205.684283772, 1.001034522,
2205.704715454, 1.001087016,
2205.725146937, 1.001106751,
2205.745578620, 1.001055948,
2205.766010203, 1.001125856,
2205.786441686, 1.001127023,
2205.847736437, 1.001210576,
2205.868168121, 1.001162823,
2205.888599705, 1.001182515,
2205.909031289, 1.001135890,
2205.929462874, 1.001154422,
2205.949894358, 1.001129657,
2205.970326043, 1.001096008,
2205.990757628, 1.001157386,
2206.011189213, 1.001115999,
2206.031620798, 1.001129313,
2206.052052383, 1.001183143,
2206.113347140, 1.001024897,
2206.133778826, 1.001075728,
2206.154210412, 1.001201441,
2206.174641898, 1.001165991,
2206.195073585, 1.001052480,
2206.215505171, 1.001090205,
2206.235936658, 1.001097214,
2206.256368345, 1.001063571,
2206.276799932, 1.001041829,
2206.338094694, 1.001121097,
2206.358526382, 1.001042787,
2206.378957870, 1.001053730,
2206.399389458, 1.001134111,
2206.419821146, 1.001167923,
2206.440252635, 1.001106047,
2206.481115912, 1.001179180,
2206.501547401, 1.001099475,
2206.521979090, 1.001098433,
2206.542410679, 1.001158533,
2206.583273858, 1.001135633,
2206.603705348, 1.001138374,
2206.624136938, 1.001083066,
2206.644568628, 1.001046357,
2206.665000118, 1.001100633,
2206.685431708, 1.001065876,
2206.705863399, 1.001263577,
2206.726294989, 1.001103479,
2206.767158171, 1.001056661,
2206.787589763, 1.000490457,
2206.828452945, 1.000961764,
2206.848884537, 1.001059431,
2206.869316229, 1.001125755,
2206.889747721, 1.001062427,
2206.910179413, 1.001102605,
2206.930611006, 1.001068030,
2206.951042498, 1.001129604,
2206.991905784, 1.001004884,
2207.012337277, 1.001035832,
2207.032768970, 1.001063733,
2207.073632057, 1.001110519,
2207.094063751, 1.001099930,
2207.114495345, 1.001059305,
2207.134927039, 1.001096913,
2207.155358534, 1.000925058,
2207.175790128, 1.001105421,
2207.196221823, 1.001121200,
2207.216653318, 1.001045654,
2207.237084913, 1.000928870,
2207.277948203, 1.001038410,
2207.318811394, 1.001115184,
2207.339242890, 1.001005564,
2207.359674586, 1.001093063,
2207.380106182, 1.001033675,
2207.400537679, 1.001060867,
2207.420969375, 1.001012193,
2207.441400972, 1.001002227,
2207.461832469, 1.001057786,
2207.482264166, 1.001023585,
2207.502695764, 1.001052891,
2207.523127461, 1.000965944,
2207.563990557, 1.001015202,
2207.584422255, 1.001072908,
2207.604853753, 1.001030484,
2207.625285351, 1.001108641,
2207.645717050, 1.001091540,
2207.666148548, 1.001056064,
2207.686580147, 1.001024728,
2207.707011846, 1.001011011,
2207.727443346, 1.001084416,
2207.747875045, 1.001082947,
2207.768306645, 1.001055905,
2207.809169845, 1.001052044,
2207.829601445, 1.001010154,
2207.850033045, 1.001091505,
2207.870464646, 1.001098379,
2207.890896246, 1.001110929,
2207.911327847, 1.001128255,
2207.931759448, 1.001088912,
2207.952191050, 1.001122560,
2207.972622651, 1.001071174,
2207.993054253, 1.001046407,
2208.013485855, 1.001038992,
2208.054349059, 1.000981608,
2208.074780661, 1.001125779,
2208.095212364, 1.001024381,
2208.115643867, 1.001044802,
2208.136075570, 1.001041900,
2208.156507173, 1.001017122,
2208.176938676, 1.001036178,
2208.197370380, 1.000919623,
2208.217801983, 1.001031735,
2208.238233487, 1.001065338,
2208.258665191, 1.001087675,
2208.299528300, 1.001049953,
2208.319960004, 1.001109113,
2208.340391609, 1.001105547,
2208.360823314, 1.001079249,
2208.381254820, 1.001188152,
2208.401686425, 1.001138253,
2208.422118130, 1.001108572,
2208.442549636, 1.001145873,
2208.462981242, 1.001071667,
2208.483412948, 1.001135774,
2208.544707768, 1.001228076,
2208.565139375, 1.001057674,
2208.585570982, 1.001221052,
2208.606002589, 1.001147520,
2208.626434097, 1.001136266,
2208.646865805, 1.001131043,
2208.667297413, 1.001217294,
2208.687728921, 1.001170053,
2208.708160629, 1.001205816,
2208.728592237, 1.001185843,
2208.789887064, 1.001142251,
2208.810318773, 1.001122031,
2208.830750283, 1.001083138,
2208.851181892, 1.001107369,
2208.871613602, 1.001075233,
2208.892045112, 1.001114982,
2208.912476822, 1.001162568,
2208.932908433, 1.001128426,
2208.953339943, 1.001153139,
2208.973771654, 1.001139843,
2208.994203265, 1.001108907,
2209.035066488, 1.001221806,
2209.055498099, 1.001173682,
2209.075929711, 1.001226808,
2209.096361323, 1.001158344,
2209.116792936, 1.001094711,
2209.137224648, 1.001190282,
2209.157656261, 1.001131903,
2209.178087773, 1.001231859,
2209.198519486, 1.001190437,
2209.218951100, 1.001144529,
2209.239382613, 1.001259977,
2209.280245840, 1.001249199,
2209.300677554, 1.001071602,
2209.321109169, 1.001195767,
2209.341540683, 1.001193992,
2209.361972398, 1.001163229,
2209.382404012, 1.001205985,
2209.402835528, 1.001235990,
2209.423267243, 1.001214759,
2209.443698858, 1.001217621,
2209.464130374, 1.001243190,
2209.484562090, 1.001298818,
2209.525425422, 1.001143719,
2209.545856938, 1.001097206,
2209.566288555, 1.001114353,
2209.627583406, 1.001163225,
2209.648015124, 1.001295792,
2209.668446741, 1.001183110,
2209.688878359, 1.001277525,
2209.709309977, 1.001177716,
2209.729741596, 1.001167119,
2209.770604833, 1.001088714,
2209.791036452, 1.001159084,
2209.811468171, 1.001233226,
2209.831899690, 1.001079945,
2209.852331310, 1.001224363,
2209.872762930, 1.001225195,
2209.893194550, 1.001122986,
2209.913626270, 1.001189860,
2209.934057790, 1.001162715,
2209.954489411, 1.001151507,
2209.974921132, 1.001159454,
2210.015784274, 1.001080212,
2210.036215995, 1.001169818,
2210.056647517, 1.001122680,
2210.077079239, 1.001156443,
2210.097510861, 1.001196955,
2210.117942383, 1.001181373,
2210.138374106, 1.001112222,
2210.158805728, 1.001139666,
2210.179237351, 1.001074769,
2210.199668974, 1.001143036,
2210.220100598, 1.001161188,
2210.260963845, 1.001174087,
2210.281395469, 1.001159222,
2210.301827193, 1.001148570,
2210.322258718, 1.001108847,
2210.342690342, 1.001101697,
2210.363122067, 1.001046945,
2210.383553692, 1.001163419,
2210.403985218, 1.001142910,
2210.424416943, 1.001082926,
2210.444848569, 1.001106394,
2210.485711821, 1.001179205,
2210.506143447, 1.001114796,
2210.547006701, 1.001030038,
2210.567438328, 1.001093078,
2210.587870055, 1.001009649,
2210.608301582, 1.001149700,
2210.628733210, 1.001125392,
2210.649164838, 1.001121710,
2210.669596466, 1.001087887,
2210.751323081, 1.001094628,
2210.771754610, 1.001123713,
2210.792186239, 1.001150768,
2210.812617969, 1.001142486,
2210.833049599, 1.001090021,
2210.853481229, 1.001091184,
2210.873912859, 1.001158138,
2210.894344490, 1.001081420,
2210.935207752, 1.001149965,
2210.996502646, 1.001059862,
2211.016934278, 1.001063186,
2211.037366010, 1.001139602,
2211.057797542, 1.001027136,
2211.078229275, 1.001082984,
2211.098660908, 1.001138941,
2211.119092441, 1.001067940,
2211.139524174, 1.001067539,
2211.159955807, 1.001083242,
2211.180387341, 1.001070417,
2211.200819075, 1.001066457,
2211.241682343, 1.001093647,
2211.262113978, 1.001066836,
2211.282545513, 1.001037105,
2211.302977248, 1.001029098,
2211.323408883, 1.001055468,
2211.343840419, 1.001044378,
2211.364272154, 1.001060947,
2211.384703790, 1.001024028,
2211.405135426, 1.001037688,
2211.425567063, 1.000948128,
2211.445998700, 1.001011201,
2211.486861973, 1.001022648,
2211.507293610, 1.000995939,
2211.527725348, 1.000958270,
2211.548156986, 1.001111346,
2211.568588524, 1.001090507,
2211.589020262, 1.001041302,
2211.609451900, 1.001020618,
2211.629883539, 1.000996925,
2211.650315178, 1.000971965,
2211.670746817, 1.001055634,
2211.691178557, 1.001019875,
2211.732041736, 1.001038065,
2211.752473476, 1.001119385,
2211.772905017, 1.001061905,
2211.793336657, 1.001038227,
2211.813768398, 1.001135187,
2211.834199939, 1.001042430,
2211.854631680, 1.001055927,
2211.875063322, 1.001022211,
2211.895494864, 1.000971106,
2211.915926606, 1.001079532,
2211.936358148, 1.001005569,
2211.997653076, 1.001255613,
2212.018084819, 1.001006882,
2212.038516462, 1.001049625,
2212.058948106, 1.001039083,
2212.099811394, 1.001055439,
2212.120243038, 1.001034637,
2212.140674683, 1.001092929,
2212.161106328, 1.001012373,
2212.201969718, 1.000954659,
2212.222401264, 1.001019420,
2212.242833009, 1.001128907,
2212.283696202, 1.001115255,
2212.304127948, 1.001043249,
2212.324559595, 1.001062924,
2212.344991142, 1.001094122,
2212.365422889, 1.000961506,
2212.385854536, 1.001037609,
2212.406286284, 1.001061240,
2212.426717832, 1.000989824,
2212.467581229, 1.001062892,
2212.488012777, 1.001086333,
2212.508444426, 1.001061474,
2212.528876176, 1.001097761,
2212.549307725, 1.001075619,
2212.569739375, 1.001081610,
2212.590171024, 1.001094789,
2212.631034425, 1.000992211,
2212.651465976, 1.001055483,
2212.671897626, 1.000908049,
2212.712761029, 1.001057344,
2212.733192580, 1.001177178,
2212.753624332, 1.001134441,
2212.774055984, 1.001071625,
2212.794487537, 1.001177113,
2212.814919289, 1.001142031,
2212.855782695, 1.001101963,
2212.876214248, 1.001007077,
2212.896645902, 1.001176440,
2212.917077656, 1.000988839,
2212.957940864, 1.001060283,
2212.978372619, 1.000997326,
2212.998804174, 1.001125586,
2213.019235929, 1.001025622,
2213.039667584, 1.001023151,
2213.060099140, 1.001036685,
2213.080530895, 1.001138095,
2213.100962551, 1.001096226,
2213.121394108, 1.001062108,
2213.141825864, 1.001091128,
2213.162257521, 1.001028748,
2213.203120836, 1.001064147,
2213.223552493, 1.001107671,
2213.243984151, 1.001127104,
2213.264415809, 1.001027675,
