BJD - 2454833, Corrected Flux
2146.452693840, 0.997916077,
2146.473126139, 0.997927716,
2146.513990437, 0.997842173,
2146.534422734, 0.997941995,
2146.554854831, 0.997862254,
2146.575287028, 0.997844972,
2146.595719324, 0.997926623,
2146.616151420, 0.997863841,
2146.636583615, 0.997777980,
2146.657015809, 0.997726792,
2146.677448003, 0.998049024,
2146.697880296, 0.997909749,
2146.718312390, 0.998054689,
2146.738744582, 0.997904824,
2146.779609065, 0.997859956,
2146.820473446, 0.997902097,
2146.840905636, 0.997799072,
2146.861337725, 0.997751409,
2146.881770014, 0.997891777,
2146.902202203, 0.997781948,
2146.922634290, 0.997882896,
2146.943066577, 0.997731775,
2146.963498764, 0.997886552,
2146.983930850, 0.997910635,
2147.004363136, 0.997875634,
2147.024795321, 0.997726461,
2147.045227406, 0.997701843,
2147.086091873, 0.997759494,
2147.106524057, 0.997772927,
2147.126956239, 0.997688382,
2147.147388421, 0.997813805,
2147.167820702, 0.997817086,
2147.188252784, 0.997734485,
2147.208684964, 0.997757027,
2147.229117244, 0.997767065,
2147.249549424, 0.997793452,
2147.269981502, 0.997849178,
2147.310845959, 0.997740456,
2147.331278036, 0.997780419,
2147.372142390, 0.997746092,
2147.392574565, 0.997695010,
2147.413006841, 0.997679838,
2147.433438915, 0.997724581,
2147.453871090, 0.997717443,
2147.494735437, 0.997720599,
2147.515167609, 0.997655951,
2147.535599882, 0.997637762,
2147.556031953, 0.997612331,
2147.576464124, 0.997577166,
2147.596896395, 0.997736637,
2147.617328565, 0.997701247,
2147.637760635, 0.997735500,
2147.658192904, 0.997682650,
2147.678625073, 0.997595316,
2147.699057241, 0.997667574,
2147.719489409, 0.997647952,
2147.739921576, 0.997596217,
2147.760353842, 0.997624754,
2147.780785908, 0.997875049,
2147.801218073, 0.997732235,
2147.821650339, 0.997693897,
2147.842082403, 0.997534362,
2147.862514567, 0.997640518,
2147.882946830, 0.997553013,
2147.903378894, 0.997536234,
2147.923811056, 0.997633817,
2147.944243318, 0.997655470,
2147.985107541, 0.997567194,
2148.005539801, 0.997507248,
2148.025971861, 0.997697136,
2148.066836279, 0.997678857,
2148.087268437, 0.997626133,
2148.107700495, 0.997630623,
2148.128132753, 0.997574705,
2148.148564809, 0.997711714,
2148.168996966, 0.997683525,
2148.189429222, 0.997614897,
2148.209861277, 0.997650930,
2148.230293432, 0.997604665,
2148.250725686, 0.997653883,
2148.271157740, 0.997749230,
2148.291589993, 0.997605054,
2148.312022146, 0.997656955,
2148.332454198, 0.997927437,
2148.352886450, 0.997742959,
2148.373318601, 0.997688527,
2148.393750652, 0.997457790,
2148.475479350, 0.997503763,
2148.495911498, 0.997714880,
2148.516343646, 0.997748804,
2148.536775793, 0.997691313,
2148.557207940, 0.997634866,
2148.577640086, 0.997620299,
2148.598072331, 0.997716980,
2148.618504376, 0.997615130,
2148.638936521, 0.997645976,
2148.659368765, 0.997687433,
2148.679800809, 0.997835247,
2148.700232952, 0.997560301,
2148.720665195, 0.997677160,
2148.741097237, 0.997758638,
2148.761529379, 0.997533643,
2148.781961620, 0.997565140,
2148.802393660, 0.997678986,
2148.822825800, 0.997634826,
2148.843258040, 0.997674971,
2148.863690079, 0.997624200,
2148.884122318, 0.997770461,
2148.904554355, 0.997762910,
2148.924986493, 0.997667314,
2148.945418730, 0.997723609,
2148.965850767, 0.997619524,
2148.986282903, 0.997642309,
2149.006715138, 0.997631043,
2149.027147273, 0.997712242,
2149.047579308, 0.997808973,
2149.068011542, 0.997767707,
2149.088443676, 0.997584128,
2149.108875708, 0.997630157,
2149.129307941, 0.997697486,
2149.149740073, 0.997702761,
2149.170172105, 0.997633895,
2149.211036466, 0.997721093,
2149.231468496, 0.997705118,
2149.251900726, 0.997725880,
2149.272332855, 0.997705311,
2149.333629239, 0.997752222,
2149.354061366, 0.997572507,
2149.374493493, 0.997683624,
2149.456221994, 0.997811170,
2149.476654217, 0.997771839,
2149.497086341, 0.997728123,
2149.517518364, 0.997677960,
2149.537950587, 0.997789355,
2149.558382709, 0.997745774,
2149.578814730, 0.997701247,
2149.599246951, 0.997665280,
2149.619678972, 0.997672680,
2149.640111092, 0.997645818,
2149.680975330, 0.997672861,
2149.701407449, 0.997704230,
2149.742271685, 0.997590433,
2149.762703802, 0.997721404,
2149.783136018, 0.997741508,
2149.803568034, 0.997760284,
2149.824000150, 0.997618659,
2149.844432365, 0.997664366,
2149.864864479, 0.997869313,
2149.905728707, 0.997829905,
2149.946592832, 0.997840908,
2149.967025045, 0.997682506,
2149.987457156, 0.997870348,
2150.007889167, 0.997713513,
2150.028321378, 0.997711665,
2150.048753488, 0.997826866,
2150.069185698, 0.997743820,
2150.089617707, 0.997708791,
2150.110049815, 0.997765598,
2150.130482023, 0.997737610,
2150.171346138, 0.997783744,
2150.191778345, 0.997715600,
2150.212210351, 0.997737287,
2150.232642457, 0.997641543,
2150.253074662, 0.997711683,
2150.273506766, 0.997625315,
2150.293938771, 0.997779356,
2150.314370975, 0.997803122,
2150.334803077, 0.997704622,
2150.355235080, 0.997814543,
2150.396099284, 0.997706421,
2150.416531385, 0.997904930,
2150.436963586, 0.997610595,
2150.457395586, 0.997735707,
2150.477827686, 0.997709888,
2150.498259885, 0.997738248,
2150.518691884, 0.997835041,
2150.539123982, 0.997777034,
2150.559556180, 0.997764381,
2150.579988177, 0.997748127,
2150.600420274, 0.997675276,
2150.620852471, 0.997727433,
2150.682148756, 0.997848567,
2150.702580851, 0.997878780,
2150.723012944, 0.997809219,
2150.743445038, 0.997659482,
2150.763877131, 0.997667948,
2150.784309323, 0.997874473,
2150.804741315, 0.997815316,
2150.825173406, 0.997779837,
2150.845605597, 0.997823261,
2150.866037588, 0.997714957,
2150.886469678, 0.997698002,
2150.906901867, 0.997777412,
2150.927333856, 0.997679438,
2150.947765945, 0.997828799,
2150.968198133, 0.997843313,
2150.988630120, 0.997741697,
2151.009062207, 0.997658063,
2151.029494294, 0.997883637,
2151.049926380, 0.997777141,
2151.070358465, 0.997904453,
2151.090790650, 0.997824894,
2151.111222635, 0.997729296,
2151.131654719, 0.997674297,
2151.152086903, 0.997688098,
2151.172518886, 0.997989786,
2151.192950968, 0.997792580,
2151.213383150, 0.997665416,
2151.233815132, 0.997810756,
2151.254247313, 0.997761080,
2151.274679394, 0.997851895,
2151.295111374, 0.997752102,
2151.315543554, 0.997724828,
2151.335975633, 0.997635550,
2151.356407612, 0.997895608,
2151.376839790, 0.997875271,
2151.397271868, 0.997883951,
2151.417703846, 0.997861920,
2151.438136022, 0.997745237,
2151.458568098, 0.997864947,
2151.479000074, 0.997654647,
2151.499432250, 0.997864587,
2151.519864325, 0.997747310,
2151.540296399, 0.997772593,
2151.560728473, 0.997779060,
2151.581160546, 0.997848541,
2151.601592619, 0.997702894,
2151.622024792, 0.997874774,
2151.642456764, 0.997819709,
2151.662888835, 0.997878626,
2151.683321007, 0.997858505,
2151.724185047, 0.997808106,
2151.744617217, 0.997911621,
2151.785481254, 0.997848995,
2151.805913422, 0.997981686,
2151.826345390, 0.997953778,
2151.846777457, 0.997956018,
2151.867209524, 0.998342365,
2151.908073756, 0.997849249,
2151.928505721, 0.997870978,
2151.948937786, 0.997839095,
2151.969369950, 0.997777587,
2151.989802014, 0.997894904,
2152.010233977, 0.997993430,
2152.030666140, 0.998021562,
2152.051098203, 0.997905655,
2152.071530165, 0.997836963,
2152.091962326, 0.997775856,
2152.112394387, 0.997931904,
2152.132826348, 0.997926808,
2152.153258508, 0.997897310,
2152.173690567, 0.997742047,
2152.194122526, 0.997889818,
2152.214554685, 0.998044186,
2152.234986743, 0.997874734,
2152.255418700, 0.997883986,
2152.275850858, 0.998046368,
2152.296282914, 0.997818796,
2152.316714870, 0.998015524,
2152.337147026, 0.997903135,
2152.357579082, 0.997967688,
2152.378011136, 0.998043403,
2152.398443191, 0.997858690,
2152.418875244, 0.998002492,
2152.439307298, 0.997847918,
2152.459739450, 0.997967044,
2152.480171403, 0.997966282,
2152.500603555, 0.997947993,
2152.541467557, 0.998035878,
2152.561899708, 0.997955379,
2152.582331758, 0.997869027,
2152.623195856, 0.997977577,
2152.643627805, 0.997898229,
2152.664059853, 0.997770666,
2152.684492001, 0.997908068,
2152.704923948, 0.997934547,
2152.725355995, 0.997896827,
2152.766220087, 0.998019476,
2152.786652132, 0.997849392,
2152.807084277, 0.997944148,
2152.827516321, 0.997993319,
2152.847948265, 0.997905424,
2152.868380408, 0.997962008,
2152.888812451, 0.997946628,
2152.909244394, 0.998028617,
2152.929676535, 0.997847849,
2152.950108577, 0.997968786,
2152.970540518, 0.997975402,
2152.990972659, 0.997910135,
2153.011404699, 0.997871776,
2153.031836638, 0.998019342,
2153.052268778, 0.997920630,
2153.093132955, 0.997982040,
2153.113564892, 0.997935818,
2153.133996930, 0.997953585,
2153.154429066, 0.997956567,
2153.174861003, 0.997932572,
2153.195293039, 0.997908623,
2153.215725174, 0.998045970,
2153.236157109, 0.997957852,
2153.256589143, 0.998085283,
2153.297453311, 0.997825827,
2153.317885244, 0.997787177,
2153.379181341, 0.997982369,
2153.399613472, 0.997895089,
2153.420045403, 0.997994435,
2153.440477433, 0.998062996,
2153.460909563, 0.998033892,
2153.481341492, 0.997938861,
2153.501773521, 0.997947934,
2153.522205649, 0.997921214,
2153.542637577, 0.998051454,
2153.563069605, 0.997840747,
2153.583501732, 0.997912201,
2153.603933658, 0.997888352,
2153.624365684, 0.998006163,
2153.644797810, 0.997888132,
2153.665229835, 0.997807113,
2153.685661860, 0.997920255,
2153.706093884, 0.997873255,
2153.726525908, 0.997873397,
2153.746957931, 0.997985463,
2153.767389954, 0.997896840,
2153.787821976, 0.997992921,
2153.808254098, 0.997877694,
2153.828686019, 0.997884559,
2153.889982081, 0.997874980,
2153.910414101, 0.997910443,
2153.930846220, 0.997923325,
2153.951278138, 0.997869415,
2153.971710157, 0.998000089,
2153.992142274, 0.997862774,
2154.012574191, 0.997959508,
2154.033006209, 0.997864044,
2154.053438225, 0.997939408,
2154.073870241, 0.997900426,
2154.094302256, 0.997923524,
2154.114734271, 0.997808891,
2154.135166285, 0.997789062,
2154.155598300, 0.997849226,
2154.176030313, 0.997885136,
2154.196462326, 0.997856610,
2154.216894339, 0.997847513,
2154.237326452, 0.997994025,
2154.257758363, 0.997896703,
2154.278190474, 0.997863844,
2154.298622485, 0.997960935,
2154.319054396, 0.997958234,
2154.339486505, 0.997956188,
2154.359918515, 0.997977923,
2154.380350424, 0.997831152,
2154.400782532, 0.997905076,
2154.421214541, 0.997898405,
2154.441646448, 0.997917219,
2154.462078556, 0.997924439,
2154.482510562, 0.997949660,
2154.502942569, 0.997850298,
2154.523374574, 0.997909796,
2154.543806580, 0.997894986,
2154.564238585, 0.997876394,
2154.584670589, 0.998023947,
2154.605102593, 0.997873439,
2154.625534597, 0.997839993,
2154.645966699, 0.997980894,
2154.666398602, 0.997860652,
2154.707262706, 0.997945079,
2154.727694607, 0.997910892,
2154.748126608, 0.997814812,
2154.768558609, 0.997921079,
2154.788990608, 0.997899236,
2154.809422708, 0.997831338,
2154.829854607, 0.997850206,
2154.850286605, 0.997932682,
2154.870718703, 0.997919094,
2154.891150601, 0.997878129,
2154.911582598, 0.997970667,
2154.932014695, 0.997875663,
2154.952446591, 0.997881482,
2154.993310682, 0.998095245,
2155.013742577, 0.997992451,
2155.054606666, 0.997969687,
2155.075038659, 0.997964354,
2155.095470552, 0.997926805,
2155.115902645, 0.998002903,
2155.136334637, 0.997919359,
2155.156766529, 0.997945266,
2155.177198620, 0.998018066,
2155.197630611, 0.998024416,
2155.218062501, 0.997968899,
2155.238494591, 0.998030396,
2155.258926581, 0.998144385,
2155.279358470, 0.997982555,
2155.299790558, 0.998015537,
2155.340654534, 0.998025967,
2155.361086522, 0.998019127,
2155.381518508, 0.998087068,
2155.401950595, 0.998035552,
2155.422382481, 0.997988792,
2155.442814466, 0.998024932,
2155.463246551, 0.998015468,
2155.483678435, 0.997929920,
2155.504110419, 0.997914743,
2155.524542403, 0.998054658,
2155.544974386, 0.998053901,
2155.565406369, 0.998019594,
2155.585838451, 0.998047408,
2155.606270333, 0.998040088,
2155.626702315, 0.997994894,
2155.647134396, 0.998097431,
2155.667566276, 0.997949281,
2155.687998256, 0.998055645,
2155.708430336, 0.998108316,
2155.728862215, 0.997979686,
2155.749294193, 0.998072140,
2155.769726272, 0.998010658,
2155.790158150, 0.998355909,
2155.851454081, 0.998090779,
2155.871886056, 0.998115977,
2155.892318132, 0.998012816,
2155.912750108, 0.998034190,
2155.933181982, 0.998040274,
2155.953614056, 0.998087858,
2155.974046030, 0.998037011,
2155.994478004, 0.998042519,
2156.014909977, 0.998048541,
2156.035341949, 0.998076292,
2156.055774021, 0.998028466,
2156.076205893, 0.998014673,
2156.096637864, 0.997896172,
2156.117069935, 0.998071327,
2156.137501805, 0.998059062,
2156.157933775, 0.997980411,
2156.178365844, 0.997922795,
2156.198797713, 0.998098436,
2156.239661750, 0.998072675,
2156.260093618, 0.998053105,
2156.280525585, 0.997865027,
2156.300957552, 0.998110901,
2156.321389518, 0.998126226,
2156.403117379, 0.998103819,
2156.423549443, 0.998073217,
2156.443981307, 0.998027291,
2156.464413270, 0.997998871,
2156.484845333, 0.998007597,
2156.505277195, 0.998081928,
2156.525709157, 0.998029125,
2156.546141219, 0.998068671,
2156.566573079, 0.998028749,
2156.587005140, 0.998023259,
2156.607437100, 0.998004184,
2156.627868960, 0.998030596,
2156.648301020, 0.997924431,
2156.668732978, 0.997909653,
2156.689164837, 0.997953932,
2156.709596895, 0.997975346,
2156.730028852, 0.997867293,
2156.750460810, 0.997988553,
2156.770892766, 0.998058876,
2156.791324723, 0.997932745,
2156.811756678, 0.998057350,
2156.832188634, 0.998006579,
2156.852620588, 0.997900193,
2156.873052543, 0.997904773,
2156.893484597, 0.997941983,
2156.913916451, 0.998094045,
2156.934348404, 0.998093712,
2156.954780457, 0.997974294,
2156.975212309, 0.997871225,
2156.995644261, 0.997973644,
2157.016076212, 0.997971504,
2157.036508164, 0.998013931,
2157.056940114, 0.997885053,
2157.077372064, 0.997894264,
2157.097804014, 0.998106388,
2157.118235963, 0.997940765,
2157.138667912, 0.997859025,
2157.159099860, 0.998055435,
2157.179531909, 0.997969583,
2157.199963756, 0.998049461,
2157.261259696, 0.998020778,
2157.302123587, 0.998013693,
2157.322555532, 0.997991282,
2157.342987377, 0.997955135,
2157.383851365, 0.997994288,
2157.404283208, 0.997998660,
2157.424715251, 0.998054765,
2157.445147193, 0.998038934,
2157.465579035, 0.997898419,
2157.486011077, 0.998072383,
2157.506443018, 0.998120356,
2157.526874859, 0.998196054,
2157.547306899, 0.998226319,
2157.567738839, 0.998151254,
2157.608602717, 0.998173926,
2157.629034655, 0.998074092,
2157.649466594, 0.998300696,
2157.669898531, 0.998072414,
2157.690330469, 0.998084871,
2157.710762405, 0.998098784,
2157.731194342, 0.998008206,
2157.751626278, 0.998140387,
2157.812922083, 0.998000624,
2157.833354117, 0.997980391,
2157.853785951, 0.998043751,
2157.874217884, 0.998128429,
2157.894649917, 0.998129918,
2157.915081750, 0.998019500,
2157.935513682, 0.998048863,
2157.955945714, 0.998025367,
2157.976377545, 0.998065493,
2157.996809476, 0.997944374,
2158.017241507, 0.998086620,
2158.037673337, 0.998071512,
2158.058105266, 0.997935153,
2158.078537295, 0.998093555,
2158.098969224, 0.997970982,
2158.119401052, 0.997987647,
2158.139833080, 0.997935368,
2158.160265008, 0.998210681,
2158.180696835, 0.998200307,
2158.201128862, 0.998034814,
2158.221560788, 0.998059430,
2158.241992613, 0.998078116,
2158.262424639, 0.998009742,
2158.282856564, 0.998048257,
2158.303288388, 0.998055140,
2158.323720412, 0.998333560,
2158.344152336, 0.998077420,
2158.364584359, 0.997956582,
2158.385016182, 0.998120343,
2158.405448104, 0.998159225,
2158.425880127, 0.998179423,
2158.446311948, 0.998217517,
2158.466743869, 0.998188607,
2158.487175890, 0.998142732,
2158.507607710, 0.998243174,
2158.528039630, 0.998165983,
2158.548471550, 0.998230916,
2158.568903469, 0.998189240,
2158.589335387, 0.998145095,
2158.609767405, 0.998191407,
2158.630199223, 0.998139036,
2158.650631141, 0.998157197,
2158.671063157, 0.998285704,
2158.691494974, 0.998103706,
2158.773222636, 0.997898130,
2158.793654650, 0.998207742,
2158.814086464, 0.998165379,
2158.834518378, 0.998270486,
2158.854950391, 0.998104865,
2158.875382204, 0.998306135,
2158.895814217, 0.998219278,
2158.916246129, 0.998248696,
2158.936678040, 0.998076324,
2158.957109951, 0.998091841,
2158.977541862, 0.998293775,
2158.997973772, 0.998255584,
2159.018405682, 0.998132731,
2159.038837591, 0.998220978,
2159.059269500, 0.998142619,
2159.079701509, 0.998201873,
2159.100133317, 0.998219640,
2159.140997232, 0.998180062,
2159.161429039, 0.998205098,
2159.181860946, 0.998185335,
2159.202292952, 0.998150034,
2159.222724758, 0.998256225,
2159.243156663, 0.998167822,
2159.263588568, 0.998214433,
2159.284020472, 0.998166439,
2159.304452376, 0.998296852,
2159.324884280, 0.998296986,
2159.345316184, 0.998227721,
2159.365748086, 0.998294320,
2159.386179989, 0.998163087,
2159.406611891, 0.998092260,
2159.427043792, 0.998187662,
2159.508771495, 0.998217304,
2159.529203294, 0.998190747,
2159.549635294, 0.998249769,
2159.570067192, 0.998246340,
2159.590498991, 0.998280990,
2159.631362886, 0.998368624,
2159.651794683, 0.998127376,
2159.672226680, 0.998224238,
2159.692658576, 0.998319378,
2159.713090372, 0.998175878,
2159.753954262, 0.998122298,
2159.774386157, 0.998175581,
2159.794818052, 0.998191012,
2159.835681839, 0.998204223,
2159.856113732, 0.998078693,
2159.876545624, 0.998170687,
2159.896977516, 0.998138993,
2159.917409508, 0.998216658,
2159.937841300, 0.998149420,
2159.958273191, 0.998170073,
2159.978705081, 0.998050203,
2159.999136972, 0.998192909,
2160.019568761, 0.998068341,
2160.040000751, 0.998129937,
2160.060432640, 0.998319632,
2160.080864628, 0.998119780,
2160.101296416, 0.998224832,
2160.121728304, 0.998168230,
2160.142160291, 0.998095682,
2160.162592079, 0.998080872,
2160.183023965, 0.998277171,
2160.203455951, 0.998077026,
2160.223887737, 0.998130871,
2160.244319622, 0.998153040,
2160.264751607, 0.998226253,
2160.285183492, 0.998085289,
2160.305615276, 0.998043208,
2160.326047259, 0.998066831,
2160.346479143, 0.998117900,
2160.366910926, 0.998076748,
2160.387342908, 0.998176196,
2160.407774790, 0.998038783,
2160.428206572, 0.998027512,
2160.448638553, 0.998001969,
2160.469070435, 0.998156620,
2160.489502215, 0.997977213,
2160.509934195, 0.998115476,
2160.530366075, 0.998030676,
2160.550797854, 0.998136376,
2160.571229833, 0.998123266,
2160.591661711, 0.998097740,
2160.612093590, 0.998114057,
2160.632525467, 0.998014679,
2160.652957345, 0.998174114,
2160.673389321, 0.998115660,
2160.734684950, 0.998012772,
2160.755116726, 0.998176594,
2160.775548600, 0.998139059,
2160.795980475, 0.998182196,
2160.816412349, 0.998182433,
2160.836844223, 0.998192834,
2160.857276196, 0.998086603,
2160.877707969, 0.998231173,
2160.898139842, 0.998164779,
2160.918571814, 0.998099200,
2160.939003585, 0.998096537,
2160.959435457, 0.998221211,
2160.979867428, 0.998286813,
2161.000299198, 0.998182305,
2161.020731069, 0.998022957,
2161.041163039, 0.998166887,
2161.061594808, 0.998110201,
2161.082026677, 0.998296506,
2161.102458646, 0.998214417,
2161.143322281, 0.998257768,
2161.163754249, 0.998200306,
2161.184186116, 0.998215968,
2161.204617882, 0.998229288,
2161.225049849, 0.998176824,
2161.245481715, 0.998211017,
2161.265913480, 0.998176774,
2161.286345445, 0.997985125,
2161.306777310, 0.998231857,
2161.327209274, 0.998222310,
2161.368072901, 0.998248278,
2161.388504865, 0.998238845,
2161.408936627, 0.998187431,
2161.470232213, 0.998339522,
2161.490664074, 0.998252493,
2161.511095935, 0.998327393,
2161.531527795, 0.998358478,
2161.551959655, 0.998411834,
2161.572391515, 0.998372118,
2161.592823374, 0.998274923,
2161.613255233, 0.998216640,
2161.633687091, 0.998256420,
2161.654118949, 0.998224917,
2161.674550807, 0.998170724,
2161.735846378, 0.998313399,
2161.756278334, 0.998408405,
2161.776710089, 0.998284538,
2161.797141945, 0.998260725,
2161.817573900, 0.998321288,
2161.838005654, 0.998390844,
2161.858437608, 0.998382125,
2161.878869462, 0.998403779,
2161.899301215, 0.998347058,
2161.919733169, 0.998403990,
2161.940165021, 0.998277080,
2161.960596873, 0.998273238,
2161.981028725, 0.998426209,
2162.001460577, 0.998462575,
2162.042324278, 0.998303716,
2162.062756129, 0.998365406,
2162.083187979, 0.998248456,
2162.103619828, 0.998301478,
2162.124051677, 0.998300496,
2162.144483526, 0.998393136,
2162.164915474, 0.998239454,
2162.205779070, 0.998375289,
2162.226210917, 0.998349996,
2162.246642764, 0.998456155,
2162.267074511, 0.998290530,
2162.287506457, 0.998461911,
2162.307938302, 0.998371007,
2162.328370048, 0.998368766,
2162.348801993, 0.998401686,
2162.369233837, 0.998383967,
2162.389665681, 0.998277889,
2162.410097525, 0.998375885,
2162.430529369, 0.998493235,
2162.450961312, 0.998447801,
2162.471393054, 0.998429013,
2162.491824896, 0.998324876,
2162.512256839, 0.998396518,
2162.532688680, 0.998396322,
2162.553120421, 0.998465866,
2162.573552362, 0.998365414,
2162.593984202, 0.998406828,
2162.614415942, 0.998305114,
2162.634847882, 0.998400500,
2162.655279721, 0.998500911,
2162.696143398, 0.998335051,
2162.716575237, 0.998354648,
2162.737006974, 0.998346707,
2162.757438912, 0.998426760,
2162.777870749, 0.998387709,
2162.798302585, 0.998391617,
2162.818734421, 0.998390693,
2162.839166257, 0.998448787,
2162.859598093, 0.998293106,
2162.880029928, 0.998373211,
2162.900461762, 0.998413634,
2162.920893597, 0.998337686,
2162.941325431, 0.998359604,
2162.961757264, 0.998438315,
2162.982189098, 0.998366155,
2163.002620930, 0.998555693,
2163.023052763, 0.998617920,
2163.043484695, 0.998482831,
2163.063916427, 0.998435979,
2163.084348258, 0.998523285,
2163.104780189, 0.998556055,
2163.186507409, 0.998326580,
2163.206939238, 0.998425940,
2163.227371167, 0.998419171,
2163.247802895, 0.998448716,
2163.268234723, 0.998464486,
2163.288666651, 0.998511005,
2163.309098378, 0.998374269,
2163.329530205, 0.998662734,
2163.349962132, 0.998421061,
2163.370393958, 0.998571819,
2163.390825683, 0.998425524,
2163.411257609, 0.998458417,
2163.431689434, 0.998486689,
2163.452121158, 0.998505651,
2163.472553083, 0.998518663,
2163.492984906, 0.998481630,
2163.513416630, 0.998447716,
2163.533848553, 0.998643574,
2163.554280376, 0.998479443,
2163.574712298, 0.998454664,
2163.595144021, 0.998702031,
2163.615575842, 0.998516274,
2163.717734945, 0.998637422,
2163.738166765, 0.998590267,
2163.758598584, 0.998654470,
2163.779030402, 0.998698959,
2163.799462221, 0.998620091,
2163.819894039, 0.998673180,
2163.840325856, 0.998567891,
2163.860757674, 0.998638239,
2163.881189591, 0.998652149,
2163.922053123, 0.998465725,
2163.942485039, 0.998570187,
2163.962916755, 0.998490558,
2163.983348569, 0.998498528,
2164.003780484, 0.998638491,
2164.024212199, 0.998619749,
2164.044644013, 0.998763814,
2164.065075926, 0.998588835,
2164.085507640, 0.998642132,
2164.105939453, 0.998721939,
2164.126371365, 0.998733437,
2164.146803077, 0.998577734,
2164.167234989, 0.998548958,
2164.187666800, 0.998644653,
2164.228530422, 0.998522449,
2164.248962233, 0.998641425,
2164.269394043, 0.998524582,
2164.289825952, 0.998611808,
2164.310257662, 0.998709448,
2164.330689470, 0.998758738,
2164.351121379, 0.998664545,
2164.412416703, 0.998705484,
2164.432848510, 0.998774795,
2164.453280316, 0.998517874,
2164.473712123, 0.998656405,
2164.494143929, 0.998735615,
2164.514575635, 0.998771485,
2164.535007540, 0.998584989,
2164.555439345, 0.998780705,
2164.575871149, 0.998666975,
2164.596302954, 0.998551044,
2164.616734758, 0.998781293,
2164.637166561, 0.998578349,
2164.657598364, 0.998672695,
2164.678030167, 0.998745834,
2164.718893871, 0.998721943,
2164.739325573, 0.998778956,
2164.759757475, 0.998716164,
2164.780189276, 0.998742545,
2164.800620976, 0.998766139,
2164.821052877, 0.998726601,
2164.902780074, 0.998775266,
2164.923211773, 0.998845863,
2164.943643671, 0.998830478,
2164.964075469, 0.998824961,
2164.984507166, 0.998685296,
2165.004939064, 0.998822872,
2165.025370860, 0.998908175,
2165.045802657, 0.998733802,
2165.066234453, 0.998855103,
2165.086666248, 0.998893430,
2165.107098044, 0.998944241,
2165.127529839, 0.999021188,
2165.147961633, 0.998732547,
2165.168393428, 0.998879194,
2165.188825322, 0.998791905,
2165.209257015, 0.998831560,
2165.229688908, 0.998850497,
2165.250120601, 0.998954024,
2165.270552394, 0.998837410,
2165.290984286, 0.998868115,
2165.331847770, 0.998823193,
2165.393143142, 0.998935145,
2165.413575032, 0.999019988,
2165.434006721, 0.998852679,
2165.454438511, 0.998843797,
2165.474870400, 0.998888549,
2165.495302089, 0.998973186,
2165.515733877, 0.998880507,
2165.536165765, 0.998947352,
2165.556597553, 0.999014823,
2165.577029240, 0.998806212,
2165.597461127, 0.998923343,
2165.638324600, 0.998866850,
2165.658756486, 0.998922825,
2165.679188271, 0.998949803,
2165.699619956, 0.998951358,
2165.720051841, 0.999023219,
2165.740483626, 0.998953726,
2165.760915510, 0.998979649,
2165.781347194, 0.998889365,
2165.801778977, 0.999116979,
2165.822210860, 0.999017518,
2165.842642543, 0.999127393,
2165.883506108, 0.999009380,
2165.903937890, 0.998936417,
2165.924369671, 0.999075986,
2165.944801452, 0.998828279,
2165.965233233, 0.999079213,
2165.985665013, 0.999065542,
2166.006096793, 0.999009965,
2166.046960352, 0.999091749,
2166.067392231, 0.999071993,
2166.087823910, 0.998992925,
2166.108255688, 0.999008068,
2166.128687566, 0.999139054,
2166.149119244, 0.999018349,
2166.169551021, 0.998966667,
2166.189982898, 0.998997572,
2166.210414575, 0.999023166,
2166.230846351, 0.999028427,
2166.251278227, 0.998903757,
2166.271709903, 0.999035806,
2166.292141778, 0.998933975,
2166.312573553, 0.999112559,
2166.333005227, 0.999082352,
2166.373868875, 0.999147267,
2166.394300649, 0.999146606,
2166.414732422, 0.999106574,
2166.435164195, 0.998841694,
2166.455595968, 0.999072762,
2166.476027740, 0.999015540,
2166.496459512, 0.999188502,
2166.516891283, 0.999025481,
2166.537323155, 0.999187155,
2166.557754826, 0.999145594,
2166.578186596, 0.999272252,
2166.598618466, 0.999160366,
2166.619050136, 0.999063880,
2166.639481906, 0.999083756,
2166.659913675, 0.999049028,
2166.680345444, 0.999120908,
2166.700777212, 0.999136302,
2166.721208980, 0.999106705,
2166.741640748, 0.999133510,
2166.762072515, 0.999086513,
2166.782504283, 0.999140236,
2166.802936050, 0.999036985,
2166.864231348, 0.999104418,
2166.884663214, 0.999238116,
2166.925526643, 0.999064498,
2166.945958508, 0.999102367,
2166.966390272, 0.999215162,
2166.986821936, 0.999263417,
2167.007253799, 0.999295944,
2167.048117225, 0.999104451,
2167.109412512, 0.999182381,
2167.129844373, 0.999272909,
2167.150276135, 0.999190207,
2167.170707796, 0.999116244,
2167.191139656, 0.999223845,
2167.211571416, 0.999225148,
2167.232003176, 0.999238009,
2167.252434936, 0.999158062,
2167.272866695, 0.999276670,
2167.293298454, 0.999185345,
2167.354593828, 0.999074936,
2167.375025486, 0.999100773,
2167.395457243, 0.999043819,
2167.415889100, 0.999130101,
2167.436320756, 0.999397440,
2167.456752513, 0.999317649,
2167.497616024, 0.999106847,
2167.538479634, 0.999144454,
2167.558911289, 0.999269714,
2167.620206551, 0.999359582,
2167.640638304, 0.999427330,
2167.661070157, 0.999324863,
2167.681501810, 0.999354733,
2167.701933562, 0.999387141,
2167.722365414, 0.999355504,
2167.742797166, 0.999398742,
2167.763228817, 0.999397670,
2167.783660668, 0.999254484,
2167.804092419, 0.999429150,
2167.844955919, 0.999168547,
2167.865387669, 0.999369035,
2167.885819518, 0.999458438,
2167.906251168, 0.999307344,
2167.926682916, 0.999404766,
2167.947114765, 0.999512150,
2167.967546413, 0.999539427,
2167.987978160, 0.999403327,
2168.008410008, 0.999524829,
2168.028841655, 0.999356640,
2168.049273402, 0.999403992,
2168.090136895, 0.999432997,
2168.110568641, 0.999421341,
2168.131000386, 0.999690554,
2168.151432132, 0.999482345,
2168.171863876, 0.999383578,
2168.192295621, 0.999469657,
2168.212727365, 0.999612442,
2168.233159109, 0.999585174,
2168.253590953, 0.999441746,
2168.294454339, 0.999468367,
2168.335318024, 0.999384613,
2168.355749766, 0.999524849,
2168.376181608, 0.999382361,
2168.396613349, 0.999491939,
2168.417045190, 0.999495224,
2168.437476831, 0.999421974,
2168.457908572, 0.999500988,
2168.478340412, 0.999459595,
2168.519203791, 0.999362262,
2168.539635630, 0.999309834,
2168.580499008, 0.999566184,
2168.600930846, 0.999580053,
2168.621362584, 0.999556905,
2168.641794222, 0.999471352,
2168.662226059, 0.999532142,
2168.682657796, 0.999513279,
2168.703089433, 0.999425980,
2168.723521269, 0.999511041,
2168.743953005, 0.999461572,
2168.764384641, 0.999380363,
2168.784816476, 0.999445071,
2168.825679846, 0.999714002,
2168.846111681, 0.999554044,
2168.866543315, 0.999679830,
2168.886975049, 0.999667579,
2168.907406882, 0.999543283,
2168.927838516, 0.999666847,
2168.968702081, 0.999640150,
2168.989133714, 0.999470664,
2169.009565546, 0.999483281,
2169.029997277, 0.999577863,
2169.070860740, 0.999689021,
2169.091292471, 0.999621060,
2169.111724201, 0.999639115,
2169.132155931, 0.999666041,
2169.152587661, 0.999548708,
2169.173019391, 0.999757051,
2169.193451220, 0.999579006,
2169.213882849, 0.999559562,
2169.234314577, 0.999478702,
2169.254746406, 0.999553790,
2169.275178034, 0.999543802,
2169.316041589, 0.999596977,
2169.336473216, 0.999672106,
2169.356904943, 0.999699874,
2169.377336769, 0.999573993,
2169.397768395, 0.999670952,
2169.418200221, 0.999625287,
2169.438631947, 0.999551855,
2169.459063672, 0.999671240,
2169.479495397, 0.999671635,
2169.499927021, 0.999576985,
2169.520358846, 0.999756079,
2169.561222294, 0.999692953,
2169.602085740, 0.999754680,
2169.622517463, 0.999605963,
2169.642949086, 0.999614169,
2169.663380908, 0.999616248,
2169.683812630, 0.999564373,
2169.704244251, 0.999637187,
2169.724676072, 0.999563871,
2169.745107793, 0.999656287,
2169.765539414, 0.999628191,
2169.806402955, 0.999839174,
2169.826834574, 0.999737380,
2169.847266394, 0.999694162,
2169.867698113, 0.999640035,
2169.888129932, 0.999621949,
2169.908561551, 0.999615525,
2169.949425087, 0.999788788,
2169.969856705, 0.999646422,
2169.990288422, 1.000318399,
2170.010720239, 0.999631964,
2170.051583572, 0.999710149,
2170.072015388, 0.999707986,
2170.092447104, 0.999777822,
2170.112878720, 0.999792837,
2170.153742250, 0.999909381,
2170.174173865, 0.999690060,
2170.194605679, 0.999773969,
2170.215037393, 0.999774160,
2170.235469007, 0.999670701,
2170.255900821, 0.999958184,
2170.296764147, 0.999835765,
2170.317195960, 0.999861250,
2170.337627572, 0.999923869,
2170.358059284, 0.999782130,
2170.378491096, 0.999824064,
2170.398922807, 0.999830493,
2170.419354518, 0.999761531,
2170.439786229, 0.999911958,
2170.460217940, 0.999771520,
2170.480649650, 0.999930368,
2170.521513070, 0.999954621,
2170.562376488, 0.999901865,
2170.582808197, 0.999920410,
2170.603240006, 0.999940353,
2170.623671614, 0.999905328,
2170.644103322, 0.999874198,
2170.664535129, 1.000017619,
2170.684966737, 0.999961807,
2170.725830251, 0.999939927,
2170.746261857, 0.999591648,
2170.787125369, 1.000081847,
2170.807556975, 1.000044981,
2170.827988680, 1.000007579,
2170.848420485, 0.999880451,
2170.868852190, 1.000043951,
2170.889283894, 1.000121104,
2170.909715599, 0.999974959,
2170.930147302, 1.000010431,
2170.950579006, 1.000002364,
2170.971010709, 1.000087553,
2171.052737420, 1.000011170,
2171.073169222, 1.000140798,
2171.093600923, 0.999953369,
2171.114032524, 0.999982726,
2171.134464325, 1.000077439,
2171.154896026, 1.000000234,
2171.175327626, 1.000022613,
2171.195759427, 1.000031096,
2171.216191126, 0.999997192,
2171.236622826, 0.999983722,
2171.277486224, 1.000009489,
2171.297917923, 0.999985646,
2171.318349622, 1.000051493,
2171.338781320, 1.000018173,
2171.359213118, 1.000062782,
2171.379644815, 0.999994419,
2171.400076412, 1.000014271,
2171.420508210, 1.000067994,
2171.440939906, 1.000238940,
2171.481803299, 1.000190184,
2171.522666590, 1.000066615,
2171.543098386, 0.999992928,
2171.563530081, 0.999946743,
2171.583961676, 1.000055488,
2171.604393470, 1.000013548,
2171.624825164, 1.000045623,
2171.645256758, 1.000082760,
2171.665688552, 1.000042268,
2171.686120245, 1.000014438,
2171.747415324, 1.000181610,
2171.767846916, 1.000225415,
2171.788278708, 1.000217320,
2171.808710399, 1.000240543,
2171.849573782, 1.000207398,
2171.870005473, 1.000232650,
2171.890437164, 1.000277364,
2171.910868854, 1.000145421,
2171.951732334, 1.000191086,
2171.972163923, 1.000127128,
2172.013027401, 1.000082418,
2172.033458990, 1.000261298,
2172.053890678, 1.000253595,
2172.074322466, 1.000270298,
2172.094754054, 1.000129108,
2172.115185742, 1.000245222,
2172.135617529, 1.000269822,
2172.156049116, 1.000295904,
2172.176480803, 1.000386714,
2172.196912589, 1.000251216,
2172.258207647, 1.000189060,
2172.278639332, 1.000088662,
2172.299071017, 1.000101592,
2172.319502702, 1.000209933,
2172.339934387, 1.000111852,
2172.360366071, 1.000142367,
2172.380797755, 1.000207134,
2172.401229439, 1.000219325,
2172.421661122, 1.000140607,
2172.442092805, 1.000301361,
2172.462524488, 1.000259295,
2172.482956171, 1.000143323,
2172.503387853, 1.000198871,
2172.523819435, 1.000242191,
2172.544251217, 1.000040019,
2172.564682899, 1.000174448,
2172.585114580, 1.000250572,
2172.605546261, 1.000117659,
2172.625977942, 1.000186111,
2172.646409622, 1.000050571,
2172.666841303, 1.000207616,
2172.687272982, 1.000170744,
2172.748568021, 1.000371330,
2172.768999800, 1.000439268,
2172.789431478, 1.000312422,
2172.809863057, 1.000220283,
2172.830294835, 1.000222716,
2172.850726512, 1.000305004,
2172.871158090, 1.000392736,
2172.891589867, 1.000298740,
2172.912021544, 1.000359739,
2172.932453121, 1.000386394,
2172.952884898, 1.000286612,
2172.973316574, 1.000186438,
2172.993748150, 1.000478908,
2173.034611601, 1.000324523,
2173.055043276, 1.000272432,
2173.075474951, 1.000358776,
2173.095906626, 1.000316264,
2173.116338300, 1.000459839,
2173.157201648, 1.000418938,
2173.177633321, 1.000479128,
2173.198064995, 1.000221149,
2173.238928441, 1.000336355,
2173.259360013, 1.000431085,
2173.279791686, 1.000380610,
2173.300223457, 1.000299731,
2173.320655029, 1.000404935,
2173.341086701, 1.000370888,
2173.361518472, 1.000320373,
2173.381950043, 1.000406775,
2173.402381714, 1.000421608,
2173.422813484, 1.000379471,
2173.443245054, 1.000468373,
2173.484108494, 1.000244000,
2173.504540063, 1.000375884,
2173.524971733, 1.000172106,
2173.545403502, 1.000385028,
2173.565835070, 1.000450758,
2173.586266838, 1.000450651,
2173.627130175, 1.000349942,
2173.647561842, 1.000594001,
2173.667993509, 1.000372381,
2173.688425177, 1.000542614,
2173.729288510, 1.000452532,
2173.749720176, 1.000463465,
2173.770151942, 1.000400959,
2173.790583508, 1.000633024,
2173.851878504, 1.000380685,
2173.872310169, 1.000403538,
2173.892741834, 1.000378235,
2173.913173498, 1.000454725,
2173.933605062, 1.000441824,
2173.954036826, 1.000438148,
2173.974468489, 1.000466371,
2173.994900252, 1.000468060,
2174.015331815, 1.000539514,
2174.035763478, 1.000453939,
2174.056195241, 1.000555537,
2174.076626903, 1.000513534,
2174.097058465, 1.000525047,
2174.117490227, 1.000573582,
2174.137921888, 1.000516894,
2174.158353450, 1.000624372,
2174.178785211, 1.000525569,
2174.219648432, 1.000702118,
2174.240080192, 1.000650385,
2174.260511852, 1.000522701,
2174.301375172, 1.000628961,
2174.321806831, 1.000542180,
2174.342238390, 1.000588191,
2174.362670149, 1.000480479,
2174.383101807, 1.000538959,
2174.403533365, 1.000517878,
2174.423965124, 1.000395223,
2174.464828539, 1.000548697,
2174.485260096, 1.000653658,
2174.505691753, 1.000661354,
2174.526123410, 1.000649565,
2174.546555166, 1.000684754,
2174.566986723, 1.000612138,
2174.587418379, 1.000661228,
2174.607850035, 1.000707062,
2174.628281690, 1.000555393,
2174.648713446, 1.000473390,
2174.669145001, 1.000574513,
2174.689576655, 1.000566730,
2174.710008410, 1.000686211,
2174.730439964, 1.000641924,
2174.750871619, 1.000560985,
2174.771303372, 1.000765622,
2174.791734926, 1.000724801,
2174.812166579, 1.000677378,
2174.832598332, 1.000578257,
2174.853029885, 1.000619289,
2174.873461638, 1.000685115,
2174.893893291, 1.000694270,
2174.914324943, 1.000534071,
2174.955188246, 1.000630001,
2174.975619898, 1.000754988,
2174.996051549, 1.000631799,
2175.016483200, 1.000778056,
2175.036914851, 1.000750992,
2175.057346601, 1.000676820,
2175.077778151, 1.000602749,
2175.098209801, 1.000695450,
2175.118641551, 1.000736803,
2175.139073100, 1.000740316,
2175.200368048, 1.000739460,
2175.220799696, 1.000662331,
2175.241231445, 1.000683865,
2175.261662992, 1.000724043,
2175.282094740, 1.000752702,
2175.302526388, 1.000802235,
2175.322957935, 1.000744521,
2175.343389683, 1.000888780,
2175.363821229, 1.000787580,
2175.384252876, 1.000786941,
2175.404684623, 1.000781450,
2175.465979560, 1.000898530,
2175.486411206, 1.000778856,
2175.506842751, 1.000762975,
2175.527274496, 1.000804971,
2175.547706141, 1.000870480,
2175.568137685, 1.000895865,
2175.588569430, 1.000773963,
2175.609001074, 1.000745782,
2175.670296005, 1.000700233,
2175.690727748, 1.000788985,
2175.731590934, 1.000888764,
2175.752022676, 1.000936660,
2175.792885860, 1.001031463,
2175.813317602, 1.000909766,
2175.833749144, 1.001017854,
2175.854180785, 1.000947131,
2175.874612526, 1.000829722,
2175.895044167, 1.000935500,
2175.915475707, 1.000861184,
2175.935907448, 1.000975293,
2175.976770628, 1.000821275,
2175.997202367, 1.000932230,
2176.038065546, 1.001019437,
2176.058497285, 1.001005266,
2176.078928924, 1.000949268,
2176.099360563, 1.000984342,
2176.119792201, 1.001128750,
2176.181087114, 1.000902837,
2176.201518652, 1.001026826,
2176.221950389, 1.001064663,
2176.242382026, 1.001076213,
2176.262813563, 1.001060227,
2176.283245299, 1.000996393,
2176.303676935, 1.000929842,
2176.324108571, 1.001192960,
2176.344540207, 1.001156433,
2176.385403478, 1.001136382,
2176.426266749, 1.000979635,
2176.446698383, 1.001259298,
2176.467130118, 1.001220467,
2176.487561652, 1.001117060,
2176.507993386, 1.001086724,
2176.528425020, 1.001154250,
2176.548856554, 1.001109489,
2176.569288287, 1.001092235,
2176.589719920, 1.001149035,
2176.610151453, 1.001095752,
2176.630583186, 1.001080276,
2176.671446350, 1.001110774,
2176.691878083, 1.001132785,
2176.753172978, 1.001142253,
2176.773604509, 1.001066878,
2176.794036140, 1.001116669,
2176.814467870, 1.001066280,
2176.834899501, 1.001092563,
2176.855331031, 1.001193105,
2176.875762761, 1.001085235,
2176.896194391, 1.001011493,
2176.916626021, 1.001043175,
2176.937057650, 1.001097948,
2176.957489279, 1.000950639,
2176.998352537, 1.001171627,
2177.018784166, 1.001091761,
2177.039215894, 1.001248722,
2177.059647422, 1.001033492,
2177.100510778, 1.001286578,
2177.161805660, 1.001208147,
2177.182237187, 1.000994668,
2177.202668813, 1.001218402,
2177.223100540, 1.001277426,
2177.243532066, 1.001165734,
2177.263963692, 1.001217470,
2177.284395418, 1.001234348,
2177.304827043, 1.001063904,
2177.325258668, 1.001262781,
2177.345690293, 1.001118294,
2177.366121918, 1.001151501,
2177.406985168, 1.002215781,
2177.427416792, 1.001250175,
2177.447848516, 1.001237047,
2177.468280040, 1.001159176,
2177.488711663, 1.001261618,
2177.509143287, 1.001188196,
2177.529574910, 1.001278513,
2177.550006433, 1.001308326,
2177.570438156, 1.001271573,
2177.611301301, 1.001292037,
2177.672596267, 1.001278356,
2177.693027888, 1.001103556,
2177.713459510, 1.001178225,
2177.733891231, 1.001257157,
2177.754322752, 1.001154663,
2177.774754372, 1.001234123,
2177.795186093, 1.001354659,
2177.815617713, 1.001282083,
2177.836049233, 1.001320733,
2177.897344093, 1.001348073,
2177.917775812, 1.001356590,
2177.938207431, 1.001397861,
2177.979070669, 1.001412834,
2178.019933805, 1.001195130,
2178.040365523, 1.001362343,
2178.060797141, 1.001336408,
2178.081228659, 1.001411158,
2178.101660376, 1.001340745,
2178.122091994, 1.001296595,
2178.142523610, 1.001414158,
2178.162955227, 1.001230074,
2178.183386844, 1.001368906,
2178.203818460, 1.001402591,
2178.224250077, 1.001356691,
2178.244681693, 1.001311607,
2178.265113308, 1.001436299,
2178.285544924, 1.001492023,
2178.305976540, 1.001578608,
2178.326408155, 1.001511696,
2178.346839770, 1.001530325,
2178.367271384, 1.001572837,
2178.387703099, 1.001425516,
2178.408134614, 1.001449637,
2178.428566228, 1.001527683,
2178.448997942, 1.001510001,
2178.489861069, 1.001533515,
2178.510292783, 1.001346095,
2178.530724296, 1.001544409,
2178.551156009, 1.001597049,
2178.571587622, 1.001396569,
2178.632882459, 1.001470868,
2178.653314071, 1.001499178,
2178.673745683, 1.001521021,
2178.694177295, 1.001924055,
2178.714608906, 1.001427426,
2178.735040518, 1.001541548,
2178.755472128, 1.001541630,
2178.775903739, 1.001523680,
2178.796335450, 1.001618806,
2178.837198571, 1.001498043,
2178.857630281, 1.001570498,
2178.878061791, 1.001494047,
2178.898493501, 1.001584517,
2178.918925010, 1.001594217,
2178.939356619, 1.001617740,
2178.959788329, 1.001653758,
2178.980219837, 1.001729012,
2179.000651446, 1.001601970,
2179.041514663, 1.001614128,
2179.061946271, 1.001624297,
2179.123241095, 1.001623138,
2179.143672802, 1.001608164,
2179.164104309, 1.001708892,
2179.184535916, 1.001513485,
2179.204967623, 1.001625418,
2179.225399230, 1.001537907,
2179.245830736, 1.001666805,
2179.266262442, 1.001647428,
2179.286694049, 1.001762776,
2179.307125755, 1.001664730,
2179.327557260, 1.001488051,
2179.368420571, 1.001656277,
2179.409283681, 1.001596140,
2179.429715386, 1.001633820,
2179.450146891, 1.001472142,
2179.470578495, 1.001634548,
2179.491010199, 1.001719330,
2179.511441703, 1.001614062,
2179.531873307, 1.001749966,
2179.552305011, 1.001656715,
2179.572736514, 1.001782437,
2179.593168117, 1.001764449,
2179.613599820, 1.001652144,
2179.634031323, 1.001725879,
2179.654463026, 1.001722793,
2179.674894629, 1.001701395,
2179.695326131, 1.001671737,
2179.715757833, 1.001508719,
2179.736189435, 1.001616130,
2179.756620937, 1.001770848,
2179.777052639, 1.001503894,
2179.858779043, 1.001638445,
2179.879210544, 1.001746182,
2179.899642245, 1.001746944,
2179.920073845, 1.001761745,
2179.940505345, 1.002331160,
2179.960937045, 1.001840447,
2179.981368645, 1.001775623,
2180.001800345, 1.001692132,
2180.022231844, 1.001794908,
2180.042663443, 1.001669613,
2180.103958240, 1.001710446,
2180.124389939, 1.001748915,
2180.144821537, 1.001681026,
2180.165253035, 1.001711282,
2180.185684733, 1.001712120,
2180.206116331, 1.001833765,
2180.226547829, 1.001906121,
2180.246979526, 1.001789630,
2180.267411124, 1.001864957,
2180.287842621, 1.001728779,
2180.308274318, 1.001747865,
2180.349137411, 1.001787098,
2180.369569108, 1.001647513,
2180.390000604, 1.001802089,
2180.410432300, 1.001842123,
2180.430863896, 1.001712540,
2180.451295392, 1.001798290,
2180.471727087, 1.001572106,
2180.492158683, 1.001722695,
2180.512590278, 1.001776623,
2180.533021873, 1.001746480,
2180.553453468, 1.001861083,
2180.573885062, 1.001706142,
2180.614748251, 1.001745647,
2180.635179845, 1.001682238,
2180.655611540, 1.001798817,
2180.676043034, 1.001671029,
2180.696474627, 1.001842532,
2180.716906321, 1.001805355,
2180.737337814, 1.001751624,
2180.757769507, 1.001973302,
2180.778201100, 1.001857295,
2180.798632593, 1.001747966,
2180.819064285, 1.001817063,
2180.839495878, 1.001923261,
2180.859927370, 1.001803654,
2180.880359063, 1.001845065,
2180.900790654, 1.001853433,
2180.921222146, 1.001678440,
2180.941653838, 1.001748504,
2180.962085429, 1.001930152,
2180.982517021, 1.001844980,
2181.002948612, 1.001904375,
2181.023380203, 1.001944997,
2181.043811794, 1.001836059,
2181.064243384, 1.001711595,
2181.084674975, 1.002016412,
2181.105106565, 1.001814025,
2181.125538155, 1.001834670,
2181.145969745, 1.001673193,
2181.166401335, 1.001839458,
2181.186832925, 1.001860610,
2181.207264514, 1.001779502,
2181.227696203, 1.002038173,
2181.268559282, 1.001815802,
2181.329854048, 1.002194251,
2181.370717224, 1.001885870,
2181.391148812, 1.001962161,
2181.411580500, 1.002105390,
2181.432011988, 1.001954206,
2181.452443575, 1.001843529,
2181.472875263, 1.001996098,
2181.493306850, 1.002036455,
2181.513738437, 1.001960116,
2181.534170024, 1.001721269,
2181.554601610, 1.002039486,
2181.575033197, 1.002021924,
2181.595464783, 1.002026399,
2181.615896369, 1.001893272,
2181.636327956, 1.001946533,
2181.656759542, 1.001913468,
2181.677191127, 1.002017907,
2181.697622813, 1.002068326,
2181.718054298, 1.001991980,
2181.738485883, 1.002034009,
2181.758917469, 1.001874184,
2181.779349054, 1.001846686,
2181.820212223, 1.001968972,
2181.840643808, 1.001914270,
2181.861075492, 1.001991854,
2181.881506976, 1.001995512,
2181.901938560, 1.001960365,
2181.922370244, 1.001998022,
2181.942801728, 1.001905384,
2181.963233311, 1.002096343,
2181.983664995, 1.001975307,
2182.004096478, 1.002181771,
2182.024528061, 1.002048497,
2182.044959744, 1.002145994,
2182.065391327, 1.002037461,
2182.085822809, 1.002027578,
2182.106254492, 1.002012139,
2182.126686074, 1.001988379,
2182.147117557, 1.002036543,
2182.167549239, 1.001847127,
2182.187980820, 1.001947512,
2182.208412502, 1.001903173,
2182.228843984, 1.001911603,
2182.249275565, 1.002018423,
2182.269707246, 1.002030420,
2182.290138727, 1.001997175,
2182.310570309, 1.002067968,
2182.331001989, 1.001994178,
2182.351433470, 1.001911726,
2182.371865051, 1.002015784,
2182.412728211, 1.001947499,
2182.433159791, 1.001971128,
2182.453591371, 1.002053393,
2182.474022951, 1.001993156,
2182.494454530, 1.002030325,
2182.514886210, 1.002036428,
2182.535317689, 1.002066649,
2182.555749368, 1.001997861,
2182.596612426, 1.001991573,
2182.617044105, 1.002055756,
2182.637475684, 1.002052802,
2182.657907162, 1.002012706,
2182.678338840, 1.002066326,
2182.698770419, 1.002127803,
2182.719201896, 1.002124673,
2182.739633574, 1.001801332,
2182.800928307, 1.002017409,
2182.821359884, 1.002089666,
2182.841791361, 1.002052221,
2182.862223039, 1.002054770,
2182.882654615, 1.001979668,
2182.903086292, 1.002242928,
2182.923517769, 1.002152577,
2182.943949345, 1.002135126,
2182.964381021, 1.002197110,
2182.984812497, 1.002157783,
2183.005244073, 1.002108681,
2183.025675749, 1.002074973,
2183.046107325, 1.002271749,
2183.066538801, 1.002263478,
2183.086970476, 1.002123974,
2183.107402051, 1.002164961,
2183.127833526, 1.002181993,
2183.148265201, 1.002122039,
2183.168696676, 1.002178487,
2183.189128251, 1.002210412,
2183.209559926, 1.002138103,
2183.229991400, 1.002230657,
2183.250423074, 1.002115007,
2183.291286123, 1.002234434,
2183.311717796, 1.002230363,
2183.332149370, 1.002186567,
2183.352580844, 1.002203650,
2183.373012517, 1.002168797,
2183.393444091, 1.002178790,
2183.413875664, 1.002156016,
2183.434307237, 1.002359520,
2183.454738810, 1.002275749,
2183.475170383, 1.002316051,
2183.495601955, 1.002226641,
2183.536465100, 1.002180264,
2183.556896772, 1.002230421,
2183.577328245, 1.002232932,
2183.597759917, 1.002274715,
2183.618191488, 1.002219606,
2183.659054632, 1.002195439,
2183.679486203, 1.002153914,
2183.699917674, 1.002316543,
2183.720349346, 1.002217207,
2183.781644058, 1.002119844,
2183.802075629, 1.002395844,
2183.822507100, 1.002214752,
2183.842938770, 1.002205057,
2183.863370340, 1.002214620,
2183.883801910, 1.002421784,
2183.904233480, 1.002290000,
2183.945096620, 1.002302428,
2183.965528190, 1.002329295,
2183.985959759, 1.002254252,
2184.006391328, 1.002241095,
2184.026822898, 1.002163156,
2184.047254467, 1.002273103,
2184.067686136, 1.002243610,
2184.088117605, 1.002312744,
2184.108549173, 1.002191315,
2184.128980842, 1.002278146,
2184.169843879, 1.002206384,
2184.190275547, 1.002333646,
2184.272001718, 1.002145050,
2184.292433386, 1.002281369,
2184.312864953, 1.002252080,
2184.333296421, 1.002265789,
2184.353728088, 1.002388153,
2184.374159655, 1.002261941,
2184.394591222, 1.002352461,
2184.415022789, 1.002255483,
2184.435454355, 1.002266738,
2184.455885922, 1.002296940,
2184.496749055, 1.002357092,
2184.517180621, 1.002226848,
2184.537612287, 1.002311345,
2184.558043753, 1.002356986,
2184.578475319, 1.002212182,
2184.598906984, 1.002373418,
2184.619338450, 1.002321067,
2184.639770116, 1.002426466,
2184.660201581, 1.002338674,
2184.680633146, 1.002516067,
2184.701064811, 1.002334919,
2184.721496276, 1.002433027,
2184.741927841, 1.002436998,
2184.762359506, 1.002471545,
2184.782790970, 1.002492300,
2184.803222535, 1.002387335,
2184.823654199, 1.002490737,
2184.844085664, 1.002522104,
2184.864517228, 1.002460208,
2184.884948892, 1.002401327,
2184.905380456, 1.002279265,
2184.925811920, 1.002476034,
2184.946243583, 1.002307827,
2184.966675147, 1.002417839,
2185.007538274, 1.002389035,
2185.027969837, 1.002485669,
2185.048401500, 1.002576586,
2185.068832963, 1.002281128,
2185.089264526, 1.002484327,
2185.109696189, 1.002366617,
2185.130127651, 1.002508023,
2185.150559214, 1.002575805,
2185.170990876, 1.002687617,
2185.191422338, 1.002582583,
2185.252717025, 1.002703258,
2185.273148586, 1.002574910,
2185.293580248, 1.002668817,
2185.314011710, 1.002768105,
2185.334443371, 1.002624402,
2185.354874833, 1.002618582,
2185.375306494, 1.002689333,
2185.395738055, 1.002611827,
2185.416169616, 1.002461122,
2185.436601077, 1.002668992,
2185.497895759, 1.002137535,
2185.518327420, 1.002182035,
2185.538758980, 1.002184732,
2185.579622101, 1.002207621,
2185.600053661, 1.002484856,
2185.620485321, 1.002660396,
2185.640916781, 1.002895997,
2185.681780000, 1.002778345,
2185.702211460, 1.002792275,
2185.722643019, 1.002842907,
2185.743074678, 1.002833374,
2185.763506137, 1.002866233,
2185.783937696, 1.002884402,
2185.804369356, 1.002848802,
2185.824800814, 1.002860359,
2185.845232373, 1.003231880,
2185.865664032, 1.002952226,
2185.886095590, 1.002900400,
2185.906527049, 1.002888199,
2185.926958707, 1.002868866,
2185.947390266, 1.002888859,
2185.967821824, 1.002835208,
2185.988253382, 1.002828183,
2186.008684940, 1.002834523,
2186.029116498, 1.002874494,
2186.049548055, 1.002978328,
2186.069979513, 1.002922313,
2186.090411171, 1.002812941,
2186.110842728, 1.002903771,
2186.131274185, 1.002822258,
2186.151705843, 1.002979682,
2186.172137400, 1.002928151,
2186.192568857, 1.002924177,
2186.213000514, 1.002956208,
2186.233432070, 1.002844501,
2186.253863627, 1.003047959,
2186.294726740, 1.002939417,
2186.315158397, 1.002870759,
2186.335589853, 1.002771709,
2186.356021409, 1.002937794,
2186.376453065, 1.002958420,
2186.396884521, 1.003011051,
2186.417316077, 1.003089900,
2186.437747733, 1.002968450,
2186.458179289, 1.003022922,
2186.478610745, 1.002882561,
2186.499042400, 1.002965743,
2186.519473956, 1.003053745,
2186.539905411, 1.002825421,
2186.560337066, 1.002847983,
2186.580768621, 1.002919217,
2186.601200276, 1.002876320,
2186.621631731, 1.002712744,
2186.642063286, 1.002889193,
2186.662494941, 1.002862236,
2186.682926396, 1.002872490,
2186.723789505, 1.002960210,
2186.744221059, 1.002915247,
2186.764652613, 1.002884619,
2186.785084168, 1.002746165,
2186.805515722, 1.002869062,
2186.825947276, 1.002754090,
2186.846378830, 1.002813559,
2186.866810384, 1.002845383,
2186.887241937, 1.002949978,
2186.907673491, 1.002730354,
2186.928105045, 1.002831406,
2186.948536698, 1.002878091,
2186.968968251, 1.002864411,
2187.009831358, 1.002854118,
2187.030262911, 1.002736351,
2187.050694364, 1.002734617,
2187.071126017, 1.002731517,
2187.091557570, 1.002785308,
2187.111989023, 1.002849240,
2187.132420675, 1.002835043,
2187.152852228, 1.002876323,
2187.173283680, 1.002852647,
2187.214146885, 1.002759184,
2187.234578337, 1.002855870,
2187.255009989, 1.002657163,
2187.275441541, 1.002831225,
2187.295873193, 1.002824799,
2187.316304645, 1.002504722,
2187.336736197, 1.002832419,
2187.357167849, 1.002741518,
2187.377599300, 1.002586611,
2187.398030852, 1.002661299,
2187.418462503, 1.002660550,
2187.438893955, 1.002686237,
2187.459325506, 1.002727955,
2187.479757157, 1.002674909,
2187.500188608, 1.002735388,
2187.520620159, 1.002680973,
2187.541051810, 1.002642636,
2187.561483261, 1.002606222,
2187.581914912, 1.002641163,
2187.602346462, 1.002642135,
2187.622777913, 1.002660823,
2187.643209564, 1.002666698,
2187.663641114, 1.002736591,
2187.684072564, 1.002716856,
2187.704504215, 1.002666439,
2187.724935765, 1.002627355,
2187.745367215, 1.002712559,
2187.765798865, 1.002678946,
2187.786230415, 1.002702670,
2187.806661965, 1.002683872,
2187.827093515, 1.002628421,
2187.847525064, 1.002604380,
2187.867956714, 1.002586214,
2187.888388163, 1.002647318,
2187.908819713, 1.002639822,
2187.929251362, 1.002709611,
2187.949682912, 1.002779767,
2187.970114361, 1.002581746,
2187.990546010, 1.002587704,
2188.010977559, 1.002695881,
2188.031409008, 1.002746611,
2188.051840657, 1.002773249,
2188.072272206, 1.002570873,
2188.113135303, 1.002554973,
2188.133566852, 1.002682320,
2188.153998301, 1.002721007,
2188.174429949, 1.002735865,
2188.194861397, 1.002714445,
2188.215293046, 1.002580798,
2188.235724594, 1.002691486,
2188.256156042, 1.002821351,
2188.276587690, 1.002816288,
2188.297019238, 1.002828190,
2188.317450786, 1.002831885,
2188.358313882, 1.002690719,
2188.378745430, 1.002709845,
2188.399176977, 1.002728457,
2188.419608525, 1.002832140,
2188.440040072, 1.002652515,
2188.460471720, 1.002714402,
2188.480903167, 1.002737357,
2188.501334815, 1.002884331,
2188.521766362, 1.002706335,
2188.542197809, 1.002801403,
2188.583061003, 1.002750230,
2188.603492450, 1.002826398,
2188.623924097, 1.002720131,
2188.664787091, 1.002732388,
2188.685218737, 1.002851825,
2188.705650284, 1.002719234,
2188.726081730, 1.002797051,
2188.746513377, 1.002700519,
2188.766944923, 1.002848830,
2188.787376570, 1.002770281,
2188.807808016, 1.002823243,
2188.828239562, 1.002795071,
2188.848671108, 1.002792548,
2188.869102654, 1.002978336,
2188.889534200, 1.002960272,
2188.909965746, 1.002875482,
2188.930397292, 1.002878334,
2188.950828838, 1.002736084,
2188.971260483, 1.002979738,
2188.991691929, 1.002944772,
2189.012123475, 1.002970494,
2189.032555120, 1.003063549,
2189.052986566, 1.002934894,
2189.093849757, 1.002945352,
2189.114281202, 1.002887257,
2189.134712847, 1.002915000,
2189.196007482, 1.003094717,
2189.216439027, 1.002958170,
2189.236870472, 1.002968890,
2189.257302117, 1.002895467,
2189.277733662, 1.002923697,
2189.298165207, 1.002948981,
2189.318596751, 1.003097952,
2189.339028296, 1.002965212,
2189.359459841, 1.002976547,
2189.379891385, 1.002884944,
2189.400322929, 1.003012849,
2189.420754574, 1.002976584,
2189.441186118, 1.002948528,
2189.461617562, 1.003108692,
2189.482049207, 1.002867642,
2189.502480751, 1.002898113,
2189.522912195, 1.002971283,
2189.543343839, 1.003189773,
2189.584206827, 1.002863841,
2189.604638471, 1.002916698,
2189.625069914, 1.003064678,
2189.645501458, 1.002908154,
2189.665933102, 1.003029266,
2189.686364545, 1.003100877,
2189.706796189, 1.002976054,
2189.727227732, 1.002960758,
2189.747659176, 1.002998314,
2189.768090819, 1.002972606,
2189.788522363, 1.003035054,
2189.808953906, 1.002987983,
2189.829385449, 1.003065468,
2189.849816992, 1.003010712,
2189.870248536, 1.002945143,
2189.890680079, 1.002894480,
2189.911111622, 1.003030081,
2189.931543165, 1.002936368,
2189.951974808, 1.002953463,
2189.972406251, 1.002910966,
2189.992837893, 1.003061950,
2190.013269436, 1.003135586,
2190.033700879, 1.003024153,
2190.054132522, 1.003051750,
2190.074564064, 1.002920363,
2190.094995507, 1.003010264,
2190.115427149, 1.003009604,
2190.135858692, 1.002894946,
2190.156290134, 1.003023245,
2190.176721776, 1.003018561,
2190.197153319, 1.003004174,
2190.217584761, 1.003137286,
2190.238016403, 1.002932991,
2190.258447846, 1.003002625,
2190.299311030, 1.003038625,
2190.319742472, 1.003121031,
2190.340174114, 1.003110410,
2190.401468739, 1.002986299,
2190.421900281, 1.002980227,
2190.442331823, 1.002912768,
2190.462763365, 1.002994441,
2190.483194906, 1.003005338,
2190.503626448, 1.003062287,
2190.524058090, 1.003003262,
2190.544489531, 1.003050937,
2190.564921173, 1.003037653,
2190.585352714, 1.003042117,
2190.605784156, 1.003037277,
2190.646647338, 1.003041532,
2190.667078779, 1.003158853,
2190.687510421, 1.003052207,
2190.707941962, 1.003006789,
2190.748805044, 1.003088472,
2190.769236585, 1.002941421,
2190.810099667, 1.002938004,
2190.830531208, 1.003038916,
2190.871394290, 1.003104126,
2190.891825831, 1.002957791,
2190.912257472, 1.003158572,
2190.932688912, 1.003105432,
2190.953120453, 1.003105165,
2190.973552094, 1.003008614,
2190.993983534, 1.003058552,
2191.014415075, 1.003073408,
2191.034846715, 1.003113432,
2191.055278156, 1.003063288,
2191.075709696, 1.003202214,
2191.096141337, 1.003148025,
2191.137004418, 1.003227974,
2191.157435958, 1.003186913,
2191.177867398, 1.003093549,
2191.198299038, 1.003169059,
2191.218730579, 1.003204228,
2191.239162019, 1.003233029,
2191.259593659, 1.003129295,
2191.280025199, 1.003105202,
2191.300456639, 1.003285666,
2191.320888279, 1.003187105,
2191.341319819, 1.003062233,
2191.361751359, 1.003262107,
2191.382182899, 1.003256652,
2191.402614439, 1.003125798,
2191.423046079, 1.003009664,
2191.443477619, 1.003184343,
2191.463909059, 1.003134916,
2191.484340698, 1.003296801,
2191.504772238, 1.003108454,
2191.525203678, 1.003259546,
2191.545635317, 1.003192258,
2191.566066857, 1.003180830,
2191.586498297, 1.003092646,
2191.627361376, 1.003147184,
2191.647792916, 1.003227310,
2191.668224555, 1.003201115,
2191.688656094, 1.003077696,
2191.709087634, 1.003267228,
2191.729519173, 1.003272306,
2191.749950613, 1.003229737,
2191.770382252, 1.003218834,
2191.790813791, 1.003187816,
2191.811245231, 1.003189187,
2191.852108409, 1.003136237,
2191.872539948, 1.003236820,
2191.892971488, 1.003244711,
2191.913403027, 1.003212480,
2191.933834666, 1.003339744,
2191.954266105, 1.003324478,
2191.974697644, 1.003279653,
2191.995129283, 1.003105211,
2192.015560822, 1.003214655,
2192.035992261, 1.003215267,
2192.056423900, 1.003422591,
2192.076855439, 1.003288691,
2192.117718517, 1.003231749,
2192.138150056, 1.003288063,
2192.158581495, 1.003249907,
2192.179013134, 1.003293187,
2192.199444672, 1.003310180,
2192.219876311, 1.003347693,
2192.240307750, 1.003341383,
2192.260739289, 1.003223538,
2192.281170928, 1.003237479,
2192.342465544, 1.003381687,
2192.362896982, 1.003402160,
2192.383328521, 1.003389639,
2192.403760060, 1.003279759,
2192.424191598, 1.003261160,
2192.444623137, 1.003542660,
2192.465054675, 1.003367181,
2192.485486214, 1.003391700,
2192.505917852, 1.003416801,
2192.526349391, 1.003092706,
2192.608075445, 1.003286819,
2192.628507083, 1.003301319,
2192.648938622, 1.003386947,
2192.669370060, 1.003295984,
2192.689801698, 1.003347373,
2192.710233237, 1.003371774,
2192.730664875, 1.003349793,
2192.751096313, 1.003301523,
2192.771527852, 1.003475911,
2192.853254105, 1.003271337,
2192.873685543, 1.003474741,
2192.894117081, 1.003455383,
2192.914548719, 1.003357105,
2192.934980157, 1.003323517,
2192.955411696, 1.003366764,
2192.975843334, 1.003267654,
2192.996274772, 1.003330929,
2193.016706410, 1.003282111,
2193.037137948, 1.003503565,
2193.057569486, 1.003439944,
2193.098432563, 1.003381090,
2193.118864001, 1.003379956,
2193.139295639, 1.003340027,
2193.159727177, 1.003283164,
2193.180158615, 1.003223143,
2193.200590253, 1.003239345,
2193.221021791, 1.003224104,
2193.241453429, 1.003297743,
2193.261884867, 1.003277909,
2193.282316405, 1.003255818,
2193.302748043, 1.003232246,
2193.343611019, 1.003385635,
2193.364042657, 1.003267273,
2193.384474095, 1.003327913,
2193.404905633, 1.003356824,
2193.425337271, 1.003395162,
2193.445768709, 1.003337913,
2193.466200247, 1.003430628,
2193.486631885, 1.003254676,
2193.507063423, 1.003208831,
2193.527494961, 1.003183512,
2193.547926499, 1.003288189,
2193.588789574, 1.003321364,
2193.609221112, 1.003239335,
2193.629652650, 1.003322041,
2193.650084288, 1.003329331,
2193.670515726, 1.003418981,
2193.690947264, 1.003331455,
2193.731810340, 1.003310626,
2193.752241878, 1.003304567,
2193.772673416, 1.003217741,
2193.793104953, 1.003336682,
2193.833968029, 1.003374703,
2193.854399567, 1.003366324,
2193.874831205, 1.003407173,
2193.895262643, 1.003333485,
2193.915694181, 1.003543801,
2193.936125819, 1.003657022,
2193.956557257, 1.003278900,
2193.976988794, 1.003353524,
2193.997420432, 1.003347111,
2194.017851870, 1.003258375,
2194.038283508, 1.003734136,
2194.079146584, 1.003250811,
2194.099578122, 1.003414025,
2194.120009660, 1.003346090,
2194.140441198, 1.003971719,
2194.160872835, 1.003436723,
2194.181304273, 1.003413459,
2194.201735811, 1.003364548,
2194.222167449, 1.003513873,
2194.263030425, 1.003321057,
2194.283462063, 1.003487276,
2194.303893501, 1.003341367,
2194.324325139, 1.003521182,
2194.344756677, 1.003509006,
2194.365188115, 1.003399889,
2194.385619753, 1.003328845,
2194.406051191, 1.003314610,
2194.426482729, 1.003327544,
2194.446914367, 1.003366936,
2194.508208981, 1.003353833,
2194.528640519, 1.003318720,
2194.569503595, 1.003582126,
2194.589935133, 1.003495111,
2194.610366671, 1.003434785,
2194.630798209, 1.003474211,
2194.651229747, 1.003411687,
2194.671661385, 1.003348297,
2194.692092823, 1.003511203,
2194.712524361, 1.003410490,
2194.732955999, 1.003414072,
2194.753387438, 1.003420369,
2194.814682052, 1.003546974,
2194.835113690, 1.003455077,
2194.855545228, 1.003382908,
2194.875976667, 1.003558258,
2194.896408305, 1.003531596,
2194.916839843, 1.003493112,
2194.937271281, 1.003651617,
2194.957702919, 1.003661380,
2194.978134458, 1.003609544,
2194.998565996, 1.003504419,
2195.018997534, 1.003384266,
2195.080292149, 1.003601757,
2195.100723688, 1.003536240,
2195.141586764, 1.003535639,
2195.162018303, 1.003540747,
2195.182449841, 1.003502673,
2195.202881380, 1.003465817,
2195.223312918, 1.003574272,
2195.284607634, 1.003623499,
2195.305039172, 1.003537869,
2195.325470611, 1.003574741,
2195.345902249, 1.003693531,
2195.366333788, 1.003552975,
2195.386765226, 1.003594484,
2195.407196865, 1.003595591,
2195.427628404, 1.003607728,
2195.448059842, 1.003674813,
2195.468491481, 1.003737623,
2195.488923020, 1.003706593,
2195.509354658, 1.003674386,
2195.550217636, 1.003578484,
2195.570649275, 1.003607818,
2195.591080714, 1.003737014,
2195.611512252, 1.003691707,
2195.631943891, 1.003695870,
2195.652375330, 1.003585637,
2195.672806869, 1.003669624,
2195.693238508, 1.003569272,
2195.713670047, 1.003521383,
2195.734101586, 1.003660394,
2195.754533125, 1.003638357,
2195.795396203, 1.003793043,
2195.815827742, 1.003530465,
2195.836259181, 1.003604643,
2195.856690820, 1.003541878,
2195.877122359, 1.003517378,
2195.897553799, 1.003576963,
2195.917985438, 1.003659967,
2195.938416977, 1.003674263,
2195.958848616, 1.003649102,
2195.999711595, 1.003843700,
2196.040574674, 1.003694220,
2196.061006213, 1.003660648,
2196.081437853, 1.003884579,
2196.101869292, 1.003594036,
2196.122300831, 1.003713625,
2196.142732471, 1.003699154,
2196.163163911, 1.003791262,
2196.183595450, 1.003775657,
2196.204027090, 1.003630899,
2196.285753248, 1.003723653,
2196.306184788, 1.003673827,
2196.326616328, 1.003725420,
2196.347047868, 1.003760019,
2196.367479508, 1.003776237,
2196.387910948, 1.003882881,
2196.408342488, 1.003723751,
2196.469637208, 1.003937766,
2196.490068648, 1.004071191,
2196.530931828, 1.003790756,
2196.551363268, 1.003795414,
2196.571794808, 1.003811122,
2196.592226448, 1.003840915,
2196.612657889, 1.003760343,
2196.633089429, 1.003871833,
2196.653521069, 1.003852029,
2196.673952510, 1.003908631,
2196.714815691, 1.004078120,
2196.776110312, 1.003860086,
2196.796541853, 1.003892936,
2196.816973393, 1.003979757,
2196.837404934, 1.003896235,
2196.857836475, 1.003869459,
2196.878268116, 1.003984417,
2196.898699556, 1.003944803,
2196.919131197, 1.003929826,
2196.959994179, 1.004194058,
2197.021288802, 1.003861972,
2197.041720443, 1.003907292,
2197.062151984, 1.004011363,
2197.082583425, 1.003830804,
2197.103015067, 1.003811672,
2197.123446608, 1.003963437,
2197.143878249, 1.004025608,
2197.164309691, 1.004039203,
2197.184741132, 1.003958335,
2197.205172773, 1.003927906,
2197.225604315, 1.003320597,
2197.266467398, 1.003978124,
2197.286898940, 1.003973822,
2197.307330481, 1.004066766,
2197.327762023, 1.003943274,
2197.348193565, 1.003937927,
2197.368625206, 1.004060379,
2197.389056748, 1.003910018,
2197.409488190, 1.003916333,
2197.429919832, 1.003915515,
2197.450351374, 1.003945783,
2197.470782816, 1.004021511,
2197.593372270, 1.004081168,
2197.634235254, 1.003970590,
2197.654666897, 1.003949997,
2197.675098339, 1.004036422,
2197.695529882, 1.004075807,
2197.756824510, 1.004111292,
2197.777256153, 1.004157507,
2197.797687595, 1.004166081,
2197.818119238, 1.004387460,
2197.838550681, 1.004202872,
2197.858982324, 1.004162140,
2197.879413867, 1.004088259,
2197.899845310, 1.004339109,
2197.920276853, 1.004087718,
2197.940708497, 1.004245235,
2197.961140040, 1.004111563,
2198.002003126, 1.004207111,
2198.022434670, 1.004221365,
2198.042866213, 1.004356157,
2198.063297757, 1.004236194,
2198.083729300, 1.004291038,
2198.104160944, 1.004366087,
2198.124592388, 1.004412721,
2198.145023931, 1.004151648,
2198.165455575, 1.004193550,
2198.185887019, 1.004240697,
2198.206318563, 1.004269651,
2198.247181651, 1.004250485,
2198.267613295, 1.004312868,
2198.288044839, 1.004297094,
2198.308476283, 1.004258480,
2198.328907928, 1.004277081,
2198.349339472, 1.004265110,
2198.369771016, 1.004306693,
2198.390202561, 1.004239768,
2198.410634105, 1.004238664,
2198.451497194, 1.004297802,
2198.492360284, 1.004407460,
2198.512791829, 1.004343260,
2198.533223373, 1.004323980,
2198.553654918, 1.004155468,
2198.574086463, 1.004371986,
2198.594518008, 1.004276591,
2198.614949653, 1.004215812,
2198.635381099, 1.004285671,
2198.676244289, 1.004293214,
2198.696675735, 1.004284590,
2198.737538925, 1.004320291,
2198.757970371, 1.004149419,
2198.778402017, 1.004358026,
2198.798833562, 1.004273368,
2198.819265008, 1.004316231,
2198.839696654, 1.004315456,
2198.860128200, 1.004502401,
2198.880559646, 1.004278360,
2198.900991292, 1.004356692,
2198.921422838, 1.004200055,
2198.941854484, 1.004423892,
2199.003149123, 1.004251092,
2199.023580669, 1.004311040,
2199.044012116, 1.004245000,
2199.064443762, 1.004345520,
2199.084875309, 1.004306697,
2199.105306855, 1.004332053,
2199.125738402, 1.004411016,
2199.146169949, 1.004323492,
2199.166601496, 1.004444198,
2199.187033043, 1.004265458,
2199.227896137, 1.004234637,
2199.248327684, 1.004230664,
2199.268759131, 1.004299380,
2199.289190779, 1.004384306,
2199.309622326, 1.004369768,
2199.330053974, 1.004437988,
2199.350485421, 1.004327278,
2199.370916969, 1.004366379,
2199.391348616, 1.004384237,
2199.411780064, 1.004401259,
2199.432211612, 1.004489212,
2199.452643260, 1.004414852,
2199.473074708, 1.004388845,
2199.493506256, 1.004399135,
2199.513937904, 1.004345256,
2199.534369352, 1.004454721,
2199.554801000, 1.004320386,
2199.575232549, 1.004537130,
2199.595664097, 1.004357897,
2199.656958743, 1.004435227,
2199.718253389, 1.004276096,
2199.738685038, 1.004307537,
2199.779548136, 1.004353625,
2199.799979686, 1.004593225,
2199.820411135, 1.004366660,
2199.840842784, 1.004378174,
2199.861274234, 1.004355411,
2199.881705783, 1.004290620,
2199.902137433, 1.004379743,
2199.922568882, 1.004444424,
2199.963432082, 1.004336119,
2199.983863532, 1.004497260,
2200.004295182, 1.004309838,
2200.024726732, 1.004471418,
2200.065589832, 1.004405774,
2200.086021383, 1.004421336,
2200.106452933, 1.004488933,
2200.126884483, 1.004240131,
2200.147316034, 1.004473675,
2200.167747685, 1.004492949,
2200.208610686, 1.004426498,
2200.229042337, 1.004419541,
2200.269905339, 1.004468475,
2200.290336990, 1.004542438,
2200.310768542, 1.004538654,
2200.331199993, 1.004426550,
2200.351631644, 1.004266302,
2200.392494847, 1.004448898,
2200.412926299, 1.004256476,
2200.474220954, 1.004444812,
2200.494652506, 1.004386737,
2200.515084059, 1.004464335,
2200.555947163, 1.004713135,
2200.576378715, 1.004537602,
2200.596810268, 1.004434579,
2200.617241920, 1.004636607,
2200.637673373, 1.004615845,
2200.698968031, 1.004364537,
2200.739831237, 1.004420136,
2200.760262691, 1.004519047,
2200.780694244, 1.004446841,
2200.801125897, 1.004497851,
2200.821557451, 1.004461279,
2200.841989004, 1.004698193,
2200.862420558, 1.004560401,
2200.882852112, 1.004389649,
2200.903283765, 1.004425964,
2200.944146773, 1.004442138,
2200.964578427, 1.004474728,
2200.985009882, 1.004498465,
2201.005441536, 1.004476668,
2201.025873090, 1.004392510,
2201.046304545, 1.004516113,
2201.066736199, 1.004533889,
2201.087167754, 1.004421026,
2201.128030864, 1.004696636,
2201.148462419, 1.004436961,
2201.189325529, 1.004550879,
2201.209757084, 1.004463871,
2201.230188639, 1.004501511,
2201.250620195, 1.004651715,
2201.271051750, 1.004602286,
2201.291483306, 1.004487205,
2201.311914862, 1.004644741,
2201.332346417, 1.004483176,
2201.352777973, 1.004528932,
2201.373209529, 1.004655598,
2201.434504198, 1.004224969,
2201.454935854, 1.004557990,
2201.475367411, 1.004796175,
2201.495798868, 1.004922518,
2201.516230524, 1.004613706,
2201.536662081, 1.004544946,
2201.557093538, 1.004439369,
2201.577525195, 1.004524761,
2201.597956752, 1.004529209,
2201.618388210, 1.004438366,
2201.638819867, 1.004470383,
2201.659251424, 1.004442025,
2201.679683082, 1.004534152,
2201.700114539, 1.004654908,
2201.720546097, 1.004533301,
2201.740977755, 1.004538207,
2201.761409213, 1.004626535,
2201.781840771, 1.004512650,
2201.802272429, 1.004545248,
2201.822703888, 1.004593565,
2201.843135546, 1.004583721,
2201.883998563, 1.004537022,
2201.924861681, 1.004552194,
2201.965724898, 1.004547736,
2201.986156458, 1.004498685,
2202.027019576, 1.004566969,
2202.047451136, 1.004480897,
2202.067882695, 1.004494354,
2202.088314255, 1.004540417,
2202.108745815, 1.004527593,
2202.129177474, 1.004425315,
2202.170040495, 1.004493276,
2202.190472155, 1.004553992,
2202.210903615, 1.004615867,
2202.231335175, 1.004672964,
2202.251766836, 1.004639185,
2202.272198297, 1.004531529,
2202.292629957, 1.004533527,
2202.313061518, 1.004476253,
2202.333492979, 1.004702933,
2202.353924640, 1.004520876,
2202.415219324, 1.004726172,
2202.435650886, 1.004584790,
2202.456082548, 1.004660728,
2202.476514009, 1.004547575,
2202.496945571, 1.004459161,
2202.517377133, 1.004516299,
2202.537808695, 1.004490847,
2202.558240258, 1.004650293,
2202.578671820, 1.004525405,
2202.599103382, 1.004717608,
2202.660398071, 1.004591824,
2202.680829733, 1.004639213,
2202.701261296, 1.004626566,
2202.721692760, 1.004629527,
2202.742124423, 1.004738425,
2202.782987450, 1.004564209,
2202.803419113, 1.004695384,
2202.844282141, 1.004607085,
2202.864713805, 1.004748706,
2202.926008498, 1.004550710,
2202.946440062, 1.004594200,
2202.966871727, 1.004461419,
2202.987303192, 1.004704076,
2203.007734756, 1.004620766,
2203.028166421, 1.004725661,
2203.048597886, 1.004640572,
2203.069029552, 1.004503926,
2203.089461117, 1.004554681,
2203.109892682, 1.004650742,
2203.150755814, 1.004652246,
2203.171187379, 1.004636352,
2203.191618945, 1.004788421,
2203.212050511, 1.004613471,
2203.232482077, 1.004841185,
2203.252913644, 1.004568791,
2203.273345210, 1.004713150,
2203.293776877, 1.004602474,
2203.314208343, 1.004655199,
2203.334639910, 1.004605489,
2203.355071577, 1.004784473,
2203.395934611, 1.004852133,
2203.416366279, 1.004657128,
2203.436797746, 1.004788109,
2203.477660981, 1.004652490,
2203.498092449, 1.004616341,
2203.518524117, 1.004449269,
2203.538955685, 1.004778586,
2203.559387153, 1.004595667,
2203.579818822, 1.004792158,
2203.600250390, 1.004745096,
2203.641113527, 1.004638880,
2203.661545096, 1.004677514,
2203.681976765, 1.004827384,
2203.722839803, 1.005018055,
2203.743271473, 1.004668862,
2203.763703042, 1.004690400,
2203.784134512, 1.004835515,
2203.804566182, 1.004667922,
2203.824997751, 1.004617938,
2203.845429221, 1.004691527,
2203.886292462, 1.004664841,
2203.906724032, 1.004750270,
2203.927155603, 1.004626524,
2203.947587074, 1.004656487,
2203.968018744, 1.004784672,
2203.988450315, 1.004752185,
2204.008881786, 1.004774689,
2204.029313458, 1.004819727,
2204.049745029, 1.004657089,
2204.070176500, 1.004789247,
2204.131471416, 1.004683111,
2204.151902888, 1.004636598,
2204.172334460, 1.004666494,
2204.192766132, 1.004612469,
2204.213197604, 1.004659755,
2204.233629177, 1.004609306,
2204.254060850, 1.004706371,
2204.274492423, 1.004711912,
2204.294923996, 1.004652163,
2204.315355569, 1.004671414,
2204.376650289, 1.004792038,
2204.397081862, 1.004560559,
2204.417513436, 1.004722567,
2204.437945010, 1.004720484,
2204.458376584, 1.004815427,
2204.478808259, 1.004838618,
2204.499239733, 1.004815681,
2204.519671407, 1.004721988,
2204.540102882, 1.004656840,
2204.560534457, 1.004810680,
2204.621829182, 1.004690565,
2204.642260857, 1.004746961,
2204.662692333, 1.004742390,
2204.683124009, 1.004793908,
2204.703555584, 1.004788674,
2204.723987060, 1.004815990,
2204.744418736, 1.004709697,
2204.764850313, 1.004630168,
2204.785281789, 1.004649254,
2204.805713465, 1.004757642,
2204.826145042, 1.004821380,
2204.867008196, 1.004769781,
2204.887439773, 1.004701963,
2204.907871450, 1.004630474,
2204.928303028, 1.004705551,
2204.948734505, 1.004733332,
2204.969166183, 1.004639572,
2204.989597761, 1.004829086,
2205.010029238, 1.004675926,
2205.030460917, 1.004710240,
2205.050892495, 1.004757132,
2205.071323973, 1.004789589,
2205.112187231, 1.004662192,
2205.132618909, 1.004647848,
2205.153050388, 1.004598199,
2205.173481968, 1.004672794,
2205.193913547, 1.004833141,
2205.214345126, 1.004793456,
2205.234776706, 1.004721740,
2205.275639866, 1.004596663,
2205.296071546, 1.004752987,
2205.316503026, 1.004795338,
2205.357366287, 1.004680784,
2205.377797767, 1.004658076,
2205.398229348, 1.004829052,
2205.418661029, 1.004772736,
2205.439092510, 1.004797704,
2205.459524092, 1.004738240,
2205.479955773, 1.004807171,
2205.500387354, 1.004787937,
2205.520818936, 1.004807245,
2205.541250518, 1.004703799,
2205.561682100, 1.004646555,
2205.602545265, 1.004852955,
2205.622976847, 1.004700307,
2205.643408530, 1.004722299,
2205.663840013, 1.004734984,
2205.684271596, 1.004691608,
2205.704703279, 1.004776483,
2205.725134762, 1.004791298,
2205.745566445, 1.004588626,
2205.765998029, 1.004850334,
2205.786429513, 1.004581132,
2205.847724265, 1.004740851,
2205.868155949, 1.004783249,
2205.888587534, 1.004781875,
2205.909019119, 1.004736536,
2205.929450704, 1.004750572,
2205.949882189, 1.004684615,
2205.970313874, 1.004683965,
2205.990745459, 1.004752348,
2206.011177045, 1.004766913,
2206.031608630, 1.004559613,
2206.052040216, 1.004707476,
2206.113334975, 1.004654331,
2206.133766661, 1.004628801,
2206.154198248, 1.004702246,
2206.174629734, 1.004777503,
2206.195061421, 1.004667783,
2206.215493008, 1.004676109,
2206.235924496, 1.004731377,
2206.276787771, 1.004870468,
2206.338082535, 1.004790120,
2206.358514223, 1.004648991,
2206.378945711, 1.004687921,
2206.399377300, 1.004620191,
2206.419808989, 1.004870794,
2206.440240478, 1.004686011,
2206.460672067, 1.004775501,
2206.481103756, 1.004753545,
2206.501535245, 1.004776887,
2206.521966935, 1.004814474,
2206.542398525, 1.004893715,
2206.583261705, 1.004819136,
2206.603693195, 1.004719250,
2206.624124785, 1.004699076,
2206.644556476, 1.004652653,
2206.664987967, 1.004743307,
2206.685419558, 1.004594361,
2206.705851249, 1.004891447,
2206.726282840, 1.004710160,
2206.767146023, 1.004918999,
2206.787577615, 1.004487652,
2206.828440799, 1.004651609,
2206.848872391, 1.004791596,
2206.869304084, 1.004817324,
2206.889735577, 1.004749692,
2206.910167269, 1.004899400,
2206.930598862, 1.004851316,
2206.951030356, 1.004725572,
2206.971462049, 1.004725237,
2206.991893642, 1.004763658,
2207.012325136, 1.004718081,
2207.032756830, 1.004972989,
2207.073619918, 1.004806752,
2207.094051613, 1.004836774,
2207.114483207, 1.004866595,
2207.134914902, 1.004904215,
2207.155346397, 1.004659515,
2207.175777992, 1.004866225,
2207.196209687, 1.004755037,
2207.216641182, 1.004926835,
2207.237072778, 1.004844634,
2207.257504374, 1.004886467,
2207.277936070, 1.004801192,
2207.318799262, 1.004820102,
2207.339230759, 1.004749319,
2207.359662455, 1.004791938,
2207.400525549, 1.004867799,
2207.420957247, 1.004789948,
2207.441388844, 1.004717134,
2207.461820341, 1.004814188,
2207.482252039, 1.004801191,
2207.502683637, 1.004728162,
2207.523115335, 1.004774738,
2207.563978432, 1.004824207,
2207.584410131, 1.004851189,
2207.604841630, 1.004715228,
2207.625273228, 1.004769438,
2207.645704928, 1.004729310,
2207.666136427, 1.004830007,
2207.686568027, 1.004913689,
2207.727431226, 1.004789534,
2207.747862926, 1.004802192,
2207.768294527, 1.004647142,
2207.809157728, 1.004813834,
2207.829589329, 1.004612608,
2207.850020930, 1.004839932,
2207.870452531, 1.004762591,
2207.890884132, 1.004791173,
2207.911315734, 1.004827731,
2207.931747336, 1.004854523,
2207.952178938, 1.004874094,
2207.972610540, 1.004919794,
2207.993042142, 1.004813870,
2208.054336950, 1.004808349,
2208.074768553, 1.004876343,
2208.095200256, 1.004780140,
2208.115631760, 1.004717481,
2208.156495067, 1.004700928,
2208.176926571, 1.004741541,
2208.197358275, 1.004915999,
2208.217789880, 1.004682714,
2208.238221384, 1.004848482,
2208.258653089, 1.004864531,
2208.299516199, 1.004924308,
2208.319947905, 1.004824100,
2208.340379510, 1.004809022,
2208.360811216, 1.004775407,
2208.381242722, 1.004814327,
2208.401674328, 1.004735640,
2208.422106034, 1.004891384,
2208.442537541, 1.004925391,
2208.462969147, 1.004861602,
2208.483400854, 1.004935881,
2208.544695676, 1.004737055,
2208.565127284, 1.004757428,
2208.585558891, 1.004805055,
2208.605990499, 1.004649857,
2208.626422008, 1.004778494,
2208.646853716, 1.004936238,
2208.667285325, 1.004850696,
2208.687716833, 1.004891089,
2208.708148542, 1.004896479,
2208.728580152, 1.004957790,
2208.749011861, 1.005043400,
2208.789874980, 1.004777500,
2208.810306690, 1.004637356,
2208.830738201, 1.004703818,
2208.851169811, 1.004813109,
2208.871601521, 1.004681193,
2208.892033032, 1.004751901,
2208.912464743, 1.004769038,
2208.932896354, 1.004961037,
2208.953327866, 1.004754433,
2208.973759577, 1.004719383,
2208.994191189, 1.004806190,
2209.035054413, 1.004868268,
2209.055486026, 1.004768413,
2209.075917638, 1.004811158,
2209.096349251, 1.004856140,
2209.116780864, 1.004784134,
2209.137212577, 1.004886879,
2209.157644190, 1.004926171,
2209.178075704, 1.004744773,
2209.198507418, 1.004737748,
2209.218939032, 1.004878136,
2209.239370546, 1.004862828,
2209.280233775, 1.004852307,
2209.300665490, 1.004792852,
2209.321097105, 1.004852301,
2209.341528620, 1.004733876,
2209.361960335, 1.004853473,
2209.382391951, 1.004791694,
2209.402823467, 1.004851494,
2209.423255183, 1.004921664,
2209.443686799, 1.004818917,
2209.464118315, 1.004932116,
2209.484550032, 1.004928404,
2209.525413366, 1.004946440,
2209.545844883, 1.004806584,
2209.566276500, 1.004807213,
2209.586708218, 1.005077801,
2209.607139736, 1.004818525,
2209.648003072, 1.004967231,
2209.668434691, 1.004877763,
2209.688866309, 1.004962698,
2209.709297928, 1.004914441,
2209.729729547, 1.004864949,
2209.770592786, 1.004832943,
2209.791024406, 1.004947319,
2209.811456126, 1.005038422,
2209.831887646, 1.004829528,
2209.852319267, 1.004878371,
2209.872750887, 1.005002985,
2209.893182508, 1.004837143,
2209.913614229, 1.004819720,
2209.934045750, 1.004895747,
2209.954477372, 1.004979448,
2210.015772237, 1.004937514,
2210.036203959, 1.004964838,
2210.056635482, 1.004932820,
2210.077067205, 1.004872514,
2210.097498827, 1.005005988,
2210.117930351, 1.004990506,
2210.138362074, 1.004846789,
2210.158793697, 1.004819328,
2210.179225321, 1.004792757,
2210.199656945, 1.004994678,
2210.260951818, 1.004933060,
2210.281383443, 1.005094019,
2210.301815168, 1.004944855,
2210.322246694, 1.005003949,
2210.342678319, 1.004960756,
2210.363110045, 1.005036678,
2210.383541671, 1.004962828,
2210.403973197, 1.005033615,
2210.424404923, 1.004951276,
2210.444836550, 1.004915921,
2210.485699804, 1.005128468,
2210.506131431, 1.004875393,
2210.526563058, 1.004981705,
2210.546994686, 1.004976569,
2210.567426314, 1.005018122,
2210.587858042, 1.004892666,
2210.608289570, 1.004931606,
2210.628721199, 1.004946012,
2210.649152828, 1.004997768,
2210.669584457, 1.004972857,
2210.710447715, 1.004667600,
2210.751311075, 1.004970428,
2210.771742605, 1.005053010,
2210.792174235, 1.004902424,
2210.812605966, 1.004954267,
2210.833037596, 1.004972356,
2210.853469228, 1.004973043,
2210.873900859, 1.004872726,
2210.894332490, 1.005090660,
2210.914764122, 1.004886036,
2210.935195754, 1.005020768,
2210.955627386, 1.004968912,
2210.996490651, 1.005045264,
2211.016922283, 1.004898580,
2211.037354016, 1.004995842,
2211.057785550, 1.005072757,
2211.078217283, 1.005017078,
2211.119080451, 1.005003011,
2211.139512185, 1.005008959,
2211.159943819, 1.005072348,
2211.180375354, 1.004991369,
2211.200807089, 1.005112869,
2211.241670359, 1.005204197,
2211.262101995, 1.005019538,
2211.282533530, 1.005019563,
2211.302965266, 1.004969800,
2211.323396902, 1.005018113,
2211.343828439, 1.004906819,
2211.364260176, 1.005045727,
2211.384691812, 1.005047734,
2211.405123450, 1.005067974,
2211.425555087, 1.004926423,
2211.445986724, 1.005084476,
2211.486850000, 1.004833814,
2211.507281638, 1.004900762,
2211.527713377, 1.005091245,
2211.548145015, 1.005168597,
2211.568576554, 1.005080577,
2211.589008293, 1.005140478,
2211.609439933, 1.004859368,
2211.629871573, 1.005036801,
2211.650303212, 1.005060386,
2211.670734853, 1.005121120,
2211.691166593, 1.004910150,
2211.732029774, 1.005070901,
2211.752461515, 1.005061929,
2211.772893057, 1.005068754,
2211.793324698, 1.004886878,
2211.813756440, 1.005031515,
2211.834187982, 1.004916688,
2211.854619724, 1.005012386,
2211.875051367, 1.005010025,
2211.895482910, 1.004885462,
2211.915914652, 1.005015635,
2211.936346196, 1.005010656,
2211.977209583, 1.005037596,
2211.997641127, 1.005043020,
2212.018072871, 1.005017001,
2212.038504515, 1.005000856,
2212.058936160, 1.005026576,
2212.079367805, 1.005018726,
2212.099799450, 1.005018279,
2212.120231095, 1.004921422,
2212.140662741, 1.004981987,
2212.161094386, 1.004990328,
2212.201957779, 1.005094868,
2212.222389325, 1.005078867,
2212.242821072, 1.004993618,
2212.263252719, 1.005091403,
2212.283684266, 1.005164710,
2212.304116014, 1.005004990,
2212.324547662, 1.005118480,
2212.344979210, 1.004998245,
2212.365410958, 1.005035675,
2212.385842606, 1.005065090,
2212.406274355, 1.005095789,
2212.426705904, 1.005013925,
2212.467569303, 1.004956673,
2212.488000852, 1.005056228,
2212.508432502, 1.005126061,
2212.528864252, 1.005027521,
2212.549295803, 1.005054769,
2212.569727453, 1.005041614,
2212.590159104, 1.004997497,
2212.610590756, 1.004963748,
2212.631022507, 1.004997208,
2212.651454059, 1.005177406,
2212.671885710, 1.005015462,
2212.712749115, 1.005063681,
2212.733180668, 1.004993125,
2212.753612421, 1.005046907,
2212.794475627, 1.005040735,
2212.814907381, 1.005078588,
2212.835339035, 1.005109640,
2212.855770789, 1.005080933,
2212.876202343, 1.005240153,
2212.896633998, 1.005074197,
2212.917065753, 1.005071233,
2212.957928963, 1.005045361,
2212.978360719, 1.005031649,
2212.998792274, 1.005095138,
2213.019224031, 1.005092154,
2213.039655687, 1.005133627,
2213.060087244, 1.005057247,
2213.080519001, 1.005122010,
2213.100950658, 1.005045947,
2213.121382215, 1.005294281,
2213.141813973, 1.005018329,
2213.162245630, 1.005028172,
2213.203108947, 1.005065441,
2213.223540606, 1.005092531,
2213.264403924, 1.004981043,
