BJD - 2454833, Corrected Flux
2061.305948027, 0.997449356,
2061.326380369, 0.997516691,
2061.367244751, 0.996962735,
2061.387677091, 0.996904393,
2061.408109331, 0.997291277,
2061.428541671, 0.996465655,
2061.489838386, 0.997519804,
2061.510270524, 0.997971891,
2061.530702761, 0.998821320,
2061.551135098, 0.998364638,
2061.571567334, 0.997823454,
2061.591999470, 0.998361811,
2061.612431805, 0.997910360,
2061.632864040, 0.998256390,
2061.653296174, 0.998563910,
2061.673728508, 0.998486380,
2061.694160742, 0.997980002,
2061.714592975, 0.998252660,
2061.735025207, 0.997815637,
2061.755457439, 0.997956710,
2061.775889671, 0.997883767,
2061.796321902, 0.997614281,
2061.816754133, 0.998592854,
2061.837186363, 0.997802520,
2061.857618592, 0.997595618,
2061.878050721, 0.997837113,
2061.898483050, 0.997426757,
2061.918915278, 0.998521070,
2061.939347506, 0.997805973,
2061.959779734, 0.997659673,
2061.980211961, 0.997642326,
2062.000644287, 0.998047340,
2062.021076413, 0.997650955,
2062.041508639, 0.997965918,
2062.061940964, 0.997864192,
2062.082373088, 0.997329879,
2062.102805312, 0.997669265,
2062.123237636, 0.997830035,
2062.143669859, 0.997576689,
2062.164101982, 0.998114276,
2062.225398647, 0.997573905,
2062.245830969, 0.998111119,
2062.266263189, 0.997981222,
2062.286695309, 0.997893756,
2062.307127628, 0.997448310,
2062.327559847, 0.998086927,
2062.347992166, 0.997655171,
2062.368424284, 0.997199962,
2062.388856502, 0.998312483,
2062.409288819, 0.996811305,
2062.429720936, 0.997547161,
2062.450153152, 0.997739211,
2062.470585368, 0.997624041,
2062.491017583, 0.997706445,
2062.511449798, 0.997221642,
2062.531882012, 0.997720408,
2062.552314227, 0.997743095,
2062.572746440, 0.997412510,
2062.593178653, 0.996918051,
2062.613610866, 0.997655612,
2062.634043078, 0.997299060,
2062.654475390, 0.996767177,
2062.674907501, 0.997601336,
2062.695339811, 0.997561966,
2062.715772022, 0.996867150,
2062.736204131, 0.997254714,
2062.756636441, 0.997705369,
2062.777068650, 0.997329573,
2062.797500759, 0.997528843,
2062.817933066, 0.997916587,
2062.838365274, 0.997879845,
2062.858797381, 0.997204894,
2062.879229688, 0.997147381,
2062.899661894, 0.996958077,
2062.920094000, 0.997618099,
2062.940526305, 0.996919613,
2062.960958510, 0.996819967,
2062.981390714, 0.996633017,
2063.001822918, 0.996879528,
2063.022255122, 0.996594731,
2063.042687325, 0.997045341,
2063.063119527, 0.997274712,
2063.083551729, 0.996454566,
2063.103984031, 0.996997713,
2063.124416232, 0.996731718,
2063.144848333, 0.996831731,
2063.165280633, 0.996417004,
2063.185712833, 0.996703002,
2063.206144932, 0.997061911,
2063.226577231, 0.996737483,
2063.247009329, 0.997266326,
2063.267441528, 0.996942349,
2063.287873825, 0.996909920,
2063.308305922, 0.996633116,
2063.328738118, 0.996613241,
2063.349170415, 0.996925996,
2063.369602511, 0.996434001,
2063.390034706, 0.997345752,
2063.410467001, 0.996277276,
2063.430899095, 0.996400236,
2063.451331289, 0.996551915,
2063.471763582, 0.996538980,
2063.492195775, 0.996649604,
2063.512627968, 0.996546883,
2063.533060160, 0.996698649,
2063.553492352, 0.996918196,
2063.573924542, 0.996954568,
2063.594356733, 0.996512081,
2063.614788924, 0.996912885,
2063.635221213, 0.996951136,
2063.696517780, 0.997015599,
2063.716949868, 0.996723369,
2063.737382056, 0.997549161,
2063.757814343, 0.996673886,
2063.778246430, 0.996583550,
2063.798678616, 0.996869077,
2063.819110902, 0.997020117,
2063.839542987, 0.996840974,
2063.859975172, 0.996655485,
2063.880407456, 0.996772332,
2063.900839540, 0.996352775,
2063.921271824, 0.996749977,
2063.941704007, 0.996574179,
2063.962136089, 0.996755250,
2063.982568371, 0.996758755,
2064.003000553, 0.996925219,
2064.023432634, 0.996834752,
2064.043864915, 0.996729779,
2064.064297095, 0.996258230,
2064.084729175, 0.997005840,
2064.105161455, 0.996258611,
2064.125593634, 0.996487355,
2064.554669290, 0.997167170,
2064.575101559, 0.996676241,
2064.595533728, 0.997078900,
2064.615965796, 0.996165721,
2064.636398063, 0.995803852,
2064.656830231, 0.996355950,
2064.738558796, 0.997091212,
2064.758991061, 0.996263871,
2064.779423126, 0.996983389,
2064.799855390, 0.996382635,
2064.820287554, 0.996818792,
2064.840719718, 0.996455649,
2064.861151881, 0.996802202,
2064.922448367, 0.996352267,
2064.942880528, 0.995979346,
2064.963312689, 0.996901924,
2064.983744949, 0.996957330,
2065.004177009, 0.996656239,
2065.024609168, 0.996914071,
2065.045041427, 0.996864611,
2065.065473486, 0.996991360,
2065.085905644, 0.996655890,
2065.106337901, 0.996290421,
2065.126769959, 0.996687415,
2065.147202115, 0.996388619,
2065.167634372, 0.997034543,
2065.188066428, 0.996858073,
2065.208498683, 0.996931148,
2065.228930838, 0.996351417,
2065.249362892, 0.996765173,
2065.269795147, 0.996818353,
2065.290227300, 0.996426761,
2065.310659453, 0.996856810,
2065.331091607, 0.996236805,
2065.351523759, 0.996164485,
2065.371955911, 0.996584684,
2065.392388062, 0.997070019,
2065.412820213, 0.996413312,
2065.433252364, 0.996446478,
2065.453684514, 0.996772626,
2065.474116664, 0.995976380,
2065.494548713, 0.996495307,
2065.514980962, 0.996669365,
2065.535413110, 0.996381986,
2065.555845158, 0.996263852,
2065.576277406, 0.995897989,
2065.596709553, 0.996129122,
2065.658005992, 0.996501007,
2065.678438237, 0.996303713,
2065.698870282, 0.996402320,
2065.719302426, 0.996254295,
2065.739734670, 0.996304975,
2065.760166714, 0.996884721,
2065.780598857, 0.996365861,
2065.801031100, 0.996536216,
2065.821463242, 0.997080668,
2065.841895284, 0.996773838,
2065.862327525, 0.996271281,
2065.882759666, 0.996311475,
2065.903191706, 0.996147651,
2065.923623947, 0.996379445,
2065.944056086, 0.996524200,
2065.964488125, 0.996379753,
2065.984920364, 0.996542333,
2066.005352503, 0.997103201,
2066.025784541, 0.996594798,
2066.046216778, 0.996337040,
2066.066648915, 0.996625282,
2066.087081152, 0.995937053,
2066.148377459, 0.996610818,
2066.168809594, 0.997144276,
2066.189241728, 0.996856734,
2066.209673863, 0.997174405,
2066.230105996, 0.996294738,
2066.250538129, 0.997262712,
2066.270970262, 0.997041144,
2066.291402394, 0.996954869,
2066.311834526, 0.996822983,
2066.332266757, 0.996282970,
2066.393563149, 0.996500259,
2066.413995179, 0.996321067,
2066.434427308, 0.996711281,
2066.454859537, 0.997403768,
2066.475291565, 0.997346237,
2066.495723693, 0.996575288,
2066.516155921, 0.997028921,
2066.536587948, 0.997123027,
2066.557020175, 0.996658896,
2066.577452301, 0.996855563,
2066.597884327, 0.996646872,
2066.618316552, 0.996433224,
2066.638748677, 0.996768532,
2066.659180801, 0.996885315,
2066.679612925, 0.996703344,
2066.700045049, 0.996738564,
2066.720477173, 0.996501412,
2066.740909295, 0.996998703,
2066.761341417, 0.996710379,
2066.781773539, 0.996472718,
2066.802205761, 0.996532490,
2066.822637782, 0.996371564,
2066.863502023, 0.997287863,
2066.883934143, 0.996863089,
2066.904366262, 0.997510343,
2066.924798481, 0.996040438,
2066.945230500, 0.996812079,
2066.965662518, 0.996970608,
2066.986094735, 0.996685001,
2067.006526852, 0.996816509,
2067.026959069, 0.996637585,
2067.047391086, 0.997431078,
2067.067823202, 0.996687184,
2067.088255417, 0.997060487,
2067.108687432, 0.997239663,
2067.129119547, 0.997343730,
2067.149551761, 0.996221564,
2067.169983875, 0.997232075,
2067.190415888, 0.996457016,
2067.210848101, 0.996871416,
2067.231280214, 0.997084846,
2067.251712226, 0.997192795,
2067.272144437, 0.996703036,
2067.292576549, 0.996644972,
2067.313008559, 0.996508550,
2067.353872880, 0.996396986,
2067.374304890, 0.996876187,
2067.394737098, 0.997008872,
2067.415169207, 0.997424767,
2067.435601215, 0.996146273,
2067.456033423, 0.996920209,
2067.476465531, 0.996407295,
2067.496897738, 0.996430187,
2067.517329744, 0.996774698,
2067.537761850, 0.996915280,
2067.558194057, 0.997240944,
2067.578626062, 0.997148563,
2067.599058167, 0.997374847,
2067.619490271, 0.997082922,
2067.639922475, 0.997036466,
2067.660354479, 0.996692921,
2067.680786582, 0.997082027,
2067.701218685, 0.997064953,
2067.721650787, 0.996815801,
2067.742082989, 0.997086369,
2067.762514991, 0.996890355,
2067.782947092, 0.996744416,
2067.803379292, 0.996717003,
2067.864675592, 0.997243952,
2067.885107591, 0.996761870,
2067.905539789, 0.997231581,
2067.925971887, 0.997002295,
2067.946403885, 0.997380630,
2067.966836082, 0.997780630,
2067.987268179, 0.997505604,
2068.007700276, 0.997317663,
2068.028132372, 0.997634874,
2068.048564468, 0.996883196,
2068.130292846, 0.996697764,
2068.150725039, 0.997783996,
2068.171157032, 0.997051546,
2068.191589125, 0.997197694,
2068.212021317, 0.996995451,
2068.232453309, 0.997189773,
2068.252885401, 0.997598143,
2068.273317591, 0.996928383,
2068.293749582, 0.997538928,
2068.314181672, 0.997600137,
2068.334613862, 0.997366055,
2068.355045851, 0.996535783,
2068.375478040, 0.996648332,
2068.395910029, 0.997065825,
2068.416342117, 0.997149850,
2068.436774305, 0.996839360,
2068.457206292, 0.997340391,
2068.477638379, 0.997132081,
2068.498070565, 0.996841950,
2068.518502551, 0.996904648,
2068.538934637, 0.996304579,
2068.559366822, 0.997113105,
2068.579798907, 0.997007500,
2068.600230891, 0.997543361,
2068.620663075, 0.996691595,
2068.641095159, 0.995767881,
2068.661527141, 0.996736505,
2068.681959324, 0.996986149,
2068.702391406, 0.996550112,
2068.722823388, 0.996851359,
2068.743255570, 0.996196558,
2068.763687651, 0.996239905,
2068.784119831, 0.996837981,
2068.845416071, 0.996583407,
2068.865848050, 0.997075270,
2068.886280128, 0.996263477,
2068.906712306, 0.997466630,
2068.927144284, 0.996225719,
2068.947576361, 0.996821734,
2068.968008538, 0.997208703,
2068.988440615, 0.996813598,
2069.008872591, 0.996820740,
2069.029304766, 0.996277653,
2069.049736842, 0.996254936,
2069.070168817, 0.996227637,
2069.090600991, 0.995754725,
2069.111032965, 0.995855698,
2069.131465039, 0.996169329,
2069.151897212, 0.996248213,
2069.172329284, 0.996051431,
2069.192761256, 0.996113220,
2069.213193429, 0.996256903,
2069.233625400, 0.996622759,
2069.254057571, 0.995720282,
2069.274489642, 0.995593508,
2069.315353782, 0.996211661,
2069.335785852, 0.996182422,
2069.356217821, 0.996697048,
2069.376649989, 0.996545729,
2069.397082058, 0.996437489,
2069.417514126, 0.995557795,
2069.437946193, 0.996117632,
2069.458378260, 0.996323688,
2069.478810327, 0.996956408,
2069.499242393, 0.995928266,
2069.519674459, 0.996563430,
2069.580970654, 0.996517109,
2069.601402718, 0.996506184,
2069.621834882, 0.996930883,
2069.642266845, 0.996534917,
2069.683131070, 0.996890755,
2069.703563033, 0.997150261,
2069.723995194, 0.997176431,
2069.744427255, 0.997547255,
2069.785291377, 0.996402603,
2069.805723437, 0.996721816,
2069.826155397, 0.997251256,
2069.846587556, 0.996583062,
2069.867019515, 0.996937635,
2069.887451674, 0.996702576,
2069.907883731, 0.996645286,
2069.928315789, 0.996870260,
2069.948747746, 0.996776390,
2069.969179903, 0.996810624,
2069.989611960, 0.996768692,
2070.010043916, 0.996721715,
2070.091772236, 0.996756046,
2070.112204290, 0.996492009,
2070.132636444, 0.996613038,
2070.153068397, 0.996498185,
2070.173500450, 0.996423658,
2070.193932602, 0.996725919,
2070.214364554, 0.996793025,
2070.234796606, 0.996370216,
2070.255228757, 0.996424095,
2070.275660708, 0.996349953,
2070.316524908, 0.996303435,
2070.336956857, 0.996602199,
2070.357388907, 0.996882155,
2070.377821056, 0.997026729,
2070.418685052, 0.997419512,
2070.439117200, 0.997658489,
2070.459549247, 0.997187491,
2070.479981194, 0.996750682,
2070.500413340, 0.996388390,
2070.541277531, 0.996191997,
2070.561709477, 0.995779339,
2070.582141421, 0.996504697,
2070.602573566, 0.997035112,
2070.623005610, 0.996467146,
2070.663869696, 0.997086478,
2070.684301739, 0.997382006,
2070.704733681, 0.997145590,
2070.725165824, 0.996875756,
2070.745597865, 0.997231992,
2070.766029906, 0.997687268,
2070.786461947, 0.997808182,
2070.806893988, 0.998252447,
2070.827326028, 0.996704515,
2070.847758067, 0.997642220,
2070.868190106, 0.997648801,
2070.888622145, 0.997457970,
2070.909054284, 0.997400608,
2070.929486221, 0.997372286,
2070.949918359, 0.997570891,
2070.970350396, 0.997731382,
2070.990782333, 0.996420534,
2071.052078441, 0.997843583,
2071.072510576, 0.998476443,
2071.092942611, 0.998014492,
2071.113374546, 0.998168648,
2071.133806680, 0.998032082,
2071.154238713, 0.998113432,
2071.174670646, 0.997526049,
2071.195102779, 0.998067264,
2071.215534812, 0.997861910,
2071.317694968, 0.996205867,
2071.338126998, 0.996101846,
2071.399423086, 0.996236988,
2071.419855215, 0.996897505,
2071.440287143, 0.997071569,
2071.460719170, 0.996848896,
2071.501583225, 0.997055353,
2071.542447377, 0.996015167,
2071.562879303, 0.997237772,
2071.583311329, 0.996243904,
2071.644607402, 0.996687122,
2071.665039526, 0.995597809,
2071.685471450, 0.994925950,
2071.705903473, 0.996385575,
2071.726335595, 0.996732147,
2071.746767618, 0.996611152,
2071.767199640, 0.996146969,
2071.808063682, 0.996761017,
2071.828495702, 0.995691113,
2071.869359743, 0.995395233,
2071.889791862, 0.996862796,
2071.910223781, 0.995863332,
2071.930655800, 0.995983678,
2071.951087918, 0.995850673,
2071.971519836, 0.996427769,
2072.053247904, 0.997406107,
2072.073679920, 0.997464413,
2072.094111936, 0.996337542,
2072.114543951, 0.997196213,
2072.134975966, 0.997004116,
2072.155407981, 0.997086893,
2072.175839995, 0.996731067,
2072.196272008, 0.996685789,
2072.216704022, 0.997564504,
2072.237136135, 0.996216304,
2072.257568147, 0.996957242,
2072.278000059, 0.996813694,
2072.318864182, 0.996984019,
2072.339296093, 0.996732291,
2072.359728204, 0.996053843,
2072.380160214, 0.995931441,
2072.400592124, 0.996195443,
2072.421024233, 0.996660290,
2072.441456242, 0.996577396,
2072.461888151, 0.997258138,
2072.502752267, 0.996702263,
2072.523184175, 0.996696349,
2072.543616282, 0.996194057,
2072.564048289, 0.996521457,
2072.584480295, 0.996291663,
2072.604912301, 0.995810363,
2072.625344306, 0.997277691,
2072.645776411, 0.995992657,
2072.666208316, 0.995848426,
2072.686640321, 0.996105464,
2072.707072425, 0.995892473,
2072.747936332, 0.997571009,
2072.768368435, 0.996498710,
2072.788800437, 0.996735337,
2072.809232339, 0.997026127,
2072.829664441, 0.997527743,
2072.850096342, 0.997187985,
2072.870528343, 0.996741880,
2072.890960444, 0.997011581,
2072.911392344, 0.997402776,
2072.931824344, 0.997090297,
2072.952256444, 0.997503485,
2072.972688343, 0.996306354,
2072.993120341, 0.997518070,
2073.013552439, 0.996820544,
2073.033984338, 0.997563657,
2073.054416435, 0.996806548,
2073.074848432, 0.996339216,
2073.095280429, 0.996496595,
2073.115712425, 0.996393818,
2073.136144422, 0.997589375,
2073.156576418, 0.996712117,
2073.177008412, 0.995994854,
2073.197440408, 0.996329514,
2073.258736390, 0.997197090,
2073.279168383, 0.996611362,
2073.299600476, 0.997054792,
2073.320032369, 0.996611812,
2073.340464361, 0.996866832,
2073.360896453, 0.996637250,
2073.381328345, 0.996801297,
2073.401760336, 0.996830630,
2073.422192327, 0.997011369,
2073.442624317, 0.996520261,
2073.463056407, 0.997160730,
2073.483488296, 0.996562677,
2073.503920286, 0.996746983,
2073.524352374, 0.996823941,
2073.544784263, 0.997061566,
2073.565216251, 0.996239557,
2073.585648339, 0.996797116,
2073.606080326, 0.996633587,
2073.626512213, 0.997300196,
2073.646944300, 0.996303856,
2073.667376286, 0.996790074,
2073.687808172, 0.996608748,
2073.749104127, 0.996988577,
2073.769536212, 0.997246969,
2073.789968195, 0.997228400,
2073.810400079, 0.997080339,
2073.830832162, 0.996878711,
2073.851264145, 0.997236754,
2073.871696228, 0.997240383,
2073.892128110, 0.996257846,
2073.932992173, 0.996677624,
2073.994288115, 0.997785584,
2074.014719995, 0.997672741,
2074.035151974, 0.997942921,
2074.055584054, 0.996806584,
2074.076016032, 0.997781643,
2074.096447911, 0.996699662,
2074.116879988, 0.997600340,
2074.137311866, 0.997424445,
2074.157743844, 0.996952961,
2074.178175920, 0.997224082,
2074.239471849, 0.997080307,
2074.259903724, 0.997635107,
2074.280335699, 0.996951934,
2074.300767774, 0.997310751,
2074.321199648, 0.996965077,
2074.341631722, 0.996620975,
2074.362063696, 0.996864625,
2074.382495569, 0.997168309,
2074.402927642, 0.996490326,
2074.423359614, 0.997112673,
2074.443791586, 0.996535721,
2074.464223558, 0.997571366,
2074.484655529, 0.996569777,
2074.525519471, 0.996420917,
2074.545951441, 0.997079110,
2074.586815481, 0.997771268,
2074.607247350, 0.996795692,
2074.627679318, 0.997199551,
2074.648111387, 0.997152316,
2074.729839157, 0.996774579,
2074.750271224, 0.996841007,
2074.831999086, 0.997169871,
2074.872863015, 0.996915607,
2074.893294880, 0.996743676,
2074.975022732, 0.997355159,
2074.995454794, 0.997119098,
2075.015886756, 0.997519067,
2075.036318617, 0.997485084,
2075.056750678, 0.997695009,
2075.077182639, 0.997190647,
2075.097614499, 0.997722060,
2075.118046559, 0.998073451,
2075.138478519, 0.997882201,
2075.158910578, 0.997445164,
2075.179342437, 0.998326982,
2075.199774396, 0.998641883,
2075.220206454, 0.998261095,
2075.240638312, 0.998463828,
2075.261070270, 0.997828703,
2075.281502326, 0.998194516,
2075.301934184, 0.997828706,
2075.322366140, 0.997510775,
2075.342798196, 0.997961794,
2075.363230051, 0.997202135,
2075.383662006, 0.998099004,
2075.404094062, 0.997805998,
2075.465389924, 0.997527061,
2075.485821878, 0.997412014,
2075.506253731, 0.997210099,
2075.526685784, 0.997243631,
2075.547117736, 0.997402257,
2075.567549688, 0.996992914,
2075.587981640, 0.998914911,
2075.608413591, 0.997275557,
2075.628845542, 0.997363570,
2075.649277493, 0.997133793,
2075.710573343, 0.998041833,
2075.731005192, 0.997973755,
2075.751437241, 0.997639695,
2075.771869189, 0.997463976,
2075.792301037, 0.996686991,
2075.812733085, 0.997480400,
2075.833165032, 0.997337591,
2075.853596979, 0.996967480,
2075.874028926, 0.997101509,
2075.894460873, 0.997490737,
2075.955756709, 0.997502816,
2075.976188754, 0.997747265,
2075.996620699, 0.997379190,
2076.017052543, 0.997631531,
2076.037484587, 0.997056465,
2076.057916530, 0.997447289,
2076.078348373, 0.997588585,
2076.098780416, 0.997153643,
2076.119212359, 0.997554186,
2076.139644201, 0.997426558,
2076.160076242, 0.997785983,
2076.180508184, 0.997082963,
2076.200940025, 0.997597090,
2076.221372065, 0.996615431,
2076.241804006, 0.997869552,
2076.262235946, 0.997043777,
2076.282667885, 0.997334962,
2076.303099825, 0.997676678,
2076.323531764, 0.997518853,
2076.343963702, 0.997334554,
2076.364395640, 0.997842102,
2076.384827578, 0.997203091,
2076.425691452, 0.997292745,
2076.446123390, 0.997497664,
2076.466555326, 0.997230384,
2076.486987262, 0.997324981,
2076.507419298, 0.997440457,
2076.527851133, 0.996981812,
2076.548283068, 0.997190357,
2076.568715103, 0.997203965,
2076.589146937, 0.997151410,
2076.609578871, 0.997397315,
2076.630010905, 0.997684830,
2076.670874670, 0.997624094,
2076.691306703, 0.997502782,
2076.711738535, 0.996986565,
2076.732170467, 0.997674917,
2076.752602499, 0.997101752,
2076.773034330, 0.996980271,
2076.793466361, 0.997427656,
2076.813898291, 0.997117621,
2076.834330221, 0.997505464,
2076.854762151, 0.997060842,
2076.875194081, 0.996992638,
2076.916058038, 0.997467843,
2076.936489866, 0.997859271,
2076.956921795, 0.997191387,
2076.977353823, 0.997687610,
2076.997785650, 0.997978129,
2077.018217577, 0.997620122,
2077.038649503, 0.997944586,
2077.059081430, 0.998350145,
2077.079513356, 0.998019413,
2077.099945281, 0.997698334,
2077.120377206, 0.997676983,
2077.140809031, 0.997625165,
2077.161241056, 0.998049991,
2077.181672980, 0.998132901,
2077.202105004, 0.997632356,
2077.222536827, 0.998175182,
2077.242968751, 0.997934826,
2077.263400773, 0.997809245,
2077.283832596, 0.997715674,
2077.304264518, 0.997387657,
2077.324696540, 0.997201632,
2077.345128461, 0.997681847,
2077.365560282, 0.997966899,
2077.426856044, 0.997829394,
2077.447288063, 0.997465592,
2077.467719983, 0.997500110,
2077.488151802, 0.998181999,
2077.508583821, 0.997223967,
2077.529015739, 0.997041348,
2077.549447557, 0.997365751,
2077.569879574, 0.997966434,
2077.590311492, 0.997983112,
2077.672039258, 0.998134397,
2077.692471073, 0.997920296,
2077.712902989, 0.998366762,
2077.733335004, 0.997769890,
2077.753766818, 0.997848933,
2077.774198732, 0.998040862,
2077.794630646, 0.997610104,
2077.815062660, 0.997977014,
2077.835494473, 0.997874466,
2077.855926486, 0.997623950,
2077.937654034, 0.998355252,
2077.958086046, 0.997629027,
2077.978517956, 0.998103866,
2077.998949767, 0.998029000,
2078.019381777, 0.998184160,
2078.039813687, 0.998287357,
2078.060245496, 0.997735371,
2078.080677506, 0.998020653,
2078.101109414, 0.996834914,
2078.162405139, 0.997728547,
2078.182837046, 0.997834635,
2078.203268953, 0.998275667,
2078.223700860, 0.998008010,
2078.244132767, 0.998007260,
2078.264564673, 0.999316184,
2078.284996579, 1.000322877,
2078.305428484, 0.999299044,
2078.346292294, 1.000389952,
2078.407588006, 0.998964543,
2078.468883716, 0.998225501,
2078.571043225, 0.997625359,
2078.591475126, 0.998477229,
2078.693634725, 0.999008246,
2078.734498522, 0.997623108,
2078.795794215, 0.997430712,
2078.897953797, 0.996929918,
2078.938817488, 0.997646793,
2078.959249483, 0.996653942,
2079.000113171, 0.997863034,
2079.020545165, 0.997861948,
2079.040976959, 0.998672795,
2079.061408852, 0.997172771,
2079.081840845, 0.997399704,
2079.143136521, 0.997489717,
2079.163568413, 0.997628743,
2079.184000304, 0.997311921,
2079.224864085, 0.997451938,
2079.245295976, 0.997665268,
2079.265727865, 0.997915287,
2079.286159655, 0.998006654,
2079.306591644, 0.997470576,
2079.327023533, 0.998585345,
2079.347455322, 0.997464672,
2079.367887310, 0.997637515,
2079.388319198, 0.997394043,
2079.408750985, 0.997915247,
2079.429182973, 0.998033718,
2079.449614859, 0.997674779,
2079.470046646, 0.998826512,
2079.490478632, 0.998611856,
2079.510910518, 0.998370992,
2079.531342404, 0.998693067,
2079.551774289, 0.998283518,
2079.572206174, 0.998050382,
2079.592638159, 0.998098667,
2079.613069943, 0.998738525,
2079.633501827, 0.998687624,
2079.653933811, 0.998128123,
2079.674365694, 0.998292764,
2079.694797477, 0.998119962,
2079.715229460, 0.997977054,
2079.735661342, 0.998382956,
2079.756093124, 0.997423240,
2079.776525106, 0.997128049,
2079.796956988, 0.998813524,
2079.817388769, 0.999783744,
2079.878684410, 0.997269832,
2079.899116390, 0.997578924,
2079.919548269, 0.997816760,
2079.939980048, 0.998004218,
2079.960412027, 0.997557903,
2079.980843906, 0.998158827,
2080.001275784, 0.998286814,
2080.042139540, 0.997582337,
2080.062571417, 0.997646906,
2080.123867047, 0.998182002,
2080.144298922, 0.998150617,
2080.164730798, 0.997831559,
2080.185162773, 0.998063881,
2080.205594548, 0.997874777,
2080.226026423, 0.997283662,
2080.246458398, 0.997656605,
2080.266890172, 0.997503513,
2080.287322045, 0.997483561,
2080.307754019, 0.997450796,
2080.369049637, 0.998073080,
2080.389481409, 0.998433922,
2080.409913381, 0.997999391,
2080.430345252, 0.997856165,
2080.450777024, 0.997728387,
2080.471208994, 0.997555095,
2080.491640865, 0.997196050,
2080.512072735, 0.997407410,
2080.532504605, 0.997741869,
2080.552936475, 0.997528593,
2080.573368344, 0.997769079,
2080.593800213, 0.997642917,
2080.614232082, 0.998183059,
2080.634663950, 0.997937419,
2080.655095918, 0.997887494,
2080.675527685, 0.997533177,
2080.695959553, 0.997825652,
2080.716391420, 0.997441441,
2080.736823287, 0.998490474,
2080.757255053, 0.998189126,
2080.777687019, 0.998414376,
2080.798118885, 0.998412248,
2080.859414481, 0.998420163,
2080.879846445, 0.998194790,
2080.900278209, 0.998650808,
2080.920710073, 0.998009935,
2080.941142037, 0.997646476,
2080.961573800, 0.998121434,
2080.982005663, 0.998159118,
2081.002437626, 0.998639302,
2081.022869488, 0.998109695,
2081.043301251, 0.998136538,
2081.063733212, 0.998533933,
2081.084165074, 0.997835361,
2081.104596835, 0.998045965,
2081.125028796, 0.998519547,
2081.145460656, 0.997942492,
2081.165892416, 0.997981934,
2081.186324376, 0.998449517,
2081.206756236, 0.997797109,
2081.227188195, 0.997540907,
2081.247619954, 0.997933365,
2081.268051813, 0.998458156,
2081.288483771, 0.998335340,
2081.349779344, 0.998406217,
2081.370211101, 0.998200597,
2081.390642958, 0.997974036,
2081.411074814, 0.998305680,
2081.431506671, 0.998142982,
2081.451938527, 0.997961161,
2081.472370382, 0.998293241,
2081.492802237, 0.998026401,
2081.513234092, 0.998297255,
2081.533665947, 0.998094451,
2081.554097801, 0.998133613,
2081.574529655, 0.998821873,
2081.594961609, 0.998617971,
2081.615393362, 0.997906524,
2081.635825315, 0.998521119,
2081.656257168, 0.997994904,
2081.676688921, 0.998338566,
2081.697120873, 0.998604849,
2081.717552725, 0.998073937,
2081.737984476, 0.998818664,
2081.758416427, 0.998477471,
2081.778848278, 0.998662130,
2081.840143830, 0.998383974,
2081.860575679, 0.998202400,
2081.881007529, 0.998509996,
2081.901439378, 0.997809501,
2081.921871227, 0.998204899,
2081.942303075, 0.998232869,
2081.962734923, 0.998505946,
2081.983166771, 0.997964124,
2082.003598619, 0.998184555,
2082.024030466, 0.998646567,
2082.044462413, 0.998335142,
2082.064894260, 0.998230839,
2082.085326006, 0.998338407,
2082.105757952, 0.998215265,
2082.126189698, 0.997775003,
2082.146621544, 0.998252100,
2082.167053489, 0.998447513,
2082.187485234, 0.998250574,
2082.207917078, 0.998328334,
2082.228349023, 0.998757882,
2082.248780767, 0.998039983,
2082.330508140, 0.998612204,
2082.350940082, 0.998321981,
2082.371371824, 0.997831855,
2082.391803666, 0.998468998,
2082.432667449, 0.998681978,
2082.453099290, 0.998304581,
2082.473531131, 0.998272398,
2082.493962971, 0.998270145,
2082.514394911, 0.998565765,
2082.534826651, 0.998097718,
2082.555258490, 0.998481875,
2082.575690430, 0.998412485,
2082.596122169, 0.998468009,
2082.616554007, 0.998080607,
2082.636985945, 0.998218919,
2082.657417683, 0.998421953,
2082.677849521, 0.998650431,
2082.698281459, 0.998214434,
2082.718713196, 0.998302854,
2082.739145033, 0.998201241,
2082.759576969, 0.998351671,
2082.820872477, 0.998807072,
2082.841304212, 0.998733180,
2082.861736147, 0.998354470,
2082.882167982, 0.998417487,
2082.902599717, 0.998283628,
2082.923031650, 0.998089328,
2082.943463484, 0.998158185,
2082.963895218, 0.998428068,
2082.984327151, 0.998394420,
2083.004758984, 0.998130213,
2083.025190717, 0.998190349,
2083.045622649, 0.998333739,
2083.066054482, 0.998163231,
2083.086486213, 0.998082358,
2083.106918145, 0.998284854,
2083.127349976, 0.998555506,
2083.147781707, 0.998020739,
2083.168213638, 0.999578475,
2083.188645468, 0.998080216,
2083.209077398, 0.997739504,
2083.229509128, 0.997878848,
2083.249940957, 0.998468218,
2083.311236444, 0.997980914,
2083.331668372, 0.997881826,
2083.352100200, 0.998093286,
2083.372531928, 0.998187797,
2083.392963855, 0.998199530,
2083.413395682, 0.998377250,
2083.433827409, 0.998376456,
2083.454259336, 0.998118648,
2083.474691162, 0.998194527,
2083.495122888, 0.998382346,
2083.515554814, 0.997972785,
2083.535986639, 0.998351296,
2083.556418564, 0.998482628,
2083.576850289, 0.998438480,
2083.597282114, 0.998445766,
2083.617713938, 0.998263020,
2083.638145762, 0.998412165,
2083.658577486, 0.998146440,
2083.679009409, 0.998567347,
2083.699441232, 0.998220198,
2083.719872955, 0.998654372,
2083.740304878, 0.998928429,
2083.801600343, 0.999343062,
2083.822032165, 0.998637966,
2083.842463986, 0.998444140,
2083.862895807, 0.998406530,
2083.883327627, 0.998983820,
2083.903759447, 0.999099201,
2083.924191367, 0.998722572,
2083.944623087, 1.001190955,
2083.965055006, 0.998290658,
2083.985486825, 0.998927869,
2084.005918544, 0.998796300,
2084.026350463, 0.998743291,
2084.046782281, 0.998856136,
2084.067213999, 0.998850792,
2084.087645917, 0.998981650,
2084.108077734, 0.998999847,
2084.128509451, 0.998760383,
2084.148941368, 0.998247002,
2084.169373184, 0.998736725,
2084.189805001, 0.998814986,
2084.210236817, 0.998743099,
2084.230668632, 0.999025259,
2084.291964078, 0.999244813,
2084.312395892, 0.999435004,
2084.332827707, 0.998526492,
2084.353259521, 0.998617585,
2084.373691334, 0.998578133,
2084.394123148, 0.998689351,
2084.414554961, 0.998277616,
2084.434986874, 0.999045806,
2084.455418586, 0.998817253,
2084.475850399, 0.998423253,
2084.496282311, 0.998956768,
2084.516714022, 0.998670974,
2084.537145834, 0.998926189,
2084.557577745, 0.998795978,
2084.578009456, 0.998926592,
2084.598441267, 0.998694702,
2084.618873177, 0.998576857,
2084.639304887, 0.998962547,
2084.659736697, 0.997711917,
2084.680168606, 0.998945398,
2084.700600316, 0.999100198,
2084.721032224, 0.998739878,
2084.782327650, 0.998475225,
2084.802759457, 0.998750324,
2084.823191265, 0.998803333,
2084.843623072, 0.999029519,
2084.864054879, 0.998559383,
2084.884486686, 0.998571249,
2084.904918593, 0.999230881,
2084.925350299, 0.999015181,
2084.945782105, 0.999285238,
2084.966214010, 0.998831446,
2085.007077521, 0.998673739,
2085.027509426, 0.998644136,
2085.047941130, 0.998599524,
2085.068372934, 0.999194697,
2085.088804838, 0.998685576,
2085.109236542, 0.998699643,
2085.129668446, 0.998610524,
2085.150100149, 0.998877990,
2085.170531952, 0.998904840,
2085.190963854, 0.998698870,
2085.211395557, 0.998778972,
2085.231827359, 0.998764511,
2085.252259260, 0.998823124,
2085.272691062, 0.998764572,
2085.293122763, 0.999789362,
2085.313554664, 0.998608583,
2085.333986465, 0.999087869,
2085.354418165, 0.998546801,
2085.374850065, 0.998937821,
2085.395281865, 0.998920700,
2085.415713565, 0.998359456,
2085.436145464, 0.998739146,
2085.456577263, 0.998463235,
2085.517872659, 0.998996257,
2085.538304557, 0.998630666,
2085.558736255, 0.999166094,
2085.579168052, 0.998863850,
2085.599599949, 0.998428246,
2085.620031646, 0.998857536,
2085.640463443, 0.998274864,
2085.660895339, 0.999106577,
2085.681327035, 0.998406698,
2085.701758831, 0.998445165,
2085.763054217, 0.998560981,
2085.783486112, 0.998072626,
2085.803917906, 0.998059457,
2085.824349701, 0.998156151,
2085.844781495, 0.998719000,
2085.865213188, 0.998658269,
2085.885645082, 0.998343148,
2085.906076875, 0.998329379,
2085.926508568, 0.998289442,
2085.946940460, 0.998395115,
2085.967372253, 0.998957422,
2085.987803945, 0.998765434,
2086.008235836, 0.999042922,
2086.028667628, 0.998675979,
2086.049099319, 0.999042031,
2086.069531210, 0.999104235,
2086.089963001, 0.999179738,
2086.130826582, 0.999416909,
2086.151258372, 0.999446868,
2086.171690162, 0.998950950,
2086.192121951, 0.999222482,
2086.253417418, 0.998975724,
2086.273849106, 0.999210097,
2086.294280994, 0.999449929,
2086.314712782, 0.999497290,
2086.335144470, 0.999586077,
2086.355576357, 0.999591782,
2086.376008144, 0.999253664,
2086.396439831, 0.999689788,
2086.416871717, 0.999484542,
2086.437303504, 0.999424615,
2086.457735190, 0.999012138,
2086.478167075, 0.998962430,
2086.498598861, 0.999585050,
2086.519030546, 0.999206781,
2086.539462431, 0.999188352,
2086.559894116, 0.999347193,
2086.580326000, 0.999082881,
2086.600757784, 0.999233875,
2086.621189568, 0.999449622,
2086.641621352, 0.999977689,
2086.662053136, 0.999852786,
2086.682484919, 0.999524956,
2086.743780267, 0.999585372,
2086.764212049, 0.999571722,
2086.784643830, 0.999668731,
2086.805075612, 0.999245869,
2086.825507493, 0.999410269,
2086.845939175, 0.998827054,
2086.866370955, 0.999406149,
2086.886802836, 0.999875687,
2086.907234516, 0.999443888,
2086.927666396, 0.999833345,
2086.948098176, 0.999738592,
2086.968529856, 0.999623746,
2086.988961735, 0.999876183,
2087.009393514, 1.000073048,
2087.029825193, 0.999712453,
2087.050257071, 0.999413635,
2087.070688849, 0.999558616,
2087.091120628, 0.999867757,
2087.111552405, 0.999841518,
2087.131984183, 0.999445874,
2087.152415960, 0.999370334,
2087.172847737, 0.999383896,
2087.234143066, 1.000061763,
2087.254574842, 0.999495982,
2087.275006718, 0.999722508,
2087.295438393, 0.999819248,
2087.315870168, 1.000126976,
2087.336302044, 0.999869488,
2087.356733718, 0.999975865,
2087.377165493, 1.000006961,
2087.397597367, 1.000220449,
2087.418029041, 1.000001656,
2087.438460815, 1.000027678,
2087.479324361, 0.999873909,
2087.499756134, 0.999884693,
2087.520188007, 0.999763869,
2087.540619679, 0.999736581,
2087.581483323, 1.000104990,
2087.601914995, 1.000052602,
2087.622346866, 0.999897884,
2087.642778637, 0.999843828,
2087.663210408, 0.999512246,
2087.724505720, 0.999611930,
2087.744937589, 0.999518707,
2087.765369259, 0.999653601,
2087.785801029, 0.999606836,
2087.806232898, 0.999260206,
2087.826664567, 0.999377739,
2087.847096335, 0.999067229,
2087.867528204, 0.998943210,
2087.887959872, 0.999599686,
2087.908391640, 0.999539982,
2087.928823508, 0.999691577,
2087.949255175, 0.999970500,
2087.969686942, 0.999327381,
2087.990118709, 0.999541584,
2088.010550476, 0.999834370,
2088.030982342, 0.999348434,
2088.051414008, 0.999757420,
2088.071845774, 0.999703693,
2088.092277640, 0.999695153,
2088.112709406, 0.999901774,
2088.133141071, 0.999803968,
2088.153572936, 0.999735639,
2088.214868229, 0.999665565,
2088.235299993, 0.999614424,
2088.255731657, 0.999621455,
2088.276163520, 0.999944500,
2088.296595284, 0.999719115,
2088.317026947, 0.999564855,
2088.337458809, 0.999675149,
2088.357890572, 0.999034457,
2088.378322434, 0.999258613,
2088.398754096, 0.999684560,
2088.419185858, 0.999508854,
2088.439617720, 0.999561733,
2088.460049381, 0.999556297,
2088.480481142, 1.000221353,
2088.500913003, 0.999887591,
2088.521344663, 0.999571538,
2088.541776424, 0.999040480,
2088.562208284, 1.000067344,
2088.582640044, 0.999619674,
2088.603071703, 0.999983737,
2088.623503563, 0.999528986,
2088.684798839, 1.000203027,
2088.705230598, 0.999504881,
2088.725662356, 0.998980763,
2088.746094114, 0.999918341,
2088.766525772, 1.000031566,
2088.786957629, 0.999966446,
2088.807389386, 0.999620443,
2088.827821043, 0.999891526,
2088.848252900, 0.999826096,
2088.868684656, 1.000060414,
2088.889116313, 1.000285303,
2088.909548169, 0.999967351,
2088.929979925, 1.000039765,
2088.950411680, 1.000304729,
2088.970843435, 0.999916814,
2088.991275191, 1.000243486,
2089.011706945, 1.000209949,
2089.032138700, 0.999846055,
2089.052570454, 1.000291538,
2089.073002308, 1.000217331,
2089.093434062, 0.999536498,
2089.113865716, 1.000251208,
2089.195592828, 1.000294759,
2089.216024581, 0.999501246,
2089.236456233, 0.999948441,
2089.256888085, 1.000017783,
2089.277319837, 1.000290127,
2089.297751488, 0.999972473,
2089.318183339, 1.000129257,
2089.338615091, 1.000030742,
2089.359046741, 1.000270686,
2089.379478592, 1.000019301,
2089.399910242, 1.000307365,
2089.420342093, 1.000008369,
2089.440773842, 1.000479397,
2089.461205492, 1.000147702,
2089.481637341, 0.999994497,
2089.502069091, 1.000483808,
2089.522500840, 1.000241820,
2089.542932588, 1.000112587,
2089.563364337, 1.000322173,
2089.583796085, 1.000628095,
2089.604227833, 1.000317024,
2089.624659581, 1.000569196,
2089.706386570, 1.000511311,
2089.726818417, 1.000206695,
2089.747250063, 1.000631307,
2089.767681909, 1.000403136,
2089.788113655, 1.000177756,
2089.808545301, 1.000482611,
2089.828977146, 1.000640001,
2089.849408892, 1.000536993,
2089.869840537, 1.000134289,
2089.890272382, 1.000294265,
2089.910704126, 1.000613315,
2089.931135871, 1.000341305,
2089.951567615, 1.000709899,
2089.992431102, 1.000031908,
2090.012862846, 1.000886547,
2090.033294589, 1.000695398,
2090.053726332, 1.000222300,
2090.074158075, 1.000402890,
2090.094589817, 1.000106590,
2090.115021659, 1.000300110,
2090.135453302, 1.000669083,
2090.155885043, 1.000311705,
2090.176316885, 1.000538795,
2090.196748527, 1.000674636,
2090.217180268, 1.000624305,
2090.237612109, 1.000683585,
2090.258043750, 1.000500622,
2090.278475490, 1.000364816,
2090.298907330, 1.000906792,
2090.319338970, 1.000615864,
2090.339770710, 1.000333006,
2090.421497767, 1.000358065,
2090.441929406, 1.000923911,
2090.462361245, 1.000331815,
2090.482792983, 1.000358726,
2090.503224721, 1.000372234,
2090.523656459, 1.000127988,
2090.544088196, 1.000636319,
2090.564519934, 1.000205834,
2090.584951671, 1.000291334,
2090.605383408, 1.000243320,
2090.625815145, 1.000390316,
2090.646246981, 1.000194146,
2090.666678617, 1.000708231,
2090.687110353, 1.000513844,
2090.707542189, 1.000228533,
2090.727973825, 1.000708751,
2090.748405560, 1.000430116,
2090.768837395, 1.000570825,
2090.789269030, 1.000681449,
2090.809700865, 1.000639143,
2090.830132600, 1.000661402,
2090.850564234, 1.000556797,
2090.870996068, 1.000735501,
2090.891427702, 1.000647223,
2090.911859436, 1.000719309,
2090.932291269, 1.000425378,
2090.952722902, 1.000649659,
2090.973154635, 1.000412152,
2090.993586468, 1.000278031,
2091.014018201, 1.000603181,
2091.034449833, 1.000394452,
2091.075313397, 1.000177939,
2091.095745129, 1.000424901,
2091.157040422, 1.000870468,
2091.177472053, 1.000558399,
2091.197903784, 1.000890774,
2091.218335614, 1.000979457,
2091.238767244, 1.000748381,
2091.259198974, 1.001021853,
2091.279630804, 1.001389208,
2091.300062433, 1.000877807,
2091.320494163, 1.001011232,
2091.340925992, 1.000711930,
2091.361357621, 1.000579153,
2091.381789350, 0.999988582,
2091.402221178, 1.000796607,
2091.422652806, 1.000759231,
2091.443084634, 1.000485842,
2091.463516362, 1.000591031,
2091.483948089, 1.001126434,
2091.504379817, 1.000670414,
2091.524811544, 1.000630049,
2091.545243271, 1.001102656,
2091.565674998, 1.000535025,
2091.586106724, 1.000657411,
2091.647401903, 1.001132441,
2091.667833529, 1.000841325,
2091.688265354, 1.000966973,
2091.708697079, 1.001040163,
2091.729128704, 1.001321630,
2091.749560529, 1.001016864,
2091.769992254, 1.000997865,
2091.790424078, 1.001237393,
2091.810855703, 1.001518944,
2091.892582597, 1.001391806,
2091.913014420, 1.001326365,
2091.933446044, 1.001178468,
2091.953877766, 1.001454852,
2091.974309589, 1.001243862,
2091.994741311, 1.000948329,
2092.015172933, 1.001631643,
2092.035604755, 1.001038158,
2092.056036477, 1.001735518,
2092.076468098, 1.002100351,
2092.096899920, 1.001638537,
2092.117331641, 1.001665832,
2092.137763462, 1.001921868,
2092.158195082, 1.002326028,
2092.178626803, 1.001682191,
2092.199058623, 1.001659125,
2092.219490243, 1.001957654,
2092.239921963, 1.001962400,
2092.260353683, 1.001387025,
2092.280785402, 1.001362432,
2092.301217021, 1.001388198,
2092.321648841, 1.001492493,
2092.342080559, 1.001410435,
2092.362512278, 1.001759790,
2092.382943997, 1.001401101,
2092.403375715, 1.001733178,
2092.423807533, 1.001772374,
2092.444239151, 1.002111761,
2092.464670868, 1.001728173,
2092.485102686, 1.001202759,
2092.505534403, 1.001328612,
2092.525966020, 1.001663680,
2092.546397837, 1.001969050,
2092.628124702, 1.001523980,
2092.648556318, 1.001673128,
2092.668988134, 1.001076310,
2092.689419849, 1.001496807,
2092.709851464, 1.001453473,
2092.730283279, 1.001446934,
2092.750714994, 1.001461548,
2092.771146809, 1.001290149,
2092.791578423, 1.000981621,
2092.812010137, 1.001229092,
2092.832441951, 1.001119990,
2092.852873565, 1.001392647,
2092.873305279, 1.001074569,
2092.893737092, 1.001393054,
2092.914168705, 1.001358291,
2092.934600418, 1.001282682,
2092.955032231, 1.001391718,
2092.975463944, 1.001521500,
2092.995895556, 1.001886465,
2093.016327368, 1.001221982,
2093.036758980, 1.001434849,
2093.057190692, 1.001851719,
2093.077622504, 1.001295888,
2093.118485926, 1.001751433,
2093.138917637, 1.001853448,
2093.159349248, 1.001175703,
2093.179781059, 1.001721639,
2093.200212769, 1.001134875,
2093.220644380, 1.001542860,
2093.241076190, 1.001535760,
2093.261507900, 1.001816535,
2093.281939509, 1.001387338,
2093.302371319, 1.001133984,
2093.322803028, 1.001674111,
2093.343234737, 1.001313951,
2093.363666446, 1.000991536,
2093.384098155, 1.001512165,
2093.404529963, 1.000975982,
2093.424961571, 1.000732610,
2093.445393279, 1.001095134,
2093.465825087, 1.001289032,
2093.486256795, 1.001093486,
2093.506688403, 1.000822781,
2093.527120210, 1.001262356,
2093.547551917, 1.000820426,
2093.608847037, 1.003079454,
2093.629278644, 1.003035126,
2093.649710450, 1.002103457,
2093.670142156, 1.001426518,
2093.690573762, 1.001090923,
2093.711005567, 1.001091981,
2093.731437273, 1.001379512,
2093.751868978, 1.001589246,
2093.772300683, 1.002114553,
2093.792732288, 1.001625138,
2093.813164093, 1.001052651,
2093.833595797, 1.001250636,
2093.854027501, 1.001619660,
2093.874459205, 1.001816639,
2093.894890909, 1.001395116,
2093.915322613, 1.001649409,
2093.935754317, 1.001295225,
2093.956186020, 1.001490064,
2093.976617723, 1.001223387,
2093.997049426, 1.001208919,
2094.017481129, 1.001805142,
2094.037912932, 1.002391059,
2094.058344634, 1.001574297,
2094.078776236, 1.002047785,
2094.099208038, 1.001762019,
2094.119639740, 1.001651918,
2094.140071342, 1.002068499,
2094.160503143, 1.001338857,
2094.180934844, 1.001339505,
2094.201366445, 1.002040330,
2094.221798246, 1.001448088,
2094.242229947, 1.001635625,
2094.262661548, 1.001702389,
2094.283093348, 1.001838271,
2094.303525048, 1.001317058,
2094.323956848, 1.001962404,
2094.364820148, 1.002213438,
2094.385251847, 1.001696225,
2094.405683546, 1.001876453,
2094.426115245, 1.002127509,
2094.446546944, 1.002099628,
2094.466978643, 1.001893680,
2094.487410342, 1.001834062,
2094.507842040, 1.001612023,
2094.528273738, 1.001512264,
2094.589568832, 1.002142306,
2094.610000529, 1.001797062,
2094.630432326, 1.002379871,
2094.650863923, 1.002269977,
2094.671295720, 1.002549492,
2094.691727417, 1.002046446,
2094.712159013, 1.001781871,
2094.732590810, 1.002073938,
2094.753022506, 1.002112329,
2094.773454102, 1.002066556,
2094.793885898, 1.002116420,
2094.814317593, 1.001947228,
2094.855180984, 1.002231321,
2094.875612679, 1.002362777,
2094.896044374, 1.002037734,
2094.916476069, 1.002344153,
2094.936907763, 1.002075882,
2094.957339558, 1.001973303,
2094.977771152, 1.002085771,
2094.998202846, 1.002315318,
2095.018634640, 1.002324065,
2095.039066333, 1.001738038,
2095.059497927, 1.002442680,
2095.079929720, 1.002107354,
2095.100361413, 1.002180751,
2095.120793006, 1.001838730,
2095.141224799, 1.001829838,
2095.161656392, 1.002224843,
2095.182088084, 1.002006327,
2095.202519877, 1.001821665,
2095.222951468, 1.001622070,
2095.243383260, 1.001854211,
2095.263814952, 1.002109706,
2095.325110026, 1.002231715,
2095.345541617, 1.001973657,
2095.365973408, 1.002290721,
2095.386405099, 1.002080229,
2095.406836790, 1.002102297,
2095.427268480, 1.002724261,
2095.447700170, 1.002217010,
2095.468131860, 1.002165878,
2095.488563550, 1.002091032,
2095.508995239, 1.002174626,
2095.570290307, 1.003112584,
2095.590722096, 1.002829075,
2095.611153785, 1.001987980,
2095.631585374, 1.002423641,
2095.652017162, 1.002716937,
2095.672448850, 1.002299041,
2095.692880438, 1.001699829,
2095.713312226, 1.001824886,
2095.733743914, 1.002257290,
2095.754175502, 1.001720505,
2095.774607289, 1.002087444,
2095.795038977, 1.001947067,
2095.815470564, 1.002197516,
2095.835902350, 1.002440432,
2095.856334037, 1.001933125,
2095.876765724, 1.001820905,
2095.897197410, 1.001799777,
2095.917629097, 1.001139314,
2095.938060783, 1.002030382,
2095.958492469, 1.001582732,
2095.978924154, 1.001525690,
2095.999355840, 1.001686991,
2096.019787525, 1.001307317,
2096.040219211, 1.002106094,
2096.060650996, 1.001890198,
2096.081082581, 1.001675630,
2096.101514265, 1.002063959,
2096.121946050, 1.001742359,
2096.142377634, 1.002190183,
2096.162809419, 1.001464682,
2096.183241103, 1.001694529,
2096.203672687, 1.001666058,
2096.224104470, 1.001657040,
2096.244536154, 1.001579413,
2096.264967737, 1.002263784,
2096.285399520, 1.001881386,
2096.305831204, 1.001560082,
2096.326262787, 1.001558987,
2096.346694569, 1.002096177,
2096.367126252, 1.001483591,
2096.387557934, 1.002180943,
2096.407989617, 1.001909663,
2096.428421299, 1.002488169,
2096.448853081, 1.001725163,
2096.469284663, 1.001486610,
2096.551011388, 1.001720786,
2096.571443169, 1.002159526,
2096.591874750, 1.001991063,
2096.612306431, 1.002424945,
2096.632738211, 1.001835378,
2096.653169791, 1.002027059,
2096.673601471, 1.001541672,
2096.694033252, 1.001688116,
2096.714464831, 1.001627701,
2096.734896611, 1.002208461,
2096.755328291, 1.001520979,
2096.775759870, 1.001787372,
2096.796191649, 1.002378707,
2096.816623328, 1.001804095,
2096.837054907, 1.001724929,
2096.857486686, 1.001562749,
2096.877918365, 1.001907459,
2096.898350043, 1.002410996,
2096.918781721, 1.002287246,
2096.939213399, 1.002020389,
2096.959645077, 1.001667650,
2096.980076755, 1.001937113,
2097.000508433, 1.002234010,
2097.020940210, 1.002219487,
2097.041371888, 1.001686938,
2097.061803465, 1.002152666,
2097.082235242, 1.001891189,
2097.102666918, 1.002704031,
2097.123098495, 1.002507184,
2097.143530272, 1.002668486,
2097.163961948, 1.002306739,
2097.184393524, 1.002517267,
2097.204825300, 1.002671278,
2097.225256976, 1.002460276,
2097.245688552, 1.002359599,
2097.266120328, 1.002344723,
2097.286551903, 1.002663146,
2097.306983578, 1.002246635,
2097.327415354, 1.001969251,
2097.347846929, 1.002439128,
2097.368278704, 1.002113787,
2097.388710378, 1.002497023,
2097.409142053, 1.002438396,
2097.429573727, 1.003086706,
2097.450005402, 1.002678551,
2097.552163870, 1.002572584,
2097.572595444, 1.002848195,
2097.593027117, 1.002848723,
2097.613458890, 1.002414074,
2097.633890463, 1.002863165,
2097.654322236, 1.002684007,
2097.674753908, 1.002966210,
2097.695185481, 1.002753313,
2097.715617253, 1.002944199,
2097.736048925, 1.003276819,
2097.756480497, 1.003076741,
2097.776912269, 1.003058107,
2097.797343940, 1.002748169,
2097.817775512, 1.002906369,
2097.838207283, 1.002504110,
2097.858638955, 1.002324383,
2097.879070626, 1.002768887,
2097.899502297, 1.002873609,
2097.919933967, 1.002499828,
2097.940365638, 1.003219891,
2097.960797309, 1.002554067,
2097.981228979, 1.003110272,
2098.022092319, 1.002570207,
2098.042523989, 1.002333796,
2098.062955659, 1.002614758,
2098.083387329, 1.002833901,
2098.103818998, 1.002422054,
2098.124250767, 1.001970001,
2098.144682336, 1.002043588,
2098.165114006, 1.002073713,
2098.185545774, 1.002150795,
2098.267272349, 1.001905427,
2098.287704117, 1.001325886,
2098.308135785, 1.002448538,
2098.328567353, 1.001613425,
2098.348999120, 1.002182596,
2098.369430788, 1.002382442,
2098.389862456, 1.002223535,
2098.410294123, 1.003001047,
2098.430725790, 1.002492908,
2098.451157457, 1.002553339,
2098.471589124, 1.002350274,
2098.492020791, 1.001867155,
2098.512452557, 1.002004749,
2098.532884124, 1.002128416,
2098.553315790, 1.002042557,
2098.573747556, 1.002304393,
2098.594179222, 1.001531342,
2098.614610788, 1.001896085,
2098.635042554, 1.002114032,
2098.655474120, 1.002166393,
2098.675905785, 1.001236839,
2098.716769116, 1.001633591,
2098.737200781, 1.002933689,
2098.757632546, 1.001721588,
2098.778064110, 1.002313165,
2098.798495875, 1.002187000,
2098.818927540, 1.002463275,
2098.839359104, 1.002650591,
2098.859790868, 1.002116809,
2098.880222532, 1.001926321,
2098.900654096, 1.002687406,
2098.921085860, 1.002274948,
2098.941517524, 1.002402073,
2098.961949188, 1.002327829,
2098.982380851, 1.002155865,
2099.002812514, 1.001826423,
2099.023244177, 1.002186745,
2099.043675940, 1.002477505,
2099.064107503, 1.002391010,
2099.084539266, 1.001891055,
2099.104970929, 1.002380734,
2099.125402491, 1.002471760,
2099.145834253, 1.002802817,
2099.166265916, 1.002322170,
2099.186697478, 1.002243617,
2099.207129240, 1.002454836,
2099.227560901, 1.002184323,
2099.247992463, 1.001969334,
2099.268424225, 1.002696504,
2099.288855886, 1.002288162,
2099.309287447, 1.002327063,
2099.329719208, 1.002392490,
2099.350150869, 1.002117993,
2099.370582530, 1.002407657,
2099.391014191, 1.002091378,
2099.411445852, 1.002024544,
2099.431877512, 1.002641730,
2099.493172493, 1.002366314,
2099.513604153, 1.002423592,
2099.534035813, 1.002422671,
2099.554467472, 1.002347403,
2099.574899132, 1.002218084,
2099.595330891, 1.002284691,
2099.615762551, 1.002614469,
2099.636194110, 1.002401825,
2099.656625869, 1.002628646,
2099.677057528, 1.002413088,
2099.697489087, 1.001891730,
2099.717920845, 1.002424708,
2099.738352504, 1.003136780,
2099.758784062, 1.002921618,
2099.779215820, 1.002980605,
2099.799647478, 1.002881841,
2099.820079037, 1.002987156,
2099.840510794, 1.002725513,
2099.860942452, 1.002991871,
2099.881374210, 1.002950624,
2099.901805767, 1.002857897,
2099.922237425, 1.002009968,
2099.983532396, 1.002389871,
2100.003964153, 1.002378481,
2100.024395710, 1.002386076,
2100.044827366, 1.002537681,
2100.065259023, 1.002611637,
2100.085690679, 1.003442352,
2100.106122335, 1.002833585,
2100.126554092, 1.003030643,
2100.146985648, 1.002995365,
2100.167417404, 1.002528990,
2100.187849059, 1.002393746,
2100.208280615, 1.002931626,
2100.228712370, 1.002640504,
2100.249144026, 1.002586984,
2100.269575581, 1.003780481,
2100.290007336, 1.002994046,
2100.330870546, 1.002844482,
2100.351302301, 1.003202999,
2100.371733956, 1.003250685,
2100.392165510, 1.002607359,
2100.412597265, 1.002911660,
2100.433028919, 1.003120505,
2100.453460673, 1.003533406,
2100.473892227, 1.002774670,
2100.494323881, 1.003355303,
2100.514755635, 1.003090032,
2100.535187189, 1.003335192,
2100.555618842, 1.003111660,
2100.576050596, 1.003302742,
2100.596482249, 1.003049713,
2100.616913802, 1.003022868,
2100.637345555, 1.003476576,
2100.657777208, 1.004406610,
2100.678208761, 1.002872815,
2100.698640514, 1.002795729,
2100.719072166, 1.002946845,
2100.739503919, 1.003286276,
2100.759935471, 1.002499687,
2100.780367123, 1.002921649,
2100.800798776, 1.002838051,
2100.821230428, 1.002988277,
2100.841661980, 1.002893315,
2100.862093731, 1.002573589,
2100.882525383, 1.002682716,
2100.902956935, 1.002851890,
2100.923388686, 1.002910717,
2100.943820337, 1.002921895,
2100.964251989, 1.002860544,
2100.984683640, 1.003023947,
2101.005115291, 1.003085258,
2101.025547042, 1.003163701,
2101.045978592, 1.002791524,
2101.066410243, 1.002649759,
2101.086841994, 1.002959430,
2101.107273644, 1.002987079,
2101.127705194, 1.003131453,
2101.148136945, 1.002948773,
2101.168568595, 1.002790228,
2101.189000145, 1.003369808,
2101.209431894, 1.003233565,
2101.229863544, 1.003566531,
2101.250295294, 1.002922415,
2101.270726843, 1.003423599,
2101.291158493, 1.003471087,
2101.311590242, 1.002777025,
2101.332021791, 1.002876607,
2101.352453440, 1.003040456,
2101.372885189, 1.003464475,
2101.393316738, 1.003472427,
2101.454611684, 1.002385093,
2101.475043332, 1.002921764,
2101.495474981, 1.002773853,
2101.515906629, 1.002554316,
2101.536338377, 1.002303110,
2101.556769925, 1.002513678,
2101.577201573, 1.003152419,
2101.597633321, 1.002888109,
2101.618064868, 1.002860040,
2101.638496516, 1.002520797,
2101.658928263, 1.002632212,
2101.679359910, 1.002714009,
2101.699791458, 1.003273369,
2101.720223205, 1.003231503,
2101.740654852, 1.002874405,
2101.761086399, 1.002707409,
2101.781518146, 1.002747446,
2101.801949792, 1.002755149,
2101.822381539, 1.003273956,
2101.842813085, 1.002739353,
2101.863244732, 1.002486250,
2101.883676478, 1.003061487,
2101.904108024, 1.002874236,
2101.924539670, 1.003106194,
2101.944971416, 1.003292517,
2101.965402962, 1.002674788,
2101.985834608, 1.002962758,
2102.006266353, 1.003088172,
2102.026697899, 1.002533163,
2102.047129644, 1.002861633,
2102.067561289, 1.003007479,
2102.087992935, 1.003029306,
2102.108424580, 1.002967500,
2102.128856225, 1.002712917,
2102.149287870, 1.002779333,
2102.169719514, 1.002777609,
2102.190151159, 1.002967660,
2102.210582704, 1.003098222,
2102.231014448, 1.002863185,
2102.251446093, 1.002977193,
2102.271877637, 1.002991560,
2102.292309381, 1.002676025,
2102.312741025, 1.002833549,
2102.333172769, 1.002950283,
2102.353604313, 1.002573645,
2102.374035957, 1.002841556,
2102.394467701, 1.002414788,
2102.414899244, 1.002853971,
2102.435330888, 1.002875014,
2102.455762631, 1.002850448,
2102.476194174, 1.003205000,
2102.496625817, 1.002970771,
2102.517057561, 1.002949029,
2102.537489104, 1.002994227,
2102.557920747, 1.003100135,
2102.578352489, 1.003073279,
2102.598784132, 1.002858023,
2102.619215775, 1.002951140,
2102.639647417, 1.003224765,
2102.660079059, 1.002779320,
2102.680510702, 1.003057305,
2102.700942344, 1.003059231,
2102.721373986, 1.003689373,
2102.741805728, 1.003469589,
2102.762237270, 1.003136217,
2102.782668912, 1.003858685,
2102.803100554, 1.003142830,
2102.823532195, 1.003266592,
2102.843963937, 1.003291936,
2102.884827120, 1.003456587,
2102.905258861, 1.003126979,
2102.925690402, 1.003441782,
2102.946122043, 1.003265066,
2102.966553784, 1.003388859,
2102.986985325, 1.003448249,
2103.007416966, 1.003311805,
2103.027848706, 1.002656095,
2103.048280247, 1.003692473,
2103.068711887, 1.003251116,
2103.089143628, 1.003515603,
2103.109575268, 1.003398783,
2103.130006909, 1.003467874,
2103.150438549, 1.003961864,
2103.170870189, 1.003841686,
2103.191301829, 1.003693919,
2103.211733469, 1.003438924,
2103.232165108, 1.003842133,
2103.252596748, 1.003628867,
2103.273028388, 1.004533622,
2103.293460027, 1.004029420,
2103.313891766, 1.004148514,
2103.334323306, 1.004035941,
2103.354754945, 1.004474407,
2103.416049962, 1.003645232,
2103.436481601, 1.003981576,
2103.456913140, 1.003173550,
2103.477344878, 1.003606344,
2104.090293999, 1.007968425,
2104.110725735, 1.007158939,
2104.131157371, 1.007770649,
2104.172020643, 1.008005631,
2104.192452279, 1.007936242,
2104.212883914, 1.007955093,
2104.233315550, 1.007826404,
2104.253747185, 1.008647320,
2104.274178821, 1.007558880,
2104.294610456, 1.007425548,
2104.315042091, 1.008323015,
2104.335473827, 1.007894282,
2104.376336997, 1.008172595,
2104.396768732, 1.007986911,
2104.437632001, 1.008276966,
2104.458063636, 1.007826160,
2104.478495171, 1.007569281,
2104.498926905, 1.008006989,
2104.519358540, 1.008178973,
2104.539790074, 1.008611055,
2104.560221808, 1.008330325,
2104.580653443, 1.008513689,
2104.621516711, 1.007420726,
2104.641948345, 1.008145080,
2104.662380079, 1.008276908,
2104.682811613, 1.007642850,
2104.703243246, 1.008293908,
2104.723674980, 1.008195409,
2104.744106514, 1.008179097,
2104.764538147, 1.007250268,
2104.784969881, 1.007922892,
2104.805401514, 1.007699698,
2104.825833048, 1.007600371,
2104.866696414, 1.007910016,
2104.887128047, 1.007752402,
2104.907559680, 1.007876923,
2104.927991313, 1.008302150,
2104.948422946, 1.007849124,
2104.968854579, 1.008102432,
2104.989286112, 1.007964195,
2105.009717844, 1.007991774,
2105.030149477, 1.007908983,
2105.050581010, 1.007837604,
2105.111875907, 1.007404290,
2105.132307639, 1.009109097,
2105.173171003, 1.007775759,
2105.193602536, 1.008146927,
2105.214034168, 1.008033362,
2105.234465899, 1.008244414,
2105.254897431, 1.008415798,
2105.275329063, 1.008221683,
2105.295760795, 1.008448079,
2105.316192426, 1.007959008,
2105.377487321, 1.007653435,
2105.397918952, 1.008185534,
2105.418350583, 1.007861085,
2105.438782215, 1.008543783,
2105.459213946, 1.008242726,
2105.479645477, 1.008543120,
2105.500077108, 1.008460625,
2105.520508839, 1.008891433,
2105.540940370, 1.008260113,
2105.561372001, 1.008079759,
2105.581803731, 1.008430025,
2105.602235262, 1.008205703,
2105.622666993, 1.008782048,
2105.643098623, 1.008571254,
2105.683961884, 1.008512714,
2105.704393415, 1.008456439,
2105.724825045, 1.008641173,
2105.745256775, 1.008678815,
2105.765688305, 1.008800626,
2105.786119936, 1.009307418,
2105.806551666, 1.008874379,
2105.847414925, 1.008036359,
2105.867846555, 1.008499261,
2105.908709815, 1.008594707,
2105.929141445, 1.008710267,
2105.949573074, 1.008476029,
2105.970004804, 1.008398263,
2105.990436333, 1.008696803,
2106.010867963, 1.008676270,
2106.031299692, 1.010100247,
2106.051731221, 1.008659749,
2106.092594580, 1.008314307,
2106.113026109, 1.008664664,
2106.133457838, 1.008320267,
2106.153889467, 1.008697839,
2106.174320996, 1.008381411,
2106.194752725, 1.008252338,
2106.215184354, 1.008365100,
2106.235615882, 1.008890717,
2106.256047611, 1.008590766,
2106.276479240, 1.008487590,
2106.296910869, 1.008775369,
2106.337774126, 1.008191490,
2106.358205754, 1.008397086,
2106.378637382, 1.008584303,
2106.399069011, 1.008451786,
2106.419500639, 1.008766847,
2106.439932267, 1.008434464,
2106.460363895, 1.008455061,
2106.480795523, 1.008396146,
2106.501227151, 1.008795023,
2106.521658779, 1.008072099,
2106.542090507, 1.007812070,
2106.582953763, 1.008472181,
2106.603385391, 1.007899510,
2106.623816919, 1.008426584,
2106.644248646, 1.008317302,
2106.664680274, 1.008453227,
2106.685111801, 1.008382051,
2106.705543529, 1.008445769,
2106.725975156, 1.008188802,
2106.746406684, 1.008298314,
2106.766838411, 1.008404871,
2106.787270038, 1.008150659,
2106.828133293, 1.008014381,
2106.848564920, 1.007797802,
2106.868996647, 1.007855449,
2106.889428174, 1.008125388,
2106.909859801, 1.008079676,
2106.930291528, 1.007436721,
2106.950723055, 1.007886666,
2106.971154681, 1.007148256,
2106.991586408, 1.008288100,
2107.012018035, 1.007672817,
2107.032449662, 1.007924597,
2107.073312815, 1.007514705,
2107.093744541, 1.008184501,
2107.114176168, 1.008237712,
2107.134607694, 1.007596166,
2107.155039421, 1.008237702,
2107.175471047, 1.008056587,
2107.195902573, 1.007908167,
2107.216334299, 1.008065074,
2107.236765926, 1.008001277,
2107.257197652, 1.007938065,
2107.277629178, 1.008384579,
2107.338924056, 1.007957381,
2107.359355682, 1.008153343,
2107.379787408, 1.008367127,
2107.400218933, 1.008631432,
2107.420650559, 1.008031036,
2107.441082285, 1.008076992,
2107.461513911, 1.008785916,
2107.481945536, 1.008410907,
2107.502377162, 1.008324334,
2107.543240413, 1.008160201,
2107.563672038, 1.008372749,
2107.584103664, 1.008620108,
2107.604535389, 1.008261572,
2107.624966914, 1.008758131,
2107.645398540, 1.008838493,
2107.665830265, 1.008844789,
2107.686261790, 1.008855375,
2107.706693515, 1.009093965,
2107.727125040, 1.008578040,
2107.747556665, 1.008521052,
2107.767988390, 1.008495476,
2107.808851540, 1.008665890,
2107.829283265, 1.008784629,
2107.849714790, 1.008195637,
2107.870146415, 1.008558711,
2107.890578140, 1.009021357,
2107.911009664, 1.008258783,
2107.931441289, 1.008674428,
2107.951873014, 1.008478968,
2107.972304538, 1.008631254,
2107.992736263, 1.008455987,
2108.013167888, 1.008851589,
2108.054031137, 1.008398859,
2108.074462761, 1.008188489,
2108.094894385, 1.008141613,
2108.115326010, 1.008194090,
2108.135757634, 1.008933596,
2108.156189258, 1.007844489,
2108.176620983, 1.008263764,
2108.197052507, 1.008435513,
2108.217484231, 1.008247738,
2108.237915855, 1.008385135,
2108.258347379, 1.008546267,
2108.299210727, 1.008254236,
2108.319642251, 1.008179465,
2108.340073975, 1.008642468,
2108.360505599, 1.008541476,
2108.380937123, 1.008624374,
2108.401368847, 1.008222002,
2108.421800471, 1.008549554,
2108.442232094, 1.008360791,
2108.462663718, 1.008236949,
2108.483095242, 1.008075043,
2108.503526966, 1.008270511,
2108.544390213, 1.008452381,
2108.564821836, 1.008251244,
2108.585253460, 1.008558543,
2108.605685083, 1.008447300,
2108.626116707, 1.008263760,
2108.646548330, 1.008567000,
2108.666980054, 1.008639860,
2108.687411677, 1.008569906,
2108.707843200, 1.008825886,
2108.728274924, 1.008565074,
2108.748706547, 1.008523367,
2108.789569794, 1.008061401,
2108.810001417, 1.008623782,
2108.830432940, 1.009019447,
2108.850864663, 1.008893780,
2108.871296286, 1.008971073,
2108.891728009, 1.008659655,
2108.932591155, 1.008857157,
2108.953022878, 1.008932332,
2108.973454401, 1.008439022,
2108.993886024, 1.008634012,
2109.034749270, 1.008679726,
2109.055180893, 1.008937205,
2109.075612616, 1.008642854,
2109.096044138, 1.008482274,
2109.116475861, 1.008547288,
2109.136907384, 1.008129936,
2109.157339007, 1.008789705,
2109.177770729, 1.008701421,
2109.198202252, 1.008412658,
2109.218633875, 1.008622354,
2109.239065597, 1.008201564,
2109.300360465, 1.008160227,
2109.320792088, 1.008185887,
2109.341223810, 1.008329859,
2109.361655332, 1.008277620,
2109.382086955, 1.008382242,
2109.402518677, 1.008091625,
2109.422950200, 1.008460349,
2109.443381822, 1.007794289,
2109.463813544, 1.007856123,
2109.484245067, 1.008084059,
2109.525108411, 1.008491749,
2109.545539934, 1.008548033,
2109.565971656, 1.008223611,
2109.586403278, 1.008186069,
2109.606834800, 1.008764218,
2109.627266522, 1.008746244,
2109.647698145, 1.008676982,
2109.668129767, 1.008719831,
2109.688561389, 1.008350324,
2109.708993011, 1.008559651,
2109.729424633, 1.008660376,
2109.770287877, 1.008856652,
2109.790719499, 1.008081919,
2109.831582743, 1.008054116,
2109.852014465, 1.008378056,
2109.872445987, 1.008815153,
2109.892877609, 1.009025694,
2109.913309331, 1.008837710,
2109.933740853, 1.008789782,
2109.954172475, 1.008380249,
2109.974604196, 1.008086367,
2110.015467440, 1.008744509,
2110.035899062, 1.008350480,
2110.056330584, 1.008512022,
2110.076762305, 1.008982135,
2110.097193927, 1.008535972,
2110.117625449, 1.008630042,
2110.158488792, 1.008636866,
2110.178920414, 1.008475052,
2110.199352036, 1.008652361,
2110.219783657, 1.008842646,
2110.260646901, 1.008736943,
2110.281078522, 1.008531223,
2110.301510244, 1.008565594,
2110.321941865, 1.008819713,
2110.342373387, 1.008345596,
2110.362805108, 1.008412033,
2110.383236730, 1.008799098,
2110.403668352, 1.008505573,
2110.444531595, 1.008842040,
2110.464963216, 1.008547481,
2110.505826359, 1.008746091,
2110.526258080, 1.008363952,
2110.546689702, 1.008310593,
2110.567121223, 1.008330238,
2110.587552945, 1.008009591,
2110.607984566, 1.008176233,
2110.628416288, 1.008326881,
2110.648847809, 1.008431389,
2110.669279430, 1.008911216,
2110.689711152, 1.008258556,
2110.771437537, 1.008291012,
2110.791869159, 1.008832813,
2110.812300880, 1.009178117,
2110.832732401, 1.009043431,
2110.853164123, 1.008339517,
2110.873595744, 1.008984885,
2110.894027365, 1.009366898,
2110.914458986, 1.009547566,
2110.934890608, 1.008219040,
2110.975753850, 1.008348489,
2110.996185472, 1.008838749,
2111.016617093, 1.008732977,
2111.037048814, 1.008565293,
2111.057480335, 1.008707121,
2111.077912057, 1.008888036,
2111.098343678, 1.008906909,
2111.118775199, 1.008378993,
2111.139206920, 1.008528961,
2111.159638442, 1.007995485,
2111.180070063, 1.008099775,
2111.200501784, 1.008595467,
2111.261796648, 1.008881862,
2111.282228169, 1.009195212,
2111.302659890, 1.008879603,
2111.323091511, 1.008481137,
2111.343523032, 1.008545480,
2111.363954754, 1.008322627,
2111.384386375, 1.008208470,
2111.404817996, 1.008510451,
2111.425249617, 1.008632494,
2111.445681238, 1.008291239,
2111.486544481, 1.009100215,
2111.506976102, 1.008425680,
2111.527407823, 1.008818020,
2111.547839444, 1.008873947,
2111.568270966, 1.008492109,
2111.588702687, 1.008570345,
2111.629565829, 1.008590973,
2111.649997550, 1.009186340,
2111.670429172, 1.008539692,
2111.690860893, 1.008891518,
2111.731724035, 1.008477255,
2111.752155756, 1.008254782,
2111.772587278, 1.008717114,
2111.793018899, 1.008695202,
2111.813450520, 1.008554431,
2111.833882141, 1.008737042,
2111.854313763, 1.008955928,
2111.874745384, 1.009308427,
2111.895177005, 1.008491506,
2111.915608726, 1.008760102,
2111.997335111, 1.009395517,
2112.017766733, 1.008519909,
2112.038198454, 1.008931620,
2112.058630075, 1.009496070,
2112.079061696, 1.009346564,
2112.099493318, 1.009170346,
2112.119924939, 1.009113430,
2112.140356560, 1.008298419,
2112.160788182, 1.008713834,
2112.181219803, 1.009074884,
2112.222083046, 1.008541678,
2112.242514667, 1.009005159,
2112.262946388, 1.009334235,
2112.283377910, 1.008670123,
2112.303809631, 1.008589951,
2112.324241252, 1.008482733,
2112.344672774, 1.009033954,
2112.365104495, 1.008581975,
2112.385536116, 1.008971302,
2112.405967638, 1.008756048,
2112.467262502, 1.009204064,
2112.487694224, 1.009574103,
2112.528557467, 1.008882757,
2112.548989088, 1.008854795,
2112.569420710, 1.008929670,
2112.589852331, 1.008647149,
2112.610283953, 1.008874623,
2112.630715574, 1.009328892,
2112.651147196, 1.008901002,
2112.671578817, 1.008781279,
2112.712442160, 1.009393181,
2112.732873682, 1.009088108,
2112.753305404, 1.009220600,
2112.773737025, 1.009205945,
2112.794168547, 1.009072931,
2112.814600268, 1.009430199,
2112.835031890, 1.008616308,
2112.855463412, 1.008945741,
2112.875895133, 1.008930815,
2112.896326755, 1.009246056,
2112.916758477, 1.009332314,
2112.957621620, 1.009497246,
2112.978053342, 1.008994637,
2112.998484864, 1.009082800,
2113.039348208, 1.009154596,
2113.059779729, 1.009459899,
2113.080211351, 1.009319619,
2113.100643073, 1.009238019,
2113.121074595, 1.009541079,
2113.161937939, 1.008883408,
2113.243664327, 1.009801744,
2113.264096049, 1.009343518,
2113.284527671, 1.009265931,
2113.304959293, 1.009871322,
2113.325390915, 1.009692628,
2113.345822537, 1.009679032,
2113.366254259, 1.008928039,
2113.386685782, 1.009622316,
2113.427549126, 1.009364665,
2113.447980648, 1.009228199,
2113.468412270, 1.009571699,
2113.488843993, 1.008917384,
2113.509275515, 1.009329222,
2113.529707237, 1.009392708,
2113.550138859, 1.008617352,
2113.570570382, 1.009200018,
2113.591002104, 1.008908854,
2113.611433726, 1.008841900,
2113.631865249, 1.009045228,
2113.652296971, 1.009168410,
2113.693160116, 1.008874360,
2113.713591839, 1.008988839,
2113.734023461, 1.009070453,
2113.754455184, 1.009085344,
2113.774886706, 1.008894851,
2113.795318329, 1.008886998,
2113.815749952, 1.009203487,
2113.836181674, 1.009211097,
2113.856613197, 1.008915488,
2113.877044920, 1.008930282,
2113.897476443, 1.009054899,
2113.938339788, 1.009139659,
2113.958771311, 1.008355238,
2113.979203034, 1.008935295,
2113.999634657, 1.009278790,
2114.020066180, 1.008438483,
2114.040497903, 1.008325352,
2114.060929525, 1.009065367,
2114.081361048, 1.009128501,
2114.101792771, 1.009081957,
2114.122224395, 1.009315653,
2114.142656118, 1.008612979,
2114.183519264, 1.009368391,
2114.203950987, 1.008851142,
2114.224382510, 1.008612809,
2114.244814133, 1.009219315,
2114.265245857, 1.008629497,
2114.285677380, 1.008766437,
2114.306109103, 1.009021404,
2114.326540727, 1.009036607,
2114.346972350, 1.009302811,
2114.367403973, 1.009152163,
2114.387835597, 1.008828039,
2114.428698844, 1.009240900,
2114.449130467, 1.009579384,
2114.469562091, 1.008905360,
2114.489993715, 1.009116028,
2114.510425338, 1.009315281,
2114.530857062, 1.009513289,
2114.551288586, 1.009011279,
2114.571720209, 1.009447535,
2114.592151933, 1.009346812,
2114.612583457, 1.009131746,
2114.633015081, 1.008994019,
2114.673878329, 1.009441647,
2114.694309953, 1.009749047,
2114.714741677, 1.009750737,
2114.735173201, 1.009621358,
2114.776036549, 1.009004799,
2114.796468073, 1.009146744,
2114.816899797, 1.008925016,
2114.837331421, 1.009397429,
2114.857762946, 1.009626420,
2114.878194670, 1.009024515,
2114.939489543, 1.009847211,
2114.959921167, 1.008949911,
2114.980352892, 1.009420912,
2115.000784416, 1.009040664,
2115.021216041, 1.009403826,
2115.041647766, 1.009474190,
2115.062079390, 1.009153281,
2115.082510915, 1.009312829,
2115.102942640, 1.009123840,
2115.123374264, 1.009443048,
2115.184669139, 1.009135420,
2115.205100764, 1.009069120,
2115.225532389, 1.009295061,
2115.245964014, 1.009138952,
2115.266395639, 1.009138506,
2115.286827264, 1.008563892,
2115.307258989, 1.009661235,
2115.327690514, 1.009390740,
2115.348122139, 1.009166570,
2115.368553865, 1.009054346,
2115.429848741, 1.009148997,
2115.450280266, 1.009732189,
2115.470711892, 1.009201884,
2115.491143617, 1.008970236,
2115.511575143, 1.009013443,
2115.532006868, 1.009088143,
2115.552438494, 1.008748789,
2115.572870120, 1.009284060,
2115.593301745, 1.009097498,
2115.613733371, 1.009263251,
2115.654596623, 1.008274334,
2115.675028249, 1.009095407,
2115.695459875, 1.009453376,
2115.715891601, 1.008964078,
2115.736323127, 1.009136288,
2115.756754853, 1.009024951,
2115.777186479, 1.009019229,
2115.797618005, 1.009039936,
2115.818049732, 1.008961797,
2115.838481358, 1.009164452,
2115.858912884, 1.008975341,
2115.899776237, 1.008734733,
2115.920207864, 1.009056710,
2115.940639490, 1.009129521,
2115.961071017, 1.009042367,
2115.981502744, 1.008734596,
2116.001934370, 1.008949937,
2116.022365897, 1.008644559,
2116.042797624, 1.008906319,
2116.063229251, 1.008902211,
2116.083660878, 1.008865291,
2116.104092505, 1.008991860,
2116.144955859, 1.008956051,
2116.165387386, 1.008423034,
2116.185819013, 1.008893308,
2116.206250740, 1.008348860,
2116.226682367, 1.008906495,
2116.247113895, 1.008882711,
2116.267545622, 1.008579624,
2116.287977250, 1.008781633,
2116.308408877, 1.008799712,
2116.328840505, 1.009093693,
2116.349272132, 1.009018714,
2116.390135388, 1.008919737,
2116.410567015, 1.008986435,
2116.430998743, 1.008782054,
2116.451430271, 1.008813722,
2116.471861899, 1.008787360,
2116.492293627, 1.008991937,
2116.512725155, 1.008856260,
2116.533156883, 1.008897337,
2116.553588511, 1.008622223,
2116.574020040, 1.008790523,
2116.594451768, 1.009244908,
2116.635314925, 1.009300657,
2116.655746653, 1.009144301,
2116.676178181, 1.008635895,
2116.696609910, 1.008679608,
2116.717041539, 1.008805258,
2116.737473067, 1.008568249,
2116.757904796, 1.008399630,
2116.778336425, 1.008719731,
2116.798768054, 1.009058102,
2116.819199683, 1.008799044,
2116.839631312, 1.008438256,
2116.900926199, 1.008836328,
2116.921357928, 1.009091159,
2116.941789557, 1.008571686,
2116.962221087, 1.008401161,
2116.982652816, 1.008536977,
2117.003084446, 1.008119218,
2117.023515975, 1.008419631,
2117.043947705, 1.008259367,
2117.064379334, 1.008956332,
2117.084811064, 1.008383449,
2117.146105953, 1.008706631,
2117.166537483, 1.008558914,
2117.186969113, 1.008397725,
2117.207400744, 1.008966333,
2117.227832374, 1.009008703,
2117.248264004, 1.008758914,
2117.268695634, 1.008838365,
2117.289127264, 1.008568757,
2117.309558995, 1.008447855,
2117.329990525, 1.008737880,
2117.391285417, 1.008300506,
2117.411717048, 1.008524763,
2117.432148779, 1.008910538,
2117.452580410, 1.008308407,
2117.473012041, 1.007670284,
2117.493443672, 1.008367027,
2117.513875303, 1.008666429,
2117.534306934, 1.008411788,
2117.575170196, 1.007934463,
2117.595601928, 1.008431894,
2117.616033459, 1.008178655,
2117.636465091, 1.008511866,
2117.656896822, 1.008549912,
2117.677328354, 1.008367011,
2117.697760085, 1.008927707,
2117.718191717, 1.008188766,
2117.738623249, 1.008546524,
2117.759054981, 1.008697178,
2117.799918145, 1.008185952,
2117.820349877, 1.008703780,
2117.881644774, 1.008541853,
2117.902076406, 1.008426836,
2117.922508039, 1.008577678,
2117.942939671, 1.008887227,
2117.963371304, 1.008868663,
2117.983802936, 1.007949547,
2118.004234569, 1.008321477,
2118.024666202, 1.008231991,
2118.045097835, 1.008295125,
2118.065529468, 1.008947220,
2118.106392834, 1.008079812,
2118.126824367, 1.008648684,
2118.147256101, 1.008801881,
2118.167687734, 1.008567866,
2118.188119267, 1.008646065,
2118.228982634, 1.008591321,
2118.249414168, 1.008535133,
2118.269845902, 1.008629317,
2118.290277536, 1.008350577,
2118.310709270, 1.008661747,
2118.351572438, 1.008231500,
2118.372004172, 1.008582846,
2118.392435706, 1.007684489,
2118.412867340, 1.009064211,
2118.433299074, 1.008267003,
2118.453730609, 1.008618228,
2118.474162343, 1.008624759,
2118.494593978, 1.008768399,
2118.515025513, 1.008703360,
2118.535457247, 1.008764094,
2118.555888882, 1.008406788,
2118.596752152, 1.008111976,
2118.678478693, 1.008578783,
2118.698910328, 1.008626563,
2118.719341964, 1.008145363,
2118.739773599, 1.008398726,
2118.760205235, 1.008442909,
2118.780636870, 1.008357434,
2118.801068506, 1.008346406,
2118.841931778, 1.008838388,
2118.862363514, 1.008347588,
2118.882795150, 1.008305027,
2118.903226686, 1.008625982,
2118.923658423, 1.008525494,
2118.944090059, 1.009215966,
2118.964521596, 1.008394959,
2118.984953332, 1.008743424,
2119.005384969, 1.008389527,
2119.025816505, 1.008526746,
2119.046248242, 1.008446910,
2119.107543153, 1.008022525,
2119.127974790, 1.008042625,
2119.148406527, 1.008848215,
2119.168838065, 1.007890732,
2119.189269702, 1.008719409,
2119.209701440, 1.008625589,
2119.230132977, 1.008357965,
2119.250564715, 1.008701469,
2119.270996353, 1.008531280,
2119.291427990, 1.008858468,
2119.352722804, 1.008258715,
2119.373154543, 1.008231729,
2119.393586181, 1.008494353,
2119.414017919, 1.008504994,
2119.434449458, 1.008418703,
2119.454881096, 1.009098895,
2119.475312835, 1.009019555,
2119.495744374, 1.008539353,
2119.516176012, 1.009150067,
2119.536607751, 1.008212472,
2119.577470929, 1.008229246,
2119.597902668, 1.008053644,
2119.618334208, 1.008110878,
2119.638765947, 1.008443879,
2119.659197587, 1.007979232,
2119.679629126, 1.008374189,
2119.700060866, 1.008242351,
2119.720492505, 1.007645426,
2119.740924145, 1.008345218,
2119.761355785, 1.008312055,
2119.781787425, 1.008441541,
2119.822650705, 1.008088022,
2119.843082346, 1.008198493,
2119.863514086, 1.008072325,
2119.883945727, 1.007833399,
2119.904377267, 1.008593076,
2119.924808908, 1.008250401,
2119.945240548, 1.008516021,
2119.965672189, 1.007954570,
2119.986103930, 1.008227778,
2120.006535471, 1.008347993,
2120.026967212, 1.007822419,
2120.067830395, 1.007508708,
2120.088262136, 1.007612719,
2120.108693778, 1.008046028,
2120.129125320, 1.007859770,
2120.149557061, 1.008424256,
2120.169988703, 1.007853416,
2120.190420445, 1.007673905,
2120.210851987, 1.007819750,
2120.231283629, 1.007940175,
2120.251715371, 1.008259275,
2120.272146914, 1.008123309,
2120.313010299, 1.008059856,
2120.333441841, 1.007549860,
2120.353873484, 1.008162473,
2120.374305227, 1.008002361,
2120.394736770, 1.008142557,
2120.415168513, 1.007972256,
2120.435600156, 1.008184236,
2120.456031799, 1.009113758,
2120.476463442, 1.007897660,
2120.496895086, 1.008100569,
2120.517326729, 1.008369080,
2120.558190017, 1.007997549,
2120.578621760, 1.008085784,
2120.599053304, 1.008743348,
2120.619484948, 1.007966507,
2120.639916692, 1.008382831,
2120.660348237, 1.008172918,
2120.680779881, 1.008233166,
2120.701211625, 1.008024889,
2120.721643170, 1.007970902,
2120.762506559, 1.007972082,
2120.803369849, 1.008228257,
2120.823801494, 1.008283862,
2120.844233039, 1.008246505,
2120.864664785, 1.008571040,
2120.885096430, 1.008301772,
2120.905527976, 1.008526311,
2120.925959721, 1.008795078,
2120.946391367, 1.008171381,
2120.966823113, 1.008224427,
2120.987254658, 1.007789221,
2121.007686305, 1.007642073,
2121.068981243, 1.007813569,
2121.089412990, 1.007614522,
2121.130276183, 1.007578300,
2121.150707930, 1.008124519,
2121.171139577, 1.007858289,
2121.191571224, 1.007461750,
2121.212002871, 1.007886966,
2121.232434518, 1.007682594,
2121.252866165, 1.007885159,
2121.273297813, 1.007441683,
2121.293729460, 1.007471086,
2121.314161108, 1.007309858,
2121.334592756, 1.007530928,
2121.375456051, 1.007408931,
2121.395887700, 1.007707696,
2121.416319448, 1.007732594,
2121.436750996, 1.007996276,
2121.457182645, 1.006763716,
2121.477614393, 1.007241600,
2121.498045942, 1.007279039,
2121.538909339, 1.006923298,
2121.559340888, 1.007466366,
2121.579772637, 1.007553624,
2121.600204287, 1.007089257,
2121.620635936, 1.007724654,
2121.641067586, 1.007395981,
2121.661499235, 1.007517278,
2121.681930885, 1.007358774,
2121.702362535, 1.007352632,
2121.722794184, 1.007607985,
2121.743225935, 1.008024669,
2121.784089135, 1.007423743,
2121.804520885, 1.007862095,
2121.824952536, 1.007372458,
2121.845384086, 1.007825656,
2121.865815837, 1.008057932,
2121.886247488, 1.007541523,
2121.906679039, 1.007038469,
2121.927110790, 1.007244841,
2121.947542441, 1.007680360,
2121.967974093, 1.007608238,
2121.988405744, 1.007690614,
2122.049700699, 1.007879931,
2122.070132251, 1.007547168,
2122.090564003, 1.007056947,
2122.110995655, 1.007632493,
2122.131427407, 1.007577766,
2122.151858960, 1.007180848,
2122.172290612, 1.007826123,
2122.192722365, 1.006867951,
2122.213153918, 1.007735553,
2122.233585571, 1.007218761,
2122.274448977, 1.006768290,
2122.294880530, 1.007579141,
2122.315312283, 1.007025565,
2122.335743937, 1.007309283,
2122.356175590, 1.006902153,
2122.376607244, 1.006850670,
2122.397038898, 1.007416000,
2122.417470552, 1.007190870,
2122.437902206, 1.007008031,
2122.458333860, 1.007108323,
2122.478765615, 1.006874859,
2122.519628924, 1.007180859,
2122.540060578, 1.007387702,
2122.560492133, 1.007432014,
2122.580923888, 1.007504659,
2122.601355543, 1.007313988,
2122.621787099, 1.007317612,
2122.642218854, 1.007351775,
2122.662650409, 1.007313141,
2122.683082165, 1.007765375,
2122.703513821, 1.007268662,
2122.723945377, 1.007271660,
2122.785240345, 1.007392595,
2122.805672101, 1.007848238,
2122.826103758, 1.007736255,
2122.846535414, 1.007724949,
2122.866967071, 1.007451611,
2122.887398728, 1.007443629,
2122.907830485, 1.007738144,
2122.928262142, 1.007895515,
2122.948693699, 1.007799023,
2122.969125457, 1.007512623,
2123.030420430, 1.007287426,
2123.050852088, 1.008050320,
2123.071283846, 1.007459486,
2123.091715404, 1.007804940,
2123.112147062, 1.007640766,
2123.132578821, 1.007406558,
2123.153010379, 1.007256041,
2123.173442038, 1.007785856,
2123.193873797, 1.007567028,
2123.214305356, 1.007795729,
2123.275600333, 1.007310730,
2123.296032093, 1.007081424,
2123.316463652, 1.007225580,
2123.336895312, 1.007071957,
2123.357327072, 1.007849064,
2123.377758632, 1.007389206,
2123.398190292, 1.007417561,
2123.418622053, 1.007457652,
2123.439053613, 1.007272664,
2123.459485374, 1.007649255,
2123.500348695, 1.007428263,
2123.520780356, 1.007786118,
2123.541212017, 1.007451279,
2123.561643679, 1.007564117,
2123.582075340, 1.007188733,
2123.602507001, 1.007569124,
2123.622938763, 1.007793573,
2123.643370425, 1.007868164,
2123.663801987, 1.007640549,
2123.684233749, 1.007882779,
2123.704665411, 1.008074157,
2123.745528736, 1.007708895,
2123.765960399, 1.008127587,
2123.786391961, 1.007848175,
2123.806823724, 1.007546735,
2123.827255387, 1.007795888,
2123.847687151, 1.008049999,
2123.868118714, 1.007875868,
2123.888550377, 1.008016010,
2123.908982041, 1.007886149,
2123.929413705, 1.007473997,
2123.949845369, 1.007997805,
2123.990708697, 1.007824533,
2124.031572026, 1.007853302,
2124.052003690, 1.007713396,
2124.072435455, 1.008121177,
2124.092867020, 1.008274576,
2124.113298685, 1.007712329,
2124.133730450, 1.007956931,
2124.154162115, 1.007843818,
2124.174593681, 1.008140984,
2124.195025446, 1.008236085,
2124.235888778, 1.007927219,
2124.256320444, 1.007910193,
2124.276752110, 1.007722793,
2124.297183876, 1.007831613,
2124.317615443, 1.007732706,
2124.338047110, 1.007798136,
2124.358478876, 1.007877367,
2124.399342210, 1.007999374,
2124.419773877, 1.007690619,
2124.440205445, 1.007638778,
2124.481068880, 1.007349082,
2124.521932216, 1.007912801,
2124.542363884, 1.007674270,
2124.562795552, 1.007783901,
2124.583227220, 1.007458831,
2124.603658889, 1.008098967,
2124.624090557, 1.007810268,
2124.644522226, 1.007978031,
2124.664953895, 1.007876180,
2124.685385564, 1.007968656,
2124.746680573, 1.007423597,
2124.767112242, 1.008495447,
2124.787544012, 1.008320758,
2124.807975682, 1.007414972,
2124.828407252, 1.008181865,
2124.848839023, 1.008186124,
2124.869270693, 1.008166207,
2124.889702264, 1.007473011,
2124.910134034, 1.007821914,
2124.930565705, 1.008076209,
2124.991860719, 1.007956402,
2125.012292491, 1.007852974,
2125.032724062, 1.007569558,
2125.053155734, 1.007561202,
2125.073587506, 1.008142839,
2125.094019078, 1.008006044,
2125.114450751, 1.008947938,
2125.134882523, 1.007941959,
2125.155314096, 1.007944647,
2125.175745868, 1.008536334,
2125.196177541, 1.007799587,
2125.216609114, 1.007768973,
2125.237040888, 1.008130669,
2125.257472561, 1.007939727,
2125.277904234, 1.007791133,
2125.298335908, 1.007467227,
2125.318767582, 1.007567085,
2125.339199256, 1.007776569,
2125.359630930, 1.008170041,
2125.380062605, 1.007791754,
2125.400494279, 1.008219573,
2125.420925954, 1.007681771,
2125.461789303, 1.007633836,
2125.482220979, 1.007875166,
2125.502652754, 1.007764768,
2125.523084429, 1.008215538,
2125.543516005, 1.007704345,
2125.563947781, 1.008236860,
2125.584379456, 1.007920007,
2125.604811032, 1.007683827,
2125.625242809, 1.007858471,
2125.645674485, 1.008022451,
2125.666106062, 1.008030916,
2125.706969515, 1.008158123,
2125.727401292, 1.008076823,
2125.747832869, 1.007844046,
2125.768264547, 1.008114040,
2125.788696324, 1.008459348,
2125.809127902, 1.008136373,
2125.829559580, 1.008121150,
2125.849991358, 1.007746353,
2125.870422936, 1.008170268,
2125.890854714, 1.008333975,
2125.911286393, 1.008069001,
2125.952149750, 1.008024561,
2125.972581329, 1.008419356,
2125.993013108, 1.008504761,
2126.013444788, 1.007787433,
2126.033876467, 1.008514156,
2126.054308047, 1.008357322,
2126.074739827, 1.007945919,
2126.095171507, 1.007964262,
2126.115603187, 1.008121100,
2126.136034867, 1.008722819,
2126.156466548, 1.008333858,
2126.197329909, 1.008254479,
2126.217761590, 1.008604930,
2126.238193371, 1.008568233,
2126.258624952, 1.008525853,
2126.279056734, 1.008450511,
2126.299488415, 1.008662541,
2126.319919997, 1.008648988,
2126.340351779, 1.008732061,
2126.360783461, 1.008933383,
2126.381215044, 1.008903183,
2126.401646826, 1.008611623,
2126.442510092, 1.008128975,
2126.462941875, 1.008343432,
2126.483373558, 1.008775981,
2126.503805341, 1.008318304,
2126.524236925, 1.008691409,
2126.544668608, 1.008515649,
2126.565100392, 1.008626561,
2126.585532076, 1.008367561,
2126.605963660, 1.008235266,
2126.626395345, 1.008130863,
2126.646827129, 1.008458671,
2126.687690499, 1.008560953,
2126.708122084, 1.008893431,
2126.728553869, 1.008087409,
2126.748985554, 1.008636540,
2126.769417140, 1.008312656,
2126.789848926, 1.007983345,
2126.810280612, 1.008153288,
2126.830712398, 1.008056042,
2126.851143984, 1.008222762,
2126.871575670, 1.008373393,
2126.892007457, 1.007913653,
2126.953302518, 1.007934029,
2126.973734105, 1.007697467,
2126.994165793, 1.007969672,
2127.014597580, 1.008186531,
2127.035029168, 1.008207723,
2127.055460956, 1.007734887,
2127.075892644, 1.007482292,
2127.096324232, 1.007590696,
2127.137187710, 1.007958155,
2127.198482777, 1.008460243,
2127.218914566, 1.008242090,
2127.239346156, 1.008069752,
2127.259777846, 1.008232680,
2127.280209536, 1.008646680,
2127.300641226, 1.008197188,
2127.321072916, 1.008107096,
2127.341504707, 1.008352880,
2127.361936297, 1.008206184,
2127.382367988, 1.008406492,
2127.423231370, 1.008261700,
2127.443663162, 1.007460414,
2127.464094853, 1.008741301,
2127.484526445, 1.007906478,
2127.504958237, 1.008417469,
2127.525389929, 1.008290999,
2127.545821522, 1.008261485,
2127.566253314, 1.008511417,
2127.586685007, 1.008229689,
2127.607116800, 1.008427966,
2127.627548393, 1.008770925,
2127.688843473, 1.008679011,
2127.709275167, 1.008751170,
2127.729706961, 1.008793724,
2127.750138555, 1.008776580,
2127.770570349, 1.008784665,
2127.791002044, 1.008607597,
2127.811433738, 1.008402293,
2127.831865433, 1.008547971,
2127.852297128, 1.009140813,
2127.872728823, 1.008734498,
2127.913592214, 1.008686938,
2127.934023910, 1.008370339,
2127.954455606, 1.009135553,
2127.974887302, 1.008990837,
2127.995319099, 1.009442455,
2128.015750695, 1.009214306,
2128.036182392, 1.008486651,
2128.056614189, 1.008759601,
2128.077045786, 1.008758728,
2128.097477483, 1.009074824,
2128.117909281, 1.008547751,
2128.158772676, 1.008954038,
2128.179204374, 1.008578883,
2128.199635973, 1.009024175,
2128.220067771, 1.008810569,
2128.240499470, 1.009176008,
2128.260931069, 1.008629812,
2128.281362868, 1.008333046,
2128.301794567, 1.008652653,
2128.322226166, 1.009092638,
2128.342657966, 1.008488774,
2128.363089666, 1.008753348,
2128.424384766, 1.008458020,
2128.444816567, 1.008757925,
2128.465248267, 1.008891759,
2128.485679868, 1.007848519,
2128.506111669, 1.009381940,
2128.526543371, 1.009221869,
2128.546975072, 1.008456930,
2128.567406774, 1.008491497,
2128.587838476, 1.008606662,
2128.628701880, 1.009190364,
2128.649133582, 1.009182751,
2128.669565285, 1.008979018,
2128.689996988, 1.008672202,
2128.710428791, 1.009241592,
2128.730860394, 1.008048559,
2128.751292098, 1.008210911,
2128.771723901, 1.008653790,
2128.792155505, 1.008557019,
2128.812587209, 1.008767093,
2128.833019013, 1.008826847,
2128.853450618, 1.008805961,
2128.914745732, 1.008875410,
2128.935177538, 1.008946634,
2128.955609243, 1.008509885,
2128.976040949, 1.009239777,
2128.996472654, 1.009095199,
2129.016904360, 1.008897826,
2129.037336067, 1.008644622,
2129.057767773, 1.008869066,
2129.078199480, 1.008139338,
2129.098631286, 1.009176966,
2129.159926408, 1.008302698,
2129.180358116, 1.009389108,
2129.200789723, 1.008796348,
2129.221221531, 1.009235319,
2129.241653240, 1.009095988,
2129.262084948, 1.008718431,
2129.282516657, 1.008976643,
2129.302948365, 1.008546843,
2129.323380075, 1.008643697,
2129.343811784, 1.008364686,
2129.384675203, 1.009082308,
2129.405106913, 1.009131063,
2129.425538523, 1.009319401,
2129.445970333, 1.008791572,
2129.466402043, 1.008619537,
2129.486833854, 1.008675305,
2129.507265465, 1.009234723,
2129.527697176, 1.008844523,
2129.548128987, 1.008428411,
2129.568560599, 1.008751659,
2129.588992310, 1.008439430,
2129.650287546, 1.008246547,
2129.670719259, 1.008786812,
2129.691150972, 1.009268619,
2129.711582685, 1.008856256,
2129.732014398, 1.008830816,
2129.752446111, 1.009583879,
2129.772877824, 1.009265224,
2129.793309538, 1.009919283,
2129.813741252, 1.009120151,
2129.834173066, 1.008940514,
2129.875036495, 1.009050662,
2129.895468210, 1.009139001,
2129.915899825, 1.008747151,
2129.936331640, 1.008966137,
2129.956763356, 1.009392296,
2129.977194971, 1.009044212,
2129.997626787, 1.008834988,
2130.018058403, 1.008972477,
2130.038490219, 1.008679504,
2130.058921936, 1.008766747,
2130.079353552, 1.009189601,
2130.120217086, 1.009266570,
2130.140648703, 1.009090655,
2130.161080521, 1.008905289,
2130.181512239, 1.008712904,
2130.201944057, 1.008571121,
2130.222375675, 1.009174166,
2130.242807393, 1.008902242,
2130.263239212, 1.008539899,
2130.283670831, 1.008505313,
2130.304102549, 1.008211167,
2130.324534369, 1.008695972,
2130.365397708, 1.009160261,
2130.385829528, 1.008733652,
2130.406261248, 1.008704203,
2130.426692968, 1.008724870,
2130.447124688, 1.008734706,
2130.467556409, 1.008648272,
2130.487988230, 1.008540872,
2130.508419851, 1.008710611,
2130.528851572, 1.008437343,
2130.549283394, 1.008731643,
2130.569715016, 1.008705264,
2130.631010183, 1.008673193,
2130.651442005, 1.008748333,
2130.671873628, 1.008556955,
2130.692305351, 1.008402808,
2130.712737174, 1.008427670,
2130.733168798, 1.008544666,
2130.753600622, 1.008108456,
2130.774032346, 1.008073057,
2130.794463970, 1.008374202,
2130.814895794, 1.008288946,
2130.876190969, 1.008848602,
2130.896622694, 1.009276499,
2130.917054420, 1.008562036,
2130.937486145, 1.008800686,
2130.957917871, 1.008955390,
2130.978349697, 1.008798249,
2130.998781424, 1.008718593,
2131.019213050, 1.008873663,
2131.039644877, 1.009165033,
2131.060076604, 1.009000589,
2131.121371787, 1.008780557,
2131.141803515, 1.008403007,
2131.162235243, 1.008795037,
2131.182666971, 1.008892619,
2131.203098800, 1.008658760,
2131.223530429, 1.009085406,
2131.243962158, 1.008658595,
2131.264393887, 1.008535633,
2131.284825616, 1.008886270,
2131.305257446, 1.009003399,
2131.366552637, 1.009520716,
2131.386984267, 1.009478908,
2131.407415998, 1.008871715,
2131.427847829, 1.009251172,
2131.448279461, 1.008779020,
2131.468711192, 1.008342286,
2131.489143024, 1.008746624,
2131.530006488, 1.008934400,
2131.550438220, 1.008385986,
2131.591301686, 1.008467556,
2131.611733419, 1.008476671,
2131.632165153, 1.008729517,
2131.652596986, 1.008565006,
2131.673028620, 1.008335296,
2131.693460454, 1.008517274,
2131.713892188, 1.009021536,
2131.734323823, 1.008382198,
2131.754755657, 1.007855917,
2131.775187392, 1.008287997,
2131.795619028, 1.008521888,
2131.877346071, 1.009297894,
2131.897777807, 1.008687791,
2131.918209544, 1.008704823,
2131.938641280, 1.010134801,
2131.959073017, 1.010326787,
2131.979504755, 1.009260037,
2132.020368230, 1.008818074,
2132.040799968, 1.009444691,
2132.061231706, 1.009844114,
2132.081663545, 1.009493955,
2132.102095183, 1.008826573,
2132.122526922, 1.009997590,
2132.142958761, 1.009916139,
2132.163390401, 1.009585622,
2132.183822140, 1.010180477,
2132.204253980, 1.009574754,
2132.245117460, 1.009673550,
2132.265549201, 1.009241900,
2132.285980942, 1.009385779,
2132.326844424, 1.009375387,
2132.347276166, 1.009846968,
2132.367708007, 1.009453637,
2132.388139649, 1.009458611,
2132.408571491, 1.009299520,
2132.429003234, 1.009396506,
2132.449434877, 1.008768277,
2132.469866719, 1.008982743,
2132.490298463, 1.008647101,
2132.510730106, 1.008982890,
2132.531161950, 1.008864862,
2132.572025338, 1.009006197,
2132.592457182, 1.009601785,
2132.612888927, 1.009279401,
2132.633320671, 1.009256177,
2132.653752416, 1.009340096,
2132.674184062, 1.008880545,
2132.694615907, 1.008877712,
2132.715047653, 1.008700603,
2132.735479399, 1.008714349,
2132.755911145, 1.009018866,
2132.776342892, 1.009047041,
2132.837638133, 1.009225714,
2132.858069980, 1.009084091,
2132.878501728, 1.008916377,
2132.898933376, 1.008626810,
2132.919365224, 1.008670296,
2132.939796973, 1.008660348,
2132.960228721, 1.008931241,
2132.980660470, 1.008069848,
2133.021524069, 1.008895737,
2133.082819319, 1.009774112,
2133.123682820, 1.008958050,
2133.144114571, 1.009509868,
2133.164546222, 1.009209717,
2133.184978073, 1.009529753,
2133.205409825, 1.008758482,
2133.225841477, 1.008697749,
2133.246273329, 1.009146831,
2133.266705081, 1.008884241,
2133.307568587, 1.009010413,
2133.328000240, 1.009718260,
2133.348432093, 1.009207162,
2133.368863847, 1.009089820,
2133.389295501, 1.008719786,
2133.409727355, 1.008407196,
2133.430159109, 1.008886765,
2133.450590864, 1.008812665,
2133.471022619, 1.009006313,
2133.491454374, 1.008887480,
2133.552749640, 1.009199326,
2133.573181496, 1.009310227,
2133.593613253, 1.008762904,
2133.614044909, 1.009167064,
2133.634476766, 1.008234621,
2133.654908523, 1.009179993,
2133.675340381, 1.009213886,
2133.695772038, 1.009026632,
2133.716203796, 1.008907000,
2133.736635654, 1.008981987,
2133.757067313, 1.008850384,
2133.777499071, 1.009296193,
2133.797930930, 1.009158746,
2133.818362589, 1.009457223,
2133.838794349, 1.008765552,
2133.859226208, 1.008729329,
2133.879657868, 1.008595593,
2133.900089728, 1.008836539,
2133.920521489, 1.009158801,
2133.940953149, 1.008710650,
2133.961385010, 1.009148889,
2133.981816671, 1.009417965,
2134.063543819, 1.009303438,
2134.083975581, 1.008922721,
2134.104407344, 1.009806451,
2134.124839107, 1.008955195,
2134.145270870, 1.009650313,
2134.165702633, 1.009850299,
2134.186134397, 1.010124553,
2134.206566161, 1.009777372,
2134.226997925, 1.009551228,
2134.247429790, 1.008984656,
2134.267861455, 1.009256598,
2134.288293320, 1.009495240,
2134.308725085, 1.008933184,
2134.329156750, 1.008926645,
2134.349588616, 1.009087991,
2134.370020382, 1.009198970,
2134.390452049, 1.009465288,
2134.410883915, 1.009114414,
2134.431315682, 1.009362239,
2134.451747549, 1.009202622,
2134.472179216, 1.009032102,
2134.492610984, 1.009092668,
2134.553906288, 1.009237492,
2134.574338057, 1.009596488,
2134.594769826, 1.009481954,
2134.615201695, 1.008726119,
2134.635633464, 1.009022439,
2134.656065134, 1.009631778,
2134.676497004, 1.008937913,
2134.696928674, 1.008719775,
2134.717360445, 1.008888601,
2134.737792315, 1.008928425,
2134.799087629, 1.008978355,
2134.819519401, 1.008866828,
2134.839951173, 1.008575473,
2134.860382946, 1.008987806,
2134.880814718, 1.008778820,
2134.901246591, 1.008685486,
2134.921678264, 1.009169967,
2134.942110038, 1.008722683,
2134.962541911, 1.008776686,
2134.982973585, 1.009132869,
2135.044268909, 1.009121399,
2135.064700784, 1.009120873,
2135.085132559, 1.008690241,
2135.105564234, 1.008547975,
2135.125996110, 1.008830318,
2135.146427886, 1.008286914,
2135.166859763, 1.008788960,
2135.187291439, 1.009240498,
2135.207723216, 1.009054807,
2135.228155093, 1.009245656,
2135.269018548, 1.009042304,
2135.289450426, 1.008917332,
2135.309882104, 1.008930727,
2135.330313883, 1.008487018,
2135.350745662, 1.008923564,
2135.371177441, 1.009068077,
2135.391609320, 1.009464413,
2135.412041100, 1.008799528,
2135.432472779, 1.009302314,
2135.452904660, 1.008958346,
2135.473336440, 1.009149205,
2135.534631783, 1.008272581,
2135.555063664, 1.008304626,
2135.575495346, 1.008302825,
2135.595927128, 1.008707845,
2135.616359010, 1.008820579,
2135.636790693, 1.009022981,
2135.657222476, 1.008421590,
2135.677654359, 1.009179780,
2135.698086042, 1.008796612,
2135.718517926, 1.008497636,
2135.820676748, 1.008267467,
2135.841108634, 1.008483481,
2135.861540419, 1.008203498,
2135.881972205, 1.007712828,
2135.902403991, 1.007431214,
2135.922835778, 1.008139898,
2135.943267664, 1.008380936,
2135.963699352, 1.007952031,
2135.984131139, 1.008482775,
2136.004562926, 1.008241725,
2136.024994714, 1.008354766,
2136.045426502, 1.008419090,
2136.065858391, 1.008486870,
2136.086290079, 1.008414277,
2136.106721968, 1.008476684,
2136.127153757, 1.008814262,
2136.147585447, 1.008278435,
2136.168017337, 1.008488793,
2136.188449127, 1.008521365,
2136.208880817, 1.008304746,
2136.249744498, 1.008208760,
2136.270176390, 1.008747766,
2136.290608081, 1.008574780,
2136.311039873, 1.008265668,
2136.331471765, 1.008417392,
2136.351903457, 1.009406997,
2136.372335250, 1.008941422,
2136.392767142, 1.009036166,
2136.413198836, 1.008773916,
2136.433630629, 1.008690553,
2136.454062523, 1.009016343,
2136.515357906, 1.008378706,
2136.535789700, 1.008540712,
2136.556221495, 1.008538988,
2136.576653291, 1.008791601,
2136.597085087, 1.008844458,
2136.617516883, 1.008677946,
2136.637948679, 1.009371685,
2136.658380475, 1.008468470,
2136.678812272, 1.008969000,
2136.699244069, 1.007831981,
2136.760539462, 1.008573316,
2136.780971361, 1.008434408,
2136.801403059, 1.008274266,
2136.821834958, 1.008727800,
2136.842266757, 1.008944916,
2136.862698456, 1.008777912,
2136.883130356, 1.008864426,
2136.903562156, 1.008784310,
2136.923993856, 1.008743694,
2136.944425757, 1.008572265,
2137.005721160, 1.008747445,
2137.026152962, 1.008305454,
2137.046584864, 1.008049120,
2137.067016566, 1.008402137,
2137.087448369, 1.008222024,
2137.107880272, 1.008148222,
2137.128311975, 1.008608636,
2137.148743778, 1.008021353,
2137.169175682, 1.008077952,
2137.189607486, 1.008083763,
2137.250902900, 1.008458416,
2137.271334705, 1.008617665,
2137.291766511, 1.008554836,
2137.312198317, 1.008421262,
2137.332630123, 1.007778639,
2137.353061929, 1.008679670,
2137.373493736, 1.008785230,
2137.393925543, 1.009017952,
2137.414357350, 1.008558233,
2137.434789257, 1.008640523,
2137.496084682, 1.008496909,
2137.516516390, 1.008174584,
2137.536948299, 1.007543193,
2137.557380109, 1.008369489,
2137.577811818, 1.008627522,
2137.618675538, 1.008940543,
2137.639107249, 1.009121348,
2137.659539160, 1.008704651,
2137.679970971, 1.009015556,
2137.720834594, 1.008182079,
2137.741266406, 1.008106880,
2137.761698318, 1.008331396,
2137.782130031, 1.008634272,
2137.802561844, 1.008256452,
2137.822993757, 1.008419294,
2137.843425470, 1.008249290,
2137.863857284, 1.008847187,
2137.884289198, 1.008477526,
2137.904721012, 1.008517454,
2137.925152827, 1.008334165,
2137.966016357, 1.008290164,
2137.986448273, 1.008450894,
2138.006880089, 1.008920870,
2138.027311805, 1.007971408,
2138.047743721, 1.007816614,
2138.068175538, 1.008302379,
2138.088607455, 1.008290262,
2138.109039172, 1.007803413,
2138.129470990, 1.008076769,
2138.149902908, 1.007881901,
2138.170334626, 1.007932906,
2138.231630083, 1.007020640,
2138.252062002, 1.006653628,
2138.272493822, 1.006921484,
2138.292925542, 1.006594917,
2138.313357463, 1.006830619,
2138.333789283, 1.006580913,
2138.354221004, 1.007131161,
2138.374652926, 1.006749054,
2138.395084747, 1.007197219,
2138.415516569, 1.007860222,
2138.456380214, 1.007457225,
2138.476812137, 1.007698702,
2138.497243860, 1.007934686,
2138.517675683, 1.007690221,
2138.538107607, 1.007419051,
2138.558539431, 1.007219309,
2138.578971155, 1.007566737,
2138.599403080, 1.007380460,
2138.619834805, 1.007659837,
2138.640266730, 1.008314590,
2138.660698556, 1.007523089,
2138.721994034, 1.006753475,
2138.742425761, 1.007185705,
2138.762857688, 1.007455749,
2138.783289516, 1.007734437,
