BJD - 2454833, Corrected Flux
2146.452775196, 0.997192904,
2146.514071891, 0.997263045,
2146.534504222, 0.997263802,
2146.554936352, 0.997754384,
2146.575368582, 0.997357930,
2146.595800911, 0.997156034,
2146.616233039, 0.997461682,
2146.636665267, 0.997437789,
2146.657097495, 0.997307760,
2146.677529721, 0.997078507,
2146.697962048, 0.997092900,
2146.718394174, 0.997397533,
2146.738826399, 0.997024883,
2146.759258724, 0.996845875,
2146.779690948, 0.997180859,
2146.800123072, 0.996734816,
2146.820555395, 0.997023704,
2146.840987617, 0.997061187,
2146.861419740, 0.996594478,
2146.902284282, 0.996644402,
2146.922716403, 0.996964709,
2146.943148723, 0.996363205,
2146.963580943, 0.996683846,
2146.984013061, 0.996835799,
2147.004445380, 0.996814790,
2147.024877598, 0.996690432,
2147.045309715, 0.996641390,
2147.065742032, 0.996645942,
2147.086174248, 0.996516400,
2147.106606464, 0.996429269,
2147.127038679, 0.996514254,
2147.147470894, 0.996329884,
2147.167903208, 0.996456806,
2147.188335322, 0.996294253,
2147.208767535, 0.996550291,
2147.229199848, 0.996464512,
2147.249632060, 0.996736799,
2147.270064171, 0.996587454,
2147.290496482, 0.996086380,
2147.310928693, 0.997235782,
2147.331360803, 0.996585496,
2147.351793112, 0.996053790,
2147.372225221, 0.996403913,
2147.392657430, 0.996549491,
2147.413089738, 0.995953054,
2147.433521845, 0.996154368,
2147.453954052, 0.996248310,
2147.494818464, 0.996297340,
2147.515250669, 0.996426547,
2147.535682974, 0.996096028,
2147.556115078, 0.996314240,
2147.576547282, 0.996113172,
2147.596979585, 0.996290897,
2147.617411787, 0.995871993,
2147.637843890, 0.996055626,
2147.658276191, 0.995897725,
2147.678708392, 0.996254354,
2147.699140593, 0.996334268,
2147.719572793, 0.995926948,
2147.740004992, 0.995712506,
2147.760437291, 0.995959323,
2147.780869390, 0.995872190,
2147.801301587, 0.995922669,
2147.821733885, 0.996046637,
2147.862598178, 0.996201432,
2147.883030474, 0.995968304,
2147.903462569, 0.995504017,
2147.923894764, 0.995793122,
2147.944327058, 0.996096317,
2147.985191345, 0.995933534,
2148.005623638, 0.996019691,
2148.026055730, 0.995843021,
2148.046487922, 0.995516940,
2148.066920213, 0.995869948,
2148.087352404, 0.995831919,
2148.128216783, 0.995759186,
2148.169081061, 0.995470120,
2148.189513349, 0.995957619,
2148.209945436, 0.995690308,
2148.230377623, 0.995796549,
2148.250809909, 0.995835059,
2148.271241996, 0.995726067,
2148.291674281, 0.995852937,
2148.312106466, 0.996039348,
2148.332538550, 0.995872729,
2148.352970834, 0.995722894,
2148.373403017, 0.995572485,
2148.414267383, 0.995491570,
2148.434699564, 0.995790911,
2148.475563926, 0.995742050,
2148.495996106, 0.996105840,
2148.516428286, 0.995840868,
2148.536860465, 0.995834452,
2148.557292644, 0.996254887,
2148.577724822, 0.995957194,
2148.598157100, 0.995991937,
2148.618589177, 0.995867756,
2148.639021354, 0.995786749,
2148.659453630, 0.995653759,
2148.679885705, 0.995483380,
2148.700317880, 0.995647263,
2148.720750155, 0.995821747,
2148.741182229, 0.995761035,
2148.761614402, 0.996051914,
2148.782046675, 0.995756907,
2148.802478748, 0.995421539,
2148.822910920, 0.995387085,
2148.843343191, 0.995979055,
2148.863775262, 0.995510322,
2148.884207532, 0.995759974,
2148.904639602, 0.995719968,
2148.925071772, 0.995386194,
2148.945504040, 0.996497837,
2148.965936109, 0.995687147,
2148.986368276, 0.995675500,
2149.006800544, 0.995593834,
2149.027232711, 0.995315966,
2149.047664777, 0.995309873,
2149.068097043, 0.995908142,
2149.088529208, 0.995488673,
2149.108961273, 0.995208371,
2149.129393537, 0.995792911,
2149.149825701, 0.995433822,
2149.170257764, 0.995549895,
2149.190690027, 0.995549420,
2149.211122189, 0.995599419,
2149.231554251, 0.995710632,
2149.251986512, 0.995523933,
2149.272418672, 0.995465712,
2149.313282992, 0.995120126,
2149.333715151, 0.995660955,
2149.354147310, 0.995614456,
2149.374579468, 0.995470434,
2149.395011626, 0.995674119,
2149.415443782, 0.995653034,
2149.456308095, 0.995635457,
2149.476740351, 0.995468140,
2149.497172505, 0.995855989,
2149.517604560, 0.995248607,
2149.538036814, 0.995643432,
2149.558468968, 0.995590340,
2149.578901021, 0.995562000,
2149.599333273, 0.995849144,
2149.619765325, 0.995696592,
2149.640197476, 0.995822598,
2149.660629728, 0.995559400,
2149.681061778, 0.995687861,
2149.701493928, 0.995477870,
2149.721926177, 0.995153468,
2149.742358226, 0.995414326,
2149.762790375, 0.995515056,
2149.803654670, 0.995557107,
2149.824086817, 0.995497110,
2149.844519063, 0.995811944,
2149.864951209, 0.995804509,
2149.885383255, 0.995637441,
2149.905815499, 0.995370243,
2149.946679688, 0.995642384,
2149.967111931, 0.995405272,
2149.987544073, 0.995855310,
2150.007976116, 0.995359142,
2150.028408358, 0.995508778,
2150.048840499, 0.995603846,
2150.069272740, 0.995481653,
2150.089704780, 0.995394654,
2150.110136920, 0.995600072,
2150.130569159, 0.995536114,
2150.151001198, 0.995824965,
2150.171433336, 0.995336165,
2150.191865574, 0.995679589,
2150.212297611, 0.995483096,
2150.232729748, 0.995744332,
2150.253161984, 0.995340717,
2150.273594120, 0.995682396,
2150.294026155, 0.995428134,
2150.314458390, 0.995754790,
2150.334890524, 0.995308462,
2150.355322558, 0.995516268,
2150.375754791, 0.995350228,
2150.396186824, 0.995615355,
2150.416618956, 0.995780570,
2150.437051188, 0.995706995,
2150.457483219, 0.995598408,
2150.477915350, 0.995382330,
2150.498347580, 0.995451071,
2150.518779610, 0.995788344,
2150.580075996, 0.995700909,
2150.600508124, 0.995707749,
2150.620940351, 0.995520335,
2150.641372378, 0.995443293,
2150.702668855, 0.995091903,
2150.723100980, 0.995123674,
2150.743533104, 0.995467854,
2150.763965227, 0.995206633,
2150.784397451, 0.995931338,
2150.804829473, 0.995321122,
2150.825261596, 0.995621279,
2150.845693817, 0.995123530,
2150.866125839, 0.994999542,
2150.886557959, 0.995308099,
2150.906990179, 0.995269256,
2150.927422199, 0.995234124,
2150.947854318, 0.995354165,
2150.968286537, 0.995416143,
2151.009150673, 0.995386231,
2151.029582790, 0.995159568,
2151.050014907, 0.995329475,
2151.070447023, 0.995308969,
2151.090879239, 0.994943981,
2151.111311254, 0.995367878,
2151.131743369, 0.995516055,
2151.152175583, 0.995488542,
2151.172607597, 0.995450325,
2151.193039710, 0.995629207,
2151.213471923, 0.995281263,
2151.233903935, 0.995117460,
2151.254336147, 0.995763088,
2151.274768258, 0.995335330,
2151.295200269, 0.995360894,
2151.315632479, 0.995046602,
2151.336064589, 0.995292058,
2151.356496598, 0.995869970,
2151.376928807, 0.995680809,
2151.397360915, 0.995479934,
2151.417792923, 0.995274061,
2151.438225130, 0.995554910,
2151.458657237, 0.995583304,
2151.479089243, 0.995453045,
2151.499521449, 0.995417971,
2151.519953555, 0.995548442,
2151.540385659, 0.995432425,
2151.560817764, 0.995504597,
2151.581249868, 0.995397705,
2151.601681971, 0.995567097,
2151.622114174, 0.995446506,
2151.642546176, 0.995575761,
2151.662978278, 0.995692026,
2151.683410479, 0.995622237,
2151.703842480, 0.995559794,
2151.724274580, 0.995676117,
2151.744706780, 0.995655564,
2151.785570879, 0.995794798,
2151.806003077, 0.995776573,
2151.826435075, 0.995646448,
2151.846867173, 0.995787364,
2151.867299269, 0.995559692,
2151.908163562, 0.995705721,
2151.928595557, 0.995799385,
2151.949027652, 0.995840038,
2151.969459847, 0.995584814,
2151.989891941, 0.995862888,
2152.010323934, 0.995798481,
2152.030756127, 0.995937745,
2152.051188220, 0.996206809,
2152.071620212, 0.995531385,
2152.092052404, 0.995597875,
2152.112484494, 0.995911364,
2152.132916485, 0.995612825,
2152.153348675, 0.995674612,
2152.173780765, 0.995934594,
2152.194212754, 0.995582987,
2152.214644943, 0.996050931,
2152.235077031, 0.995965620,
2152.255509018, 0.995941621,
2152.275941205, 0.996074347,
2152.296373292, 0.995786649,
2152.316805278, 0.996148748,
2152.337237464, 0.995890725,
2152.357669549, 0.995818443,
2152.378101634, 0.995796615,
2152.398533718, 0.996149672,
2152.418965802, 0.996003845,
2152.439397885, 0.996139569,
2152.459830068, 0.996038606,
2152.480262050, 0.995946706,
2152.500694232, 0.995998174,
2152.521126313, 0.995750428,
2152.541558294, 0.995811372,
2152.561990474, 0.995991107,
2152.582422554, 0.995949049,
2152.623286713, 0.996204176,
2152.643718691, 0.995843645,
2152.664150769, 0.995930632,
2152.684582947, 0.995929938,
2152.705014923, 0.995824683,
2152.725447000, 0.996060776,
2152.745879176, 0.996096139,
2152.766311151, 0.996041371,
2152.786743226, 0.995980319,
2152.807175401, 0.995912197,
2152.827607475, 0.995834506,
2152.848039449, 0.995631344,
2152.868471622, 0.996323118,
2152.888903694, 0.996183005,
2152.909335666, 0.996352859,
2152.929767838, 0.995713934,
2152.950199909, 0.995951574,
2152.970631880, 0.996393468,
2152.991064050, 0.996049972,
2153.011496120, 0.996329632,
2153.031928089, 0.996104587,
2153.052360258, 0.996258253,
2153.072792326, 0.995900277,
2153.093224494, 0.996189759,
2153.113656461, 0.996017124,
2153.134088528, 0.996233859,
2153.154520694, 0.996036164,
2153.174952660, 0.996204251,
2153.195384725, 0.995983232,
2153.215816891, 0.996403156,
2153.236248855, 0.996131789,
2153.256680919, 0.996098345,
2153.277112982, 0.996163666,
2153.297545145, 0.996156017,
2153.317977108, 0.995473539,
2153.338409170, 0.995603572,
2153.379273293, 0.996225988,
2153.399705453, 0.996035984,
2153.420137413, 0.996232574,
2153.440569473, 0.995907109,
2153.461001632, 0.996223317,
2153.481433591, 0.995892179,
2153.501865649, 0.996004266,
2153.522297806, 0.996132546,
2153.542729764, 0.996598431,
2153.563161821, 0.996157633,
2153.583593977, 0.995793214,
2153.604025933, 0.995969115,
2153.624457988, 0.996296137,
2153.644890143, 0.996136307,
2153.665322198, 0.996117543,
2153.685754252, 0.996331680,
2153.706186305, 0.996233271,
2153.726618358, 0.998627105,
2153.747050410, 0.996171695,
2153.767482462, 0.996299343,
2153.787914514, 0.996616117,
2153.808346665, 0.996256970,
2153.828778616, 0.996219514,
2153.890074765, 0.996451183,
2153.910506813, 0.996080298,
2153.951370909, 0.996213978,
2153.971802956, 0.996152737,
2153.992235103, 0.996369285,
2154.012667049, 0.996697771,
2154.033099096, 0.996196528,
2154.053531141, 0.996218196,
2154.073963186, 0.996408375,
2154.094395230, 0.996198926,
2154.114827274, 0.996541758,
2154.135259318, 0.996579383,
2154.176123403, 0.996372040,
2154.196555445, 0.996346106,
2154.216987487, 0.996493044,
2154.237419628, 0.996390044,
2154.257851569, 0.996281731,
2154.278283709, 0.996379093,
2154.298715749, 0.996436751,
2154.319147688, 0.996376457,
2154.339579827, 0.996404741,
2154.360011865, 0.996537369,
2154.400875940, 0.996383628,
2154.421307977, 0.996270773,
2154.441739913, 0.996455855,
2154.462172050, 0.996779299,
2154.482604085, 0.996070011,
2154.503036120, 0.996508019,
2154.523468155, 0.996214129,
2154.543900189, 0.996684529,
2154.564332222, 0.996583456,
2154.584764256, 0.996391850,
2154.605196288, 0.996301342,
2154.625628321, 0.996640897,
2154.646060452, 0.996572741,
2154.666492384, 0.996913483,
2154.686924414, 0.996405385,
2154.707356545, 0.996658836,
2154.727788475, 0.996364003,
2154.748220504, 0.996329800,
2154.768652533, 0.996512198,
2154.789084561, 0.996852662,
2154.809516689, 0.996664121,
2154.829948617, 0.997073696,
2154.850380644, 0.996361278,
2154.870812771, 0.996332809,
2154.891244697, 0.996842238,
2154.911676723, 0.996770985,
2154.932108848, 0.996826119,
2154.952540773, 0.996627070,
2154.972972797, 0.996534878,
2154.993404921, 0.996553782,
2155.013836844, 0.996665746,
2155.034268867, 0.996530503,
2155.054700989, 0.996555949,
2155.075133011, 0.996673967,
2155.115997054, 0.996575287,
2155.136429075, 0.996551685,
2155.156860995, 0.996484098,
2155.177293115, 0.996795016,
2155.197725134, 0.996434162,
2155.218157052, 0.996580318,
2155.238589171, 0.996946954,
2155.259021189, 0.996462213,
2155.279453106, 0.996572425,
2155.299885223, 0.996314360,
2155.320317239, 0.996194233,
2155.340749255, 0.996307348,
2155.361181271, 0.996337126,
2155.381613286, 0.996630514,
2155.402045400, 0.996579308,
2155.422477314, 0.996483122,
2155.442909328, 0.996562782,
2155.463341441, 0.996509780,
2155.483773354, 0.996408286,
2155.504205366, 0.996256930,
2155.524637378, 0.996121613,
2155.545069390, 0.996503804,
2155.565501400, 0.996745503,
2155.585933511, 0.996241727,
2155.606365421, 0.996420626,
2155.626797431, 0.996857907,
2155.647229539, 0.996406378,
2155.667661448, 0.996653636,
2155.688093456, 0.996526823,
2155.708525564, 0.996566672,
2155.728957471, 0.996462722,
2155.749389478, 0.996226477,
2155.769821585, 0.996542816,
2155.851549505, 0.996477258,
2155.871981509, 0.996010820,
2155.892413613, 0.996212690,
2155.912845616, 0.996274389,
2155.933277518, 0.996448452,
2155.953709621, 0.996336405,
2155.974141623, 0.996718972,
2155.994573624, 0.996420459,
2156.015005625, 0.996095330,
2156.035437625, 0.996334733,
2156.055869725, 0.996231394,
2156.076301624, 0.996160736,
2156.096733623, 0.996369373,
2156.117165722, 0.996419458,
2156.137597620, 0.996169895,
2156.158029618, 0.996161920,
2156.178461715, 0.996568356,
2156.198893612, 0.996267746,
2156.219325608, 0.996489799,
2156.239757704, 0.996107414,
2156.260189600, 0.996096962,
2156.280621594, 0.996656206,
2156.301053589, 0.996591994,
2156.321485583, 0.996097841,
2156.403213555, 0.996596735,
2156.423645646, 0.996489379,
2156.444077538, 0.996272752,
2156.464509529, 0.996446069,
2156.484941619, 0.996468365,
2156.505373509, 0.996377977,
2156.525805499, 0.996136604,
2156.546237588, 0.996403227,
2156.566669476, 0.996324437,
2156.587101564, 0.997584877,
2156.607533552, 0.996136144,
2156.627965440, 0.996572913,
2156.648397527, 0.996053938,
2156.668829513, 0.996097445,
2156.689261399, 0.996549466,
2156.709693484, 0.996189833,
2156.730125469, 0.996320204,
2156.770989438, 0.996423911,
2156.791421422, 0.996083343,
2156.811853405, 0.996135952,
2156.832285388, 0.996190483,
2156.852717370, 0.996491791,
2156.873149352, 0.996138624,
2156.893581433, 0.996543644,
2156.914013315, 0.996394497,
2156.954877375, 0.996503599,
2156.975309255, 0.996038295,
2156.995741234, 0.996208353,
2157.016173213, 0.996478360,
2157.036605191, 0.996552863,
2157.057037169, 0.996298619,
2157.077469146, 0.996220796,
2157.097901124, 0.996019378,
2157.118333100, 0.995998301,
2157.138765076, 0.996159169,
2157.159197052, 0.996319543,
2157.179629127, 0.996297053,
2157.200061001, 0.995838538,
2157.220492976, 0.996037230,
2157.302220969, 0.996282203,
2157.322652941, 0.996345769,
2157.343084813, 0.995946211,
2157.363516884, 0.996361820,
2157.383948855, 0.996476205,
2157.404380725, 0.996614447,
2157.424812795, 0.996242939,
2157.445244764, 0.996311095,
2157.465676633, 0.996671002,
2157.506540670, 0.996490343,
2157.526972537, 0.996497122,
2157.547404605, 0.996168853,
2157.567836572, 0.996621141,
2157.588268538, 0.996551022,
2157.608700504, 0.996499837,
2157.629132469, 0.996506448,
2157.649564434, 0.996777140,
2157.669996399, 0.996620864,
2157.690428363, 0.996646261,
2157.710860327, 0.996544072,
2157.731292290, 0.996556239,
2157.751724253, 0.996418493,
2157.813020139, 0.996572596,
2157.833452200, 0.996354242,
2157.853884061, 0.996538777,
2157.874316021, 0.996410272,
2157.894748081, 0.996391932,
2157.915179940, 0.996375438,
2157.935611899, 0.996572233,
2157.976475815, 0.996549494,
2157.996907773, 0.996587937,
2158.017339830, 0.996754581,
2158.037771687, 0.996538534,
2158.058203643, 0.996581493,
2158.078635699, 0.996477522,
2158.099067654, 0.997008327,
2158.119499509, 0.996349580,
2158.139931564, 0.996534021,
2158.160363518, 0.996512628,
2158.180795371, 0.996834005,
2158.201227425, 0.997001402,
2158.221659377, 0.996552827,
2158.242091230, 0.996692982,
2158.262523282, 0.996679016,
2158.282955233, 0.996924843,
2158.303387085, 0.996962375,
2158.323819135, 0.996745939,
2158.344251085, 0.996751946,
2158.364683135, 0.996752266,
2158.385114984, 0.996709168,
2158.405546933, 0.996947014,
2158.425978981, 0.997119042,
2158.446410830, 0.996721735,
2158.466842777, 0.996941584,
2158.487274824, 0.996991561,
2158.507706671, 0.996753953,
2158.528138617, 0.996852386,
2158.548570563, 0.997154294,
2158.569002509, 0.997199200,
2158.589434453, 0.997104026,
2158.609866498, 0.996774070,
2158.630298342, 0.996822320,
2158.671162329, 0.997194725,
2158.691594172, 0.996790893,
2158.712026114, 0.997177339,
2158.732458156, 0.996740999,
2158.773321939, 0.996848097,
2158.793753979, 0.996886606,
2158.814185820, 0.996829500,
2158.834617760, 0.997458776,
2158.855049799, 0.996672951,
2158.875481638, 0.997155051,
2158.895913677, 0.996990153,
2158.916345615, 0.997076196,
2158.936777552, 0.996872791,
2158.957209489, 0.996719967,
2158.977641427, 0.996485595,
2158.998073363, 0.996804052,
2159.018505299, 0.996642554,
2159.038937234, 0.997024335,
2159.059369169, 0.996823823,
2159.079801204, 0.996872172,
2159.100233039, 0.997053799,
2159.120664972, 0.996838986,
2159.141097006, 0.996803117,
2159.161528839, 0.996981524,
2159.181960771, 0.997062639,
2159.202392803, 0.996950995,
2159.222824635, 0.996936483,
2159.243256566, 0.997028262,
2159.263688497, 0.996754472,
2159.284120428, 0.996854387,
2159.304552358, 0.996945228,
2159.324984287, 0.997117434,
2159.345416217, 0.997333019,
2159.365848145, 0.996941296,
2159.386280074, 0.997150451,
2159.406712001, 0.997518905,
2159.427143929, 0.997219908,
2159.447575956, 0.996704649,
2159.468007783, 0.997143657,
2159.508871734, 0.997093633,
2159.529303560, 0.997125724,
2159.549735585, 0.997139284,
2159.570167509, 0.997051086,
2159.590599334, 0.996839628,
2159.631463280, 0.997051498,
2159.651895103, 0.996983532,
2159.672327126, 0.997227809,
2159.692759047, 0.996914217,
2159.713190869, 0.997215443,
2159.754054811, 0.997088854,
2159.774486731, 0.997097891,
2159.794918651, 0.997215646,
2159.815350571, 0.996831003,
2159.835782489, 0.996961168,
2159.856214408, 0.996859973,
2159.876646326, 0.997241109,
2159.897078244, 0.997118597,
2159.917510262, 0.996871925,
2159.937942078, 0.997120542,
2159.958373995, 0.997220461,
2159.978805911, 0.997099928,
2159.999237827, 0.997045660,
2160.019669642, 0.996896206,
2160.040101657, 0.997028757,
2160.060533571, 0.996829037,
2160.101397399, 0.996969067,
2160.121829312, 0.996919709,
2160.142261325, 0.996784138,
2160.162693137, 0.997193943,
2160.183125049, 0.997041136,
2160.203557061, 0.996640344,
2160.244420783, 0.997055964,
2160.264852793, 0.997063867,
2160.285284702, 0.996798415,
2160.305716512, 0.996945218,
2160.326148521, 0.996582148,
2160.346580429, 0.997131988,
2160.367012238, 0.997227226,
2160.387444245, 0.996981909,
2160.407876153, 0.997766611,
2160.428307960, 0.996940445,
2160.448739967, 0.996863692,
2160.469171872, 0.996977550,
2160.489603678, 0.997122541,
2160.510035684, 0.996956030,
2160.530467588, 0.996910819,
2160.550899393, 0.996864656,
2160.571331397, 0.997225665,
2160.591763301, 0.996954689,
2160.612195204, 0.996865249,
2160.632627107, 0.996389743,
2160.673491011, 0.997217941,
2160.693922813, 0.997126935,
2160.734786715, 0.996743917,
2160.755218515, 0.996934389,
2160.775650415, 0.997418713,
2160.796082315, 0.997021249,
2160.816514214, 0.997058015,
2160.836946112, 0.997185182,
2160.857378111, 0.997196776,
2160.877809909, 0.996922711,
2160.898241806, 0.996758924,
2160.918673803, 0.997372345,
2160.939105600, 0.997122429,
2160.959537496, 0.997354204,
2160.979969492, 0.997374340,
2161.000401287, 0.997152112,
2161.020833182, 0.997104865,
2161.041265177, 0.997139735,
2161.061696971, 0.997263368,
2161.082128865, 0.997153117,
2161.102560859, 0.997372320,
2161.122992752, 0.997270635,
2161.143424544, 0.996769214,
2161.163856536, 0.997386763,
2161.184288428, 0.997080445,
2161.204720219, 0.997539656,
2161.225152210, 0.997254074,
2161.245584101, 0.997276202,
2161.266015891, 0.997276759,
2161.286447881, 0.997002234,
2161.306879770, 0.997077201,
2161.327311759, 0.997320758,
2161.347743548, 0.997175257,
2161.368175436, 0.997272646,
2161.388607424, 0.997306293,
2161.409039211, 0.997236077,
2161.470334871, 0.997392100,
2161.490766756, 0.997367577,
2161.511198641, 0.997720794,
2161.531630526, 0.997479075,
2161.552062411, 0.997370327,
2161.572494295, 0.997187050,
2161.592926179, 0.997186447,
2161.613358062, 0.997258195,
2161.633789945, 0.996876168,
2161.654221827, 0.997121602,
2161.674653710, 0.997174730,
2161.735949353, 0.997190243,
2161.756381334, 0.997710185,
2161.776813114, 0.997432817,
2161.797244994, 0.997726785,
2161.838108752, 0.997148378,
2161.858540730, 0.997655829,
2161.878972608, 0.997288910,
2161.899404386, 0.997502398,
2161.919836363, 0.997039843,
2161.940268240, 0.997336045,
2161.960700117, 0.997581692,
2161.981131993, 0.997507865,
2162.021995744, 0.997699480,
2162.062859493, 0.997380297,
2162.083291367, 0.997780631,
2162.103723241, 0.997122106,
2162.124155114, 0.997711390,
2162.144586987, 0.997677156,
2162.165018960, 0.997683235,
2162.205882604, 0.997616623,
2162.226314475, 0.997852431,
2162.246746346, 0.997739731,
2162.267178117, 0.997592464,
2162.287610087, 0.997392319,
2162.308041956, 0.997604588,
2162.328473725, 0.997711069,
2162.348905695, 0.997646086,
2162.369337563, 0.997675655,
2162.389769431, 0.997223960,
2162.410201299, 0.997861095,
2162.430633166, 0.997585832,
2162.451065133, 0.997511209,
2162.471496900, 0.997581389,
2162.491928766, 0.997479289,
2162.512360732, 0.997811974,
2162.532792597, 0.997513774,
2162.553224362, 0.998306856,
2162.573656327, 0.997468745,
2162.594088191, 0.997962002,
2162.614519955, 0.997905581,
2162.634951919, 0.997857249,
2162.655383782, 0.997760215,
2162.696247507, 0.997641699,
2162.716679368, 0.998014188,
2162.737111130, 0.997507412,
2162.757543091, 0.997956453,
2162.777974952, 0.997716370,
2162.798406812, 0.997714347,
2162.818838672, 0.997723586,
2162.839270532, 0.997609278,
2162.859702391, 0.997711935,
2162.880134250, 0.997573572,
2162.900566108, 0.997955527,
2162.920997966, 0.997875933,
2162.941429823, 0.997813228,
2162.961861681, 0.997681622,
2162.982293538, 0.997798822,
2163.002725394, 0.997282029,
2163.023157250, 0.997756277,
2163.043589206, 0.997736291,
2163.064020961, 0.997604706,
2163.084452816, 0.997756567,
2163.104884770, 0.997855485,
2163.125316524, 0.997669060,
2163.186612084, 0.998129219,
2163.207043937, 0.997751160,
2163.227475889, 0.997833294,
2163.247907641, 0.997948726,
2163.268339492, 0.997937116,
2163.288771443, 0.998045937,
2163.309203194, 0.997889170,
2163.329635044, 0.998019550,
2163.350066994, 0.997630131,
2163.370498844, 0.998254863,
2163.390930593, 0.997783653,
2163.411362541, 0.997769962,
2163.431794390, 0.997699056,
2163.452226137, 0.997923475,
2163.472658085, 0.998056954,
2163.493089932, 0.997915232,
2163.513521679, 0.998076733,
2163.533953626, 0.998378895,
2163.554385472, 0.998178154,
2163.574817417, 0.998077700,
2163.595249162, 0.998399206,
2163.615681007, 0.998330192,
2163.697408383, 0.997863016,
2163.717840226, 0.997905678,
2163.738272069, 0.998199265,
2163.758703911, 0.998543995,
2163.779135753, 0.998409577,
2163.799567594, 0.998199479,
2163.819999435, 0.997884423,
2163.840431276, 0.998264296,
2163.860863116, 0.998419649,
2163.881295056, 0.998274856,
2163.922158635, 0.998184887,
2163.942590574, 0.998210528,
2163.983454150, 0.997990410,
2164.003886088, 0.998337738,
2164.024317825, 0.998226442,
2164.044749662, 0.998736160,
2164.065181599, 0.998301550,
2164.085613335, 0.998542886,
2164.106045170, 0.998467673,
2164.126477106, 0.998496222,
2164.146908841, 0.998415500,
2164.167340775, 0.998224461,
2164.187772610, 0.998413161,
2164.208204444, 0.998174496,
2164.228636277, 0.998303343,
2164.249068110, 0.998351346,
2164.269499943, 0.997893749,
2164.289931876, 0.998064179,
2164.310363607, 0.997985253,
2164.330795439, 0.998058976,
2164.351227371, 0.998418695,
2164.371659101, 0.998086682,
2164.412522762, 0.998622142,
2164.432954592, 0.998410053,
2164.453386421, 0.998666647,
2164.473818250, 0.998441802,
2164.494250079, 0.998215079,
2164.514681807, 0.998408707,
2164.535113735, 0.998478713,
2164.555545563, 0.998386905,
2164.575977390, 0.998329563,
2164.596409217, 0.998450908,
2164.616841043, 0.998568166,
2164.637272869, 0.998291501,
2164.657704695, 0.998444249,
2164.678136520, 0.998654856,
2164.698568445, 0.998436162,
2164.719000270, 0.998484549,
2164.739431994, 0.998679006,
2164.759863918, 0.998364868,
2164.780295741, 0.998311760,
2164.800727464, 0.998595581,
2164.821159387, 0.998736123,
2164.841591209, 0.998577822,
2164.902886674, 0.998828889,
2164.923318395, 0.998881610,
2164.943750315, 0.998734852,
2164.964182136, 0.998612728,
2164.984613855, 0.998812900,
2165.005045775, 0.998816510,
2165.025477594, 1.001162212,
2165.045909412, 0.998792812,
2165.066341231, 0.998441117,
2165.086773049, 0.998621797,
2165.107204866, 0.998789066,
2165.127636684, 0.998392409,
2165.148068500, 0.998429788,
2165.168500317, 0.998458738,
2165.188932233, 0.998719808,
2165.209363949, 0.998496754,
2165.229795864, 0.998619009,
2165.250227579, 0.998908094,
2165.270659394, 0.998555002,
2165.291091308, 0.998873945,
2165.311523022, 0.998518367,
2165.331954836, 0.998564492,
2165.352386749, 0.998748245,
2165.393250274, 0.999286927,
2165.413682186, 0.998856634,
2165.434113898, 0.998770020,
2165.454545709, 0.998514581,
2165.474977620, 0.999211849,
2165.495409331, 0.999007399,
2165.515841141, 0.999198448,
2165.536273051, 0.998645292,
2165.556704861, 0.999125594,
2165.577136570, 0.998875564,
2165.597568479, 0.998787881,
2165.638431995, 0.999021579,
2165.658863903, 0.998962154,
2165.679295711, 0.998901882,
2165.699727418, 0.998942596,
2165.720159324, 0.998873367,
2165.740591131, 0.999085388,
2165.761023036, 0.998772310,
2165.781454742, 0.999057413,
2165.801886547, 0.999177220,
2165.822318452, 0.999083930,
2165.842750157, 0.998929135,
2165.863181961, 0.999159609,
2165.883613765, 0.999169440,
2165.904045568, 0.998962627,
2165.924477371, 0.999146008,
2165.944909174, 0.999074055,
2165.965340976, 0.999121622,
2165.985772778, 0.998845838,
2166.006204580, 0.999344775,
2166.026636381, 0.998997957,
2166.047068182, 0.999302653,
2166.067500083, 0.999180825,
2166.087931783, 0.999639810,
2166.108363583, 0.998917991,
2166.149227182, 0.999478397,
2166.169658981, 0.999325638,
2166.190090879, 0.999501552,
2166.210522577, 0.999292531,
2166.230954375, 0.999468322,
2166.251386272, 0.999129181,
2166.271817969, 0.999065482,
2166.292249866, 0.999225960,
2166.312681662, 0.999660197,
2166.333113358, 0.999406889,
2166.373977049, 0.999422828,
2166.394408844, 0.999596535,
2166.414840639, 0.999524484,
2166.435272433, 0.999366470,
2166.455704227, 0.999415835,
2166.476136020, 0.999395274,
2166.496567814, 0.999395322,
2166.516999606, 0.999882663,
2166.537431499, 0.999438157,
2166.557863191, 0.999961041,
2166.578294983, 0.999531872,
2166.598726874, 0.999403673,
2166.619158565, 0.999396149,
2166.639590356, 0.999468294,
2166.660022146, 0.999461592,
2166.680453936, 0.999640609,
2166.700885726, 0.999236759,
2166.721317515, 0.999218332,
2166.741749304, 0.999327875,
2166.762181093, 0.999585752,
2166.782612881, 0.999771283,
2166.803044669, 0.999074262,
2166.864340031, 0.999709249,
2166.884771917, 0.999449842,
2166.905203703, 0.999622749,
2166.925635389, 0.999227823,
2166.946067274, 0.999566660,
2166.966499060, 0.999708515,
2166.986930744, 0.999341301,
2167.007362629, 0.999603268,
2167.027794413, 0.999449452,
2167.048226097, 0.999821676,
2167.068657980, 1.000160448,
2167.109521446, 0.999799325,
2167.129953328, 0.999816480,
2167.150385110, 0.999614516,
2167.170816792, 0.999637637,
2167.191248673, 0.999697855,
2167.211680454, 0.999838205,
2167.232112235, 0.999557185,
2167.252544015, 0.999795467,
2167.272975795, 0.999422451,
2167.293407575, 1.000003794,
2167.313839354, 0.999842023,
2167.354703012, 0.999595035,
2167.375134690, 0.999414504,
2167.395566468, 0.999686312,
2167.415998345, 0.999679688,
2167.436430023, 0.999298832,
2167.456861799, 0.999848487,
2167.477293676, 1.000003220,
2167.497725352, 0.999637847,
2167.518157128, 0.999657482,
2167.538589004, 0.999607448,
2167.559020679, 0.999790512,
2167.599884328, 0.999947368,
2167.620316002, 1.000252578,
2167.640747776, 1.000015910,
2167.661179650, 0.999977803,
2167.681611323, 0.999953631,
2167.702043096, 0.999952574,
2167.722474968, 0.999756119,
2167.742906740, 0.999907446,
2167.763338412, 0.999966297,
2167.783770283, 0.999870610,
2167.804202054, 1.000197924,
2167.845065596, 1.000111567,
2167.865497366, 1.000055085,
2167.885929235, 1.000163546,
2167.906360905, 1.000125501,
2167.926792674, 1.000358406,
2167.947224543, 0.999977569,
2167.967656211, 1.000125307,
2167.988087979, 1.000107627,
2168.008519847, 1.000354080,
2168.028951514, 1.000570857,
2168.049383281, 1.000122773,
2168.110678581, 1.000330627,
2168.131110346, 1.000439217,
2168.151542112, 1.000282339,
2168.171973877, 1.000146759,
2168.192405642, 1.000976351,
2168.212837406, 1.000439720,
2168.233269170, 1.000450628,
2168.253701034, 1.000518004,
2168.274132697, 1.000491575,
2168.294564460, 1.000739007,
2168.335428186, 1.000377574,
2168.355859948, 1.000492005,
2168.376291809, 1.000395470,
2168.396723571, 1.000148356,
2168.417155432, 1.000120861,
2168.437587092, 1.000159063,
2168.458018853, 1.000106674,
2168.498882373, 1.000045846,
2168.519314132, 1.000133071,
2168.539745991, 1.000014846,
2168.580609409, 1.000535748,
2168.601041267, 1.000386565,
2168.621473024, 1.000690567,
2168.641904682, 1.000394429,
2168.662336539, 1.000404837,
2168.682768296, 1.000315363,
2168.703199952, 1.000263719,
2168.723631809, 1.000730834,
2168.744063564, 1.000522629,
2168.764495220, 1.000500624,
2168.784927075, 1.000532862,
2168.825790484, 1.000621026,
2168.846222339, 1.000821859,
2168.866653993, 1.000713063,
2168.887085746, 1.000727557,
2168.907517599, 1.000239292,
2168.927949252, 1.000562881,
2168.948381105, 1.000635754,
2168.968812857, 1.000475698,
2168.989244509, 1.000356230,
2169.009676360, 1.000523196,
2169.030108111, 1.000579144,
2169.070971613, 1.000786024,
2169.091403363, 1.000907252,
2169.111835114, 1.000321683,
2169.132266863, 1.000512693,
2169.152698612, 1.000356501,
2169.173130361, 1.000864750,
2169.193562210, 1.000393693,
2169.213993859, 1.000788492,
2169.234425607, 1.000820309,
2169.254857454, 1.000772807,
2169.275289102, 1.000379880,
2169.316152695, 1.000693249,
2169.336584342, 1.001083648,
2169.357016088, 1.000702354,
2169.377447934, 1.000799967,
2169.397879579, 1.000751020,
2169.418311424, 1.001076880,
2169.438743169, 1.000877938,
2169.459174914, 1.001069350,
2169.479606658, 1.000863613,
2169.500038302, 1.001058001,
2169.520470145, 1.000802476,
2169.561333632, 1.000580491,
2169.581765274, 1.000910290,
2169.602197117, 1.001489846,
2169.622628858, 1.001093933,
2169.643060500, 1.000864656,
2169.663492341, 1.000935375,
2169.683924083, 1.000746538,
2169.704355723, 1.001056792,
2169.724787564, 1.001186553,
2169.745219303, 1.000904421,
2169.765650943, 1.001019643,
2169.806514522, 1.000860877,
2169.826946161, 1.000930663,
2169.847377999, 1.001029317,
2169.867809737, 1.000916095,
2169.888241575, 1.001211612,
2169.908673213, 1.001048603,
2169.929104950, 1.001243683,
2169.949536787, 1.000961230,
2169.969968423, 1.001431942,
2169.990400160, 1.001291698,
2170.010831996, 1.001300219,
2170.051695367, 1.001315382,
2170.072127202, 1.001183761,
2170.092558936, 1.000992151,
2170.112990571, 1.001534613,
2170.133422405, 1.001179402,
2170.153854139, 1.001622038,
2170.174285772, 1.001283962,
2170.194717605, 1.001085891,
2170.215149338, 1.001021972,
2170.235580971, 1.001043044,
2170.256012803, 1.001590165,
2170.317307998, 1.001536709,
2170.337739629, 1.001099818,
2170.358171360, 1.001160485,
2170.378603190, 1.001157846,
2170.419466650, 1.001302724,
2170.439898379, 1.001558633,
2170.460330108, 1.001436256,
2170.480761837, 1.001268238,
2170.501193566, 1.001259049,
2170.521625294, 1.001380240,
2170.542057122, 1.001490535,
2170.562488749, 1.001306289,
2170.582920477, 1.001450532,
2170.603352304, 1.001529135,
2170.623783930, 1.001750107,
2170.644215657, 1.001568738,
2170.664647483, 1.001348788,
2170.685079108, 1.001456510,
2170.725942659, 1.001514188,
2170.787237833, 1.001745827,
2170.807669457, 1.001948339,
2170.828101180, 1.001692966,
2170.848533004, 1.001378560,
2170.868964727, 1.001779241,
2170.889396450, 1.001793428,
2170.909828172, 1.001518226,
2170.930259894, 1.001698739,
2170.950691616, 1.001521588,
2170.971123337, 1.001689696,
2170.991554959, 1.001653966,
2171.032418500, 1.001802176,
2171.052850120, 1.001435062,
2171.073281940, 1.001949858,
2171.093713660, 1.001603356,
2171.114145280, 1.001591996,
2171.134577099, 1.001703605,
2171.155008817, 1.001617442,
2171.175440436, 1.002002734,
2171.216303972, 1.002011566,
2171.277599124, 1.001545267,
2171.298030841, 1.001765412,
2171.318462557, 1.001897327,
2171.338894273, 1.001790219,
2171.359326089, 1.001939380,
2171.379757804, 1.002094217,
2171.420621235, 1.002213327,
2171.441052949, 1.001739445,
2171.461484563, 1.001692845,
2171.481916378, 1.002026496,
2171.522779705, 1.001783177,
2171.543211518, 1.001855771,
2171.563643231, 1.001653530,
2171.584074843, 1.001678388,
2171.604506655, 1.002008360,
2171.624938367, 1.002309463,
2171.645369979, 1.002085749,
2171.665801790, 1.001929299,
2171.686233501, 1.002010765,
2171.706665112, 1.002190532,
2171.727096923, 1.001743138,
2171.747528633, 1.002091644,
2171.767960243, 1.001843081,
2171.788392053, 1.002166603,
2171.808823762, 1.001923853,
2171.829255471, 1.001806627,
2171.870118888, 1.002269764,
2171.890550596, 1.002203681,
2171.910982304, 1.002461527,
2171.931414011, 1.002124098,
2171.951845819, 1.002090952,
2172.013140939, 1.001972446,
2172.033572545, 1.002318586,
2172.054004251, 1.002243545,
2172.074436056, 1.001887164,
2172.094867662, 1.002167090,
2172.115299366, 1.002061602,
2172.135731171, 1.002025344,
2172.156162775, 1.002210935,
2172.176594479, 1.002152687,
2172.197026283, 1.002421562,
2172.217457987, 1.002173595,
2172.258321393, 1.001796084,
2172.278753096, 1.001945076,
2172.299184798, 1.002156440,
2172.319616500, 1.002419693,
2172.340048202, 1.002132571,
2172.360479903, 1.002453543,
2172.380911604, 1.002249739,
2172.401343306, 1.002157872,
2172.421775006, 1.002125153,
2172.442206706, 1.002017693,
2172.483070106, 1.002384924,
2172.503501806, 1.002078482,
2172.523933405, 1.002148642,
2172.544365204, 1.002045012,
2172.564796903, 1.002343423,
2172.585228601, 1.002232700,
2172.605660299, 1.002227945,
2172.626091997, 1.002113836,
2172.646523694, 1.002060688,
2172.687387089, 1.001937366,
2172.707818885, 1.002090043,
2172.748682178, 1.002657810,
2172.769113973, 1.002437122,
2172.789545669, 1.003424120,
2172.809977264, 1.002427709,
2172.830409059, 1.002578253,
2172.850840754, 1.002681805,
2172.871272348, 1.002909898,
2172.891704142, 1.002498183,
2172.912135836, 1.002500351,
2172.932567430, 1.002588337,
2172.952999223, 1.002266762,
2172.973430916, 1.002455304,
2172.993862509, 1.002484539,
2173.014294301, 1.002370642,
2173.034725993, 1.002389171,
2173.055157685, 1.002501085,
2173.075589377, 1.002387838,
2173.096021068, 1.002520134,
2173.116452759, 1.002757838,
2173.136884450, 1.002606110,
2173.157316140, 1.002376103,
2173.177747831, 1.002236241,
2173.239043000, 1.002716368,
2173.259474589, 1.002625207,
2173.279906278, 1.002781590,
2173.300338066, 1.002581244,
2173.320769655, 1.002525141,
2173.341201343, 1.002703495,
2173.361633130, 1.002970179,
2173.382064718, 1.002912131,
2173.402496405, 1.002915230,
2173.422928192, 1.002818320,
2173.443359779, 1.002731949,
2173.484223251, 1.002733582,
2173.504654837, 1.002843180,
2173.525086523, 1.002911237,
2173.545518308, 1.003016693,
2173.565949893, 1.002688011,
2173.586381677, 1.002791940,
2173.606813362, 1.002662172,
2173.627245046, 1.003065604,
2173.647676730, 1.002854176,
2173.668108414, 1.002706923,
2173.688540097, 1.002926689,
2173.729403463, 1.002725616,
2173.749835146, 1.002818990,
2173.770266928, 1.003232883,
2173.790698510, 1.002814373,
2173.811130192, 1.002985598,
2173.831561973, 1.003020957,
2173.851993554, 1.003029347,
2173.872425235, 1.003034714,
2173.892856916, 1.002953128,
2173.913288596, 1.002794484,
2173.933720177, 1.003086722,
2173.954151956, 1.003275646,
2173.974583636, 1.003467173,
2173.995015415, 1.002834716,
2174.015446994, 1.003496846,
2174.035878673, 1.003050855,
2174.056310452, 1.003201265,
2174.076742130, 1.003080271,
2174.097173708, 1.003179910,
2174.117605486, 1.003216690,
2174.138037163, 1.002993240,
2174.158468740, 1.003091198,
2174.178900517, 1.003065205,
2174.219763770, 1.003019597,
2174.240195546, 1.004101809,
2174.260627222, 1.003456473,
2174.281058798, 1.002773394,
2174.301490573, 1.003102594,
2174.321922248, 1.003159268,
2174.342353823, 1.002971224,
2174.362785598, 1.003075329,
2174.383217272, 1.003283353,
2174.403648846, 1.002955540,
2174.424080620, 1.002880992,
2174.464944067, 1.003405897,
2174.485375640, 1.003655198,
2174.505807313, 1.003425151,
2174.526238985, 1.002974205,
2174.546670757, 1.003148921,
2174.567102329, 1.003160658,
2174.587534001, 1.003265553,
2174.607965672, 1.003408072,
2174.628397343, 1.003232869,
2174.648829114, 1.003327278,
2174.669260685, 1.003542796,
2174.689692355, 1.003437036,
2174.710124125, 1.003611066,
2174.730555695, 1.003485027,
2174.750987365, 1.003441919,
2174.771419134, 1.003346488,
2174.791850703, 1.003603235,
2174.812282372, 1.003328657,
2174.832714141, 1.003839008,
2174.853145709, 1.003619782,
2174.873577477, 1.004009638,
2174.894009145, 1.003291319,
2174.955304147, 1.003181733,
2174.975735813, 1.003330027,
2174.996167480, 1.003337945,
2175.016599146, 1.003543224,
2175.037030812, 1.003395784,
2175.057462578, 1.003290355,
2175.077894143, 1.003560623,
2175.098325809, 1.003294987,
2175.118757574, 1.003365878,
2175.139189138, 1.003814778,
2175.159620803, 1.003924702,
2175.200484131, 1.003656182,
2175.220915795, 1.004019955,
2175.241347558, 1.003603544,
2175.261779122, 1.003734258,
2175.282210884, 1.003700190,
2175.302642547, 1.003819473,
2175.323074110, 1.003602891,
2175.343505872, 1.004073655,
2175.363937434, 1.003577795,
2175.384369095, 1.003572246,
2175.404800857, 1.003977188,
2175.466095840, 1.004092634,
2175.486527500, 1.003476235,
2175.506959060, 1.003552594,
2175.547822480, 1.003750269,
2175.568254040, 1.003757094,
2175.588685799, 1.003814808,
2175.609117458, 1.003581447,
2175.629549017, 1.003900064,
2175.649980775, 1.003732093,
2175.670412433, 1.003742852,
2175.690844191, 1.003745430,
2175.731707406, 1.003516110,
2175.752139163, 1.003838555,
2175.772570720, 1.004057093,
2175.793002377, 1.003778878,
2175.813434134, 1.003920809,
2175.833865690, 1.003844956,
2175.854297346, 1.004125677,
2175.874729102, 1.004179350,
2175.915592312, 1.003924557,
2175.936024068, 1.003881855,
2175.956455722, 1.004030265,
2175.976887277, 1.004022637,
2175.997319031, 1.003938291,
2176.017750585, 1.004014429,
2176.038182239, 1.004237529,
2176.058613993, 1.004137113,
2176.079045646, 1.004144869,
2176.119908952, 1.004361742,
2176.140340504, 1.004389178,
2176.181203909, 1.003716020,
2176.222067212, 1.003991430,
2176.242498863, 1.003950650,
2176.262930415, 1.003835839,
2176.283362166, 1.004188572,
2176.303793816, 1.004199172,
2176.324225467, 1.004041970,
2176.344657117, 1.004349061,
2176.365088767, 1.004273607,
2176.385520417, 1.004264005,
2176.426383715, 1.004037281,
2176.446815364, 1.004078893,
2176.467247113, 1.004244335,
2176.487678661, 1.003954664,
2176.508110410, 1.004079819,
2176.528542058, 1.004149675,
2176.548973605, 1.003789943,
2176.569405353, 1.004180735,
2176.610268547, 1.004118968,
2176.630700294, 1.003957008,
2176.671563487, 1.004128614,
2176.712426879, 1.004314913,
2176.732858425, 1.004467184,
2176.753290171, 1.004216984,
2176.773721716, 1.006119691,
2176.794153361, 1.004058869,
2176.814585105, 1.004188641,
2176.835016750, 1.004404129,
2176.855448294, 1.004392496,
2176.875880038, 1.003760419,
2176.896311682, 1.004109775,
2176.916743325, 1.003877338,
2176.937174969, 1.004278472,
2176.957606612, 1.004252267,
2176.978038355, 1.004116524,
2176.998469897, 1.003853320,
2177.018901540, 1.004226946,
2177.039333282, 1.004358485,
2177.059764824, 1.004254099,
2177.080196465, 1.004230051,
2177.100628207, 1.004326978,
2177.121059748, 1.004256917,
2177.182354671, 1.004756362,
2177.202786311, 1.004015188,
2177.223218051, 1.004379421,
2177.243649591, 1.004515153,
2177.264081231, 1.004386845,
2177.284512970, 1.004613334,
2177.304944609, 1.004217006,
2177.345807887, 1.004514840,
2177.366239525, 1.004149466,
2177.407102802, 1.004225881,
2177.427534440, 1.004084994,
2177.447966177, 1.004228052,
2177.468397714, 1.004044600,
2177.488829351, 1.004012128,
2177.509260988, 1.004090204,
2177.529692625, 1.004578237,
2177.550124162, 1.004495014,
2177.570555898, 1.004516445,
2177.590987534, 1.004607889,
2177.611419070, 1.004957344,
2177.652282441, 1.004570233,
2177.672714076, 1.004782127,
2177.693145711, 1.004387722,
2177.713577345, 1.004663281,
2177.734009080, 1.004658498,
2177.754440614, 1.004745304,
2177.774872248, 1.004653879,
2177.795303982, 1.004484785,
2177.815735615, 1.004678102,
2177.836167149, 1.004785838,
2177.856598882, 1.004569777,
2177.897462047, 1.004452277,
2177.917893780, 1.005089345,
2177.938325412, 1.004863796,
2177.958756944, 1.004878910,
2177.979188676, 1.004751045,
2177.999620307, 1.005025476,
2178.020051839, 1.004719435,
2178.040483570, 1.004941615,
2178.060915201, 1.004849564,
2178.081346731, 1.004860247,
2178.101778462, 1.004798743,
2178.122210092, 1.004906406,
2178.142641722, 1.004973856,
2178.163073352, 1.004776448,
2178.183504982, 1.004909225,
2178.203936611, 1.005297391,
2178.224368240, 1.004843734,
2178.244799869, 1.004573158,
2178.265231498, 1.004725421,
2178.285663126, 1.004973815,
2178.306094755, 1.004728983,
2178.326526383, 1.005008065,
2178.346958011, 1.004705987,
2178.367389638, 1.004818949,
2178.387821366, 1.004619364,
2178.408252893, 1.004893192,
2178.428684520, 1.004731014,
2178.449116247, 1.005188925,
2178.469547773, 1.005014428,
2178.510411126, 1.005142120,
2178.530842652, 1.005230297,
2178.551274378, 1.005323747,
2178.571706003, 1.005013321,
2178.633000878, 1.005133420,
2178.653432503, 1.005118108,
2178.673864128, 1.005139077,
2178.694295752, 1.004882724,
2178.714727376, 1.004870370,
2178.735159000, 1.004791721,
2178.755590623, 1.005187174,
2178.796453970, 1.005230252,
2178.816885493, 1.004989553,
2178.837317116, 1.005045702,
2178.857748838, 1.005205990,
2178.878180360, 1.005091702,
2178.898612083, 1.004911030,
2178.919043605, 1.004937509,
2178.939475226, 1.005167126,
2178.959906948, 1.005208152,
2178.980338469, 1.005080663,
2179.000770090, 1.005128053,
2179.021201811, 1.005593424,
2179.041633332, 1.005025221,
2179.062064952, 1.006473269,
2179.123359813, 1.004938012,
2179.143791532, 1.005044426,
2179.164223052, 1.005461051,
2179.184654671, 1.005172935,
2179.225518009, 1.005363324,
2179.266381246, 1.005269015,
2179.286812864, 1.005338204,
2179.307244582, 1.005165593,
2179.327676100, 1.005391224,
2179.368539435, 1.005366677,
2179.388970952, 1.005468268,
2179.409402569, 1.005231343,
2179.450265803, 1.005162953,
2179.470697419, 1.005519118,
2179.491129135, 1.005097822,
2179.511560651, 1.005217041,
2179.531992267, 1.005226792,
2179.552423983, 1.005282984,
2179.572855498, 1.005397921,
2179.593287113, 1.005503454,
2179.613718828, 1.004940686,
2179.634150343, 1.005178200,
2179.654582058, 1.005560823,
2179.675013672, 1.005443302,
2179.715876900, 1.005095197,
2179.736308514, 1.005400587,
2179.756740028, 1.005526865,
2179.777171741, 1.005389044,
2179.797603354, 1.005597778,
2179.818034867, 1.005760373,
2179.838466580, 1.005585776,
2179.858898193, 1.005519699,
2179.879329705, 1.005543831,
2179.899761417, 1.005682756,
2179.920193029, 1.005745127,
2179.940624541, 1.005449973,
2179.961056253, 1.005447076,
2179.981487864, 1.006166386,
2180.001919576, 1.005513834,
2180.022351086, 1.005891865,
2180.042782697, 1.005462366,
2180.063214408, 1.006132101,
2180.104077529, 1.005446007,
2180.124509239, 1.005486209,
2180.144940849, 1.005384500,
2180.185804068, 1.005575838,
2180.206235677, 1.005771401,
2180.226667186, 1.005596780,
2180.247098895, 1.005558885,
2180.267530504, 1.005697166,
2180.287962012, 1.005861764,
2180.308393721, 1.005697390,
2180.349256837, 1.005176310,
2180.369688545, 1.005991220,
2180.390120052, 1.005429884,
2180.410551760, 1.005829635,
2180.430983367, 1.005388406,
2180.451414874, 1.005448517,
2180.471846581, 1.005757722,
2180.492278187, 1.005713974,
2180.512709794, 1.005477152,
2180.533141400, 1.005525657,
2180.553573006, 1.005526194,
2180.574004612, 1.006075186,
2180.594436218, 1.005589859,
2180.614867823, 1.005443894,
2180.635299429, 1.005725781,
2180.655731134, 1.005455598,
2180.676162639, 1.005608098,
2180.696594244, 1.005675450,
2180.717025948, 1.005581598,
2180.737457452, 1.005961520,
2180.757889156, 1.006823284,
2180.778320761, 1.005820660,
2180.798752264, 1.005664920,
2180.819183968, 1.005529000,
2180.839615572, 1.006081257,
2180.860047075, 1.006120800,
2180.880478778, 1.005652884,
2180.900910381, 1.006017619,
2180.921341884, 1.005843693,
2180.941773586, 1.005875717,
2180.982636791, 1.005782893,
2181.003068393, 1.006053646,
2181.023499994, 1.005977606,
2181.043931596, 1.006185086,
2181.064363197, 1.005860974,
2181.084794799, 1.005966205,
2181.105226400, 1.006517758,
2181.125658001, 1.005590355,
2181.146089601, 1.005560337,
2181.186952802, 1.005799004,
2181.207384402, 1.005822190,
2181.227816102, 1.006206092,
2181.248247602, 1.006043104,
2181.268679202, 1.005689589,
2181.289110901, 1.005550225,
2181.329974000, 1.005972198,
2181.350405699, 1.005829046,
2181.370837197, 1.006312715,
2181.391268796, 1.005988407,
2181.411700494, 1.006307384,
2181.432131993, 1.006119860,
2181.452563591, 1.005812161,
2181.472995288, 1.006182432,
2181.493426886, 1.005839451,
2181.513858484, 1.006435986,
2181.534290081, 1.005853085,
2181.554721678, 1.005964474,
2181.575153275, 1.006282669,
2181.595584872, 1.006447660,
2181.616016468, 1.005985702,
2181.636448065, 1.006183065,
2181.656879661, 1.006105892,
2181.677311257, 1.005945724,
2181.697742953, 1.006466588,
2181.718174449, 1.006079058,
2181.738606045, 1.006036354,
2181.759037640, 1.006136926,
2181.779469235, 1.006161090,
2181.820332425, 1.006539483,
2181.840764020, 1.006181198,
2181.861195714, 1.006183522,
2181.881627209, 1.006528710,
2181.902058803, 1.005890599,
2181.922490497, 1.006520975,
2181.942921991, 1.006228284,
2181.963353585, 1.006399405,
2181.983785278, 1.006660476,
2182.004216771, 1.006484292,
2182.024648365, 1.006299640,
2182.045080058, 1.006494317,
2182.065511650, 1.007546392,
2182.085943143, 1.006833481,
2182.106374836, 1.006703982,
2182.126806428, 1.006909692,
2182.147237920, 1.006619112,
2182.167669612, 1.006471044,
2182.188101204, 1.006474704,
2182.208532895, 1.006534537,
2182.228964387, 1.006663097,
2182.249395978, 1.006277859,
2182.269827669, 1.006356441,
2182.290259160, 1.006296312,
2182.310690751, 1.006271592,
2182.331122442, 1.006527989,
2182.351553932, 1.006613785,
2182.371985523, 1.006476028,
2182.392417213, 1.006321673,
2182.412848703, 1.006413018,
2182.433280293, 1.006320865,
2182.453711882, 1.006951839,
2182.474143472, 1.006320741,
2182.494575061, 1.006924179,
2182.515006750, 1.006752265,
2182.535438239, 1.006626927,
2182.555869928, 1.006520000,
2182.576301517, 1.006637406,
2182.596733005, 1.006754068,
2182.617164694, 1.006505910,
2182.637596282, 1.006643474,
2182.658027770, 1.006956343,
2182.678459458, 1.005938182,
2182.698891045, 1.006619067,
2182.719322533, 1.007064949,
2182.739754221, 1.006694805,
2182.801048982, 1.006414807,
2182.821480568, 1.006534666,
2182.841912055, 1.006737942,
2182.862343741, 1.006666847,
2182.903207014, 1.006821546,
2182.923638500, 1.006930260,
2182.944070085, 1.006456372,
2182.964501771, 1.006968779,
2182.984933256, 1.007213980,
2183.005364842, 1.006651649,
2183.025796527, 1.006954980,
2183.046228112, 1.006830244,
2183.066659597, 1.006758019,
2183.087091282, 1.006717435,
2183.107522866, 1.006939177,
2183.148386035, 1.006961736,
2183.168817519, 1.006946998,
2183.189249103, 1.006556744,
2183.209680786, 1.006773078,
2183.230112270, 1.007090143,
2183.250543953, 1.006930407,
2183.291407020, 1.006886752,
2183.311838703, 1.006895743,
2183.332270286, 1.006996006,
2183.352701768, 1.006760644,
2183.373133451, 1.006924948,
2183.393565033, 1.007255715,
2183.413996616, 1.007102114,
2183.454859779, 1.006942443,
2183.475291361, 1.007020959,
2183.495722943, 1.006768317,
2183.536586106, 1.006980976,
2183.557017787, 1.007075857,
2183.577449268, 1.007395722,
2183.597880949, 1.007190694,
2183.618312529, 1.006874870,
2183.638744010, 1.007449086,
2183.659175690, 1.006981577,
2183.679607270, 1.007216993,
2183.700038751, 1.007187917,
2183.720470431, 1.007150324,
2183.740902010, 1.007281043,
2183.781765169, 1.007042356,
2183.802196749, 1.007101126,
2183.822628228, 1.007159050,
2183.843059907, 1.007244809,
2183.863491486, 1.007344378,
2183.883923065, 1.007162835,
2183.904354643, 1.007078817,
2183.924786222, 1.006855919,
2183.945217800, 1.006924089,
2183.965649378, 1.007505564,
2183.986080957, 1.007031957,
2184.006512534, 1.006806684,
2184.026944112, 1.007157547,
2184.047375690, 1.007071796,
2184.067807367, 1.007142235,
2184.088238845, 1.007188836,
2184.108670422, 1.007587973,
2184.129102099, 1.007222983,
2184.149533576, 1.007468388,
2184.169965152, 1.007323273,
2184.190396829, 1.009390914,
2184.210828305, 1.007280987,
2184.231259882, 1.007210281,
2184.292554710, 1.007102477,
2184.312986286, 1.007287105,
2184.333417761, 1.006926380,
2184.353849437, 1.007104052,
2184.374281012, 1.007355811,
2184.394712587, 1.007095217,
2184.415144162, 1.007230495,
2184.435575737, 1.007415961,
2184.456007312, 1.007207860,
2184.476438887, 1.007035390,
2184.496870461, 1.007371600,
2184.517302036, 1.007307547,
2184.537733710, 1.007311587,
2184.558165184, 1.007626738,
2184.578596758, 1.007574180,
2184.599028432, 1.007158249,
2184.619459905, 1.007571726,
2184.639891579, 1.007571669,
2184.660323052, 1.007230305,
2184.680754625, 1.007316062,
2184.701186299, 1.007461937,
2184.721617772, 1.007701985,
2184.742049344, 1.007598111,
2184.762481017, 1.007560746,
2184.782912490, 1.007568334,
2184.803344062, 1.008042131,
2184.823775734, 1.007637668,
2184.844207207, 1.007612581,
2184.864638779, 1.007707381,
2184.885070451, 1.007847780,
2184.905502022, 1.006978178,
2184.925933494, 1.007401547,
2184.946365166, 1.006980703,
2185.007659879, 1.007648335,
2185.028091450, 1.007834413,
2185.048523121, 1.007388524,
2185.068954592, 1.007291219,
2185.089386162, 1.007550760,
2185.109817833, 1.007696449,
2185.130249303, 1.007606593,
2185.150680873, 1.007899024,
2185.171112543, 1.007808809,
2185.211975583, 1.007375125,
2185.252838722, 1.007759578,
2185.273270292, 1.008089698,
2185.293701961, 1.007816807,
2185.314133430, 1.007988631,
2185.334565099, 1.007889122,
2185.354996568, 1.007720276,
2185.375428237, 1.007800180,
2185.395859806, 1.007753171,
2185.416291374, 1.007376580,
2185.436722843, 1.007872514,
2185.457154511, 1.007561153,
2185.498017547, 1.006799312,
2185.518449215, 1.006639401,
2185.538880783, 1.007145253,
2185.559312250, 1.006820928,
2185.579743918, 1.006565148,
2185.600175485, 1.006879967,
2185.620607152, 1.008131090,
2185.641038620, 1.007262840,
2185.661470187, 1.008243598,
2185.681901853, 1.008140919,
2185.702333320, 1.008128409,
2185.722764887, 1.008116048,
2185.743196553, 1.007728967,
2185.763628020, 1.008126264,
2185.784059586, 1.008073435,
2185.804491252, 1.008448682,
2185.824922718, 1.008389612,
2185.845354284, 1.008094915,
2185.865785950, 1.008163544,
2185.886217516, 1.008182144,
2185.906648981, 1.007734801,
2185.927080647, 1.008800359,
2185.947512212, 1.008268392,
2185.967943777, 1.008211764,
2185.988375342, 1.008292316,
2186.008806907, 1.008093217,
2186.029238472, 1.008022419,
2186.049670037, 1.008220353,
2186.070101501, 1.007981496,
2186.090533166, 1.008496291,
2186.110964730, 1.008117275,
2186.131396194, 1.008488528,
2186.151827858, 1.007973540,
2186.172259423, 1.008367549,
2186.192690886, 1.008433900,
2186.213122550, 1.008270845,
2186.233554114, 1.008289369,
2186.253985677, 1.008042008,
2186.274417241, 1.008293443,
2186.294848804, 1.008279258,
2186.315280467, 1.008664907,
2186.335711930, 1.008336095,
2186.356143493, 1.008249065,
2186.376575156, 1.008239307,
2186.397006619, 1.008179825,
2186.417438182, 1.008481839,
2186.437869844, 1.008569225,
2186.458301406, 1.008559065,
2186.478732869, 1.008068497,
2186.499164531, 1.007810748,
2186.519596093, 1.008242132,
2186.540027555, 1.008202226,
2186.560459217, 1.008372140,
2186.580890778, 1.008298015,
2186.601322440, 1.008220702,
2186.621753902, 1.008073909,
2186.642185463, 1.008137842,
2186.662617124, 1.008110949,
2186.744343268, 1.008669617,
2186.764774829, 1.007810301,
2186.785206389, 1.008149155,
2186.805637950, 1.008026926,
2186.826069510, 1.007993221,
2186.846501071, 1.007741516,
2186.866932631, 1.008150366,
2186.887364191, 1.007899234,
2186.907795751, 1.008135937,
2186.928227311, 1.008566118,
2186.948658970, 1.008087755,
2186.969090530, 1.008066250,
2186.989521990, 1.008153120,
2187.009953649, 1.008075896,
2187.030385208, 1.007845481,
2187.050816667, 1.008395116,
2187.071248327, 1.007717779,
2187.091679886, 1.008041785,
2187.112111344, 1.007732841,
2187.132543003, 1.008008385,
2187.152974562, 1.007952370,
2187.173406021, 1.008031365,
2187.214269237, 1.008296232,
2187.234700696, 1.007967417,
2187.255132354, 1.008063054,
2187.275563912, 1.007972441,
2187.295995570, 1.007793908,
2187.316427028, 1.007762432,
2187.336858585, 1.008068094,
2187.357290243, 1.007943114,
2187.377721701, 1.007760484,
2187.398153258, 1.007935573,
2187.418584915, 1.007874480,
2187.439016373, 1.007720153,
2187.459447930, 1.007876039,
2187.479879587, 1.007723463,
2187.500311044, 1.007648459,
2187.520742601, 1.007683874,
2187.541174257, 1.007759917,
2187.561605714, 1.007714001,
2187.582037371, 1.007931815,
2187.602468927, 1.007785738,
2187.622900383, 1.007762712,
2187.643332040, 1.007805343,
2187.663763596, 1.007814058,
2187.684195052, 1.007600300,
2187.704626708, 1.007821420,
2187.725058264, 1.007861546,
2187.745489719, 1.007946938,
2187.765921375, 1.007896694,
2187.786352931, 1.008148322,
2187.806784486, 1.008033356,
2187.827216042, 1.007918131,
2187.847647597, 1.007808033,
2187.868079252, 1.007562176,
2187.888510707, 1.007679829,
2187.908942262, 1.007778464,
2187.929373917, 1.007694107,
2187.949805472, 1.007572788,
2187.970236926, 1.007746543,
2187.990668581, 1.008248017,
2188.011100136, 1.007707414,
2188.031531590, 1.007782188,
2188.051963244, 1.008116723,
2188.072394799, 1.007990455,
2188.092826253, 1.008150353,
2188.113257907, 1.008097704,
2188.133689461, 1.007912299,
2188.154120915, 1.007748384,
2188.174552568, 1.008102418,
2188.194984022, 1.007787424,
2188.215415676, 1.007667160,
2188.235847229, 1.008097769,
2188.256278683, 1.008009473,
2188.276710336, 1.008083410,
2188.297141889, 1.008326291,
2188.317573442, 1.008156506,
2188.338004995, 1.008159012,
2188.358436548, 1.008169082,
2188.399299654, 1.008016871,
2188.419731207, 1.008244530,
2188.440162759, 1.007995035,
2188.460594412, 1.008263193,
2188.481025864, 1.008111329,
2188.501457517, 1.007969150,
2188.521889069, 1.008058330,
2188.542320521, 1.008109066,
2188.562752173, 1.008056837,
2188.583183725, 1.008393283,
2188.603615177, 1.008324031,
2188.624046829, 1.008081711,
2188.644478381, 1.008267267,
2188.664909833, 1.008005257,
2188.685341484, 1.008281372,
2188.705773036, 1.008168195,
2188.726204487, 1.008541415,
2188.746636138, 1.008231267,
2188.767067690, 1.008239164,
2188.787499341, 1.008302803,
2188.807930792, 1.008282282,
2188.828362343, 1.008628758,
2188.848793894, 1.008338152,
2188.869225445, 1.008460326,
2188.889656995, 1.008359489,
2188.910088546, 1.008347178,
2188.930520097, 1.008676296,
2188.950951647, 1.008288071,
2188.971383298, 1.008452702,
2188.991814748, 1.008559942,
2189.012246298, 1.008644033,
2189.032677948, 1.008616436,
2189.053109399, 1.008770463,
2189.093972599, 1.008826010,
2189.114404048, 1.008631703,
2189.134835698, 1.008774007,
2189.196130347, 1.008824809,
2189.216561896, 1.008539251,
2189.236993346, 1.008762721,
2189.257424995, 1.008816629,
2189.277856544, 1.008998859,
2189.298288094, 1.009122311,
2189.318719643, 1.008958208,
2189.339151192, 1.008943591,
2189.359582741, 1.008761522,
2189.380014289, 1.008952115,
2189.400445838, 1.008801469,
2189.420877487, 1.008880334,
2189.441309036, 1.008908392,
2189.461740484, 1.009014450,
2189.502603681, 1.008901043,
2189.523035129, 1.008901773,
2189.543466778, 1.009069459,
2189.563898326, 1.009085211,
2189.584329774, 1.008886070,
2189.604761422, 1.009638327,
2189.625192870, 1.008956279,
2189.645624418, 1.009572993,
2189.666056066, 1.009145067,
2189.686487513, 1.009494312,
2189.706919161, 1.009290628,
2189.727350709, 1.009338455,
2189.747782156, 1.009500717,
2189.768213804, 1.009304570,
2189.788645351, 1.009457409,
2189.809076899, 1.009153500,
2189.829508446, 1.009207386,
2189.849939993, 1.010009393,
2189.870371540, 1.009665362,
2189.890803087, 1.009371636,
2189.911234634, 1.009411102,
2189.931666181, 1.009527953,
2189.952097828, 1.010238608,
2189.972529275, 1.009663162,
2189.992960921, 1.009397881,
2190.013392468, 1.009331444,
2190.033823915, 1.009358744,
2190.054255561, 1.009300623,
2190.074687108, 1.009463267,
2190.095118554, 1.009515567,
2190.115550200, 1.009405427,
2190.135981746, 1.009746619,
2190.156413193, 1.009569530,
2190.176844839, 1.009523862,
2190.197276385, 1.009324089,
2190.217707831, 1.009729295,
2190.238139477, 1.009600896,
2190.258570923, 1.009556366,
2190.279002568, 1.009839258,
2190.299434114, 1.009818520,
2190.319865560, 1.010005988,
2190.340297205, 1.009461351,
2190.381160296, 1.009648308,
2190.401591842, 1.009936334,
2190.422023387, 1.009464990,
2190.442454932, 1.009929891,
2190.462886478, 1.009694005,
2190.483318023, 1.009677284,
2190.503749568, 1.009623772,
2190.524181213, 1.009788547,
2190.544612658, 1.009952602,
2190.565044303, 1.009713237,
2190.585475848, 1.009633758,
2190.605907293, 1.009921112,
2190.646770482, 1.009796924,
2190.667201927, 1.009834032,
2190.687633571, 1.010012235,
2190.708065116, 1.009418553,
2190.728496560, 1.009743559,
2190.748928205, 1.010002111,
2190.769359749, 1.009788316,
2190.789791293, 1.009927873,
2190.810222837, 1.009878976,
2190.830654382, 1.009684487,
2190.851086026, 1.009700848,
2190.871517470, 1.009815611,
2190.891949014, 1.009932299,
2190.912380658, 1.010028758,
2190.932812102, 1.009971953,
2190.953243645, 1.009878393,
2190.973675289, 1.009867204,
2190.994106733, 1.010293760,
2191.014538277, 1.009720448,
2191.034969920, 1.009851872,
2191.055401364, 1.009963415,
2191.075832907, 1.010037478,
2191.096264551, 1.010150176,
2191.137127637, 1.009695721,
2191.157559181, 1.010255438,
2191.177990624, 1.010021643,
2191.198422267, 1.009745655,
2191.218853810, 1.009791501,
2191.239285253, 1.010134005,
2191.259716896, 1.010105753,
2191.280148439, 1.010306375,
2191.300579882, 1.010696129,
2191.321011525, 1.010448103,
2191.341443068, 1.010361568,
2191.361874611, 1.010163304,
2191.382306153, 1.010078030,
2191.402737696, 1.010337686,
2191.423169339, 1.010239056,
2191.443600881, 1.010259213,
2191.464032324, 1.010067988,
2191.484463966, 1.010529598,
2191.504895509, 1.010340252,
2191.525326951, 1.010458114,
2191.566190136, 1.010647544,
2191.586621578, 1.010766435,
2191.627484662, 1.010546226,
2191.647916205, 1.010472360,
2191.668347847, 1.010479153,
2191.688779389, 1.010837852,
2191.709210931, 1.010947483,
2191.729642473, 1.010509118,
2191.750073915, 1.010411335,
2191.770505556, 1.010807870,
2191.790937098, 1.010749086,
2191.811368540, 1.010671533,
2191.852231723, 1.010831276,
2191.872663265, 1.010696817,
2191.893094806, 1.010457868,
2191.913526348, 1.010569405,
2191.933957989, 1.010572675,
2191.954389431, 1.010904540,
2191.974820972, 1.010827562,
2191.995252614, 1.010625868,
2192.015684155, 1.010875008,
2192.056547238, 1.010969013,
2192.076978779, 1.011121724,
2192.117841861, 1.010916194,
2192.138273402, 1.011273582,
2192.158704843, 1.011135449,
2192.179136484, 1.011184672,
2192.199568025, 1.010855267,
2192.219999666, 1.010855574,
2192.240431107, 1.011059382,
2192.260862648, 1.010722514,
2192.281294289, 1.011077089,
2192.301725729, 1.010909492,
2192.342588911, 1.010944789,
2192.363020352, 1.011100729,
2192.383451892, 1.010982298,
2192.403883433, 1.010940864,
2192.424314973, 1.011024791,
2192.444746514, 1.011229753,
2192.465178054, 1.011196056,
2192.485609595, 1.011114158,
2192.506041235, 1.011399815,
2192.526472776, 1.011093377,
2192.546904216, 1.011307756,
2192.567335856, 1.011330148,
2192.608198837, 1.010934287,
2192.628630477, 1.011433185,
2192.649062017, 1.012103849,
2192.669493457, 1.011261569,
2192.710356638, 1.011773336,
2192.730788278, 1.011431284,
2192.751219718, 1.011477895,
2192.771651258, 1.011581139,
2192.792082898, 1.011565433,
2192.812514338, 1.011362265,
2192.853377517, 1.011826137,
2192.873808957, 1.011777627,
2192.894240497, 1.012108744,
2192.914672137, 1.011521033,
2192.935103577, 1.012113012,
2192.955535116, 1.011466825,
2192.975966756, 1.011470988,
2192.996398196, 1.011545182,
2193.016829835, 1.011841965,
2193.037261375, 1.011538202,
2193.057692914, 1.011543787,
2193.098555994, 1.011945568,
2193.118987433, 1.011828918,
2193.139419072, 1.012124960,
2193.159850612, 1.011986423,
2193.180282051, 1.011746289,
2193.200713691, 1.012060295,
2193.221145230, 1.011879672,
2193.241576869, 1.012038568,
2193.262008309, 1.012061761,
2193.282439848, 1.012040208,
2193.302871487, 1.012271209,
2193.343734466, 1.011545611,
2193.364166105, 1.012362307,
2193.384597544, 1.012301504,
2193.405029083, 1.012161092,
2193.425460723, 1.012128021,
2193.445892162, 1.012164987,
2193.466323701, 1.012351125,
2193.486755340, 1.012128098,
2193.507186879, 1.012125504,
2193.527618418, 1.012099013,
2193.548049957, 1.012241843,
2193.588913035, 1.012463085,
2193.609344574, 1.012073298,
2193.629776113, 1.012194826,
2193.650207752, 1.012353411,
2193.670639191, 1.012377868,
2193.691070729, 1.012123904,
2193.711502368, 1.012279904,
2193.731933807, 1.012522519,
2193.752365346, 1.012661271,
2193.772796885, 1.012326264,
2193.793228423, 1.012152534,
2193.834091501, 1.012420856,
2193.854523040, 1.012134924,
2193.874954678, 1.012295583,
2193.895386117, 1.012570905,
2193.915817656, 1.012762303,
2193.936249294, 1.012374718,
2193.956680733, 1.012485764,
2193.977112272, 1.012506668,
2193.997543910, 1.012551888,
2194.017975349, 1.012494411,
2194.038406987, 1.012566322,
2194.079270065, 1.012167302,
2194.099701603, 1.012626330,
2194.120133142, 1.012690427,
2194.140564680, 1.012602497,
2194.160996319, 1.012650360,
2194.181427757, 1.012503699,
2194.201859296, 1.012591852,
2194.222290934, 1.012542932,
2194.242722373, 1.012701010,
2194.263153911, 1.012770448,
2194.304016988, 1.012700844,
2194.324448626, 1.013043084,
2194.344880165, 1.013131227,
2194.365311603, 1.012657401,
2194.385743241, 1.012605765,
2194.406174680, 1.013026251,
2194.426606218, 1.012807381,
2194.447037856, 1.012763555,
2194.467469295, 1.012735891,
2194.487900833, 1.012562519,
2194.508332471, 1.013037819,
2194.528764010, 1.012928777,
2194.569627086, 1.012830827,
2194.590058625, 1.012451315,
2194.610490163, 1.012752500,
2194.630921701, 1.012843597,
2194.651353239, 1.012729885,
2194.671784878, 1.013294161,
2194.692216316, 1.013112611,
2194.712647854, 1.012783540,
2194.733079493, 1.013047173,
2194.753510931, 1.012884976,
2194.773942569, 1.013099251,
2194.814805545, 1.013068162,
2194.835237184, 1.013086592,
2194.855668722, 1.012936212,
2194.876100160, 1.013476541,
2194.896531798, 1.013254276,
2194.916963337, 1.012931960,
2194.937394775, 1.013055764,
2194.957826413, 1.013336970,
2194.978257951, 1.013215286,
2194.998689489, 1.013024846,
2195.019121028, 1.013229417,
2195.080415642, 1.013182736,
2195.100847180, 1.013289212,
2195.121278719, 1.013366032,
2195.141710257, 1.013249645,
2195.162141795, 1.013353001,
2195.182573333, 1.013317205,
2195.203004871, 1.013351083,
2195.223436410, 1.013610932,
2195.243868048, 1.013480139,
2195.284731124, 1.013527375,
2195.305162662, 1.013380460,
2195.325594101, 1.013791296,
2195.346025739, 1.013194033,
2195.366457277, 1.013767509,
2195.386888715, 1.014111897,
2195.407320354, 1.013629369,
2195.427751892, 1.013352688,
2195.448183330, 1.013520642,
2195.468614968, 1.013563848,
2195.489046506, 1.013578423,
2195.509478145, 1.014155704,
2195.550341121, 1.013573749,
2195.570772759, 1.013533991,
2195.591204198, 1.013997470,
2195.611635736, 1.013979149,
2195.632067374, 1.013842259,
2195.652498813, 1.013900886,
2195.672930351, 1.013589558,
2195.693361989, 1.013617131,
2195.713793528, 1.013639797,
2195.734225066, 1.013785177,
2195.754656604, 1.013792857,
2195.795519681, 1.013731849,
2195.815951219, 1.013996892,
2195.836382658, 1.013722659,
2195.856814296, 1.014097657,
2195.877245834, 1.013790177,
2195.897677273, 1.014103531,
2195.918108911, 1.014166889,
2195.938540450, 1.013892668,
2195.958972088, 1.014217638,
2195.979403526, 1.013712348,
2195.999835065, 1.013871855,
2196.040698142, 1.014141143,
2196.061129680, 1.013696561,
2196.081561319, 1.013997337,
2196.101992757, 1.014197326,
2196.122424296, 1.014018173,
2196.142855934, 1.014543424,
2196.163287373, 1.014083607,
2196.183718911, 1.014316124,
2196.204150550, 1.014340700,
2196.224582089, 1.014124851,
2196.285876704, 1.014125292,
2196.306308243, 1.014083872,
2196.326739782, 1.014485225,
2196.347171320, 1.014362865,
2196.367602959, 1.014379822,
2196.388034398, 1.014262811,
2196.408465937, 1.014872046,
2196.428897475, 1.014554112,
2196.449329014, 1.014114440,
2196.469760653, 1.014403030,
2196.490192092, 1.014811307,
2196.531055269, 1.014718885,
2196.551486708, 1.014478787,
2196.571918247, 1.014217655,
2196.592349886, 1.014833714,
2196.612781325, 1.014541843,
2196.633212864, 1.014664151,
2196.653644503, 1.014687935,
2196.674075942, 1.014536774,
2196.694507581, 1.014720977,
2196.714939120, 1.014939599,
2196.735370659, 1.014666410,
2196.776233737, 1.014427323,
2196.796665276, 1.014284511,
2196.817096815, 1.014570846,
2196.837528354, 1.015143130,
2196.857959894, 1.014536821,
2196.878391533, 1.014558028,
2196.898822972, 1.015062593,
2196.919254611, 1.015174315,
2196.939686151, 1.015227251,
2196.960117590, 1.014908387,
2196.980549229, 1.014912070,
2197.021412208, 1.014658142,
2197.041843847, 1.014544614,
2197.062275387, 1.014666009,
2197.082706826, 1.014775467,
2197.103138466, 1.014929628,
2197.123570005, 1.015003593,
2197.144001645, 1.015018491,
2197.164433084, 1.014735849,
2197.184864524, 1.014959442,
2197.205296163, 1.014880115,
2197.225727703, 1.015043142,
2197.266590782, 1.014900650,
2197.287022322, 1.015279643,
2197.307453862, 1.015274145,
2197.327885402, 1.015263973,
2197.348316941, 1.015244945,
2197.368748581, 1.015026154,
2197.389180121, 1.015150221,
2197.409611561, 1.015288065,
2197.430043201, 1.015151261,
2197.450474741, 1.015686921,
2197.470906181, 1.014979517,
2197.593495622, 1.015607626,
2197.613927062, 1.015734904,
2197.634358602, 1.015315348,
2197.654790242, 1.015434590,
2197.675221683, 1.015496745,
2197.695653223, 1.015436827,
2197.716084863, 1.015354923,
2197.756947844, 1.015421428,
2197.777379485, 1.015521176,
2197.797810925, 1.015717809,
2197.818242566, 1.015320273,
2197.838674006, 1.015726662,
2197.859105647, 1.015664832,
2197.879537188, 1.015592700,
2197.899968628, 1.015779372,
2197.920400169, 1.015723523,
2197.940831810, 1.015256225,
2197.961263351, 1.015761717,
2198.002126432, 1.015680452,
2198.022557973, 1.015281453,
2198.042989514, 1.015883894,
2198.063421055, 1.015918000,
2198.083852596, 1.015489204,
2198.104284238, 1.015776923,
2198.124715679, 1.015610417,
2198.145147220, 1.015529770,
2198.165578861, 1.015957219,
2198.186010302, 1.015640036,
2198.206441844, 1.016061376,
2198.247304926, 1.015630623,
2198.267736568, 1.015310561,
2198.288168109, 1.015834836,
2198.308599551, 1.015472796,
2198.329031192, 1.015820459,
2198.349462734, 1.015566369,
2198.369894275, 1.015706068,
2198.390325817, 1.015968553,
2198.410757359, 1.015542576,
2198.431188900, 1.016234259,
2198.451620442, 1.015761551,
2198.492483526, 1.015482707,
2198.512915068, 1.015864081,
2198.533346610, 1.015798198,
2198.553778152, 1.016485448,
2198.574209694, 1.015909831,
2198.594641236, 1.015544573,
2198.615072878, 1.016443903,
2198.635504320, 1.015800425,
2198.655935863, 1.016033964,
2198.676367505, 1.016043724,
2198.696798947, 1.015786530,
2198.737662132, 1.016070832,
2198.758093575, 1.016198559,
2198.778525217, 1.016007681,
2198.798956760, 1.016048837,
2198.819388202, 1.015852681,
2198.839819845, 1.016270730,
2198.860251388, 1.016251966,
2198.880682831, 1.016150420,
2198.901114473, 1.015895560,
2198.921546016, 1.016236721,
2199.003272288, 1.016053649,
2199.023703831, 1.016120679,
2199.044135275, 1.016100401,
2199.064566918, 1.016743882,
2199.084998461, 1.016094096,
2199.105430005, 1.016061733,
2199.125861548, 1.016330569,
2199.146293091, 1.015907646,
2199.166724635, 1.015890194,
2199.187156178, 1.016321145,
2199.228019266, 1.016499706,
2199.248450809, 1.016505415,
2199.268882253, 1.016417251,
2199.289313897, 1.015793399,
2199.309745441, 1.016409076,
2199.330177085, 1.016199272,
2199.350608529, 1.016058323,
2199.371040073, 1.016498399,
2199.391471717, 1.016506622,
2199.411903161, 1.016332973,
2199.432334706, 1.016492862,
2199.452766350, 1.016253350,
2199.473197794, 1.016438226,
2199.493629339, 1.016283014,
2199.514060983, 1.016483444,
2199.554924072, 1.016721721,
2199.575355617, 1.016127837,
2199.595787161, 1.016661452,
2199.616218706, 1.016779764,
2199.636650251, 1.016606914,
2199.677513341, 1.016443635,
2199.718376431, 1.016383786,
2199.738808076, 1.016700627,
2199.759239521, 1.016286711,
2199.779671166, 1.016576746,
2199.800102712, 1.016206116,
2199.820534157, 1.016162295,
2199.840965802, 1.016342360,
2199.861397248, 1.016834464,
2199.881828794, 1.016175085,
2199.902260439, 1.016425040,
2199.922691885, 1.016305360,
2199.963555076, 1.016702792,
2199.983986522, 1.016330857,
2200.004418168, 1.016469346,
2200.024849714, 1.016174560,
2200.065712806, 1.016557982,
2200.086144353, 1.016215086,
2200.106575899, 1.016498871,
2200.127007445, 1.016565836,
2200.147438992, 1.016515496,
2200.167870638, 1.016764667,
2200.208733631, 1.016489809,
2200.229165278, 1.016820565,
2200.249596825, 1.016416097,
2200.270028271, 1.016636161,
2200.290459918, 1.016445815,
2200.310891465, 1.016592965,
2200.331322912, 1.016358731,
2200.351754559, 1.016889971,
2200.372186106, 1.016667095,
2200.392617754, 1.016445035,
2200.453912396, 1.016624317,
2200.474343843, 1.016853799,
2200.494775391, 1.016023291,
2200.515206939, 1.016533302,
2200.535638486, 1.016541090,
2200.556070034, 1.016628721,
2200.576501582, 1.016274280,
2200.596933130, 1.016579161,
2200.617364778, 1.016308684,
2200.637796226, 1.016703519,
2200.658227774, 1.016264588,
2200.699090871, 1.016813497,
2200.719522419, 1.016750670,
2200.739954067, 1.016683983,
2200.760385516, 1.016731528,
2200.780817064, 1.016479763,
2200.801248713, 1.016562767,
2200.821680262, 1.016735284,
2200.842111811, 1.016350729,
2200.862543360, 1.016849412,
2200.882974909, 1.016494781,
2200.903406558, 1.016576686,
2200.944269556, 1.016672192,
2200.964701205, 1.016850780,
2200.985132655, 1.016404584,
2201.005564304, 1.016665212,
2201.025995854, 1.016662810,
2201.046427303, 1.016807170,
2201.066858953, 1.016835915,
2201.107721952, 1.016477657,
2201.128153602, 1.016340253,
2201.148585152, 1.016418240,
2201.189448253, 1.016675351,
2201.209879803, 1.016519416,
2201.230311353, 1.016660200,
2201.250742904, 1.016795668,
2201.271174454, 1.016604676,
2201.291606005, 1.016494629,
2201.312037555, 1.016611334,
2201.332469106, 1.016572411,
2201.352900657, 1.016680209,
2201.373332208, 1.016305547,
2201.393763759, 1.016837850,
2201.434626861, 1.016423406,
2201.455058512, 1.016655789,
2201.475490063, 1.016595927,
2201.495921515, 1.016623994,
2201.516353166, 1.016699774,
2201.557216170, 1.016915825,
2201.577647821, 1.016676947,
2201.598079373, 1.016597285,
2201.618510825, 1.016509661,
2201.659374029, 1.016747984,
2201.679805681, 1.016688119,
2201.700237133, 1.016676161,
2201.720668686, 1.016946504,
2201.741100338, 1.016851962,
2201.761531791, 1.016835303,
2201.781963343, 1.016417711,
2201.802394996, 1.016986245,
2201.822826449, 1.016823999,
2201.843258102, 1.017058875,
2201.863689655, 1.016890228,
2201.884121108, 1.016681856,
2201.924984214, 1.016569211,
2201.945415767, 1.016408780,
2201.965847421, 1.016598960,
2201.986278974, 1.016748756,
2202.006710428, 1.016448808,
2202.027142082, 1.016787885,
2202.047573635, 1.016499365,
2202.068005189, 1.016795724,
2202.088436743, 1.016616659,
2202.108868297, 1.016698159,
2202.170162960, 1.016898322,
2202.190594614, 1.016667046,
2202.211026069, 1.016390902,
2202.231457624, 1.016541760,
2202.251889278, 1.016382077,
2202.272320733, 1.016528876,
2202.292752388, 1.016631476,
2202.313183943, 1.016655799,
2202.354047053, 1.016774002,
2202.435773275, 1.016887469,
2202.456204931, 1.016605990,
2202.476636386, 1.016792401,
2202.497067942, 1.017054255,
2202.517499498, 1.016305521,
2202.537931054, 1.016615015,
2202.558362611, 1.016536840,
2202.578794167, 1.016856905,
2202.599225723, 1.016560356,
2202.660520393, 1.016644965,
2202.680952050, 1.016798650,
2202.701383606, 1.016820005,
2202.721815063, 1.016555915,
2202.742246720, 1.016853060,
2202.762678278, 1.017025056,
2202.783109735, 1.016833831,
2202.803541392, 1.016571050,
2202.823972950, 1.016720294,
2202.844404407, 1.016622575,
2202.864836065, 1.016449220,
2202.926130739, 1.016980275,
2202.946562297, 1.016936860,
2202.966993955, 1.016538806,
2202.987425413, 1.016499956,
2203.007856972, 1.016458598,
2203.028288630, 1.016621878,
2203.048720089, 1.016861324,
2203.069151747, 1.016387825,
2203.089583306, 1.017247298,
2203.110014865, 1.016585124,
2203.150877983, 1.016637547,
2203.171309543, 1.016629984,
2203.191741102, 1.016756350,
2203.212172661, 1.016775720,
2203.232604221, 1.016672731,
2203.253035781, 1.016620040,
2203.273467340, 1.016531058,
2203.293899000, 1.016981055,
2203.314330460, 1.016677202,
2203.334762021, 1.016650713,
2203.355193681, 1.016440320,
2203.396056701, 1.016806692,
2203.416488362, 1.016453928,
2203.436919823, 1.016727731,
2203.457351383, 1.016439151,
2203.477783044, 1.016757892,
2203.498214505, 1.016881110,
2203.518646166, 1.016702636,
2203.539077728, 1.016764657,
2203.559509189, 1.016567184,
2203.579940850, 1.016700392,
2203.600372412, 1.016873234,
2203.641235535, 1.016876635,
2203.661667097, 1.016684631,
2203.682098759, 1.016683383,
2203.702530221, 1.016647807,
2203.722961784, 1.017168597,
2203.743393446, 1.016872196,
2203.763825008, 1.016546347,
2203.784256471, 1.016705491,
2203.804688134, 1.016848589,
2203.825119697, 1.016749465,
2203.845551159, 1.016522916,
2203.886414386, 1.016668674,
2203.906845949, 1.016872055,
2203.927277512, 1.016913268,
2203.947708976, 1.016835145,
2203.968140639, 1.016771748,
2203.988572203, 1.016650461,
2204.009003667, 1.016863308,
2204.029435331, 1.016903085,
2204.049866895, 1.016996286,
2204.070298359, 1.016771032,
2204.090730024, 1.017020171,
2204.131593253, 1.016946453,
2204.152024717, 1.016793620,
2204.172456282, 1.017007840,
2204.192887947, 1.016849743,
2204.233750977, 1.016887395,
2204.254182643, 1.016943172,
2204.274614208, 1.016817240,
2204.295045774, 1.016698529,
2204.315477339, 1.016711478,
2204.335908905, 1.016713178,
2204.376772037, 1.016804375,
2204.397203603, 1.016761988,
2204.417635169, 1.016596880,
2204.438066736, 1.016704117,
2204.458498302, 1.016480236,
2204.478929969, 1.016649403,
2204.499361436, 1.017080234,
2204.519793103, 1.016975540,
2204.540224570, 1.016716039,
2204.560656137, 1.016955011,
2204.581087804, 1.016919984,
2204.621950839, 1.016885096,
2204.642382507, 1.016927743,
2204.662813974, 1.017298883,
2204.683245642, 1.016813948,
2204.703677210, 1.017241805,
2204.724108678, 1.017051806,
2204.744540347, 1.016836519,
2204.764971915, 1.016719475,
2204.785403384, 1.017088086,
2204.805835052, 1.016917890,
2204.826266621, 1.016620268,
2204.867129759, 1.016602942,
2204.887561328, 1.016883990,
2204.907992998, 1.017194980,
2204.928424567, 1.016836391,
2204.948856037, 1.017105560,
2204.969287706, 1.016645062,
2204.989719276, 1.016587348,
2205.010150746, 1.016815324,
2205.030582416, 1.016665307,
2205.051013986, 1.016934378,
2205.071445457, 1.016998479,
2205.112308698, 1.016888374,
2205.132740369, 1.016824738,
2205.153171839, 1.016741462,
2205.173603410, 1.017117919,
2205.194034982, 1.016932017,
2205.214466553, 1.016506345,
2205.234898124, 1.017039473,
2205.255329696, 1.016691263,
2205.275761268, 1.017088635,
2205.296192939, 1.016663038,
2205.316624411, 1.016804437,
2205.357487656, 1.016916715,
2205.377919128, 1.016700562,
2205.398350701, 1.016630429,
2205.418782373, 1.017336519,
2205.439213846, 1.016977348,
2205.459645419, 1.017023605,
2205.480077092, 1.016821645,
2205.500508665, 1.016829708,
2205.520940238, 1.016816692,
2205.541371812, 1.017090823,
2205.561803386, 1.017278184,
2205.602666533, 1.016863088,
2205.623098107, 1.016851960,
2205.643529781, 1.017026383,
2205.663961256, 1.016681923,
2205.684392830, 1.016704369,
2205.704824505, 1.016884747,
2205.725255979, 1.016889981,
2205.745687654, 1.017096323,
2205.766119229, 1.016950382,
2205.806982380, 1.017293150,
2205.847845431, 1.016839306,
2205.868277106, 1.017280255,
2205.888708682, 1.016793492,
2205.909140258, 1.016593148,
2205.950003311, 1.017033525,
2205.970434987, 1.016981694,
2205.990866564, 1.017007741,
2206.011298140, 1.017170422,
2206.031729717, 1.016986284,
2206.052161294, 1.017189320,
2206.113456026, 1.017054671,
2206.133887704, 1.016850591,
2206.154319281, 1.017055853,
2206.174750759, 1.016986482,
2206.195182437, 1.016912951,
2206.215614016, 1.017110034,
2206.236045494, 1.016884673,
2206.256477172, 1.017180661,
2206.276908751, 1.017035899,
2206.338203488, 1.017194872,
2206.358635167, 1.016668828,
2206.379066646, 1.017104514,
2206.399498226, 1.017219491,
2206.419929905, 1.017155825,
2206.440361385, 1.017875244,
2206.460792965, 1.017026495,
2206.481224645, 1.017238361,
2206.501656126, 1.016967460,
2206.522087806, 1.017011381,
2206.542519386, 1.017095519,
2206.583382548, 1.016974596,
2206.603814029, 1.017002290,
2206.624245610, 1.016891979,
2206.644677292, 1.017041242,
2206.665108773, 1.017157612,
2206.685540355, 1.016882435,
2206.705972036, 1.017320163,
2206.726403618, 1.017252040,
2206.746835200, 1.017026743,
2206.767266783, 1.017288456,
2206.787698365, 1.017222041,
2206.828561530, 1.017087607,
2206.848993113, 1.017000457,
2206.869424796, 1.017021225,
2206.889856279, 1.019437325,
2206.910287963, 1.017166275,
2206.930719546, 1.017133093,
2206.951151030, 1.016996795,
2206.971582714, 1.017230824,
2206.992014298, 1.017184294,
2207.012445782, 1.017203932,
2207.032877466, 1.017047930,
2207.073740535, 1.017478867,
2207.094172220, 1.017261146,
2207.114603805, 1.017781539,
2207.135035490, 1.017426063,
2207.155466975, 1.017428136,
2207.175898560, 1.017256819,
2207.196330246, 1.016873254,
2207.216761732, 1.017129152,
2207.237193317, 1.017111096,
2207.257624903, 1.017209277,
2207.278056590, 1.017320840,
2207.318919762, 1.017099640,
2207.339351249, 1.017019649,
2207.359782936, 1.017149563,
2207.380214523, 1.017454890,
2207.400646010, 1.017528613,
2207.421077697, 1.017062204,
2207.441509285, 1.017421046,
2207.461940773, 1.017610109,
2207.482372460, 1.017255505,
2207.502804048, 1.017163374,
2207.523235736, 1.017444379,
2207.564098813, 1.017217034,
2207.584530502, 1.017185686,
2207.604961991, 1.017243273,
2207.625393580, 1.017566351,
2207.645825269, 1.017374857,
2207.666256758, 1.017388220,
2207.686688347, 1.017050078,
2207.707120037, 1.016913509,
2207.727551527, 1.017178614,
2207.747983217, 1.017307699,
2207.768414807, 1.017606662,
2207.809277988, 1.017216499,
2207.829709578, 1.017048566,
2207.850141169, 1.017126666,
2207.870572760, 1.017107212,
2207.891004351, 1.017171152,
2207.911435943, 1.017130107,
2207.931867534, 1.017359777,
2207.952299126, 1.017039867,
2207.972730717, 1.018695700,
2207.993162309, 1.016738780,
2208.013593902, 1.017135582,
2208.054457086, 1.017217267,
2208.074888679, 1.017193392,
2208.095320372, 1.017146618,
2208.115751865, 1.017165450,
2208.136183558, 1.017066825,
2208.156615151, 1.017206962,
2208.177046645, 1.017453289,
2208.197478339, 1.017472407,
2208.217909933, 1.016881366,
2208.238341427, 1.017223153,
2208.258773121, 1.017059932,
2208.299636210, 1.017323097,
2208.320067905, 1.017274624,
2208.340499499, 1.017082109,
2208.360931195, 1.016912632,
2208.381362690, 1.016929844,
2208.401794285, 1.016842036,
2208.422225981, 1.016974987,
2208.442657477, 1.016829589,
2208.463089073, 1.016906507,
2208.483520769, 1.016866038,
2208.503952365, 1.016899848,
2208.544815558, 1.017329658,
2208.565247155, 1.017442846,
2208.585678752, 1.017094320,
2208.606110349, 1.017211816,
2208.626541847, 1.016820621,
2208.646973544, 1.017000707,
2208.667405142, 1.016608994,
2208.687836640, 1.017310863,
2208.708268338, 1.017068706,
2208.728699937, 1.017235016,
2208.749131635, 1.016966329,
2208.789994732, 1.016731867,
2208.810426431, 1.016857948,
2208.830857931, 1.016946961,
2208.851289530, 1.016609594,
2208.871721230, 1.016853221,
2208.892152729, 1.016896144,
2208.933016029, 1.016634863,
2208.953447530, 1.016787136,
2208.973879230, 1.016842420,
2208.994310831, 1.016651631,
2209.035174033, 1.016783897,
2209.055605634, 1.016662499,
2209.076037235, 1.016792993,
2209.096468837, 1.016622796,
2209.116900439, 1.017154927,
2209.137332140, 1.017163075,
2209.157763743, 1.016924867,
2209.178195245, 1.016691497,
2209.198626947, 1.016744538,
2209.219058550, 1.016752867,
2209.239490053, 1.016660052,
2209.280353259, 1.016449980,
2209.300784963, 1.016452199,
2209.321216566, 1.016509957,
2209.341648070, 1.016604722,
2209.362079774, 1.016604570,
2209.382511378, 1.016677134,
2209.402942883, 1.016710998,
2209.423374587, 1.016294442,
2209.443806192, 1.016744496,
2209.464237697, 1.016570754,
2209.484669402, 1.016677326,
2209.525532713, 1.016795004,
2209.545964219, 1.016476387,
2209.566395825, 1.016736902,
2209.586827531, 1.016638822,
2209.607259037, 1.016660199,
2209.627690643, 1.016531909,
2209.648122350, 1.016203725,
2209.668553957, 1.016627611,
2209.688985564, 1.016634534,
2209.709417171, 1.016651484,
2209.729848779, 1.016389504,
2209.770711994, 1.016178843,
2209.791143602, 1.016329826,
2209.811575310, 1.016415598,
2209.832006819, 1.016380951,
2209.852438427, 1.016336024,
2209.872870036, 1.016472126,
2209.893301645, 1.016601444,
2209.913733354, 1.016524123,
2209.934164863, 1.016209004,
2209.954596473, 1.016549931,
2209.975028183, 1.016157809,
2210.015891303, 1.016268783,
2210.036323013, 1.016205091,
2210.056754524, 1.016326764,
2210.077186235, 1.016409408,
2210.097617846, 1.016147499,
2210.118049357, 1.016225962,
2210.138481068, 1.016446998,
2210.158912680, 1.016291051,
2210.179344291, 1.015949393,
2210.199775903, 1.016337687,
2210.220207515, 1.015816836,
2210.281502353, 1.015554084,
2210.301934066, 1.016188018,
2210.322365579, 1.016124395,
2210.342797192, 1.016175312,
2210.363228906, 1.016062595,
2210.383660520, 1.015983154,
2210.404092034, 1.017058360,
2210.424523748, 1.016519698,
2210.444955362, 1.015964362,
2210.485818591, 1.016136061,
2210.526681822, 1.016263983,
2210.547113437, 1.016105577,
2210.567545052, 1.015803054,
2210.587976768, 1.016029494,
2210.608408284, 1.015659890,
2210.628839900, 1.015989914,
2210.669703133, 1.015970804,
2210.690134850, 1.015779598,
2210.710566367, 1.016156084,
2210.751429702, 1.015701203,
2210.771861219, 1.015810881,
2210.792292837, 1.015863975,
2210.812724555, 1.016213205,
2210.833156173, 1.016219060,
2210.853587792, 1.015615424,
2210.874019411, 1.015901465,
2210.894451029, 1.015960579,
2210.914882649, 1.015491667,
2210.935314268, 1.015973124,
2210.955745887, 1.015576319,
2210.996609127, 1.015643570,
2211.017040747, 1.016010221,
2211.037472467, 1.015951693,
2211.057903988, 1.015554140,
2211.078335709, 1.016050904,
2211.098767330, 1.016563518,
2211.119198851, 1.015861050,
2211.139630572, 1.015957779,
2211.160062194, 1.015721363,
2211.180493715, 1.015609990,
2211.200925437, 1.015712899,
2211.241788682, 1.015590027,
2211.262220305, 1.015728801,
2211.282651828, 1.015717916,
2211.303083551, 1.015574201,
2211.323515174, 1.015858974,
2211.343946697, 1.016004164,
2211.364378421, 1.015913315,
2211.384810045, 1.015608228,
2211.405241669, 1.015613051,
2211.425673294, 1.015919062,
2211.446104918, 1.015858306,
2211.486968168, 1.015919975,
2211.507399793, 1.015691981,
2211.527831518, 1.015871326,
2211.548263144, 1.015970427,
2211.568694670, 1.016023742,
2211.589126396, 1.015983700,
2211.609558022, 1.015893521,
2211.629989649, 1.015800076,
2211.650421275, 1.015910009,
2211.670852902, 1.015612576,
2211.691284629, 1.016020011,
2211.732147784, 1.016326845,
2211.752579512, 1.015453564,
2211.773011040, 1.016242990,
2211.793442669, 1.015676314,
2211.813874397, 1.015697078,
2211.834305926, 1.015965408,
2211.854737655, 1.015740054,
2211.875169284, 1.015838778,
2211.895600813, 1.015792138,
2211.916032543, 1.015916960,
2211.936464073, 1.015991210,
2211.977327433, 1.014784141,
2211.997758963, 1.015753434,
2212.018190694, 1.015995574,
2212.038622325, 1.015865709,
2212.059053956, 1.015872238,
2212.079485588, 1.015514114,
2212.099917219, 1.015966472,
2212.120348851, 1.015769460,
2212.140780483, 1.015671897,
2212.161212115, 1.015820046,
2212.181643748, 1.016028231,
2212.202075480, 1.015614313,
2212.222507013, 1.015916532,
2212.242938747, 1.015978396,
2212.263370380, 1.016177624,
2212.283801914, 1.015944331,
2212.304233647, 1.015743973,
2212.324665281, 1.016065357,
2212.345096816, 1.016010081,
2212.365528550, 1.016269104,
2212.385960185, 1.016310134,
2212.406391920, 1.015797752,
2212.426823455, 1.016601939,
2212.467686826, 1.015976934,
2212.488118362, 1.016162720,
2212.508549998, 1.016137914,
2212.528981735, 1.016533507,
2212.549413271, 1.015848133,
2212.569844908, 1.015911848,
2212.590276545, 1.016268986,
2212.610708182, 1.016357907,
2212.631139920, 1.016225102,
2212.651571458, 1.016122183,
2212.672003096, 1.016173889,
2212.712866472, 1.016368917,
2212.733298011, 1.016379134,
2212.753729750, 1.016324682,
2212.774161389, 1.016313809,
2212.794592928, 1.016379625,
2212.815024668, 1.016464323,
2212.835456308, 1.016217519,
2212.855888048, 1.016401469,
2212.876319588, 1.016375146,
2212.896751228, 1.016387936,
2212.917182969, 1.016327527,
2212.958046151, 1.016606461,
2212.978477893, 1.016592017,
2212.998909434, 1.016224452,
2213.019341176, 1.017511136,
2213.039772819, 1.016302192,
2213.060204361, 1.016443845,
2213.080636103, 1.016340667,
2213.101067746, 1.016586885,
2213.121499289, 1.016400431,
2213.141931033, 1.016787627,
2213.162362676, 1.016283895,
2213.203225964, 1.016424938,
2213.223657609, 1.016697948,
2213.244089253, 1.016563272,
2213.264520898, 1.016594680,
