BJD - 2454833, Corrected Flux
2061.305929756, 1.002874938,
2061.326362093, 1.001885555,
2061.346794329, 1.003531425,
2061.367226465, 1.002091917,
2061.387658800, 1.001683897,
2061.408091035, 0.997562080,
2061.428523369, 1.002043813,
2061.489820069, 1.002110279,
2061.510252201, 1.002729084,
2061.530684433, 1.001613792,
2061.551116765, 1.002299643,
2061.571548996, 1.000555492,
2061.591981126, 1.000561367,
2061.612413456, 1.001618350,
2061.632845686, 1.000905477,
2061.653277815, 0.999652719,
2061.673710144, 1.002266356,
2061.694142372, 1.002003401,
2061.714574600, 1.001995148,
2061.735006827, 1.001521832,
2061.755439054, 1.000364284,
2061.775871280, 0.999440381,
2061.796303506, 1.000730220,
2061.816735731, 0.999507369,
2061.837167956, 0.996676326,
2061.857600181, 0.996968798,
2061.878032305, 0.998361857,
2061.898464629, 1.001636302,
2061.918896852, 1.001840919,
2061.939329074, 1.001126109,
2061.959761296, 0.998137092,
2061.980193519, 0.999652220,
2062.000625840, 1.000195361,
2062.021057960, 0.998683872,
2062.041490181, 0.997080849,
2062.061922501, 0.998478578,
2062.082354620, 0.999052778,
2062.102786839, 0.997320069,
2062.123219158, 0.997363581,
2062.143651376, 0.999395688,
2062.164083493, 0.997036603,
2062.225380143, 0.996749534,
2062.245812459, 0.998960658,
2062.266244675, 0.997345940,
2062.286676789, 0.997905588,
2062.307109103, 1.000013943,
2062.327541318, 0.999524841,
2062.347973631, 0.997206974,
2062.368405744, 0.997926058,
2062.388837956, 0.998301634,
2062.409270268, 0.996339554,
2062.429702380, 0.996797643,
2062.450134591, 1.003115013,
2062.470566802, 0.998772418,
2062.490999012, 0.996192046,
2062.511431222, 0.999213814,
2062.531863432, 0.995322034,
2062.552295640, 0.995466927,
2062.572727849, 0.997104219,
2062.593160056, 0.997335159,
2062.613592264, 0.994918613,
2062.634024471, 0.992901518,
2062.654456778, 0.994079431,
2062.674888884, 0.994955979,
2062.695321190, 0.996664543,
2062.715753395, 0.995915499,
2062.736185499, 0.995568226,
2062.756617804, 0.996265678,
2062.777050008, 0.997255669,
2062.797482111, 0.996621208,
2062.817914414, 0.995576710,
2062.838346616, 0.997509749,
2062.858778718, 0.995548647,
2062.879211020, 0.995466782,
2062.899643221, 0.994824811,
2062.920075322, 0.997068236,
2062.940507622, 0.993699216,
2062.960939821, 0.994811070,
2062.981372021, 0.994279831,
2063.001804220, 0.994540135,
2063.022236418, 0.995139383,
2063.042668616, 0.994892664,
2063.063100814, 0.995904118,
2063.083533011, 0.994399817,
2063.103965307, 0.996188353,
2063.124397503, 0.995284472,
2063.144829599, 0.993820433,
2063.165261894, 0.995926329,
2063.185694089, 0.996069986,
2063.206126183, 0.997956747,
2063.226558477, 0.995981753,
2063.246990571, 0.994813807,
2063.267422763, 0.995093999,
2063.287855056, 0.993846210,
2063.308287148, 0.995197940,
2063.328719339, 0.993551900,
2063.349151631, 0.995323196,
2063.369583721, 0.993146307,
2063.390015912, 0.996108403,
2063.410448201, 0.993499162,
2063.430880291, 0.992814493,
2063.451312479, 0.992938005,
2063.471744768, 0.992810087,
2063.492176956, 0.992484920,
2063.512609143, 0.993098692,
2063.533041330, 0.994748908,
2063.553473517, 0.993074517,
2063.573905703, 0.995237239,
2063.594337889, 0.993574927,
2063.614770074, 0.992683964,
2063.635202359, 0.993889864,
2063.696498910, 0.992573018,
2063.716930993, 0.993709527,
2063.737363176, 0.992997983,
2063.757795458, 0.994190064,
2063.778227540, 0.994899300,
2063.798659721, 0.995241249,
2063.819092002, 0.992849789,
2063.839524082, 0.993570181,
2063.859956262, 0.995228198,
2063.880388542, 0.994845788,
2063.900820620, 0.994466282,
2063.921252899, 0.994371101,
2063.941685077, 0.995379807,
2063.962117154, 0.995053152,
2063.982549432, 0.995603218,
2064.002981608, 0.994685951,
2064.023413685, 0.996013219,
2064.043845961, 0.994823273,
2064.064278136, 0.994644126,
2064.084710211, 0.995314903,
2064.105142486, 0.997354814,
2064.554650212, 0.995429109,
2064.575082476, 0.993166204,
2064.595514640, 0.992582829,
2064.615946703, 0.993594421,
2064.636378966, 0.991362712,
2064.656811129, 0.995511815,
2064.738539674, 0.994736708,
2064.758971934, 0.994345126,
2064.779403994, 0.991431845,
2064.799836254, 0.991694407,
2064.820268412, 0.994178061,
2064.840700571, 0.990500782,
2064.861132729, 0.994902010,
2064.922429201, 0.994236918,
2064.942861357, 0.992053539,
2064.963293513, 0.992638129,
2064.983725768, 0.992645380,
2065.004157823, 0.993379389,
2065.024589978, 0.994140352,
2065.045022232, 0.992909696,
2065.065454286, 0.995752588,
2065.085886439, 0.992549403,
2065.106318692, 0.995002463,
2065.126750744, 0.994216241,
2065.147182896, 0.993253784,
2065.167615147, 0.993181569,
2065.188047198, 0.993177712,
2065.208479449, 0.993259918,
2065.228911599, 0.992951142,
2065.249343649, 0.995016429,
2065.269775898, 0.994774578,
2065.290208047, 0.993229880,
2065.310640195, 0.994256687,
2065.331072343, 0.993800430,
2065.351504491, 0.992171302,
2065.371936638, 0.994799137,
2065.392368785, 0.993923120,
2065.412800931, 0.993518983,
2065.433233076, 0.992088864,
2065.453665222, 0.994553312,
2065.474097367, 0.991687862,
2065.494529411, 0.994354517,
2065.514961655, 1.000659606,
2065.535393799, 0.994501417,
2065.555825842, 0.994082003,
2065.576258085, 0.993322254,
2065.596690227, 0.992910038,
2065.657986651, 0.992870181,
2065.678418891, 0.995130132,
2065.698850932, 0.994181009,
2065.719283071, 0.993584174,
2065.739715310, 0.992589749,
2065.760147349, 0.992447059,
2065.780579487, 0.992788611,
2065.801011725, 0.992021491,
2065.821443863, 0.991736485,
2065.841875900, 0.990831940,
2065.862308137, 0.990248977,
2065.882740273, 0.991994791,
2065.903172309, 0.989975411,
2065.923604544, 0.993635800,
2065.944036679, 0.990982037,
2065.964468713, 0.993750524,
2065.984900947, 0.994095140,
2066.005333081, 0.991995431,
2066.025765114, 0.992709498,
2066.046197347, 0.992069799,
2066.066629479, 0.990890847,
2066.087061711, 0.994900539,
2066.148358004, 0.994463184,
2066.168790134, 0.994014843,
2066.189222264, 0.993477921,
2066.209654393, 0.991361646,
2066.230086522, 0.990922559,
2066.250518650, 0.992742105,
2066.270950778, 0.993968062,
2066.291382906, 0.993759368,
2066.311815033, 0.990946808,
2066.332247260, 0.992870697,
2066.393543637, 0.991092340,
2066.434407786, 0.991165540,
2066.454840011, 0.994459660,
2066.475272034, 0.993349374,
2066.495704158, 0.990073507,
2066.516136380, 0.991683275,
2066.536568403, 0.993842660,
2066.557000624, 0.992137602,
2066.577432746, 0.991486748,
2066.597864767, 0.992436853,
2066.618296988, 0.993612779,
2066.638729108, 0.990346221,
2066.659161228, 0.992660066,
2066.679593348, 0.991763016,
2066.700025466, 0.990667624,
2066.720457585, 0.989370671,
2066.740889703, 0.990623910,
2066.761321821, 0.993271876,
2066.781753938, 0.990708557,
2066.802186155, 0.989519766,
2066.822618171, 0.992520694,
2066.863482403, 0.994201820,
2066.883914518, 0.991073138,
2066.904346632, 0.991682421,
2066.924778847, 0.990061657,
2066.945210860, 0.991776835,
2066.965642874, 0.989248320,
2066.986075087, 0.992954982,
2067.006507199, 0.993275215,
2067.026939411, 0.990771083,
2067.047371423, 0.990854364,
2067.067803534, 0.990787075,
2067.088235745, 0.991346534,
2067.108667756, 0.992780698,
2067.129099866, 0.991904757,
2067.149532075, 0.994274119,
2067.169964184, 0.994190499,
2067.190396193, 0.994454052,
2067.210828402, 0.993689269,
2067.231260509, 0.995746805,
2067.251692517, 0.994524421,
2067.272124724, 0.993009769,
2067.292556831, 0.992920210,
2067.312988837, 0.994181022,
2067.353853148, 0.992922922,
2067.374285153, 0.991163524,
2067.394717357, 0.994409800,
2067.415149462, 0.994717475,
2067.435581465, 0.992160627,
2067.456013668, 0.991821633,
2067.476445771, 0.992935771,
2067.496877974, 0.992845717,
2067.517309976, 0.993614007,
2067.537742077, 0.993428337,
2067.558174278, 0.993382362,
2067.578606279, 0.993025647,
2067.599038379, 0.994054099,
2067.619470479, 0.992975505,
2067.639902679, 0.993569497,
2067.660334677, 0.993610213,
2067.680766776, 0.991507378,
2067.701198874, 0.993915325,
2067.721630972, 0.993455024,
2067.742063169, 0.992626803,
2067.762495166, 0.991832847,
2067.782927263, 0.992496809,
2067.803359459, 0.993370871,
2067.864655745, 0.994592885,
2067.885087739, 0.992354690,
2067.905519933, 0.991661198,
2067.925952026, 0.992306524,
2067.946384020, 0.992344189,
2067.966816212, 0.992794959,
2067.987248305, 0.992226569,
2068.007680397, 0.993168907,
2068.028112488, 0.994205443,
2068.048544579, 0.994922853,
2068.130272939, 0.994586664,
2068.150705128, 0.993089995,
2068.171137117, 0.991454017,
2068.191569205, 0.992911356,
2068.212001392, 0.991386897,
2068.232433380, 0.991777256,
2068.252865467, 0.992594622,
2068.273297653, 0.992906052,
2068.293729639, 0.991128905,
2068.314161725, 0.990832389,
2068.334593910, 0.990971840,
2068.355025895, 0.990992934,
2068.375458079, 0.989904972,
2068.395890063, 0.990635348,
2068.416322147, 0.992954820,
2068.436754330, 0.995853812,
2068.457186313, 0.994000092,
2068.477618395, 0.993696363,
2068.498050577, 0.996129608,
2068.518482558, 0.993322007,
2068.538914640, 0.993797537,
2068.559346820, 0.994313001,
2068.579778900, 0.994190830,
2068.600210881, 0.993681632,
2068.620643060, 0.993841893,
2068.641075139, 0.993439982,
2068.661507118, 0.995236057,
2068.681939296, 0.993528034,
2068.702371374, 0.992239570,
2068.722803351, 0.993944260,
2068.743235528, 0.995028687,
2068.763667604, 0.994630841,
2068.784099780, 0.993322409,
2068.865827981, 0.993651451,
2068.886260055, 0.993432253,
2068.906692229, 0.996778292,
2068.927124202, 0.994490047,
2068.947556274, 0.995506696,
2068.967988447, 0.995830703,
2068.988420519, 0.994648238,
2069.008852490, 0.992643254,
2069.029284662, 0.995017314,
2069.049716732, 0.992935403,
2069.070148703, 0.993895412,
2069.090580873, 0.993569311,
2069.111012842, 0.993928390,
2069.131444912, 0.995310469,
2069.172309149, 0.993325512,
2069.192741117, 0.993916063,
2069.213173284, 0.994468249,
2069.233605251, 0.995454289,
2069.254037418, 0.993226025,
2069.274469484, 0.994324312,
2069.315333616, 0.993086483,
2069.335765681, 0.993433362,
2069.356197645, 0.993573229,
2069.376629809, 0.994823587,
2069.397061874, 0.996869490,
2069.417493937, 0.995428854,
2069.437926000, 0.992915655,
2069.458358063, 0.991477793,
2069.478790125, 0.992837660,
2069.499222186, 0.993948591,
2069.519654248, 0.993581150,
2069.580950429, 0.995305008,
2069.601382490, 0.994105630,
2069.621814649, 0.995439142,
2069.642246608, 0.992821922,
2069.662678766, 0.992509280,
2069.683110825, 0.992758798,
2069.703542782, 0.996174314,
2069.723974940, 0.994327089,
2069.744406996, 0.993839325,
2069.764838953, 0.995654476,
2069.785271109, 0.995396286,
2069.805703165, 0.994005327,
2069.826135120, 0.994726527,
2069.846567275, 0.989495847,
2069.866999230, 0.992844413,
2069.887431384, 0.991920778,
2069.907863437, 0.992181594,
2069.928295491, 0.995207185,
2069.948727444, 0.993223869,
2069.969159596, 0.994996295,
2069.989591648, 0.994642187,
2070.010023600, 0.996787110,
2070.091751903, 0.993585511,
2070.112183953, 0.993037194,
2070.132616102, 0.995694160,
2070.153048050, 0.992579687,
2070.173480099, 0.993717498,
2070.193912247, 0.992984164,
2070.214344195, 0.990833312,
2070.234776242, 0.996596709,
2070.255208389, 0.991848670,
2070.275640335, 0.992716748,
2070.296072381, 0.990902012,
2070.316504527, 0.992227253,
2070.336936473, 0.990333489,
2070.357368517, 0.988749357,
2070.377800662, 0.990963176,
2070.398232706, 0.992756744,
2070.418664650, 0.992407868,
2070.439096793, 0.989414538,
2070.459528836, 0.991891267,
2070.479960779, 0.992162325,
2070.500392920, 0.991194505,
2070.541257103, 0.995460634,
2070.561689044, 0.994530917,
2070.582120985, 0.994418564,
2070.602553125, 0.995733449,
2070.622985164, 0.994139037,
2070.643417104, 0.992650142,
2070.663849243, 0.989340859,
2070.684281281, 0.991800942,
2070.704713219, 0.991798507,
2070.725145357, 0.990298813,
2070.745577394, 0.992385777,
2070.766009431, 0.994884922,
2070.786441468, 0.991203135,
2070.806873504, 0.994653002,
2070.827305540, 0.991061511,
2070.847737575, 0.992623435,
2070.868169610, 0.994042859,
2070.888601644, 0.993802250,
2070.909033779, 0.992417011,
2070.929465712, 0.994539254,
2070.949897846, 0.991349264,
2070.970329879, 1.001237804,
2070.990761811, 0.994114099,
2071.031625975, 0.995331894,
2071.052057907, 0.996703719,
2071.072490038, 0.992203939,
2071.092922068, 0.993542320,
2071.113353999, 0.991253163,
2071.133786128, 0.989711631,
2071.154218158, 0.992318482,
2071.174650087, 0.993522631,
2071.195082215, 0.992582740,
2071.215514243, 0.990052016,
2071.235946271, 0.992132694,
2071.297242353, 0.991405041,
2071.317674379, 0.991707549,
2071.338106405, 0.991704204,
2071.358538430, 0.991693459,
2071.378970455, 0.988959290,
2071.399402480, 0.990518742,
2071.419834604, 0.989091119,
2071.440266528, 0.991146930,
2071.460698552, 0.990124685,
2071.481130675, 0.991244313,
2071.501562597, 0.990835391,
2071.521994620, 0.991028413,
2071.542426742, 0.991734468,
2071.562858664, 0.991899214,
2071.583290685, 0.992964797,
2071.603722805, 0.989682361,
2071.624154726, 0.988674569,
2071.644586746, 0.991041296,
2071.665018866, 0.990265948,
2071.685450785, 0.992143575,
2071.705882804, 0.991327121,
2071.726314922, 0.991649766,
2071.746746940, 0.993059888,
2071.767178958, 0.991254996,
2071.787610975, 0.987685841,
2071.808042992, 0.992516264,
2071.828475009, 0.990157316,
2071.848907025, 0.993185644,
2071.869339040, 0.991003758,
2071.889771156, 0.990653332,
2071.910203071, 0.990779213,
2071.930635086, 0.991926017,
2071.951067200, 0.994272710,
2071.971499114, 0.992674316,
2072.053227165, 0.996266150,
2072.073659177, 0.989650812,
2072.114523200, 0.994951159,
2072.134955210, 0.990751129,
2072.155387221, 0.991722797,
2072.175819230, 0.991664347,
2072.196251240, 0.991343145,
2072.216683249, 0.989268207,
2072.237115358, 0.992219060,
2072.257547367, 0.997489194,
2072.277979274, 0.987393089,
2072.298411382, 0.990116753,
2072.318843389, 0.990962024,
2072.339275296, 0.991671717,
2072.359707403, 0.989344834,
2072.380139409, 0.991927318,
2072.400571314, 0.992105859,
2072.421003420, 0.991918310,
2072.441435425, 0.990588526,
2072.461867329, 0.991266942,
2072.502731438, 0.991805795,
2072.523163341, 0.992672930,
2072.543595444, 0.995813181,
2072.584459449, 0.991172303,
2072.604891451, 0.992340314,
2072.625323452, 0.993176797,
2072.645755553, 0.990028719,
2072.666187454, 0.992249611,
2072.686619455, 0.992317898,
2072.707051555, 0.992767561,
2072.768347552, 0.990660325,
2072.788779551, 0.991055379,
2072.809211449, 0.990020996,
2072.829643547, 0.993300600,
2072.850075444, 0.991805558,
2072.870507441, 0.988965173,
2072.890939537, 0.992410498,
2072.911371434, 0.988338153,
2072.931803429, 0.995650679,
2072.952235525, 0.994361877,
2072.972667420, 0.992060252,
2072.993099415, 0.993234535,
2073.013531509, 0.995189282,
2073.033963403, 0.994692066,
2073.054395496, 0.992901115,
2073.074827490, 0.995098508,
2073.095259482, 0.993835212,
2073.115691475, 0.996405643,
2073.136123467, 0.995397811,
2073.156555459, 0.994458445,
2073.176987450, 0.993936666,
2073.197419441, 0.999188205,
2073.258715411, 0.994834239,
2073.279147401, 0.994052944,
2073.299579490, 0.994016841,
2073.320011378, 0.993637015,
2073.340443367, 0.993193896,
2073.360875455, 0.994811362,
2073.381307342, 0.994170375,
2073.401739329, 0.992498343,
2073.422171316, 0.994086745,
2073.442603302, 0.991110613,
2073.463035388, 0.995068049,
2073.483467274, 0.995244021,
2073.503899259, 0.991198796,
2073.524331344, 0.993111427,
2073.544763229, 0.991613328,
2073.565195213, 0.992546700,
2073.585627297, 0.993476751,
2073.606059280, 0.995729143,
2073.626491163, 0.994569042,
2073.646923246, 0.993274383,
2073.667355228, 0.995091910,
2073.687787110, 0.991652119,
2073.749083053, 0.994173880,
2073.769515134, 0.994537405,
2073.789947114, 0.996236818,
2073.810378993, 0.993577428,
2073.830811073, 0.995507117,
2073.851243052, 0.993069829,
2073.871675130, 0.993269858,
2073.892107009, 0.995523450,
2073.912538986, 0.995272512,
2073.932971064, 0.992605534,
2073.994266994, 0.995006147,
2074.014698870, 0.999394570,
2074.035130846, 0.993819547,
2074.075994895, 0.994636084,
2074.096426770, 0.997111260,
2074.116858844, 0.995145500,
2074.137290718, 0.994710758,
2074.157722691, 0.995422948,
2074.178154764, 0.993226857,
2074.239450681, 0.992888972,
2074.259882553, 0.992514972,
2074.280314524, 0.993939249,
2074.300746595, 0.994684250,
2074.321178465, 0.994701072,
2074.341610535, 0.994459553,
2074.362042505, 0.994782822,
2074.382474374, 0.996166945,
2074.402906443, 0.994053767,
2074.423338412, 0.993276035,
2074.443770380, 0.992536156,
2074.464202348, 0.993805476,
2074.484634315, 0.992990058,
2074.505066282, 0.995194483,
2074.525498249, 0.992969520,
2074.545930216, 0.990784815,
2074.566362182, 0.991440190,
2074.607226113, 0.990905363,
2074.627658078, 0.993875727,
2074.648090142, 0.991390182,
2074.668522006, 0.994706252,
2074.709386034, 0.994537295,
2074.729817897, 0.992555472,
2074.750249960, 0.991200013,
2074.770681922, 0.993663943,
2074.791113784, 0.994259649,
2074.811545846, 0.992784441,
2074.831977807, 0.991336258,
2074.852409668, 0.991742910,
2074.872841729, 0.994400847,
2074.893273589, 0.993684521,
2074.913705549, 0.991417680,
2074.954569467, 0.991268102,
2074.975001426, 0.989883223,
2074.995433484, 0.991555870,
2075.015865442, 0.990124638,
2075.036297300, 0.991220304,
2075.056729357, 0.990956598,
2075.077161314, 0.990486160,
2075.097593171, 0.991293953,
2075.118025227, 0.992280958,
2075.138457183, 0.991784118,
2075.158889238, 0.995122638,
2075.179321094, 0.988709909,
2075.199753049, 0.992447863,
2075.220185103, 0.991791903,
2075.240616957, 0.991721482,
2075.261048911, 0.990617570,
2075.281480964, 0.992942687,
2075.301912817, 0.991277524,
2075.322344770, 0.990625513,
2075.342776822, 0.991751521,
2075.363208674, 0.991966391,
2075.383640625, 0.993415977,
2075.404072676, 0.994176610,
2075.465368528, 0.991375657,
2075.485800478, 0.992168678,
2075.506232327, 0.993098894,
2075.526664376, 0.992257501,
2075.547096325, 0.992997280,
2075.567528273, 0.991010075,
2075.587960221, 0.990931014,
2075.608392169, 0.990894921,
2075.628824116, 0.991853198,
2075.649256063, 0.991633478,
2075.710551902, 0.987731050,
2075.730983747, 0.989801009,
2075.751415792, 0.992786879,
2075.771847737, 0.993271414,
2075.792279581, 0.992559673,
2075.812711626, 0.992838029,
2075.833143569, 0.993188554,
2075.853575512, 0.992453319,
2075.874007456, 0.990257677,
2075.894439398, 0.992858255,
2075.955735224, 0.991893606,
2075.976167265, 0.992798636,
2075.996599206, 0.992310878,
2076.017031047, 0.995344472,
2076.037463086, 0.993722408,
2076.057895026, 0.990934555,
2076.078326866, 0.991194366,
2076.098758905, 0.992957217,
2076.119190844, 0.990674623,
2076.139622682, 0.989825414,
2076.160054720, 0.993194247,
2076.180486658, 0.991909690,
2076.200918495, 0.992355255,
2076.221350532, 0.992342637,
2076.241782469, 0.995500814,
2076.262214405, 0.993273468,
2076.282646341, 0.992276812,
2076.303078277, 0.995393340,
2076.323510212, 0.994420816,
2076.343942147, 0.994161411,
2076.364374081, 0.994329533,
2076.384806016, 0.993255524,
2076.425669883, 0.992647871,
2076.446101816, 0.991536282,
2076.466533749, 0.992931297,
2076.486965681, 0.992381478,
2076.507397713, 0.993269065,
2076.527829545, 0.991992224,
2076.548261476, 0.994929878,
2076.568693507, 0.993489472,
2076.609557269, 0.993030647,
2076.629989299, 0.992339202,
2076.670853058, 0.992904601,
2076.691285086, 0.991815885,
2076.711716915, 0.991092503,
2076.732148843, 0.992703546,
2076.752580871, 0.993095111,
2076.773012699, 0.991946256,
2076.793444726, 0.993013503,
2076.813876653, 0.993692761,
2076.834308580, 0.993538137,
2076.854740506, 0.991280290,
2076.875172432, 0.991700802,
2076.916036382, 0.993525640,
2076.936468207, 0.989595166,
2076.956900131, 0.992020960,
2076.977332155, 0.993190959,
2076.997763979, 0.992363206,
2077.018195903, 0.992187958,
2077.038627826, 0.991726104,
2077.059059748, 0.992125520,
2077.079491671, 0.993337091,
2077.099923593, 0.991987345,
2077.120355515, 0.994512206,
2077.140787336, 0.991589669,
2077.161219357, 0.995536834,
2077.181651278, 0.992785752,
2077.202083298, 0.996171649,
2077.222515118, 0.994211648,
2077.242947038, 0.993439639,
2077.263379057, 0.993799361,
2077.283810876, 0.992515512,
2077.304242794, 0.993530329,
2077.324674813, 0.993153925,
2077.345106731, 0.996362994,
2077.365538548, 0.993271606,
2077.426834299, 0.992583323,
2077.447266315, 0.991091333,
2077.467698231, 0.991491255,
2077.488130047, 0.991616080,
2077.508562062, 0.990368678,
2077.528993977, 0.989924801,
2077.549425791, 0.989765548,
2077.569857805, 0.990836901,
2077.590289719, 0.988104312,
2077.610721733, 0.994042135,
2077.672017471, 0.994570487,
2077.692449283, 0.991788592,
2077.712881195, 0.993482759,
2077.733313206, 0.992000592,
2077.753745018, 0.992592189,
2077.774176928, 0.991191977,
2077.794608839, 0.992931969,
2077.815040849, 0.991723860,
2077.835472659, 0.993527023,
2077.855904668, 0.991397940,
2077.937632202, 0.991547867,
2077.958064210, 0.992027134,
2077.978496118, 0.991387801,
2077.998927925, 0.991070880,
2078.019359931, 0.990706798,
2078.039791838, 0.993701170,
2078.060223644, 0.993259733,
2078.080655650, 0.995703519,
2078.101087555, 0.993109987,
2078.162383269, 0.991836476,
2078.182815173, 0.994164218,
2078.203247077, 0.994069194,
2078.223678980, 0.992173680,
2078.244110883, 0.992471222,
2078.264542786, 0.994357376,
2078.325838592, 0.992402825,
2078.346270394, 0.989683466,
2078.407566096, 0.996664789,
2078.427998096, 0.987708830,
2078.448429996, 0.990475678,
2078.489293794, 0.990741764,
2078.509725593, 0.997716689,
2078.571021287, 0.990234266,
2078.591453184, 1.006753159,
2078.652748875, 0.989684159,
2078.693612767, 0.989308201,
2078.714044562, 0.988983451,
2078.754908452, 0.991182047,
2078.775340346, 0.994427084,
2078.795772240, 0.993979791,
2078.816204134, 0.988308708,
2078.897931806, 0.992255393,
2078.918363598, 0.993505561,
2078.959227481, 0.987460611,
2078.979659272, 0.990165134,
2079.000091163, 0.992060598,
2079.020523154, 0.993719079,
2079.040954944, 0.990028802,
2079.061386834, 0.991697519,
2079.081818823, 0.993837872,
2079.143114490, 0.991527297,
2079.163546378, 0.994291748,
2079.204410153, 0.992621029,
2079.224842041, 0.989842591,
2079.245273927, 0.991707117,
2079.265705814, 0.994734847,
2079.286137600, 0.990741285,
2079.306569586, 0.992253074,
2079.347433257, 0.990126926,
2079.367865242, 0.995770800,
2079.388297127, 0.998061313,
2079.408728911, 0.992433819,
2079.429160895, 0.991565714,
2079.449592779, 0.992437275,
2079.470024562, 0.992876464,
2079.490456545, 0.993070389,
2079.510888428, 0.991498904,
2079.531320310, 0.994896899,
2079.551752192, 0.990150040,
2079.572184074, 0.993726229,
2079.592616055, 0.991974433,
2079.613047836, 0.992259711,
2079.633479717, 0.992539544,
2079.653911697, 0.992097403,
2079.674343577, 0.991963504,
2079.694775357, 0.991811707,
2079.715207337, 0.990623780,
2079.735639216, 0.995424930,
2079.756070995, 0.991924079,
2079.776502973, 0.989417796,
2079.796934851, 1.000833191,
2079.817366629, 1.012110872,
2079.878662261, 0.990753098,
2079.899094237, 0.991047906,
2079.919526114, 0.990470045,
2079.939957890, 0.991813735,
2079.960389865, 0.991425865,
2079.980821741, 0.992484077,
2080.001253616, 0.991744069,
2080.021685490, 0.991940823,
2080.042117365, 0.991871325,
2080.062549239, 0.992301533,
2080.123844859, 0.993390222,
2080.144276731, 0.991105092,
2080.164708604, 0.994188337,
2080.185140576, 0.990760898,
2080.205572348, 0.991304350,
2080.226004219, 0.991366754,
2080.246436191, 0.989309381,
2080.266867961, 0.993071718,
2080.287299832, 0.992821406,
2080.307731802, 0.993576609,
2080.369027411, 0.989911901,
2080.389459180, 0.990208939,
2080.409891149, 0.994058377,
2080.430323017, 0.994433132,
2080.450754785, 0.994680806,
2080.471186752, 0.993842090,
2080.491618620, 0.992525574,
2080.512050487, 0.991645798,
2080.532482354, 0.992809721,
2080.552914220, 0.993464875,
2080.573346086, 0.993965101,
2080.593777952, 0.993962107,
2080.614209818, 0.992264369,
2080.634641683, 0.993143730,
2080.655073648, 0.993587421,
2080.675505412, 0.991845705,
2080.695937277, 0.992862711,
2080.716369140, 0.993173800,
2080.736801004, 0.992416127,
2080.757232768, 0.994032008,
2080.777664730, 0.992407475,
2080.798096593, 0.994082914,
2080.859392179, 0.992775857,
2080.879824141, 0.995948189,
2080.900255902, 0.994081599,
2080.920687763, 0.993065320,
2080.941119723, 0.991913125,
2080.961551483, 0.993023887,
2080.981983344, 0.991974184,
2081.002415303, 0.991459653,
2081.022847162, 0.992346300,
2081.043278921, 0.993366362,
2081.063710880, 0.992411974,
2081.084142738, 0.992250388,
2081.104574496, 0.994200372,
2081.125006454, 0.994557326,
2081.145438311, 0.992551611,
2081.165870069, 0.992538952,
2081.186302025, 0.992661924,
2081.206733882, 0.991482638,
2081.227165838, 0.991262236,
2081.247597594, 0.992219181,
2081.268029450, 0.992338163,
2081.288461405, 0.995858610,
2081.349756969, 0.992067274,
2081.370188723, 0.997474153,
2081.390620577, 0.992725788,
2081.411052430, 0.992950392,
2081.431484283, 0.994804152,
2081.451916136, 0.994123712,
2081.472347989, 0.993408963,
2081.492779841, 0.993873235,
2081.513211693, 0.991914071,
2081.533643544, 0.994470625,
2081.554075395, 0.992266232,
2081.574507246, 0.990476096,
2081.594939197, 0.991842732,
2081.615370948, 0.993130627,
2081.635802898, 0.994632496,
2081.656234748, 0.992857563,
2081.676666497, 0.994316375,
2081.697098446, 0.996011389,
2081.717530295, 0.989891304,
2081.737962044, 0.998197301,
2081.758393992, 0.996955375,
2081.778825840, 0.992452951,
2081.840121382, 0.993279783,
2081.860553228, 0.991495340,
2081.880985075, 0.994794048,
2081.901416921, 0.996250957,
2081.921848767, 0.994962952,
2081.942280613, 0.992115937,
2081.962712458, 0.993449465,
2081.983144303, 0.994468525,
2082.003576147, 0.992317619,
2082.024007992, 0.993010931,
2082.044439936, 0.995445805,
2082.064871780, 0.995024151,
2082.085303523, 0.994478135,
2082.105735466, 0.993095521,
2082.126167209, 0.992175689,
2082.146599051, 0.994391575,
2082.167030994, 0.994953197,
2082.187462736, 0.995408590,
2082.207894577, 0.996227850,
2082.228326519, 0.996274570,
2082.248758260, 0.994498333,
2082.269190100, 0.994879974,
2082.330485621, 0.994643639,
2082.350917560, 0.994790332,
2082.371349300, 0.992724802,
2082.391781139, 0.993090622,
2082.412213077, 0.992336390,
2082.432644915, 0.993224585,
2082.453076754, 0.992916676,
2082.473508591, 0.994126419,
2082.493940429, 0.993008465,
2082.514372366, 0.994683294,
2082.534804103, 0.994115513,
2082.555235940, 0.996181161,
2082.575667876, 0.994806510,
2082.596099612, 0.996705047,
2082.616531448, 0.992570981,
2082.636963383, 0.993281921,
2082.657395118, 0.993946347,
2082.677826953, 0.993658181,
2082.698258887, 0.993320935,
2082.718690622, 0.994412726,
2082.739122456, 0.994605189,
2082.759554389, 0.994543297,
2082.820849888, 0.993322915,
2082.841281621, 0.990951397,
2082.861713553, 0.992331537,
2082.882145385, 0.994385561,
2082.902577117, 0.995319879,
2082.923009048, 0.994386383,
2082.943440879, 0.993025556,
2082.963872610, 0.994372143,
2082.984304540, 0.995032892,
2083.004736370, 0.995707621,
2083.025168100, 0.994352071,
2083.045600030, 0.995241854,
2083.066031859, 0.994974949,
2083.086463588, 0.993514754,
2083.106895516, 0.994299400,
2083.127327345, 0.992770252,
2083.147759073, 0.992922329,
2083.168191001, 0.993061522,
2083.188622828, 0.995032658,
2083.209054755, 0.992275381,
2083.229486482, 0.991159432,
2083.249918309, 0.995687739,
2083.311213787, 0.991950252,
2083.331645713, 0.994157147,
2083.352077538, 0.994095257,
2083.372509263, 0.994037386,
2083.392941187, 0.994397781,
2083.413373012, 0.995177846,
2083.433804736, 0.995023185,
2083.454236660, 0.991011163,
2083.474668483, 0.993672451,
2083.495100206, 0.992587560,
2083.515532129, 0.993967054,
2083.535963952, 0.993450853,
2083.556395874, 0.991899140,
2083.576827596, 0.994000163,
2083.597259418, 0.993178483,
2083.617691239, 0.993395257,
2083.638123061, 0.993653334,
2083.658554782, 0.992756869,
2083.678986702, 0.991668734,
2083.699418523, 0.991467912,
2083.719850243, 0.993744109,
2083.740282162, 0.991988658,
2083.801577620, 0.993623197,
2083.822009438, 0.994002556,
2083.842441257, 0.992429472,
2083.862873075, 0.992110100,
2083.883304893, 0.994630688,
2083.903736710, 0.994913346,
2083.924168627, 0.995752157,
2083.944600344, 0.995366659,
2083.965032261, 0.993461158,
2083.985464077, 0.995558105,
2084.005895793, 0.994669626,
2084.026327709, 0.994942515,
2084.046759525, 0.996432367,
2084.067191240, 0.996761272,
2084.087623155, 0.994023691,
2084.108054970, 1.005398855,
2084.128486684, 0.996365430,
2084.148918598, 0.994257045,
2084.169350412, 0.993733004,
2084.189782225, 0.993627797,
2084.210214039, 0.995959415,
2084.230645852, 0.996818999,
2084.291941289, 0.995746899,
2084.312373101, 0.994776522,
2084.332804912, 0.996146921,
2084.353236724, 0.995993818,
2084.373668535, 0.996170764,
2084.394100345, 0.996717648,
2084.414532156, 0.996327846,
2084.434964066, 0.996427130,
2084.455395776, 0.998034583,
2084.475827586, 0.997862511,
2084.496259495, 0.994798560,
2084.516691204, 0.992773092,
2084.537123013, 0.994853612,
2084.557554922, 0.995347544,
2084.577986630, 0.993743767,
2084.598418438, 0.995273456,
2084.618850345, 0.993347121,
2084.639282053, 0.994462684,
2084.659713860, 0.995945316,
2084.680145767, 0.994710520,
2084.700577473, 0.997618959,
2084.721009380, 0.996765800,
2084.782304797, 0.995992914,
2084.802736602, 0.993690917,
2084.823168407, 0.996969215,
2084.843600212, 0.994787274,
2084.864032016, 0.996370775,
2084.904895724, 0.994164296,
2084.925327428, 0.993581413,
2084.945759231, 0.993795680,
2084.966191134, 0.994149325,
2085.027486542, 0.995895771,
2085.047918243, 0.995309039,
2085.068350045, 0.995706427,
2085.088781947, 0.994710873,
2085.109213648, 0.995467542,
2085.129645548, 0.995764640,
2085.150077249, 0.997317057,
2085.170509049, 0.994479293,
2085.190940949, 0.993439117,
2085.211372649, 0.997383123,
2085.231804449, 0.995817514,
2085.252236348, 0.996425290,
2085.272668147, 0.996977174,
2085.293099846, 0.995929707,
2085.313531744, 0.994535503,
2085.333963542, 0.993944179,
2085.354395240, 0.995947112,
2085.374827138, 0.995162873,
2085.395258935, 0.993280592,
2085.415690632, 0.993818550,
2085.436122529, 0.992176101,
2085.456554325, 0.992267085,
2085.517849713, 0.995072858,
2085.538281609, 0.994801294,
2085.558713304, 0.994030743,
2085.579145099, 0.993540150,
2085.599576993, 0.994864844,
2085.620008688, 0.994635086,
2085.640440482, 0.994397372,
2085.660872376, 0.996079471,
2085.681304069, 0.997242082,
2085.701735863, 0.994397362,
2085.763031241, 0.993077388,
2085.783463133, 0.992564307,
2085.803894925, 0.994855932,
2085.824326717, 0.991832028,
2085.844758509, 0.995324753,
2085.865190200, 0.991397263,
2085.885622091, 0.995478128,
2085.906053881, 0.994847665,
2085.926485572, 0.992264119,
2085.946917462, 0.991731092,
2085.967349252, 0.993190974,
2085.987780941, 0.992211508,
2086.008212830, 0.994267527,
2086.049076309, 0.992356656,
2086.069508197, 0.994520427,
2086.089939985, 0.994367696,
2086.110371773, 0.995087514,
2086.130803561, 0.994571839,
2086.151235349, 0.995802175,
2086.171667136, 0.994108643,
2086.192098923, 0.995965828,
2086.253394382, 0.995306688,
2086.273826068, 0.996058721,
2086.294257954, 0.993000292,
2086.314689739, 0.993302244,
2086.335121424, 0.995495559,
2086.355553309, 0.994476539,
2086.375985094, 0.995722774,
2086.396416778, 0.992801545,
2086.416848662, 0.994641568,
2086.437280446, 0.995640077,
2086.457712130, 0.993401361,
2086.478144013, 0.994042888,
2086.498575796, 0.995485805,
2086.519007479, 0.993443755,
2086.539439362, 0.996613126,
2086.559871044, 0.996028401,
2086.580302926, 0.995524763,
2086.600734708, 0.996743766,
2086.621166489, 0.996688173,
2086.641598270, 0.996073463,
2086.662030052, 0.996695640,
2086.682461832, 0.994475653,
2086.743757173, 0.996325623,
2086.764188953, 0.994759694,
2086.784620732, 0.996088341,
2086.825484390, 0.996254220,
2086.845916069, 0.995975296,
2086.866347847, 0.993045736,
2086.886779726, 0.995458337,
2086.907211404, 0.995048563,
2086.927643281, 0.993413687,
2086.948075059, 0.993291593,
2086.968506736, 0.996055531,
2086.988938613, 0.995774571,
2087.009370389, 0.996284391,
2087.029802066, 0.996100484,
2087.050233942, 0.996754950,
2087.070665718, 0.995499619,
2087.091097494, 0.997786993,
2087.111529269, 0.997118961,
2087.131961044, 0.996542813,
2087.152392819, 0.997323669,
2087.172824594, 0.996470310,
2087.234119916, 0.997797312,
2087.254551690, 0.996857993,
2087.274983563, 0.996446700,
2087.295415236, 0.996528651,
2087.315847009, 0.995948946,
2087.336278882, 0.996747130,
2087.356710554, 0.997039180,
2087.377142326, 0.996490795,
2087.397574198, 0.995030887,
2087.418005870, 0.995473863,
2087.438437641, 0.997235304,
2087.458869512, 0.998758515,
2087.479301183, 0.998670403,
2087.499732954, 0.996810509,
2087.520164824, 0.997210685,
2087.540596494, 0.999256709,
2087.561028264, 0.996483021,
2087.581460134, 0.996737422,
2087.601891803, 0.997646345,
2087.622323672, 0.996212283,
2087.642755441, 0.996180464,
2087.663187210, 0.996824034,
2087.724482514, 0.994305221,
2087.744914382, 0.995572276,
2087.765346049, 0.995495099,
2087.785777817, 0.999548650,
2087.806209683, 0.996979804,
2087.826641350, 0.997647362,
2087.847073117, 0.996554467,
2087.867504983, 0.998417673,
2087.887936649, 0.999570684,
2087.908368414, 0.999452121,
2087.928800280, 0.998497673,
2087.949231945, 0.997974371,
2087.969663710, 0.995706946,
2087.990095475, 0.997577806,
2088.010527239, 0.997380719,
2088.030959103, 0.997710424,
2088.051390767, 0.998038280,
2088.071822531, 0.997615243,
2088.092254395, 0.997993921,
2088.112686158, 0.996287591,
2088.133117821, 1.002223362,
2088.153549683, 0.998115849,
2088.214844970, 0.994483419,
2088.235276732, 0.995023280,
2088.255708394, 0.995985721,
2088.276140255, 0.996591441,
2088.296572016, 0.996843739,
2088.317003677, 0.996313877,
2088.337435537, 0.993920787,
2088.357867298, 0.997190655,
2088.378299158, 0.996531200,
2088.398730818, 0.994566579,
2088.419162577, 0.995108766,
2088.439594437, 0.995958942,
2088.460026096, 0.993915658,
2088.480457855, 0.996254009,
2088.500889713, 0.996226986,
2088.521321372, 0.995700810,
2088.541753130, 0.996773852,
2088.562184988, 0.996788549,
2088.582616746, 0.998921560,
2088.603048403, 0.999015429,
2088.623480260, 0.997871752,
2088.643912017, 0.998589455,
2088.705207287, 0.998895448,
2088.725639043, 0.999168627,
2088.746070799, 0.996793326,
2088.766502454, 0.999037695,
2088.786934309, 0.997759765,
2088.807366065, 0.999647108,
2088.827797720, 0.998102906,
2088.848229574, 0.997362813,
2088.868661328, 0.998902326,
2088.889092983, 0.998318290,
2088.909524836, 0.996508351,
2088.929956590, 0.996107851,
2088.950388344, 0.998837500,
2088.970820097, 0.999310673,
2088.991251850, 0.997835176,
2089.011683602, 0.997814932,
2089.032115355, 0.998635825,
2089.052547107, 0.997914710,
2089.072978959, 0.998159281,
2089.093410711, 0.997822608,
2089.113842363, 1.000566374,
2089.134274214, 0.999473831,
2089.195569467, 0.999608778,
2089.216001217, 0.997815122,
2089.236432867, 0.998121290,
2089.256864717, 0.998152198,
2089.277296467, 1.000213700,
2089.297728116, 0.999697264,
2089.318159966, 0.997917677,
2089.338591715, 0.998835035,
2089.359023363, 0.998219788,
2089.379455212, 0.997766711,
2089.399886860, 1.000368364,
2089.420318708, 0.997511095,
2089.440750456, 0.996925049,
2089.461182104, 0.998742160,
2089.481613951, 0.997624358,
2089.502045698, 0.998378840,
2089.522477445, 0.998191874,
2089.542909192, 0.998052954,
2089.563340938, 0.999444409,
2089.583772685, 0.998364226,
2089.604204431, 0.999163758,
2089.624636176, 0.998882849,
2089.706363157, 0.997113863,
2089.726795002, 0.999883781,
2089.747226646, 0.998221146,
2089.767658490, 0.996686403,
2089.788090234, 0.997145211,
2089.808521878, 0.995118517,
2089.828953722, 0.997202265,
2089.849385465, 0.996131851,
2089.869817108, 0.997125949,
2089.890248951, 0.999043420,
2089.910680693, 0.997843949,
2089.931112436, 0.997481931,
2089.951544178, 0.994986744,
2089.971975920, 0.998765376,
2089.992407662, 0.997564315,
2090.012839403, 0.998875230,
2090.033271144, 0.997634968,
2090.053702885, 0.997206148,
2090.074134626, 0.995072721,
2090.094566367, 0.999875385,
2090.114998207, 0.997580180,
2090.135429847, 0.998384756,
2090.155861587, 0.997958321,
2090.176293427, 0.998795678,
2090.196725066, 0.998364006,
2090.217156806, 0.998325454,
2090.237588645, 0.999812055,
2090.258020283, 0.996688386,
2090.278452022, 0.998511685,
2090.298883860, 0.996740518,
2090.319315498, 0.998593302,
2090.339747236, 0.998667274,
2090.360179074, 1.000200043,
2090.421474286, 0.998184312,
2090.441905923, 0.999824672,
2090.462337759, 0.997096991,
2090.482769495, 0.998670696,
2090.503201232, 0.999912695,
2090.523632968, 0.999002259,
2090.544064703, 0.999201287,
2090.564496439, 1.003546887,
2090.584928174, 0.997639591,
2090.605359909, 0.999412437,
2090.625791644, 0.999510835,
2090.646223478, 0.999297562,
2090.666655113, 0.999707946,
2090.687086847, 0.997261677,
2090.707518681, 0.998515164,
2090.727950315, 0.997040878,
2090.748382048, 0.998593232,
2090.768813882, 1.000523917,
2090.789245514, 0.998406416,
2090.809677347, 0.997577147,
2090.830109080, 0.997659455,
2090.850540713, 0.999399436,
2090.870972545, 0.999371220,
2090.891404177, 0.997298297,
2090.911835909, 0.999302207,
2090.932267740, 1.000228232,
2090.952699371, 1.000210975,
2090.973131102, 1.000524958,
2090.993562934, 0.999211339,
2091.013994664, 1.001776002,
2091.034426295, 1.000511527,
2091.054858125, 0.999063048,
2091.075289855, 1.000059840,
2091.095721585, 1.000235395,
2091.157016873, 0.999689351,
2091.177448502, 1.000462035,
2091.197880231, 0.999470624,
2091.218312059, 1.000398993,
2091.238743688, 0.997999826,
2091.259175416, 1.000691479,
2091.279607244, 1.002052805,
2091.300038872, 1.000211331,
2091.320470599, 1.000216537,
2091.340902426, 1.001225143,
2091.361334053, 1.000266070,
2091.381765780, 0.998889530,
2091.402197607, 0.999771614,
2091.422629233, 0.999902410,
2091.443061060, 1.000439969,
2091.463492786, 1.000388621,
2091.483924511, 1.000011462,
2091.504356237, 1.000918060,
2091.524787963, 1.001013666,
2091.545219688, 0.999423463,
2091.647378311, 1.001146668,
2091.667809934, 1.002076018,
2091.688241758, 1.003018417,
2091.708673482, 1.000334854,
2091.729105105, 1.000041027,
2091.749536928, 0.998992947,
2091.769968651, 0.999915857,
2091.790400474, 0.997394353,
2091.810832096, 1.001640652,
2091.831263819, 1.002221315,
2091.892558984, 1.001742277,
2091.912990806, 1.002686653,
2091.933422427, 1.002618650,
2091.953854148, 1.001806480,
2091.974285968, 0.999724740,
2091.994717689, 0.998972146,
2092.015149310, 0.998700271,
2092.035581130, 0.999026768,
2092.056012850, 1.000102433,
2092.076444470, 1.001749965,
2092.096876289, 1.002366321,
2092.117308009, 1.002668731,
2092.137739828, 1.001390563,
2092.158171447, 1.001613514,
2092.178603166, 1.001208754,
2092.199034984, 1.002096778,
2092.219466603, 1.000933974,
2092.239898321, 1.004333730,
2092.260330039, 1.000172206,
2092.280761756, 0.998424625,
2092.301193374, 1.003756875,
2092.321625192, 1.000212048,
2092.342056909, 1.001219464,
2092.362488625, 0.998895574,
2092.382920342, 0.998694686,
2092.403352059, 0.997131600,
2092.423783875, 0.999690141,
2092.444215491, 0.999463918,
2092.464647207, 0.999950819,
2092.485079023, 0.999304851,
2092.505510739, 0.999837526,
2092.525942354, 1.000342340,
2092.546374170, 1.000705510,
2092.566805885, 1.000997450,
2092.628101028, 1.001376095,
2092.648532643, 1.000294951,
2092.668964456, 1.001105177,
2092.689396170, 1.003027775,
2092.709827784, 1.001875091,
2092.730259597, 1.003759953,
2092.750691310, 1.000719217,
2092.771123123, 1.000771142,
2092.791554736, 0.997627144,
2092.811986449, 0.999558067,
2092.832418261, 1.001249868,
2092.852849873, 1.001411881,
2092.873281585, 1.000443780,
2092.893713397, 1.000124015,
2092.914145009, 1.000555796,
2092.934576720, 1.000522914,
2092.955008531, 1.000558962,
2092.975440242, 1.002478102,
2092.995871853, 1.002330330,
2093.016303664, 1.000827150,
2093.036735274, 1.000932653,
2093.057166984, 1.002017750,
2093.077598794, 1.001724936,
2093.098030404, 1.002143608,
2093.118462214, 1.002354666,
2093.138893923, 1.002098728,
2093.159325533, 1.000918843,
2093.179757342, 1.001156681,
2093.200189050, 1.001979181,
2093.220620659, 1.002242576,
2093.241052468, 1.001942494,
2093.261484176, 1.002750623,
2093.281915784, 1.004184979,
2093.302347592, 1.003732418,
2093.322779300, 1.004045618,
2093.343211007, 1.003352683,
2093.363642715, 1.002894430,
2093.384074422, 1.002158491,
2093.404506229, 1.000940344,
2093.424937835, 0.999629340,
2093.445369542, 1.001916656,
2093.465801348, 1.000567135,
2093.486233055, 1.001259991,
2093.506664661, 1.000670192,
2093.527096466, 1.001678853,
2093.547528172, 1.000980237,
2093.608823288, 1.001729043,
2093.629254893, 1.001993409,
2093.649686697, 1.003393122,
2093.670118402, 1.003705038,
2093.690550006, 1.003668414,
2093.710981810, 1.002982552,
2093.731413514, 1.005822517,
2093.751845218, 1.004840167,
2093.772276921, 1.005885088,
2093.792708525, 1.003855589,
2093.813140328, 1.005047259,
2093.833572031, 1.002272095,
2093.854003734, 1.003997431,
2093.874435436, 1.001722147,
2093.894867139, 1.004816360,
2093.915298841, 1.004941496,
2093.935730543, 1.003498551,
2093.956162245, 1.002977549,
2093.976593947, 1.003162168,
2093.997025648, 1.003373107,
2094.037889151, 1.005016232,
2094.058320852, 1.003464639,
2094.078752453, 0.997767870,
2094.099184253, 1.004130524,
2094.119615953, 1.004017905,
2094.140047554, 1.004196998,
2094.160479354, 1.004688456,
2094.180911054, 1.004627028,
2094.201342653, 1.003611474,
2094.221774453, 1.004115167,
2094.242206152, 1.005768042,
2094.262637751, 1.003840114,
2094.283069550, 1.002743745,
2094.303501249, 1.004245068,
2094.323933047, 1.004739299,
2094.344364646, 1.005724087,
2094.364796344, 1.005199210,
2094.385228042, 1.003601702,
2094.405659740, 1.003178823,
2094.426091438, 1.004273941,
2094.446523135, 1.004836431,
2094.466954832, 1.003577284,
2094.487386529, 1.004903265,
2094.507818227, 1.004948455,
2094.528249923, 1.004740977,
2094.589545012, 1.005425213,
2094.609976708, 1.004306689,
2094.630408504, 1.006846520,
2094.650840100, 1.005631136,
2094.671271895, 1.004690043,
2094.691703591, 1.005339962,
2094.712135186, 1.005791900,
2094.732566981, 1.003623921,
2094.752998676, 1.005093385,
2094.773430270, 1.006344704,
2094.793862065, 1.003951695,
2094.814293759, 1.003599903,
2094.834725353, 1.002136984,
2094.855157147, 1.004418694,
2094.875588841, 1.005854216,
2094.896020534, 1.004903866,
2094.916452228, 1.005390430,
2094.936883921, 1.006160361,
2094.957315714, 1.004978166,
2094.977747307, 1.005176275,
2094.998179000, 1.006680054,
2095.018610792, 1.005951853,
2095.039042485, 1.003041593,
2095.059474077, 1.003558974,
2095.079905869, 1.004820214,
2095.100337560, 1.004004865,
2095.120769152, 1.004297438,
2095.141200944, 1.003780505,
2095.161632535, 1.003130611,
2095.182064226, 1.002205756,
2095.202496017, 1.004420402,
2095.222927608, 1.003536627,
2095.243359399, 1.003430606,
2095.263791089, 1.004055062,
2095.325086159, 1.003039648,
2095.345517749, 1.004997786,
2095.365949539, 1.004692949,
2095.386381228, 1.003223291,
2095.406812917, 1.004821536,
2095.427244606, 1.003260898,
2095.447676295, 1.004203837,
2095.468107984, 1.004679179,
2095.488539672, 1.004059191,
2095.508971361, 0.999204160,
2095.570266425, 1.004386234,
2095.590698213, 1.004172110,
2095.611129900, 1.003161011,
2095.631561488, 1.003788973,
2095.651993275, 1.002070074,
2095.672424962, 1.004094136,
2095.692856549, 1.002994655,
2095.713288335, 1.004086256,
2095.733720022, 1.004424524,
2095.754151608, 1.003486501,
2095.774583395, 1.002780543,
2095.795015080, 1.004052597,
2095.815446666, 1.005781390,
2095.835878452, 1.005873510,
2095.856310138, 1.013639771,
2095.876741823, 1.003797256,
2095.897173508, 1.005195563,
2095.917605193, 1.005988423,
2095.938036878, 1.005550124,
2095.958468563, 1.007746731,
2095.978900247, 1.004149074,
2095.999331932, 1.006498177,
2096.019763616, 1.005774093,
2096.040195300, 1.008738242,
2096.060627084, 1.004833285,
2096.081058668, 1.003218530,
2096.101490351, 1.002978541,
2096.121922135, 1.004231798,
2096.142353718, 1.005261783,
2096.162785501, 1.004686351,
2096.183217184, 1.003130026,
2096.203648767, 1.004299135,
2096.224080549, 1.005266646,
2096.244512232, 1.004679461,
2096.264943814, 1.006350221,
2096.285375596, 1.003526254,
2096.305807278, 1.005630908,
2096.326238860, 1.006117700,
2096.346670641, 1.005113309,
2096.367102323, 1.005493848,
2096.387534004, 1.006338725,
2096.407965685, 1.005640888,
2096.428397366, 1.004800030,
2096.448829147, 1.005193595,
2096.469260728, 1.004290008,
2096.489692408, 1.005840383,
2096.550987449, 1.005838926,
2096.571419228, 1.005598311,
2096.591850808, 1.004809466,
2096.612282488, 1.006068267,
2096.632714267, 1.004158132,
2096.653145846, 1.005811662,
2096.673577525, 1.005163715,
2096.694009304, 1.005117656,
2096.714440883, 1.004377304,
2096.734872662, 1.003829236,
2096.755304340, 1.004195582,
2096.775735918, 1.005317631,
2096.816599374, 1.003540802,
2096.837030952, 1.005502095,
2096.857462730, 1.004587375,
2096.877894407, 1.005981154,
2096.898326085, 1.004335671,
2096.918757762, 1.004763927,
2096.939189439, 1.003391862,
2096.959621116, 1.005258401,
2096.980052793, 1.007328132,
2097.000484469, 1.006923425,
2097.020916245, 1.006301803,
2097.041347922, 1.007870570,
2097.061779498, 1.007564348,
2097.082211274, 1.007363201,
2097.102642949, 1.007060517,
2097.123074525, 1.007350599,
2097.143506301, 1.006736688,
2097.163937976, 1.005856549,
2097.184369551, 1.004911271,
2097.204801326, 1.005857049,
2097.225233001, 1.005555053,
2097.245664576, 1.003647011,
2097.266096351, 1.005319664,
2097.286527925, 1.005892572,
2097.306959599, 1.007440321,
2097.327391373, 1.006641008,
2097.347822947, 1.007345943,
2097.368254721, 1.005726939,
2097.388686395, 1.006397665,
2097.409118068, 1.006917666,
2097.429549742, 1.008059762,
2097.449981415, 1.006053046,
2097.470413088, 1.006236256,
2097.552139879, 1.009313441,
2097.572571451, 1.008170807,
2097.593003124, 1.007828538,
2097.633866467, 1.007739218,
2097.654298239, 1.008176850,
2097.674729911, 1.007125016,
2097.695161482, 1.005536859,
2097.715593253, 1.007309981,
2097.736024925, 1.007223712,
2097.756456496, 1.007051388,
2097.776888266, 1.004532448,
2097.797319937, 1.005361909,
2097.817751508, 1.005075838,
2097.838183278, 1.008356662,
2097.858614949, 1.006198227,
2097.879046619, 1.007151148,
2097.899478289, 1.005672206,
2097.919909959, 1.011053254,
2097.940341628, 1.008530080,
2097.960773298, 1.008463368,
2097.981204967, 1.007608294,
2098.001636636, 1.008611730,
2098.022068306, 1.009012439,
2098.042499975, 1.005557034,
2098.062931643, 1.007118734,
2098.083363312, 1.008789677,
2098.103794981, 1.005706742,
2098.124226749, 1.006213492,
2098.144658317, 1.008532910,
2098.165089985, 1.004823053,
2098.185521753, 1.006882457,
2098.205953321, 1.007040528,
2098.267248324, 1.007298660,
2098.287680091, 1.006934477,
2098.308111758, 1.007554828,
2098.328543325, 1.007291208,
2098.348975092, 1.006733195,
2098.369406759, 1.006680528,
2098.389838426, 1.007121201,
2098.410270092, 1.008019306,
2098.430701758, 1.008807159,
2098.451133424, 1.008992293,
2098.471565091, 1.007297405,
2098.491996756, 1.007590170,
2098.512428522, 1.006112823,
2098.532860088, 1.006753163,
2098.553291753, 1.007725002,
2098.573723518, 1.006432113,
2098.594155184, 1.006557815,
2098.614586749, 1.006483917,
2098.635018514, 1.006966599,
2098.655450079, 1.004621394,
2098.675881743, 1.004795391,
2098.696313507, 1.008242803,
2098.716745072, 1.009963363,
2098.737176736, 1.008691624,
2098.757608500, 1.006212732,
2098.778040064, 1.006236761,
2098.798471828, 1.006803653,
2098.818903492, 1.007817105,
2098.839335055, 1.008989935,
2098.859766819, 1.008822996,
2098.880198482, 1.008701544,
2098.900630045, 1.005804689,
2098.921061808, 1.005445137,
2098.941493471, 1.008139250,
2098.961925134, 1.009079368,
2098.982356796, 1.006984171,
2099.002788459, 1.007044536,
2099.023220121, 1.008838760,
2099.043651883, 1.007770046,
2099.064083445, 1.008918044,
2099.084515208, 1.008321318,
2099.104946869, 1.006464865,
2099.125378431, 1.009481915,
2099.145810193, 1.008080833,
2099.166241854, 1.007545471,
2099.186673415, 1.008621996,
2099.207105176, 1.008449297,
2099.227536837, 1.009381722,
2099.247968398, 1.009365372,
2099.268400159, 1.008939893,
2099.288831820, 1.008942973,
2099.309263380, 1.008137438,
2099.329695141, 1.007713040,
2099.350126801, 1.009071119,
2099.370558461, 1.009510621,
2099.390990121, 1.009534218,
2099.411421781, 1.009481975,
2099.431853441, 1.009347228,
2099.493148419, 1.009372620,
2099.513580078, 1.007907170,
2099.534011737, 1.006117878,
2099.554443396, 1.008209992,
2099.574875055, 1.004721232,
2099.595306814, 1.008968755,
2099.615738472, 1.009606906,
2099.636170031, 1.009300934,
2099.656601789, 1.008620308,
2099.677033447, 1.008704845,
2099.697465005, 1.009442090,
2099.717896763, 1.008431602,
2099.738328421, 1.010454351,
2099.758759979, 1.007100873,
2099.779191736, 1.008539745,
2099.799623394, 1.007543692,
2099.820054951, 1.007168696,
2099.840486708, 1.008913092,
2099.860918366, 1.008675493,
2099.881350122, 1.008655692,
2099.901781679, 1.008408563,
2099.922213336, 1.007781784,
2099.983508305, 1.008069951,
2100.003940062, 1.008796510,
2100.024371618, 1.006472827,
2100.044803274, 1.008120883,
2100.065234930, 1.009376375,
2100.085666585, 1.008084171,
2100.106098241, 1.008740437,
2100.126529996, 1.008872051,
2100.146961552, 1.009072442,
2100.167393307, 1.010002873,
2100.187824962, 1.009344393,
2100.208256517, 1.008540984,
2100.228688272, 1.005649779,
2100.249119927, 1.010524221,
2100.269551481, 1.010894097,
2100.289983236, 1.009331731,
2100.310414890, 1.008853209,
2100.330846444, 1.008419603,
2100.351278199, 1.008505817,
2100.371709853, 1.009627176,
2100.392141407, 1.008260428,
2100.412573160, 1.007619799,
2100.433004814, 1.008694211,
2100.453436568, 1.009124431,
2100.473868121, 1.009149587,
2100.494299774, 1.008283575,
2100.514731528, 1.007499031,
2100.535163081, 1.009068255,
2100.555594734, 1.008601041,
2100.576026486, 1.007354293,
2100.596458139, 1.009190639,
2100.616889692, 1.009007802,
2100.637321444, 1.010495942,
2100.657753097, 1.007905627,
2100.678184649, 1.009102482,
2100.698616401, 1.010585631,
2100.719048053, 1.009693066,
2100.739479805, 1.008453385,
2100.759911357, 1.008506861,
2100.780343009, 1.007923030,
2100.800774660, 1.008827458,
2100.821206312, 1.008231404,
2100.841637863, 1.009113454,
2100.862069614, 1.008104791,
2100.882501265, 1.008605068,
2100.902932816, 1.008219178,
2100.923364567, 1.007427023,
2100.943796218, 1.006553731,
2100.964227869, 1.009512185,
2100.984659519, 1.008251488,
2101.005091170, 1.009494528,
2101.025522920, 1.009129153,
2101.045954470, 1.008983464,
2101.066386121, 1.009266232,
2101.086817871, 1.007974812,
2101.107249521, 1.010170428,
2101.127681070, 1.009057968,
2101.148112820, 1.010662741,
2101.168544469, 1.009059086,
2101.188976019, 1.011093265,
2101.209407768, 1.010119285,
2101.229839418, 1.011322154,
2101.250271167, 1.007475968,
2101.270702716, 1.011922921,
2101.291134365, 1.010346087,
2101.311566113, 1.012469842,
2101.331997662, 1.010923672,
2101.352429311, 1.012479998,
2101.372861059, 1.010651842,
2101.393292607, 1.011868934,
2101.454587552, 1.008640937,
2101.475019200, 1.010678016,
2101.495450848, 1.007399806,
2101.515882495, 1.010743492,
2101.536314243, 1.008758625,
2101.556745791, 1.011416485,
2101.577177438, 1.010053807,
2101.597609185, 1.010727513,
2101.618040732, 1.011236427,
2101.638472380, 1.015865491,
2101.658904127, 1.010802498,
2101.679335773, 1.012196261,
2101.699767320, 1.013356157,
2101.720199067, 1.011570759,
2101.740630713, 1.009487963,
2101.761062260, 1.011692020,
2101.781494006, 1.008531505,
2101.801925652, 1.011767886,
2101.822357399, 1.010299737,
2101.842788945, 1.010308871,
2101.863220591, 1.008681626,
2101.883652336, 1.011638280,
2101.904083882, 1.010610258,
2101.924515528, 1.009279191,
2101.944947273, 1.010311891,
2101.965378819, 1.009138882,
2101.985810464, 1.010224612,
2102.006242209, 1.011117994,
2102.026673754, 1.010525096,
2102.047105499, 1.011745103,
2102.067537144, 1.011342666,
2102.087968789, 1.011811966,
2102.108400434, 1.011338071,
2102.128832079, 1.011572614,
2102.149263723, 1.012504599,
2102.169695367, 1.013350806,
2102.190127012, 1.009082264,
2102.210558556, 1.009599472,
2102.230990300, 1.011163461,
2102.251421944, 1.011625505,
2102.271853488, 1.010677151,
2102.292285232, 1.009217496,
2102.312716876, 1.012012914,
2102.333148619, 1.011875043,
2102.353580163, 1.010169875,
2102.374011806, 1.010836725,
2102.394443549, 1.009893928,
2102.414875093, 1.012288578,
2102.435306736, 1.012023201,
2102.455738479, 1.010974039,
2102.476170022, 1.012271215,
2102.496601665, 1.012719576,
2102.517033407, 1.010509287,
2102.537464950, 1.011954864,
2102.557896593, 1.013966585,
2102.578328335, 1.012606733,
2102.598759978, 1.010397986,
2102.619191620, 1.011106130,
2102.639623262, 1.011770308,
2102.660054904, 1.011894124,
2102.680486546, 1.010366883,
2102.700918188, 1.010419279,
2102.721349830, 1.010055243,
2102.741781571, 1.011475155,
2102.762213113, 1.012155365,
2102.782644755, 1.011586282,
2102.803076396, 1.011697522,
2102.823508037, 1.012384383,
2102.843939779, 1.012701216,
2102.864371420, 1.012748224,
2102.884802961, 1.014059389,
2102.905234702, 1.010755490,
2102.925666243, 1.011651232,
2102.946097884, 1.013872282,
2102.966529624, 1.015588691,
2102.986961165, 1.012853975,
2103.007392805, 1.016841601,
2103.027824546, 1.013606814,
2103.048256086, 1.016060044,
2103.068687726, 1.014611892,
2103.089119467, 1.012914281,
2103.150414386, 1.012335164,
2103.170846026, 1.014072596,
2103.191277666, 1.014143043,
2103.211709306, 1.013368208,
2103.232140945, 1.014328957,
2103.252572585, 1.013446231,
2103.273004224, 1.010921660,
2103.293435863, 1.011995213,
2103.313867602, 1.011460026,
2103.334299141, 1.014117399,
2103.354730780, 1.010625841,
2103.416025797, 1.012636101,
2103.436457436, 1.010442327,
2103.456888974, 1.009995421,
2103.477320713, 1.013510894,
2104.090269829, 1.025592517,
2104.110701565, 1.025663722,
2104.131133200, 1.024742264,
2104.151564936, 1.024459853,
2104.171996472, 1.026635484,
2104.192428107, 1.025360638,
2104.212859743, 1.024003491,
2104.233291379, 1.025363460,
2104.253723014, 1.023372512,
2104.274154649, 1.024095848,
2104.294586284, 1.025083392,
2104.315017920, 1.023747412,
2104.335449655, 1.023857616,
2104.396744559, 1.025489486,
2104.417176094, 1.025376396,
2104.437607829, 1.025115787,
2104.458039464, 1.025781393,
2104.478470998, 1.024875053,
2104.498902733, 1.026148308,
2104.519334367, 1.026172162,
2104.539765901, 1.026142070,
2104.560197636, 1.025189749,
2104.580629270, 1.025760397,
2104.641924172, 1.024700827,
2104.662355906, 1.023767640,
2104.682787440, 1.025286312,
2104.703219073, 1.026618409,
2104.723650807, 1.024373996,
2104.744082341, 1.024522331,
2104.764513974, 1.025308545,
2104.784945708, 1.025081859,
2104.805377341, 1.023461184,
2104.825808874, 1.024513250,
2104.887103874, 1.026916806,
2104.907535507, 1.027142823,
2104.927967140, 1.027116377,
2104.948398773, 1.026315740,
2104.968830406, 1.027042018,
2104.989261938, 1.025783319,
2105.009693671, 1.026355113,
2105.030125304, 1.025084694,
2105.050556836, 1.024591450,
2105.132283466, 1.025982271,
2105.152715098, 1.026739574,
2105.173146830, 1.025086095,
2105.193578362, 1.024709200,
2105.214009994, 1.025753478,
2105.234441726, 1.025792489,
2105.254873258, 1.025611723,
2105.275304890, 1.026916491,
2105.295736622, 1.025503573,
2105.316168253, 1.026282358,
2105.377463148, 1.025182566,
2105.397894779, 1.026909426,
2105.418326411, 1.025950341,
2105.438758042, 1.027106769,
2105.459189773, 1.026564459,
2105.479621304, 1.025328699,
2105.500052935, 1.026549663,
2105.520484666, 1.026123499,
2105.540916197, 1.026334012,
2105.561347828, 1.026807191,
2105.581779559, 1.026802733,
2105.602211090, 1.027737562,
2105.622642821, 1.027719909,
2105.643074451, 1.025411163,
2105.663505982, 1.027448578,
2105.683937712, 1.026913020,
2105.704369243, 1.025794253,
2105.724800873, 1.028219371,
2105.745232604, 1.026775478,
2105.765664134, 1.027662932,
2105.786095764, 1.027984642,
2105.806527494, 1.027176771,
2105.867822384, 1.027510355,
2105.888254014, 1.028644714,
2105.908685644, 1.029438505,
2105.929117274, 1.028384089,
2105.949548904, 1.028325319,
2105.969980633, 1.028973862,
2105.990412163, 1.026894654,
2106.010843793, 1.027790029,
2106.031275522, 1.026920713,
2106.051707052, 1.029025639,
2106.113001940, 1.027621460,
2106.133433669, 1.026304272,
2106.153865298, 1.028586107,
2106.174296827, 1.026787150,
2106.194728556, 1.028480916,
2106.215160185, 1.026829270,
2106.235591714, 1.025934323,
2106.256023443, 1.027242416,
2106.276455072, 1.025939950,
2106.296886701, 1.027180294,
2106.358181587, 1.026971502,
2106.378613215, 1.028138190,
2106.399044844, 1.026855473,
2106.419476472, 1.026300564,
2106.439908101, 1.026295894,
2106.460339729, 1.026124063,
2106.480771357, 1.027241969,
2106.501202985, 1.027762784,
2106.521634614, 1.028383169,
2106.542066342, 1.025283531,
2106.603361226, 1.027681025,
2106.623792754, 1.028887900,
2106.644224482, 1.028133143,
2106.664656109, 1.029091870,
2106.685087637, 1.026835588,
2106.705519365, 1.027379502,
2106.725950993, 1.028686521,
2106.746382520, 1.028031225,
2106.766814248, 1.026338980,
2106.787245875, 1.027607180,
2106.848540758, 1.027423268,
2106.868972485, 1.025537263,
2106.889404012, 1.025921749,
2106.909835639, 1.027798812,
2106.930267367, 1.027977788,
2106.950698894, 1.029660234,
2106.971130521, 1.028464725,
2106.991562248, 1.026396068,
2107.011993875, 1.028924586,
2107.032425502, 1.027548089,
2107.093720382, 1.029005682,
2107.114152009, 1.029921761,
2107.134583536, 1.030914088,
2107.155015262, 1.029703589,
2107.175446889, 1.029630717,
2107.195878416, 1.029626985,
2107.216310142, 1.029996033,
2107.236741769, 1.029516289,
2107.257173495, 1.028360604,
2107.277605021, 1.030998222,
2107.359331527, 1.031410894,
2107.379763253, 1.030327379,
2107.400194779, 1.027360920,
2107.420626405, 1.028976648,
2107.441058131, 1.030413001,
2107.461489757, 1.031580948,
2107.481921383, 1.028830605,
2107.502353009, 1.028946739,
2107.543216261, 1.029814885,
2107.563647887, 1.030440410,
2107.584079512, 1.030981410,
2107.604511238, 1.031643915,
2107.624942764, 1.029394064,
2107.645374389, 1.029004502,
2107.665806115, 1.029357749,
2107.686237640, 1.028140981,
2107.706669366, 1.029796273,
2107.727100891, 1.028443984,
2107.747532517, 1.028773014,
2107.767964242, 1.029291838,
2107.829259118, 1.028664230,
2107.849690644, 1.029110632,
2107.870122269, 1.028510819,
2107.890553994, 1.030528948,
2107.910985519, 1.029754918,
2107.931417144, 1.028549127,
2107.951848869, 1.028873130,
2107.972280394, 1.027441971,
2107.992712119, 1.028194578,
2108.013143744, 1.028935076,
2108.074438619, 1.027917201,
2108.094870244, 1.029642531,
2108.115301868, 1.029177318,
2108.135733493, 1.029655792,
2108.156165118, 1.029231989,
2108.176596842, 1.029527996,
2108.197028367, 1.029898833,
2108.217460092, 1.029637195,
2108.237891716, 1.030546134,
2108.258323241, 1.029289359,
2108.319618114, 1.029727489,
2108.340049838, 1.029830469,
2108.360481463, 1.030235023,
2108.380912987, 1.029812837,
2108.401344712, 1.029769250,
2108.421776336, 1.029187598,
2108.442207960, 1.029063931,
2108.462639584, 1.028912035,
2108.483071108, 1.030458889,
2108.503502833, 1.028809223,
2108.564797705, 1.028822933,
2108.585229329, 1.030839781,
2108.605660953, 1.029467587,
2108.626092577, 1.029997554,
2108.646524201, 1.029411155,
2108.666955925, 1.028694159,
2108.687387548, 1.027993829,
2108.707819072, 1.029162823,
2108.728250796, 1.030053206,
2108.748682420, 1.028731793,
2108.809977291, 1.031539565,
2108.830408815, 1.029537113,
2108.850840539, 1.031813705,
2108.871272162, 1.030004138,
2108.891703886, 1.030478819,
2108.912135409, 1.029806403,
2108.932567033, 1.028872001,
2108.952998756, 1.031059161,
2108.973430280, 1.027141843,
2108.993861903, 1.030560076,
2109.055156774, 1.030049552,
2109.075588497, 1.029224359,
2109.096020020, 1.028240265,
2109.116451744, 1.029745250,
2109.136883267, 1.030038970,
2109.157314890, 1.029388526,
2109.177746614, 1.029156585,
2109.198178137, 1.028115910,
2109.218609760, 1.028228161,
2109.239041483, 1.036975554,
2109.300336353, 1.029369680,
2109.320767976, 1.029456919,
2109.341199699, 1.030167003,
2109.361631222, 1.029527205,
2109.382062845, 1.030322287,
2109.402494568, 1.030101442,
2109.422926091, 1.029542845,
2109.443357714, 1.028288561,
2109.463789437, 1.029347013,
2109.484220960, 1.030573153,
2109.545515828, 1.029790321,
2109.565947551, 1.029307163,
2109.586379174, 1.029585857,
2109.606810697, 1.030900293,
2109.627242420, 1.031098672,
2109.647674042, 1.032388383,
2109.668105665, 1.029723865,
2109.688537288, 1.030385646,
2109.708968911, 1.031822871,
2109.729400533, 1.031785107,
2109.790695401, 1.031987966,
2109.811127124, 1.030378888,
2109.831558647, 1.030701499,
2109.851990369, 1.031259697,
2109.872421892, 1.030940448,
2109.892853514, 1.031330040,
2109.913285237, 1.032438912,
2109.933716760, 1.032153454,
2109.954148382, 1.032142303,
2109.974580105, 1.033674743,
2110.035874972, 1.031319838,
2110.056306495, 1.031615348,
2110.076738217, 1.033271049,
2110.097169839, 1.030461541,
2110.117601362, 1.032193530,
2110.138033084, 1.032669503,
2110.158464707, 1.031524065,
2110.178896329, 1.031141683,
2110.199327951, 1.031710903,
2110.219759574, 1.029923805,
2110.281054441, 1.028706685,
2110.301486163, 1.032239629,
2110.321917785, 1.028980694,
2110.362781030, 1.030945051,
2110.383212652, 1.031232681,
2110.403644274, 1.032164836,
2110.424075897, 1.032966225,
2110.444507519, 1.032369405,
2110.526234008, 1.032193018,
2110.567097152, 1.033381705,
2110.587528874, 1.030740635,
2110.607960497, 1.030500811,
2110.628392219, 1.033393746,
2110.648823741, 1.031709854,
2110.669255363, 1.031874342,
2110.689687085, 1.030254001,
2110.710118607, 1.034241183,
2110.771413474, 1.028429172,
2110.791845096, 1.029851393,
2110.812276818, 1.030593361,
2110.832708340, 1.031080453,
2110.853140062, 1.029448204,
2110.873571684, 1.031398170,
2110.894003306, 1.030987237,
2110.914434929, 1.030680412,
2110.934866551, 1.032062213,
2110.955298173, 1.032046420,
2110.975729795, 1.032620528,
2110.996161417, 1.032161460,
2111.016593039, 1.031626060,
2111.037024761, 1.032078926,
2111.057456283, 1.033362510,
2111.077888005, 1.033340408,
2111.098319627, 1.032349354,
2111.118751149, 1.033276645,
2111.139182871, 1.033580909,
2111.159614393, 1.035905096,
2111.180046015, 1.034041433,
2111.200477738, 1.032254424,
2111.282204126, 1.034219205,
2111.302635848, 1.032721337,
2111.323067470, 1.033451591,
2111.343498992, 1.033223632,
2111.363930714, 1.033960508,
2111.384362336, 1.031260939,
2111.404793958, 1.031858856,
2111.425225580, 1.033140065,
2111.445657202, 1.033543872,
2111.486520446, 1.032429196,
2111.506952068, 1.032604327,
2111.527383791, 1.034029456,
2111.547815413, 1.033964405,
2111.568246935, 1.033488065,
2111.588678657, 1.033275470,
2111.609110279, 1.033757006,
2111.629541801, 1.035074459,
2111.649973523, 1.032629505,
2111.670405145, 1.033355894,
2111.690836867, 1.033190335,
2111.731700011, 1.032549349,
2111.752131734, 1.032446069,
2111.772563256, 1.032872390,
2111.792994878, 1.033471223,
2111.813426500, 1.033125615,
2111.833858122, 1.032716988,
2111.854289744, 1.033910102,
2111.874721366, 1.034112868,
2111.895152989, 1.032414875,
2111.915584711, 1.033107694,
2111.936016233, 1.032882997,
2112.017742722, 1.033126203,
2112.038174444, 1.034753609,
2112.058606066, 1.033905344,
2112.079037688, 1.033742176,
2112.099469311, 1.034499488,
2112.119900933, 1.033826793,
2112.140332555, 1.033496454,
2112.160764177, 1.033523542,
2112.181195800, 1.033541042,
2112.242490667, 1.030976361,
2112.262922389, 1.031696316,
2112.283353911, 1.032867796,
2112.303785634, 1.033075643,
2112.324217256, 1.031133549,
2112.344648778, 1.032993600,
2112.365080501, 1.033462576,
2112.385512123, 1.033440040,
2112.405943646, 1.031982739,
2112.426375368, 1.033110360,
2112.487670235, 1.031778019,
2112.508101858, 1.032443181,
2112.528533480, 1.033148453,
2112.548965103, 1.032736366,
2112.569396725, 1.032552259,
2112.589828348, 1.032454977,
2112.610259970, 1.033502032,
2112.630691593, 1.035638111,
2112.651123216, 1.032538772,
2112.671554838, 1.032086323,
2112.732849706, 1.030302084,
2112.753281429, 1.031853391,
2112.773713051, 1.033489601,
2112.794144574, 1.032138900,
2112.814576297, 1.038032147,
2112.835007919, 1.023405839,
2112.855439442, 1.031394693,
2112.875871165, 1.032935899,
2112.896302788, 1.032878130,
2112.916734511, 1.031939852,
2112.957597656, 1.033218423,
2112.978029379, 1.032647576,
2113.018892525, 1.032731644,
2113.039324248, 1.032320076,
2113.059755771, 1.033967632,
2113.080187394, 1.033622614,
2113.100619117, 1.030416390,
2113.121050640, 1.031772902,
2113.141482363, 1.031969108,
2113.161913986, 1.032568499,
2113.243640378, 1.029332508,
2113.264072101, 1.030209695,
2113.284503724, 1.031736810,
2113.304935347, 1.032553805,
2113.325366971, 1.035130069,
2113.345798594, 1.031241592,
2113.366230317, 1.034009179,
2113.386661840, 1.032329905,
2113.407093464, 1.033062328,
2113.427525187, 1.032263944,
2113.447956710, 1.034072345,
2113.468388334, 1.032190230,
2113.488820057, 1.033818746,
2113.509251581, 1.031503598,
2113.529683304, 1.031572793,
2113.550114927, 1.032542264,
2113.570546451, 1.032695578,
2113.590978174, 1.031645031,
2113.611409798, 1.031948928,
2113.631841322, 1.030052726,
2113.652273045, 1.031063408,
2113.693136193, 1.034679354,
2113.713567916, 1.035340066,
2113.733999540, 1.034241389,
2113.754431264, 1.033122175,
2113.774862787, 1.033391972,
2113.795294411, 1.032464627,
2113.815726035, 1.033574007,
2113.836157759, 1.032730321,
2113.856589283, 1.032096038,
2113.877021007, 1.032713769,
2113.897452531, 1.033277825,
2113.938315879, 1.032658475,
2113.958747403, 1.032925226,
2113.979179127, 1.034539322,
2113.999610751, 1.033562937,
2114.020042275, 1.032621444,
2114.040473999, 1.033374145,
2114.060905623, 1.034276463,
2114.081337148, 1.033956496,
2114.101768872, 1.031821217,
2114.122200496, 1.034169305,
2114.142632220, 1.033831392,
2114.183495369, 1.034200151,
2114.203927094, 1.034598990,
2114.224358618, 1.033635933,
2114.244790242, 1.034930507,
2114.265221967, 1.033845618,
2114.285653491, 1.033010986,
2114.306085216, 1.034554483,
2114.326516841, 1.032892042,
2114.346948465, 1.036747846,
2114.367380090, 1.034045894,
2114.387811715, 1.033183277,
2114.428674964, 1.034319405,
2114.449106589, 1.033856828,
2114.469538214, 1.033457147,
2114.489969839, 1.032620784,
2114.510401464, 1.033762116,
2114.530833189, 1.032827607,
2114.551264714, 1.033920800,
2114.571696339, 1.034882602,
2114.592128064, 1.034425274,
2114.612559589, 1.032206210,
2114.632991214, 1.032519897,
2114.673854465, 1.036355008,
2114.694286090, 1.031226218,
2114.714717815, 1.033524978,
2114.735149340, 1.033808015,
2114.755581066, 1.034345512,
2114.776012691, 1.032616008,
2114.796444217, 1.036288061,
2114.816875942, 1.032509944,
2114.837307568, 1.033498293,
2114.857739093, 1.034029033,
2114.878170819, 1.035404708,
2114.939465696, 1.034794115,
2114.959897322, 1.034211698,
2114.980329048, 1.034255075,
2115.000760574, 1.034875038,
2115.021192199, 1.034259597,
2115.041623925, 1.035619894,
2115.062055551, 1.035050694,
2115.082487077, 1.034480106,
2115.102918804, 1.034090388,
2115.123350430, 1.034743336,
2115.184645308, 1.037295028,
2115.205076935, 1.031602665,
2115.225508561, 1.035477585,
2115.245940187, 1.036411173,
2115.266371814, 1.034296015,
2115.286803440, 1.037576974,
2115.307235167, 1.034952811,
2115.327666693, 1.035198436,
2115.348098320, 1.036009088,
2115.368530047, 1.035332094,
2115.409393200, 1.035579198,
2115.429824927, 1.033569079,
2115.450256454, 1.038218487,
2115.470688081, 1.033950835,
2115.491119807, 1.033569433,
2115.511551334, 1.032831609,
2115.531983061, 1.032321306,
2115.552414689, 1.033855946,
2115.572846316, 1.034110371,
2115.593277943, 1.033736931,
2115.613709570, 1.033942614,
2115.654572825, 1.033805826,
2115.675004452, 1.033344276,
2115.695436080, 1.034737882,
2115.715867807, 1.034335217,
2115.736299334, 1.033742720,
2115.756731062, 1.033869500,
2115.777162690, 1.035114732,
2115.797594217, 1.033848468,
2115.818025945, 1.035043445,
2115.838457573, 1.031808299,
2115.858889101, 1.034387557,
2115.899752457, 1.034355241,
2115.920184085, 1.031626013,
2115.940615713, 1.033811235,
2115.961047241, 1.033538304,
2115.981478969, 1.032525041,
2116.001910597, 1.030715504,
2116.022342125, 1.031545066,
2116.063205482, 1.030725031,
2116.083637110, 1.031855749,
2116.104068739, 1.032347691,
2116.144932096, 1.034520385,
2116.165363624, 1.031936846,
2116.185795253, 1.034304326,
2116.206226982, 1.035042534,
2116.226658611, 1.034887921,
2116.247090140, 1.033504310,
2116.267521868, 1.033492334,
2116.287953497, 1.033998175,
2116.308385126, 1.035863164,
2116.328816755, 1.033585291,
2116.349248385, 1.034019541,
2116.390111643, 1.034039753,
2116.410543272, 1.034024933,
2116.430975002, 1.033912186,
2116.451406531, 1.033391657,
2116.471838161, 1.034991985,
2116.492269890, 1.033054164,
2116.512701420, 1.033478276,
2116.533133149, 1.035130634,
2116.553564779, 1.032758123,
2116.573996309, 1.031907809,
2116.594428039, 1.033675537,
2116.635291199, 1.032675665,
2116.655722929, 1.033736772,
2116.676154459, 1.032425272,
2116.696586189, 1.031610842,
2116.717017819, 1.032975061,
2116.737449349, 1.031660381,
2116.757881080, 1.030759027,
2116.778312710, 1.029755626,
2116.798744340, 1.029999643,
2116.819175971, 1.028466801,
2116.839607601, 1.039424611,
2116.900902494, 1.033061114,
2116.921334224, 1.034535384,
2116.941765855, 1.035981740,
2116.962197386, 1.034796078,
2116.982629117, 1.037036805,
2117.003060748, 1.034925124,
2117.023492279, 1.036903011,
2117.043924011, 1.034242867,
2117.064355642, 1.036274322,
2117.084787373, 1.035278728,
2117.146082268, 1.034914194,
2117.166513799, 1.034340150,
2117.186945431, 1.034211840,
2117.207377063, 1.033922148,
2117.227808694, 1.032907555,
2117.248240326, 1.033994830,
2117.268671958, 1.032209646,
2117.289103590, 1.036426964,
2117.309535322, 1.033467657,
2117.329966855, 1.032483611,
2117.391261751, 1.033786435,
2117.411693384, 1.035691934,
2117.432125116, 1.034690141,
2117.452556749, 1.034826326,
2117.472988381, 1.034974562,
2117.493420014, 1.034247443,
2117.513851647, 1.033848655,
2117.534283280, 1.035345708,
2117.554714913, 1.034543398,
2117.575146546, 1.032814936,
2117.595578279, 1.034664698,
2117.616009812, 1.035786294,
2117.636441445, 1.035542071,
2117.656873178, 1.033707075,
2117.677304712, 1.033283329,
2117.697736445, 1.035045249,
2117.718168078, 1.034403049,
2117.738599612, 1.033197502,
2117.759031346, 1.033739099,
2117.779462979, 1.034909811,
2117.799894513, 1.034135395,
2117.820326247, 1.032566370,
2117.881621149, 1.033569645,
2117.902052783, 1.035158363,
2117.922484417, 1.031870908,
2117.942916051, 1.033871819,
2117.963347686, 1.035221831,
2117.983779320, 1.034517081,
2118.004210955, 1.035169213,
2118.024642589, 1.036082709,
2118.045074224, 1.034836205,
2118.065505859, 1.033990211,
2118.106369229, 1.035242008,
2118.126800763, 1.034051573,
2118.147232499, 1.034809291,
2118.167664134, 1.034099316,
2118.188095669, 1.033256727,
2118.208527404, 1.034991544,
2118.228959040, 1.033348068,
2118.249390575, 1.032863709,
2118.269822310, 1.033863738,
2118.290253946, 1.034504793,
2118.310685682, 1.034555132,
2118.351548853, 1.035085801,
2118.371980589, 1.038856811,
2118.392412125, 1.034696287,
2118.412843761, 1.036439602,
2118.433275497, 1.036079208,
2118.453707034, 1.034791639,
2118.474138770, 1.036519607,
2118.494570406, 1.036531339,
2118.515001943, 1.035432721,
2118.535433680, 1.033660166,
2118.555865316, 1.035980248,
2118.596728590, 1.031734571,
2118.678455138, 1.034602136,
2118.698886775, 1.036069661,
2118.719318412, 1.036081637,
2118.739750050, 1.035745467,
2118.760181687, 1.034951455,
2118.780613325, 1.035543054,
2118.801044962, 1.034441208,
2118.841908238, 1.035139207,
2118.862339976, 1.033750638,
2118.882771614, 1.035973002,
2118.903203152, 1.035051094,
2118.923634890, 1.035229818,
2118.944066528, 1.035998261,
2118.964498067, 1.037387044,
2118.984929805, 1.035739086,
2119.005361444, 1.036736950,
2119.025792982, 1.034666424,
2119.046224721, 1.035351553,
2119.107519638, 1.033135429,
2119.127951277, 1.035560483,
2119.148383016, 1.035137558,
2119.168814555, 1.033987251,
2119.189246194, 1.034724367,
2119.209677934, 1.033766062,
2119.230109473, 1.034778991,
2119.250541213, 1.034448018,
2119.270972852, 1.032548194,
2119.291404492, 1.034297122,
2119.352699312, 1.031817987,
2119.373131052, 1.031746154,
2119.393562692, 1.033753185,
2119.413994432, 1.037674381,
2119.434425973, 1.034354221,
2119.454857613, 1.034078245,
2119.475289354, 1.033829426,
2119.495720895, 1.033095325,
2119.516152535, 1.034558652,
2119.536584276, 1.034472139,
2119.577447458, 1.033742917,
2119.597879199, 1.040389885,
2119.618310741, 1.031829399,
2119.638742482, 1.030952717,
2119.659174123, 1.031980304,
2119.679605665, 1.032590532,
2119.700037406, 1.031134597,
2119.720469048, 1.031391778,
2119.740900690, 1.031810411,
2119.761332332, 1.031190919,
2119.781763974, 1.029599927,
2119.822627258, 1.031890576,
2119.843058900, 1.029180835,
2119.863490643, 1.030866786,
2119.883922285, 1.030342534,
2119.904353828, 1.030913012,
2119.924785471, 1.032005816,
2119.945217113, 1.032676421,
2119.965648756, 1.033146483,
2119.986080499, 1.034281524,
2120.006512042, 1.034266773,
2120.026943785, 1.032527606,
2120.067806972, 1.033890227,
2120.088238715, 1.031161993,
2120.108670359, 1.033572985,
2120.129101903, 1.032882125,
2120.149533646, 1.033103446,
2120.169965290, 1.032617526,
2120.190397034, 1.031532247,
2120.210828578, 1.031276593,
2120.231260222, 1.029689848,
2120.251691967, 1.030572977,
2120.272123511, 1.031182453,
2120.312986900, 1.032272010,
2120.333418445, 1.032158543,
2120.353850090, 1.032588840,
2120.374281834, 1.029691796,
2120.394713379, 1.031810228,
2120.415145125, 1.032278625,
2120.435576770, 1.031727825,
2120.456008415, 1.031945171,
2120.476440060, 1.031130696,
2120.496871706, 1.033004104,
2120.517303352, 1.032370274,
2120.558166643, 1.033592466,
2120.578598389, 1.031252887,
2120.599029935, 1.032051820,
2120.619461581, 1.032089864,
2120.639893327, 1.032553175,
2120.660324874, 1.033306987,
2120.680756520, 1.032240996,
2120.701188267, 1.032940829,
2120.721619813, 1.030995703,
2120.762483207, 1.031234290,
2120.803346501, 1.030987435,
2120.823778148, 1.031087642,
2120.844209696, 1.031268450,
2120.864641443, 1.030422961,
2120.885073091, 1.032999006,
2120.905504638, 1.033272523,
2120.925936386, 1.033079084,
2120.946368034, 1.034196871,
2120.966799782, 1.032236149,
2120.987231330, 1.033281683,
2121.007662978, 1.036919423,
2121.068957923, 1.035473965,
2121.089389672, 1.031423711,
2121.109821320, 1.032356132,
2121.130252869, 1.031597034,
2121.150684618, 1.032629477,
2121.171116267, 1.030704407,
2121.191547916, 1.031510571,
2121.211979566, 1.032330158,
2121.232411215, 1.029665124,
2121.252842865, 1.029202919,
2121.273274514, 1.030547963,
2121.293706164, 1.031484990,
2121.314137814, 1.031260341,
2121.334569464, 1.029094496,
2121.355001214, 1.030742611,
2121.375432764, 1.030765921,
2121.395864414, 1.029016551,
2121.416296165, 1.030298144,
2121.436727715, 1.030016736,
2121.457159366, 1.030066041,
2121.477591117, 1.032509618,
2121.498022668, 1.031260310,
2121.538886070, 1.032488280,
2121.559317621, 1.032091154,
2121.579749372, 1.029599149,
2121.600181024, 1.030038315,
2121.620612675, 1.032256701,
2121.641044327, 1.032581388,
2121.661475979, 1.035607140,
2121.681907631, 1.032479711,
2121.702339283, 1.032247094,
2121.722770935, 1.033106499,
2121.743202687, 1.032003369,
2121.784065892, 1.032550091,
2121.804497645, 1.032657815,
2121.824929298, 1.032736159,
2121.845360851, 1.032529771,
2121.865792604, 1.031344761,
2121.886224257, 1.030418029,
2121.906655810, 1.030410107,
2121.927087563, 1.030041688,
2121.947519217, 1.032709458,
2121.967950870, 1.031598552,
2121.988382524, 1.032004710,
2122.049677486, 1.031446344,
2122.070109040, 1.029377433,
2122.090540795, 1.032016420,
2122.110972449, 1.029033932,
2122.131404204, 1.029044081,
2122.151835758, 1.029288222,
2122.172267413, 1.029138861,
2122.192699168, 1.027512911,
2122.213130723, 1.029026938,
2122.233562378, 1.029269851,
2122.274425789, 1.029173561,
2122.294857345, 1.030574596,
2122.315289100, 1.028986034,
2122.335720756, 1.030646681,
2122.356152412, 1.028707136,
2122.376584068, 1.029094900,
2122.397015724, 1.031287600,
2122.417447381, 1.028041088,
2122.437879037, 1.030023374,
2122.458310694, 1.030733283,
2122.478742451, 1.030696640,
2122.519605764, 1.028515122,
2122.540037421, 1.029497109,
2122.560468979, 1.030070027,
2122.580900736, 1.028522524,
2122.601332393, 1.030348051,
2122.621763951, 1.029876942,
2122.642195709, 1.029641101,
2122.662627267, 1.029510877,
2122.683059025, 1.030405579,
2122.703490683, 1.029940117,
2122.723922241, 1.027835203,
2122.785217216, 1.032339794,
2122.805648975, 1.029695890,
2122.826080634, 1.030329509,
2122.846512293, 1.032289508,
2122.866943952, 1.032679790,
2122.887375612, 1.031789896,
2122.907807371, 1.031879138,
2122.928239030, 1.031047582,
2122.948670590, 1.033475778,
2122.969102350, 1.032565976,
2123.030397330, 1.031891158,
2123.050828991, 1.028523445,
2123.071260751, 1.027791659,
2123.091692312, 1.030138902,
2123.112123972, 1.031497762,
2123.132555733, 1.029934944,
2123.173418955, 1.030587500,
2123.193850717, 1.039145894,
2123.214282278, 1.032427882,
2123.275577263, 1.030857210,
2123.296009025, 1.031115696,
2123.316440587, 1.029368809,
2123.336872249, 1.031852376,
2123.357304012, 1.031732073,
2123.377735574, 1.029755678,
2123.398167237, 1.030232979,
2123.418599000, 1.030562748,
2123.439030563, 1.032331782,
2123.459462326, 1.030766774,
2123.500325652, 1.028211374,
2123.520757316, 1.030013974,
2123.541188979, 1.030356725,
2123.561620643, 1.030283558,
2123.582052307, 1.029374741,
2123.602483971, 1.030069245,
2123.622915735, 1.031618887,
2123.643347400, 1.030336910,
2123.663778964, 1.030225377,
2123.684210729, 1.031829358,
2123.704642393, 1.030441178,
2123.745505723, 1.029999555,
2123.765937388, 1.031468788,
2123.786368954, 1.031797857,
2123.806800719, 1.030575593,
2123.827232385, 1.031112028,
2123.847664150, 1.030282659,
2123.868095716, 1.031948602,
2123.888527382, 1.029808369,
2123.908959048, 1.030895729,
2123.929390715, 1.030779813,
2123.949822381, 1.030357515,
2123.990685714, 1.031986652,
2124.011117481, 1.029324296,
2124.031549048, 1.028954801,
2124.051980715, 1.031111672,
2124.072412483, 1.030118619,
2124.092844050, 1.031092261,
2124.113275718, 1.030926227,
2124.133707486, 1.031771059,
2124.154139153, 1.031667706,
2124.174570721, 1.031159471,
2124.195002490, 1.033119168,
2124.235865826, 1.030482136,
2124.256297495, 1.030838495,
2124.276729164, 1.031482768,
2124.297160933, 1.030198061,
2124.317592502, 1.030379597,
2124.338024171, 1.029590274,
2124.358455940, 1.030918713,
2124.378887510, 1.030157114,
2124.399319280, 1.028829991,
2124.419750949, 1.030038190,
2124.440182519, 1.031376360,
2124.481045960, 1.030216240,
2124.501477530, 1.031574956,
2124.521909301, 1.031368943,
2124.542340971, 1.030891319,
2124.562772642, 1.032197272,
2124.583204313, 1.031393029,
2124.603635984, 1.033061586,
2124.624067656, 1.032616647,
2124.644499327, 1.031794933,
2124.664930999, 1.033062271,
2124.685362670, 1.033287115,
2124.746657687, 1.031591682,
2124.767089359, 1.031886207,
2124.787521131, 1.030564561,
2124.807952804, 1.030246324,
2124.828384377, 1.030983826,
2124.848816150, 1.030629806,
2124.869247823, 1.030420326,
2124.889679396, 1.030696476,
2124.910111170, 1.032230368,
2124.930542843, 1.031542167,
2124.991837865, 1.033123479,
2125.012269639, 1.029790831,
2125.032701214, 1.030969719,
2125.053132888, 1.031863259,
2125.073564663, 1.031601552,
2125.093996238, 1.032082925,
2125.114427913, 1.032027317,
2125.134859688, 1.033865808,
2125.155291263, 1.032820093,
2125.175723039, 1.031435812,
2125.196154714, 1.030677320,
2125.216586290, 1.032613377,
2125.237018066, 1.032235737,
2125.257449742, 1.031296294,
2125.277881418, 1.030815727,
2125.298313095, 1.032558138,
2125.318744771, 1.032449657,
2125.339176448, 1.032257038,
2125.359608125, 1.032776398,
2125.380039802, 1.033828448,
2125.400471479, 1.032936249,
2125.461766512, 1.032621621,
2125.482198190, 1.034406208,
2125.502629968, 1.033906191,
2125.523061646, 1.034528395,
2125.543493224, 1.031467130,
2125.563925003, 1.032369726,
2125.584356682, 1.033015521,
2125.604788260, 1.032754402,
2125.625220039, 1.033115462,
2125.645651719, 1.034907690,
2125.666083298, 1.033682374,
2125.706946757, 1.035031129,
2125.727378537, 1.032498608,
2125.747810117, 1.033231951,
2125.768241797, 1.034360037,
2125.788673577, 1.033869741,
2125.809105158, 1.032424493,
2125.829536838, 1.032188466,
2125.849968619, 1.032972711,
2125.870400200, 1.033496032,
2125.890831981, 1.031973180,
2125.911263663, 1.031745124,
2125.952127026, 1.032195550,
2125.972558608, 1.031873540,
2125.992990389, 1.034127052,
2126.013422072, 1.031955972,
2126.033853754, 1.033402624,
2126.054285336, 1.031640896,
2126.074717119, 1.033104503,
2126.095148802, 1.032704513,
2126.115580485, 1.034625098,
2126.136012168, 1.033791137,
2126.156443851, 1.032137827,
2126.197307218, 1.033548059,
2126.217738902, 1.034822664,
2126.238170686, 1.034791813,
2126.258602270, 1.033492946,
2126.279034055, 1.033784205,
2126.299465739, 1.032135315,
2126.319897324, 1.033247853,
2126.340329109, 1.032037270,
2126.360760794, 1.033077225,
2126.381192379, 1.032705460,
2126.401624164, 1.032836693,
2126.442487435, 1.031189761,
2126.462919221, 1.031017111,
2126.483350907, 1.032307107,
2126.503782694, 1.031525992,
2126.524214280, 1.033029489,
2126.544645966, 1.033336975,
2126.565077753, 1.032978119,
2126.585509440, 1.033942211,
2126.605941027, 1.033187007,
2126.626372714, 1.034427203,
2126.646804502, 1.032458483,
2126.687667877, 1.033659991,
2126.708099465, 1.033058950,
2126.728531253, 1.033139482,
2126.748962942, 1.033028260,
2126.769394530, 1.033179268,
2126.789826319, 1.033468693,
2126.810258008, 1.033957716,
2126.830689797, 1.033285991,
2126.851121386, 1.034503019,
2126.871553075, 1.035726310,
2126.891984865, 1.033899333,
2126.953279934, 1.033841213,
2126.973711524, 1.034632565,
2126.994143215, 1.034519340,
2127.014575006, 1.034555223,
2127.035006596, 1.032252437,
2127.055438387, 1.034737052,
2127.075870078, 1.034109608,
2127.096301670, 1.034112787,
2127.116733461, 1.034860485,
2127.137165153, 1.035588263,
2127.198460229, 1.037002499,
2127.218892021, 1.035490230,
2127.239323614, 1.034975192,
2127.259755307, 1.034465917,
2127.280187000, 1.033638270,
2127.300618693, 1.033128046,
2127.321050386, 1.033296834,
2127.341482180, 1.032322775,
2127.361913773, 1.032861706,
2127.382345467, 1.032675615,
2127.423208855, 1.034124687,
2127.443640650, 1.034575227,
2127.464072344, 1.034569086,
2127.484503939, 1.035681942,
2127.504935734, 1.034387709,
2127.525367429, 1.034515242,
2127.545799025, 1.035647739,
2127.566230820, 1.034604258,
2127.586662516, 1.035737366,
2127.607094312, 1.035752012,
2127.688820997, 1.036825717,
2127.709252694, 1.035937925,
2127.750116088, 1.035156702,
2127.770547886, 1.033876842,
2127.790979583, 1.034624740,
2127.811411281, 1.035752001,
2127.831842979, 1.035172521,
2127.852274677, 1.036066537,
2127.893138074, 1.034636037,
2127.913569772, 1.036142580,
2127.934001471, 1.036288366,
2127.954433170, 1.036187026,
2127.974864870, 1.035752550,
2127.995296669, 1.034813901,
2128.015728269, 1.036410577,
2128.036159968, 1.035858394,
2128.056591768, 1.034339085,
2128.077023369, 1.035778822,
2128.097455069, 1.035848684,
2128.117886870, 1.034489100,
2128.158750271, 1.035235040,
2128.179181973, 1.034513692,
2128.199613574, 1.034289507,
2128.220045375, 1.035928005,
2128.240477077, 1.034625730,
2128.260908679, 1.034745500,
2128.281340481, 1.033317725,
2128.301772184, 1.034990269,
2128.322203786, 1.036365477,
2128.342635589, 1.035605147,
2128.363067292, 1.032378810,
2128.424362402, 1.034682163,
2128.444794205, 1.035041021,
2128.465225909, 1.034550627,
2128.485657513, 1.035607661,
2128.506089317, 1.035444663,
2128.526521022, 1.035111932,
2128.546952726, 1.033846341,
2128.567384431, 1.036542503,
2128.587816136, 1.035247742,
2128.608247842, 1.035048314,
2128.628679547, 1.036860841,
2128.649111253, 1.035203342,
2128.669542958, 1.036419167,
2128.689974665, 1.035993247,
2128.710406471, 1.036084556,
2128.730838077, 1.033935798,
2128.751269784, 1.036058499,
2128.771701591, 1.035464068,
2128.792133198, 1.036464238,
2128.812564905, 1.038518611,
2128.832996712, 1.038335914,
2128.853428320, 1.036932258,
2128.914723444, 1.036071555,
2128.935155252, 1.036374020,
2128.955586961, 1.036400437,
2128.976018670, 1.035190913,
2128.996450379, 1.034561923,
2129.016882088, 1.035973005,
2129.037313797, 1.035220676,
2129.057745507, 1.036001732,
2129.078177217, 1.035446084,
2129.098609027, 1.035283811,
2129.159904158, 1.035149394,
2129.180335869, 1.037373494,
2129.200767480, 1.036871475,
2129.221199291, 1.035581053,
2129.241631003, 1.035249875,
2129.262062714, 1.035359634,
2129.282494426, 1.034564527,
2129.302926138, 1.036015899,
2129.323357851, 1.035703140,
2129.343789563, 1.035917602,
2129.384652989, 1.034752168,
2129.405084702, 1.035479754,
2129.425516315, 1.037940333,
2129.445948129, 1.035409292,
2129.466379842, 1.034250436,
2129.486811656, 1.034099983,
2129.507243270, 1.034937460,
2129.527674985, 1.034710942,
2129.548106799, 1.034808751,
2129.568538414, 1.035626948,
2129.588970129, 1.034747538,
2129.650265375, 1.034056039,
2129.670697091, 1.035770824,
2129.691128807, 1.036246404,
2129.711560523, 1.034675143,
2129.731992239, 1.034923670,
2129.752423956, 1.038284014,
2129.772855673, 1.037084034,
2129.793287390, 1.036075503,
2129.813719107, 1.035138198,
2129.834150924, 1.035063712,
2129.875014360, 1.036539932,
2129.895446078, 1.037790775,
2129.915877696, 1.037233652,
2129.936309515, 1.036437785,
2129.956741234, 1.038271356,
2129.977172853, 1.036874186,
2129.997604672, 1.037292819,
2130.018036291, 1.035744177,
2130.038468111, 1.036514666,
2130.058899831, 1.035170879,
2130.079331451, 1.035312324,
2130.120194991, 1.035362687,
2130.140626612, 1.033904490,
2130.161058433, 1.034441607,
2130.181490154, 1.033861068,
2130.201921975, 1.033579030,
2130.222353597, 1.034240609,
2130.242785318, 1.035633017,
2130.263217140, 1.034674105,
2130.283648762, 1.036440165,
2130.304080485, 1.034272754,
2130.324512307, 1.033416970,
2130.365375653, 1.036992602,
2130.385807476, 1.036607614,
2130.406239200, 1.037085803,
2130.426670924, 1.036638778,
2130.447102647, 1.036680685,
2130.467534372, 1.035725711,
2130.487966196, 1.036051888,
2130.508397820, 1.035745521,
2130.528829545, 1.033875403,
2130.549261370, 1.035756449,
2130.569692995, 1.035229907,
2130.630988172, 1.036762188,
2130.651419998, 1.035446532,
2130.671851625, 1.036160103,
2130.692283351, 1.035701368,
2130.712715178, 1.035526271,
2130.733146805, 1.035015992,
2130.753578632, 1.034139964,
2130.774010359, 1.036056656,
2130.794441987, 1.034397280,
2130.814873815, 1.035571428,
2130.876169000, 1.036688912,
2130.896600729, 1.035761326,
2130.917032457, 1.036241254,
2130.937464187, 1.037293081,
2130.957895916, 1.036987831,
2130.978327746, 1.036072731,
2130.998759475, 1.037625903,
2131.019191106, 1.038452760,
2131.039622936, 1.037134268,
2131.060054666, 1.035804454,
2131.121349859, 1.036830077,
2131.141781591, 1.036565896,
2131.162213322, 1.036774392,
2131.182645054, 1.036996955,
2131.203076886, 1.037064309,
2131.223508519, 1.036144743,
2131.243940251, 1.036436001,
2131.264371984, 1.035544708,
2131.284803717, 1.037286349,
2131.305235550, 1.036426639,
2131.366530751, 1.037742047,
2131.386962385, 1.036733468,
2131.407394120, 1.036225453,
2131.427825954, 1.038063778,
2131.448257589, 1.038439204,
2131.468689324, 1.035803544,
2131.489121160, 1.036577985,
2131.509552795, 1.035899226,
2131.529984631, 1.038004391,
2131.550416367, 1.036647155,
2131.591279839, 1.036197434,
2131.611711576, 1.035381003,
2131.632143313, 1.034845681,
2131.652575150, 1.035905784,
2131.673006788, 1.034024719,
2131.693438625, 1.036016422,
2131.713870363, 1.038348684,
2131.734302001, 1.036064443,
2131.754733839, 1.035583484,
2131.775165578, 1.035122811,
2131.795597217, 1.036750873,
2131.856892634, 1.034845980,
2131.877324274, 1.038769041,
2131.897756014, 1.037452746,
2131.918187754, 1.036957187,
2131.938619494, 1.037184042,
2131.959051235, 1.037009207,
2131.979482976, 1.037439157,
2131.999914717, 1.036930721,
2132.020346458, 1.037392160,
2132.061209942, 1.037725995,
2132.081641784, 1.037271778,
2132.102073426, 1.036285561,
2132.142937011, 1.035275129,
2132.163368654, 1.034703769,
2132.183800397, 1.035757331,
2132.204232241, 1.036715927,
2132.224663985, 1.036229101,
2132.245095729, 1.037393274,
2132.265527473, 1.035869410,
2132.285959217, 1.037868397,
2132.326822707, 1.036785193,
2132.347254452, 1.035888017,
2132.367686297, 1.037603257,
2132.388117943, 1.036363213,
2132.408549789, 1.037636889,
2132.428981535, 1.038039552,
2132.449413181, 1.036264768,
2132.469845028, 1.036693924,
2132.490276775, 1.037691791,
2132.510708422, 1.037656155,
2132.531140269, 1.034847020,
2132.572003664, 1.036790174,
2132.592435512, 1.037196232,
2132.612867260, 1.037013211,
2132.633299009, 1.037111944,
2132.653730758, 1.038296132,
2132.674162407, 1.037622144,
2132.694594256, 1.036634975,
2132.715026005, 1.036412761,
2132.735457755, 1.037615136,
2132.755889505, 1.035432574,
2132.776321255, 1.035977311,
2132.837616507, 1.038530339,
2132.858048358, 1.038063144,
2132.878480110, 1.037888708,
2132.898911762, 1.038026609,
2132.919343614, 1.036593013,
2132.939775366, 1.036297169,
2132.960207118, 1.035963057,
2132.980638871, 1.036309319,
2133.001070624, 1.035413880,
2133.021502477, 1.034580430,
2133.082797738, 1.036252814,
2133.103229392, 1.037645618,
2133.123661246, 1.035835576,
2133.144093001, 1.039634961,
2133.164524656, 1.039504445,
2133.184956511, 1.039179326,
2133.205388266, 1.038709658,
2133.225819922, 1.038092495,
2133.246251778, 1.038461882,
2133.266683534, 1.038314098,
2133.307547047, 1.039050159,
2133.327978704, 1.036887357,
2133.348410561, 1.038652917,
2133.368842318, 1.038582359,
2133.389273976, 1.039538264,
2133.409705834, 1.039508406,
2133.430137592, 1.039355308,
2133.450569350, 1.039504907,
2133.471001109, 1.037747885,
2133.491432868, 1.037211247,
2133.511864727, 1.037949459,
2133.552728146, 1.037606050,
2133.573160006, 1.038180405,
2133.593591766, 1.037901962,
2133.614023427, 1.037055778,
2133.634455287, 1.036719807,
2133.654887048, 1.037006405,
2133.675318909, 1.037159996,
2133.695750571, 1.038786413,
2133.716182332, 1.037143520,
2133.736614194, 1.038062521,
2133.757045856, 1.038550546,
2133.777477619, 1.037736158,
2133.797909482, 1.039948375,
2133.818341145, 1.038700593,
2133.838772908, 1.037317022,
2133.859204771, 1.038098479,
2133.879636435, 1.038131800,
2133.900068299, 1.038636006,
2133.920500063, 1.037939188,
2133.940931728, 1.037684206,
2133.961363592, 1.037032595,
2133.981795257, 1.036331687,
2134.002227123, 1.037057714,
2134.063522420, 1.036258881,
2134.083954186, 1.035844615,
2134.104385953, 1.037884782,
2134.124817720, 1.038660622,
2134.145249487, 1.035633640,
2134.165681254, 1.037304580,
2134.186113022, 1.036194191,
2134.206544789, 1.036943756,
2134.226976558, 1.036108901,
2134.247408426, 1.034723897,
2134.267840095, 1.035905267,
2134.288271963, 1.036893941,
2134.308703733, 1.035818836,
2134.329135402, 1.036126560,
2134.349567272, 1.036193869,
2134.369999042, 1.036666076,
2134.390430712, 1.037185199,
2134.410862582, 1.035666566,
2134.431294353, 1.036598393,
2134.451726224, 1.036017101,
2134.472157895, 1.035078209,
2134.492589667, 1.037306451,
2134.553884983, 1.037040494,
2134.574316755, 1.035023253,
2134.594748528, 1.037010641,
2134.615180401, 1.038526025,
2134.635612175, 1.040211094,
2134.656043848, 1.037904164,
2134.676475722, 1.037130195,
2134.696907396, 1.036702666,
2134.717339171, 1.036405777,
2134.737771045, 1.036052537,
2134.799066371, 1.037323612,
2134.819498147, 1.035146025,
2134.839929923, 1.037685660,
2134.860361699, 1.036599510,
2134.880793476, 1.036371749,
2134.901225353, 1.036376859,
2134.921657030, 1.036487350,
2134.942088807, 1.034914302,
2134.962520685, 1.036819867,
2134.982952363, 1.037019448,
2135.044247698, 1.039449062,
2135.064679577, 1.036874382,
2135.085111356, 1.039541701,
2135.105543036, 1.039049093,
2135.125974915, 1.037156677,
2135.146406696, 1.038222057,
2135.166838576, 1.039254464,
2135.187270257, 1.038308491,
2135.207702037, 1.039975838,
2135.228133919, 1.038872804,
2135.268997382, 1.037940486,
2135.289429264, 1.036608001,
2135.309860946, 1.036324432,
2135.330292728, 1.037761106,
2135.350724511, 1.035500975,
2135.371156294, 1.037360285,
2135.391588177, 1.038146898,
2135.412019961, 1.038724334,
2135.432451645, 1.038077092,
2135.452883529, 1.037044830,
2135.473315314, 1.037630909,
2135.534610668, 1.038154134,
2135.555042554, 1.037620522,
2135.575474240, 1.039302682,
2135.595906026, 1.038286660,
2135.616337912, 1.037157214,
2135.636769599, 1.037440519,
2135.657201386, 1.037767436,
2135.677633273, 1.037098363,
2135.698064960, 1.037287560,
2135.718496848, 1.037745846,
2135.779792213, 1.035150888,
2135.800224002, 1.038221110,
2135.820655691, 1.035816419,
2135.841087580, 1.036426899,
2135.861519370, 1.035940774,
2135.881951160, 1.036840086,
2135.902382950, 1.038613565,
2135.922814741, 1.038469656,
2135.943246631, 1.038160364,
2135.984110114, 1.035874967,
2136.004541905, 1.035695721,
2136.024973697, 1.036895696,
2136.045405490, 1.035734834,
2136.065837382, 1.036897385,
2136.086269075, 1.036461741,
2136.106700968, 1.035811576,
2136.127132761, 1.037277707,
2136.147564455, 1.035768806,
2136.167996349, 1.038323409,
2136.188428143, 1.037454564,
2136.208859837, 1.038317387,
2136.249723527, 1.035461570,
2136.270155422, 1.035185683,
2136.290587118, 1.036390608,
2136.311018914, 1.035428282,
2136.331450810, 1.038176384,
2136.351882506, 1.035987502,
2136.372314303, 1.037796466,
2136.392746200, 1.040570219,
2136.413177897, 1.039351479,
2136.433609695, 1.035453346,
2136.454041593, 1.032716454,
2136.515336988, 1.038819130,
2136.535768787, 1.036451985,
2136.556200586, 1.037145088,
2136.576632386, 1.038682777,
2136.597064186, 1.038192341,
2136.617495986, 1.038560443,
2136.637927786, 1.037607201,
2136.658359587, 1.039781403,
2136.678791388, 1.037878886,
2136.699223189, 1.038449455,
2136.760518595, 1.035066332,
2136.780950497, 1.036809560,
2136.801382200, 1.039037727,
2136.821814103, 1.036412794,
2136.842245907, 1.035768394,
2136.862677610, 1.038838982,
2136.883109514, 1.036118237,
2136.903541318, 1.037646487,
2136.923973023, 1.036856706,
2136.944404927, 1.038353852,
2137.005700344, 1.038194106,
2137.026132149, 1.036324673,
2137.046564056, 1.038357009,
2137.066995762, 1.038305916,
2137.087427569, 1.037152028,
2137.107859476, 1.037181194,
2137.128291184, 1.037599003,
2137.148722991, 1.033950440,
2137.169154899, 1.036692977,
2137.189586707, 1.036911783,
2137.250882134, 1.039283357,
2137.271313943, 1.038152845,
2137.291745753, 1.037235837,
2137.312177563, 1.037999868,
2137.332609374, 1.037936067,
2137.353041184, 1.037196970,
2137.373472995, 1.036898548,
2137.393904806, 1.036428143,
2137.414336618, 1.037438195,
2137.434768530, 1.037198991,
2137.496063967, 1.036067246,
2137.516495680, 1.034632205,
2137.536927593, 1.034440764,
2137.557359407, 1.033815125,
2137.577791121, 1.033175658,
2137.598223035, 1.033590602,
2137.618654849, 1.033662048,
2137.639086564, 1.035625516,
2137.659518479, 1.036612552,
2137.679950295, 1.035000884,
2137.720813926, 1.035926476,
2137.741245743, 1.036113717,
2137.761677659, 1.035723102,
2137.782109376, 1.035548406,
2137.802541193, 1.034612647,
2137.822973111, 1.033201319,
2137.843404828, 1.038200166,
2137.863836647, 1.036243498,
2137.884268565, 1.035668564,
2137.904700384, 1.036782001,
2137.925132203, 1.036878978,
2137.965995742, 1.035326283,
2137.986427661, 1.033412599,
2138.006859482, 1.035607656,
2138.027291202, 1.033394743,
2138.047723123, 1.034409816,
2138.068154944, 1.036425213,
2138.088586865, 1.035128305,
2138.109018587, 1.035104480,
2138.129450409, 1.035633406,
2138.149882332, 1.036359719,
2138.170314054, 1.036428452,
2138.231609524, 1.034482494,
2138.252041448, 1.033964558,
2138.272473272, 1.033340486,
2138.292904996, 1.031810984,
2138.313336921, 1.033508939,
2138.333768746, 1.033699977,
2138.354200472, 1.034281161,
2138.374632397, 1.033320838,
2138.395064223, 1.033130812,
2138.415496049, 1.034383271,
2138.435927876, 1.034476838,
2138.456359703, 1.034287873,
2138.476791630, 1.034157170,
2138.497223358, 1.033617670,
2138.538087114, 1.038230364,
2138.578950671, 1.035643884,
2138.599382600, 1.037069128,
2138.619814329, 1.035105263,
2138.640246259, 1.036926003,
2138.660678089, 1.037908425,
2138.742405312, 1.035276419,
2138.762837244, 1.031251810,
2138.783269075, 1.034412544,
