BJD - 2454833, Corrected Flux
2061.305716666, 0.999289302,
2061.326148938, 0.998254781,
2061.346581109, 0.998618729,
2061.367013180, 0.998249125,
2061.387445451, 0.998392007,
2061.407877621, 0.999606076,
2061.489606396, 0.999071916,
2061.510038464, 0.998483365,
2061.530470632, 0.998419279,
2061.550902898, 0.998535681,
2061.571335065, 0.999017319,
2061.591767131, 0.998127098,
2061.612199397, 0.998952521,
2061.632631561, 0.998080751,
2061.653063626, 0.997682893,
2061.673495891, 0.996884425,
2061.693928054, 0.997030185,
2061.714360217, 0.996351883,
2061.734792380, 0.997407150,
2061.755224543, 0.997472323,
2061.775656705, 0.998126828,
2061.796088867, 0.998168117,
2061.816521028, 0.998289275,
2061.836953189, 0.998118785,
2061.857385349, 0.997749264,
2061.877817409, 0.997589697,
2061.898249668, 0.998278642,
2061.918681827, 0.998048933,
2061.939113986, 0.998946065,
2061.959546144, 0.998909893,
2061.979978302, 0.999300109,
2062.000410559, 0.998633943,
2062.020842615, 0.997884549,
2062.041274772, 0.997458167,
2062.061707028, 0.997357147,
2062.082139083, 0.997243531,
2062.102571238, 0.996713961,
2062.123003493, 0.996774627,
2062.143435647, 0.995644296,
2062.163867701, 0.996848951,
2062.225164159, 0.995878728,
2062.245596412, 0.996745139,
2062.266028563, 0.996727720,
2062.286460614, 0.996861300,
2062.306892865, 0.996822822,
2062.327325015, 0.996205990,
2062.347757265, 0.997079806,
2062.368189315, 0.996554514,
2062.388621464, 0.996941766,
2062.409053712, 0.997013091,
2062.429485760, 0.997114492,
2062.449917908, 0.997575552,
2062.470350055, 0.997501797,
2062.490782202, 0.996964576,
2062.511214348, 0.997536937,
2062.531646494, 0.997004458,
2062.552078639, 0.997161683,
2062.572510784, 0.996281266,
2062.592942929, 0.996054791,
2062.613375073, 0.996217103,
2062.633807217, 0.996629470,
2062.654239460, 0.996470035,
2062.674671503, 0.995972545,
2062.695103745, 0.996649639,
2062.715535887, 0.995196538,
2062.735967929, 0.996234168,
2062.756400170, 0.995461025,
2062.776832311, 0.995610952,
2062.797264351, 0.995711853,
2062.817696591, 0.995387525,
2062.838128730, 0.995320142,
2062.858560769, 0.994393250,
2062.878993008, 0.994375212,
2062.899425146, 0.994172163,
2062.919857184, 0.994204482,
2062.940289421, 0.992893404,
2062.960721558, 0.993389929,
2062.981153694, 0.993219253,
2063.001585830, 0.994026158,
2063.022017966, 0.994105156,
2063.042450101, 0.993992684,
2063.062882236, 0.994561221,
2063.083314370, 0.993232781,
2063.103746604, 0.993054671,
2063.124178737, 0.993205854,
2063.144610770, 0.993940721,
2063.165043002, 0.994298814,
2063.185475135, 0.994339169,
2063.205907166, 0.994053268,
2063.226339398, 0.994327843,
2063.246771428, 0.993974518,
2063.267203559, 0.993714986,
2063.287635789, 0.993837385,
2063.308067818, 0.994556578,
2063.328499947, 0.994215932,
2063.348932176, 0.994576790,
2063.369364204, 0.993791822,
2063.389796332, 0.993853196,
2063.410228559, 0.992720093,
2063.430660586, 0.992469110,
2063.451092713, 0.992530505,
2063.471524939, 0.992106467,
2063.491957065, 0.992384666,
2063.512389190, 0.992231832,
2063.532821315, 0.992351253,
2063.553253439, 0.992540002,
2063.573685563, 0.992032203,
2063.594117687, 0.992254844,
2063.614549810, 0.992191467,
2063.634982032, 0.991648901,
2063.696278398, 0.993027961,
2063.716710419, 0.992652559,
2063.737142540, 0.992566216,
2063.757574760, 0.992160141,
2063.778006780, 0.992237877,
2063.798438899, 0.990892054,
2063.818871118, 0.990464870,
2063.839303137, 0.990880580,
2063.859735254, 0.991153058,
2063.880167472, 0.991241082,
2063.900599489, 0.991165286,
2063.921031706, 0.990877853,
2063.941463822, 0.990686786,
2063.961895838, 0.990699364,
2063.982328054, 0.990784822,
2064.002760169, 0.991766955,
2064.023192183, 0.991807200,
2064.043624398, 0.992274138,
2064.064056511, 0.993160203,
2064.084488525, 0.993743589,
2064.104920738, 0.992925187,
2064.125352850, 0.993712886,
2064.554427116, 0.993684300,
2064.574859320, 0.998988496,
2064.595291423, 0.994558261,
2064.615723425, 0.994984982,
2064.636155627, 0.994625681,
2064.656587729, 0.994030163,
2064.738316031, 0.995337364,
2064.758748231, 0.995889756,
2064.779180230, 0.995201743,
2064.799612428, 0.995466835,
2064.820044527, 0.995250650,
2064.840476624, 0.995176111,
2064.860908722, 0.994914496,
2064.922205012, 0.995385436,
2064.942637107, 0.995013202,
2064.963069203, 0.995256872,
2064.983501398, 0.995125432,
2065.003933392, 0.994417325,
2065.024365486, 0.993753260,
2065.044797680, 0.994629406,
2065.065229673, 0.994786085,
2065.085661766, 0.994992930,
2065.106093959, 0.994379211,
2065.126525951, 0.994655909,
2065.146958043, 0.994506707,
2065.167390233, 0.993633151,
2065.187822224, 0.992661125,
2065.208254415, 0.994171207,
2065.228686505, 0.993459357,
2065.249118494, 0.993384904,
2065.269550684, 0.993585264,
2065.289982772, 0.993902966,
2065.310414861, 0.994005865,
2065.330846949, 0.993937472,
2065.351279036, 0.993960155,
2065.371711123, 0.993831979,
2065.392143210, 0.994406340,
2065.412575296, 0.994925377,
2065.433007382, 0.994814175,
2065.453439467, 0.995161081,
2065.473871553, 0.995409098,
2065.494303537, 0.996007639,
2065.514735721, 0.995983988,
2065.535167805, 0.995455498,
2065.555599788, 0.995285685,
2065.576031972, 0.995525494,
2065.596464054, 0.996151440,
2065.657760299, 0.995592993,
2065.678192480, 0.995107317,
2065.698624460, 0.995067750,
2065.719056540, 0.994791941,
2065.739488720, 0.994118471,
2065.759920700, 0.994127092,
2065.780352778, 0.993731648,
2065.821217035, 0.994015932,
2065.841649013, 0.993706725,
2065.862081190, 0.993616548,
2065.882513267, 0.994445358,
2065.902945243, 0.993484611,
2065.943809495, 0.994847466,
2065.964241470, 0.995568825,
2065.984673645, 0.995727616,
2066.005105719, 0.995628485,
2066.025537693, 0.995452260,
2066.045969866, 0.995108939,
2066.066401940, 0.995064409,
2066.086834113, 0.995084956,
2066.148130228, 0.995273685,
2066.168562299, 0.995060854,
2066.188994370, 0.994207425,
2066.209426440, 0.995717912,
2066.229858510, 0.994860595,
2066.250290580, 0.994578126,
2066.270722649, 0.994847503,
2066.291154717, 0.995202058,
2066.311586786, 0.995482260,
2066.332018954, 0.995214916,
2066.393315155, 0.996741270,
2066.413747121, 0.995657587,
2066.434179187, 0.996460157,
2066.454611352, 0.996916455,
2066.475043318, 0.996144891,
2066.495475382, 0.996404438,
2066.515907547, 0.996762783,
2066.536339510, 0.995340863,
2066.556771674, 0.996179915,
2066.577203737, 0.995959228,
2066.597635699, 0.995257511,
2066.618067862, 0.995542374,
2066.638499923, 0.995334288,
2066.658931985, 0.995391737,
2066.679364046, 0.995429286,
2066.699796107, 0.994860797,
2066.720228167, 0.994837111,
2066.740660226, 0.994332101,
2066.761092286, 0.994167693,
2066.781524345, 0.993346737,
2066.801956504, 0.993394812,
2066.822388462, 0.993723472,
2066.863252577, 0.993931075,
2066.883684634, 0.993464181,
2066.904116690, 0.994217665,
2066.924548847, 0.993360668,
2066.944980803, 0.993989363,
2066.965412758, 0.993462514,
2066.985844913, 0.993172213,
2067.006276967, 0.994689148,
2067.026709121, 0.995074146,
2067.047141075, 0.995087130,
2067.067573129, 0.995617417,
2067.088005282, 0.995554268,
2067.108437235, 0.995347277,
2067.128869287, 0.994755917,
2067.149301439, 0.995380669,
2067.169733490, 0.995945281,
2067.190165441, 0.995332203,
2067.210597592, 0.996069472,
2067.231029641, 0.995825946,
2067.251461591, 0.995709419,
2067.271893741, 0.995436706,
2067.292325790, 0.994278785,
2067.312757738, 0.994155866,
2067.353621935, 0.994579551,
2067.394486029, 0.996402073,
2067.414918076, 0.996349884,
2067.435350022, 0.996781713,
2067.455782168, 0.997742544,
2067.476214213, 0.996758953,
2067.496646358, 0.997189000,
2067.517078303, 0.997201522,
2067.537510347, 0.997032762,
2067.557942491, 0.997593737,
2067.578374434, 0.998067262,
2067.598806478, 0.997951393,
2067.619238520, 0.997604398,
2067.639670662, 0.996892478,
2067.660102604, 0.996725537,
2067.680534646, 0.997074218,
2067.700966687, 0.996572998,
2067.721398728, 0.996004309,
2067.741830868, 0.995230900,
2067.762262808, 0.994765125,
2067.782694848, 0.994335091,
2067.803126987, 0.993622570,
2067.864423102, 0.994092275,
2067.884855039, 0.994706336,
2067.905287176, 0.994306001,
2067.925719213, 0.994756482,
2067.946151149, 0.994918060,
2067.966583286, 0.994278586,
2067.987015321, 0.994411385,
2068.007447356, 0.994774651,
2068.027879391, 0.995220160,
2068.048311425, 0.995500635,
2068.130039559, 0.995277781,
2068.150471691, 0.994748806,
2068.170903624, 0.995330637,
2068.191335655, 0.995553135,
2068.211767787, 0.996070851,
2068.232199718, 0.996713299,
2068.252631748, 0.996287458,
2068.293495808, 0.996234993,
2068.313927837, 0.995968544,
2068.334359966, 0.996361183,
2068.354791895, 0.995995779,
2068.375224023, 0.996741700,
2068.395655951, 0.996513253,
2068.416087978, 0.996952170,
2068.436520105, 0.996465404,
2068.456952032, 0.997224740,
2068.477384058, 0.996683815,
2068.497816184, 0.997006870,
2068.518248110, 0.996398677,
2068.538680135, 0.996333098,
2068.559112259, 0.996294541,
2068.579544284, 0.996456452,
2068.599976207, 0.997128706,
2068.620408331, 0.996831670,
2068.640840354, 0.996137228,
2068.661272277, 0.995529035,
2068.681704399, 0.996316668,
2068.702136421, 0.994915183,
2068.722568343, 0.995688251,
2068.743000464, 0.995780369,
2068.763432485, 0.995575346,
2068.783864605, 0.995312765,
2068.845160664, 0.995950113,
2068.865592583, 0.995855975,
2068.886024601, 0.996321557,
2068.906456720, 0.996108228,
2068.926888637, 0.996845984,
2068.947320654, 0.996184045,
2068.967752772, 0.996171647,
2068.988184788, 0.995870586,
2069.008616704, 0.995498185,
2069.029048820, 0.995294190,
2069.049480835, 0.994574056,
2069.069912751, 0.994056338,
2069.090344865, 0.993504317,
2069.110776780, 0.993271105,
2069.131208794, 0.993031326,
2069.151640907, 0.993912863,
2069.172072920, 0.993401019,
2069.192504833, 0.993544288,
2069.212936945, 0.993359037,
2069.233368857, 0.993820046,
2069.253800969, 0.993643349,
2069.274232980, 0.994427479,
2069.315097002, 0.994496615,
2069.335529011, 0.995197174,
2069.355960921, 0.994579235,
2069.376393030, 0.993934868,
2069.396825039, 0.993755139,
2069.417257048, 0.994766689,
2069.437689056, 0.995133933,
2069.458121064, 0.994984506,
2069.478553071, 0.995404815,
2069.498985078, 0.995068092,
2069.519417085, 0.995556239,
2069.601145108, 0.995873349,
2069.621577213, 0.995567122,
2069.642009117, 0.994804855,
2069.662441221, 0.996269759,
2069.682873225, 0.995165755,
2069.703305128, 0.995401747,
2069.723737231, 0.995007813,
2069.744169233, 0.994668075,
2069.785033237, 0.994335129,
2069.805465238, 0.994908657,
2069.825897139, 0.995686244,
2069.846329240, 0.995542475,
2069.866761140, 0.995718553,
2069.887193240, 0.995908648,
2069.907625239, 0.996044113,
2069.948489137, 0.995234055,
2069.968921236, 0.995285602,
2069.989353233, 0.995155987,
2070.009785131, 0.995022840,
2070.111945213, 0.995144524,
2070.132377309, 0.995950036,
2070.152809203, 0.995489201,
2070.193673292, 0.995916195,
2070.214105186, 0.995406669,
2070.234537180, 0.995569323,
2070.254969273, 0.993720774,
2070.275401166, 0.993991121,
2070.295833158, 0.995895640,
2070.316265250, 0.994940469,
2070.336697141, 0.994945468,
2070.377561224, 0.996318990,
2070.397993214, 0.996122119,
2070.418425104, 0.995034744,
2070.438857194, 0.995728518,
2070.459289183, 0.994834521,
2070.479721072, 0.994645991,
2070.500153161, 0.995578690,
2070.561449124, 0.996113085,
2070.581881011, 0.996097071,
2070.602313098, 0.994850945,
2070.622745085, 0.994206137,
2070.643176971, 0.995541969,
2070.663609056, 0.996216533,
2070.684041041, 0.995437985,
2070.704472927, 0.994899850,
2070.724905011, 0.995686154,
2070.745336995, 0.994946658,
2070.765768979, 0.994693652,
2070.786200963, 0.995603810,
2070.806632945, 0.995307383,
2070.827064928, 0.993712374,
2070.847496910, 0.995675976,
2070.867928892, 0.995447478,
2070.888360874, 0.995715792,
2070.908792955, 0.995835505,
2070.929224836, 0.996900566,
2070.949656916, 0.994723041,
2070.970088897, 0.995477013,
2070.990520776, 0.994664283,
2071.031384835, 0.994830742,
2071.072248792, 0.992308335,
2071.092680770, 0.992138001,
2071.113112647, 0.994493031,
2071.133544724, 0.993706108,
2071.174408578, 0.995149964,
2071.194840654, 0.993867353,
2071.235704605, 0.995267387,
2071.317432503, 0.994881604,
2071.337864476, 0.994017213,
2071.358296449, 0.994358555,
2071.378728422, 0.994641646,
2071.419592467, 0.995043108,
2071.440024338, 0.996139415,
2071.480888380, 0.995554462,
2071.501320251, 0.995795520,
2071.521752221, 0.994501588,
2071.542184291, 0.995093481,
2071.562616161, 0.995671859,
2071.583048129, 0.995766333,
2071.603480198, 0.994423020,
2071.623912067, 0.994996989,
2071.644344035, 0.994651874,
2071.664776103, 0.995958780,
2071.685207970, 0.993389128,
2071.705639937, 0.993939551,
2071.746503970, 0.996205807,
2071.766935936, 0.995995276,
2071.787367902, 0.995883215,
2071.807799867, 0.995858039,
2071.828231831, 0.994072464,
2071.848663796, 0.995175905,
2071.869095760, 0.995782223,
2071.889527824, 0.996259332,
2071.930391650, 0.996259193,
2071.950823713, 0.996301910,
2071.971255575, 0.996435340,
2072.052983420, 0.995839694,
2072.073415381, 0.995193027,
2072.093847341, 0.996106932,
2072.114279301, 0.995410870,
2072.155143220, 0.994890002,
2072.196007136, 0.995475278,
2072.216439094, 0.995528528,
2072.236871152, 0.995564107,
2072.257303110, 0.996351782,
2072.277734966, 0.996320654,
2072.298167023, 0.997088618,
2072.318598979, 0.997790933,
2072.339030835, 0.997476171,
2072.379894845, 0.996935583,
2072.400326700, 0.996949205,
2072.420758755, 0.997960454,
2072.441190709, 0.997364044,
2072.502486569, 0.995813730,
2072.522918422, 0.995192862,
2072.543350474, 0.996045174,
2072.584214377, 0.995753437,
2072.604646328, 0.996210862,
2072.625078279, 0.995855016,
2072.645510330, 0.996277318,
2072.665942180, 0.996147610,
2072.686374130, 0.995020655,
2072.706806179, 0.995385483,
2072.747669977, 0.995666366,
2072.768102025, 0.996428988,
2072.788533974, 0.996203507,
2072.808965821, 0.996047740,
2072.829397869, 0.996073172,
2072.849829716, 0.995794308,
2072.870261662, 0.995376520,
2072.890693709, 0.995038142,
2072.931557500, 0.994477653,
2072.972421390, 0.995073442,
2072.992853335, 0.994780106,
2073.013285379, 0.995765804,
2073.033717223, 0.994042537,
2073.054149266, 0.993792464,
2073.074581209, 0.994404442,
2073.095013152, 0.993635440,
2073.115445094, 0.993986668,
2073.156308978, 0.995860311,
2073.176740920, 0.996821963,
2073.197172861, 0.995679308,
2073.258468682, 0.995277227,
2073.278900621, 0.994458411,
2073.299332661, 0.993959503,
2073.319764500, 0.994277463,
2073.360628477, 0.994633683,
2073.381060314, 0.993960811,
2073.401492252, 0.993293266,
2073.421924189, 0.991289720,
2073.442356126, 0.991971361,
2073.462788162, 0.992824290,
2073.483219999, 0.992722893,
2073.503651934, 0.993244921,
2073.524083970, 0.993736979,
2073.544515805, 0.991807198,
2073.564947740, 0.992382650,
2073.585379774, 0.993849349,
2073.605811708, 0.994439069,
2073.626243542, 0.995117384,
2073.646675575, 0.995332776,
2073.667107508, 0.996214844,
2073.687539341, 0.995151857,
2073.748835137, 0.996097235,
2073.769267168, 0.994824056,
2073.789699099, 0.994002116,
2073.810130930, 0.994592218,
2073.830562960, 0.995415924,
2073.850994890, 0.996300034,
2073.871426920, 0.996119370,
2073.891858749, 0.996046950,
2073.912290678, 0.995860847,
2073.932722707, 0.994461926,
2073.994018490, 0.994959936,
2074.014450318, 0.994770164,
2074.034882244, 0.995034145,
2074.055314271, 0.995786310,
2074.075746197, 0.995668707,
2074.096178023, 0.994977875,
2074.116610048, 0.994462986,
2074.137041874, 0.994842525,
2074.177905823, 0.996026164,
2074.239201594, 0.995358033,
2074.259633417, 0.996122294,
2074.280065340, 0.995439191,
2074.300497363, 0.996059528,
2074.320929185, 0.995845329,
2074.341361206, 0.995185296,
2074.361793128, 0.995456624,
2074.382224949, 0.995814352,
2074.402656970, 0.995979854,
2074.423088890, 0.995911911,
2074.443520810, 0.996037258,
2074.463952730, 0.994958279,
2074.484384649, 0.994274541,
2074.504816568, 0.996525026,
2074.525248487, 0.995643824,
2074.545680405, 0.996034257,
2074.566112323, 0.995593259,
2074.586544341, 0.996974274,
2074.627408075, 0.995802667,
2074.647840092, 0.995692446,
2074.668271908, 0.995989388,
2074.709135840, 0.995733621,
2074.729567655, 0.996542192,
2074.749999670, 0.995777338,
2074.770431585, 0.995935912,
2074.790863399, 0.996339645,
2074.811295413, 0.995774643,
2074.831727327, 0.995897655,
2074.852159140, 0.995271442,
2074.872591153, 0.996575352,
2074.893022966, 0.996837578,
2074.913454878, 0.996894177,
2074.954318702, 0.997307332,
2074.974750613, 0.996953817,
2074.995182624, 0.996622973,
2075.015614535, 0.997554266,
2075.036046345, 0.996993541,
2075.056478355, 0.998332083,
2075.076910265, 0.997928661,
2075.117774083, 0.998523131,
2075.138205992, 0.998261158,
2075.158638000, 0.998285274,
2075.179069808, 0.997915289,
2075.199501716, 0.996587072,
2075.219933723, 0.997180265,
2075.240365530, 0.997247209,
2075.260797437, 0.997359250,
2075.281229443, 0.997324963,
2075.301661249, 0.997429668,
2075.322093154, 0.997335511,
2075.342525160, 0.996716070,
2075.362956965, 0.997468147,
2075.383388870, 0.997914865,
2075.403820874, 0.998423309,
2075.465116585, 0.998944401,
2075.485548488, 0.998611820,
2075.526412293, 0.998455433,
2075.546844195, 0.998647353,
2075.567276097, 0.999113160,
2075.587707998, 0.999324741,
2075.608139899, 0.998467602,
2075.628571800, 0.999205381,
2075.649003700, 0.998302818,
2075.710299399, 0.997292660,
2075.730731198, 0.997543449,
2075.751163197, 0.997422815,
2075.771595096, 0.997544148,
2075.792026894, 0.997881524,
2075.812458892, 0.997901017,
2075.832890789, 0.998418484,
2075.853322686, 0.998257238,
2075.873754583, 0.997985339,
2075.894186479, 0.997278263,
2075.955482167, 0.998338721,
2075.975914162, 0.998285525,
2075.996346057, 0.997332446,
2076.016777851, 0.996730219,
2076.037209845, 0.996557653,
2076.057641739, 0.996326296,
2076.078073533, 0.995934838,
2076.098505526, 0.995668461,
2076.118937419, 0.996139239,
2076.139369212, 0.996590952,
2076.159801204, 0.996185134,
2076.180233096, 0.996588512,
2076.200664887, 0.997049898,
2076.221096879, 0.996577425,
2076.241528769, 0.995548499,
2076.261960660, 0.996922495,
2076.282392550, 0.997424827,
2076.302824440, 0.996643440,
2076.323256330, 0.997040993,
2076.343688219, 0.997489181,
2076.364120108, 0.996696130,
2076.384551997, 0.995632877,
2076.425415773, 0.993830011,
2076.445847661, 0.994967661,
2076.466279549, 0.995352080,
2076.486711436, 0.995495927,
2076.507143422, 0.995465622,
2076.527575209, 0.996400177,
2076.548007095, 0.996088643,
2076.568439081, 0.996154080,
2076.588870866, 0.996777972,
2076.609302751, 0.996625758,
2076.629734736, 0.997166832,
2076.670598405, 0.997533935,
2076.691030389, 0.997287712,
2076.711462173, 0.996403923,
2076.731894056, 0.995895109,
2076.752326039, 0.995312691,
2076.772757821, 0.996009799,
2076.793189804, 0.994952922,
2076.813621686, 0.995607842,
2076.834053567, 0.995101588,
2076.854485449, 0.994902550,
2076.915781191, 0.994836170,
2076.936212971, 0.994822956,
2076.956644851, 0.995149840,
2076.977076830, 0.995720307,
2076.997508609, 0.996117359,
2077.017940488, 0.995967224,
2077.038372366, 0.996648410,
2077.058804245, 0.995992972,
2077.099668000, 0.996631905,
2077.120099877, 0.995962297,
2077.140531654, 0.995939397,
2077.160963631, 0.996003839,
2077.181395507, 0.996493565,
2077.201827483, 0.995935354,
2077.222259259, 0.996216427,
2077.242691134, 0.996632682,
2077.263123109, 0.995490911,
2077.283554884, 0.995665209,
2077.303986758, 0.996370004,
2077.324418732, 0.996201531,
2077.344850606, 0.997728381,
2077.365282380, 0.996225648,
2077.426577998, 0.997350378,
2077.447009970, 0.997685188,
2077.467441842, 0.997071100,
2077.487873614, 0.997345835,
2077.508305585, 0.997267285,
2077.528737456, 0.997821081,
2077.549169227, 0.997377497,
2077.569601197, 0.997734570,
2077.590033067, 0.996994472,
2077.610465037, 0.995955209,
2077.671760644, 0.995872559,
2077.692192413, 0.995166130,
2077.712624281, 0.995107236,
2077.733056249, 0.994909199,
2077.753488016, 0.995173036,
2077.773919883, 0.994717160,
2077.794351750, 0.994889754,
2077.835215483, 0.995977020,
2077.855647449, 0.994488089,
2077.937374810, 0.996461104,
2077.978238639, 0.995947765,
2077.998670403, 0.996421678,
2078.019102366, 0.996020174,
2078.039534230, 0.996097836,
2078.059965992, 0.996472930,
2078.080397955, 0.996345500,
2078.100829817, 0.996198724,
2078.162125403, 0.994635919,
2078.182557264, 0.994145827,
2078.202989124, 0.994732413,
2078.223420985, 0.994533279,
2078.243852845, 0.994241723,
2078.448171530, 0.995841501,
2078.529898856, 0.995669332,
2078.591194422, 0.995215490,
2078.672921939, 0.993736062,
2078.693353792, 0.993683704,
2078.734217498, 0.993174865,
2078.775081203, 0.994552683,
2078.795513055, 0.991971589,
2078.815944907, 0.992769950,
2078.897672411, 0.994500338,
2078.979399710, 0.996200981,
2078.999831559, 0.994774835,
2079.081559052, 0.996073198,
2079.163286440, 0.996195837,
2079.183718287, 0.995801612,
2079.204150133, 0.995689585,
2079.224581979, 0.995016811,
2079.245013824, 0.995345357,
2079.265445669, 0.995239343,
2079.285877414, 0.996405119,
2079.306309358, 0.996397277,
2079.347172947, 0.996349581,
2079.367604890, 0.996477403,
2079.408468477, 0.996786015,
2079.428900420, 0.997251325,
2079.449332262, 0.996473391,
2079.469764004, 0.997494809,
2079.510627788, 0.996959341,
2079.531059629, 0.997426119,
2079.551491470, 0.996287713,
2079.571923311, 0.995947337,
2079.592355252, 0.995586294,
2079.612786992, 0.997154748,
2079.633218832, 0.996125121,
2079.653650771, 0.996773922,
2079.674082610, 0.996924085,
2079.694514349, 0.996920393,
2079.735378126, 0.996770244,
2079.755809865, 0.995816500,
2079.776241802, 0.995879483,
2079.796673640, 0.999515718,
2079.817105377, 0.999334136,
2079.878400887, 0.995909320,
2079.898832823, 0.997303985,
2079.919264659, 0.996694033,
2079.939696394, 0.996885150,
2079.960128330, 0.997501670,
2079.980560165, 0.997154881,
2080.000991999, 0.998384202,
2080.021423834, 0.998038571,
2080.041855668, 0.996261721,
2080.062287501, 0.995526769,
2080.123583001, 0.996566639,
2080.144014833, 0.997784627,
2080.184878598, 0.998539099,
2080.205310330, 0.997848764,
2080.225742161, 0.997648805,
2080.246174092, 0.997550571,
2080.266605823, 0.997928352,
2080.287037654, 0.998151983,
2080.307469584, 0.997944505,
2080.368765073, 0.997915016,
2080.389196802, 0.997633257,
2080.409628731, 0.997200982,
2080.430060560, 0.996967002,
2080.450492288, 0.996712800,
2080.491356044, 0.997775510,
2080.511787871, 0.997291719,
2080.532219699, 0.997426842,
2080.552651526, 0.997573111,
2080.573083352, 0.997247737,
2080.593515178, 0.996975336,
2080.613947004, 0.997452308,
2080.634378830, 0.997648435,
2080.654810756, 0.997527526,
2080.675242481, 0.996284033,
2080.695674306, 0.998256405,
2080.716106130, 0.998323340,
2080.736537955, 0.998104528,
2080.756969679, 0.997414340,
2080.777401602, 0.997541500,
2080.797833426, 0.997737280,
2080.859128895, 0.998481414,
2080.879560817, 0.998368125,
2080.899992539, 0.998752663,
2080.920424361, 0.998577289,
2080.940856283, 0.998197480,
2080.961288004, 0.999241178,
2080.981719825, 0.998867675,
2081.002151745, 0.999293486,
2081.022583566, 0.999893126,
2081.043015286, 1.000387196,
2081.063447206, 1.000219293,
2081.083879025, 0.999061064,
2081.104310745, 0.999823379,
2081.124742664, 0.999401845,
2081.145174482, 0.998430619,
2081.165606201, 0.997712817,
2081.186038119, 0.998933753,
2081.206469937, 0.998679579,
2081.226901855, 0.998232680,
2081.247333572, 0.997568348,
2081.267765389, 0.997563318,
2081.288197306, 0.996750061,
2081.349492755, 0.996444319,
2081.369924470, 0.996913551,
2081.390356286, 0.996617715,
2081.410788101, 0.996370762,
2081.431219916, 0.995869234,
2081.451651730, 0.995739599,
2081.472083544, 0.996067059,
2081.492515358, 0.995299029,
2081.512947172, 0.996471897,
2081.533378986, 0.995466344,
2081.553810799, 0.996439313,
2081.574242612, 0.995830963,
2081.594674524, 0.996086329,
2081.615106237, 0.996996435,
2081.635538149, 0.996284836,
2081.655969961, 0.995799936,
2081.676401672, 0.997058867,
2081.696833583, 0.997648093,
2081.717265395, 0.998174174,
2081.737697105, 0.998441625,
2081.758129016, 0.998155930,
2081.778560826, 0.997653549,
2081.839856255, 0.996770526,
2081.860288064, 0.996984459,
2081.880719873, 0.996687024,
2081.901151681, 0.997116305,
2081.921583489, 0.996566446,
2081.942015298, 0.996643929,
2081.962447105, 0.996729000,
2081.982878913, 0.997107068,
2082.003310720, 0.996763534,
2082.023742527, 0.996704110,
2082.044174434, 0.997125933,
2082.064606240, 0.997110817,
2082.085037946, 0.997947851,
2082.105469852, 0.997351862,
2082.125901558, 0.997383838,
2082.146333363, 0.996527603,
2082.166765268, 0.996697229,
2082.187196973, 0.997347723,
2082.207628777, 0.997254928,
2082.228060681, 0.997938519,
2082.248492385, 0.998302172,
2082.268924189, 0.998608501,
2082.330219598, 0.997809836,
2082.350651501, 0.997850125,
2082.371083203, 0.998314349,
2082.391515006, 0.998638800,
2082.411946907, 0.998286966,
2082.432378709, 0.998612294,
2082.452810510, 0.998085105,
2082.473242311, 0.997642085,
2082.493674112, 0.997698531,
2082.514106012, 0.997593528,
2082.534537713, 0.997821722,
2082.554969513, 0.997643864,
2082.575401412, 0.997554021,
2082.595833112, 0.998091788,
2082.616264911, 0.998254576,
2082.636696810, 0.998107673,
2082.657128508, 0.997339039,
2082.677560307, 0.997988112,
2082.697992205, 0.997420628,
2082.718423903, 0.997450578,
2082.738855700, 0.997841858,
2082.759287598, 0.998154947,
2082.820582988, 0.998692271,
2082.841014684, 0.998826442,
2082.861446580, 0.998285107,
2082.881878376, 0.998711796,
2082.902310071, 0.997816133,
2082.922741967, 0.998398644,
2082.943173762, 0.998000865,
2082.963605456, 0.998173686,
2082.984037351, 0.998148856,
2083.004469145, 0.997549971,
2083.024900839, 0.996326096,
2083.045332732, 0.997370172,
2083.065764526, 0.996429620,
2083.106628112, 0.997028816,
2083.127059904, 0.997564023,
2083.147491597, 0.998436663,
2083.167923489, 0.998500598,
2083.188355281, 0.998638513,
2083.208787172, 0.998236931,
2083.229218864, 0.997867676,
2083.249650655, 0.999802564,
2083.310946026, 0.999182179,
2083.331377916, 0.999043859,
2083.351809706, 0.999786424,
2083.372241396, 0.999061807,
2083.392673285, 0.997812973,
2083.413105074, 0.998056067,
2083.433536762, 0.997209306,
2083.474400439, 0.998434270,
2083.494832127, 0.998115608,
2083.515264015, 0.998385094,
2083.535695802, 0.998117177,
2083.556127689, 0.998565161,
2083.576559376, 0.998736624,
2083.596991163, 0.998604897,
2083.617422949, 0.998469764,
2083.637854735, 0.998793537,
2083.658286421, 0.998686209,
2083.678718307, 0.998990863,
2083.699150093, 0.998441175,
2083.719581778, 0.999338360,
2083.740013663, 1.000947635,
2083.801309016, 0.998864812,
2083.821740800, 0.998813322,
2083.842172583, 0.999221931,
2083.862604366, 0.999455347,
2083.883036150, 0.999536920,
2083.903467932, 0.998834227,
2083.923899815, 0.998782661,
2083.944331498, 0.999382348,
2083.964763380, 0.998711203,
2083.985195161, 0.998999180,
2084.005626843, 0.999479596,
2084.026058724, 0.998929816,
2084.046490505, 0.999429137,
2084.066922186, 0.999294901,
2084.087354067, 0.999168044,
2084.107785847, 0.998965229,
2084.128217527, 0.998634893,
2084.148649407, 0.998932038,
2084.169081187, 0.998679435,
2084.189512966, 0.998540469,
2084.209944745, 0.998402876,
2084.230376524, 0.998745967,
2084.291671859, 0.998389296,
2084.312103637, 0.999293223,
2084.332535414, 0.999890257,
2084.352967192, 0.999234940,
2084.373398969, 1.000256938,
2084.393830746, 0.999281731,
2084.414262522, 0.999379622,
2084.434694399, 0.998933673,
2084.475557851, 0.998725189,
2084.495989726, 0.999457555,
2084.516421402, 0.999696390,
2084.536853177, 1.000117583,
2084.557285052, 1.000320238,
2084.577716726, 1.000232226,
2084.598148501, 0.999711079,
2084.618580375, 0.997728804,
2084.639012049, 0.997768681,
2084.659443822, 0.998161120,
2084.700307369, 0.998220987,
2084.720739242, 0.998097370,
2084.782034559, 0.996539685,
2084.802466331, 0.995557512,
2084.822898103, 0.996073917,
2084.843329874, 0.996208557,
2084.863761645, 0.996115053,
2084.884193416, 0.996220628,
2084.904625287, 0.996776559,
2084.925056957, 0.996734367,
2084.965920598, 0.996523880,
2085.006784037, 0.997443277,
2085.027215906, 0.997974365,
2085.047647575, 0.997677412,
2085.068079344, 0.998577651,
2085.088511213, 0.998361690,
2085.129374749, 0.998692875,
2085.149806417, 0.998304010,
2085.170238184, 0.998660915,
2085.190670052, 0.998055838,
2085.211101719, 0.997932916,
2085.231533485, 0.998146713,
2085.251965352, 0.998481616,
2085.272397118, 0.998607128,
2085.292828785, 0.997920412,
2085.313260650, 0.997199598,
2085.333692416, 0.997016428,
2085.354124081, 0.998233841,
2085.374555947, 0.998094607,
2085.394987712, 0.997517568,
2085.415419376, 0.997575417,
2085.435851241, 0.998688581,
2085.456283005, 0.998732217,
2085.517578296, 0.999394765,
2085.538010160, 0.998991270,
2085.558441823, 0.999779289,
2085.578873585, 0.999442080,
2085.599305448, 1.000057889,
2085.619737110, 0.998754757,
2085.640168872, 0.998210809,
2085.660600734, 0.998287256,
2085.681032396, 0.997952180,
2085.701464157, 0.997935072,
2085.762759440, 0.998733446,
2085.783191300, 1.000994587,
2085.803623060, 0.998623397,
2085.824054820, 0.998577573,
2085.844486580, 0.999246080,
2085.864918240, 0.997994376,
2085.885350099, 0.998605924,
2085.905781858, 0.999108404,
2085.926213517, 0.999805064,
2085.946645375, 1.000398513,
2085.967077134, 1.000481139,
2085.987508792, 1.000732192,
2086.007940650, 1.000721158,
2086.048804065, 1.000452963,
2086.069235922, 1.000830430,
2086.089667679, 1.001076286,
2086.110099436, 1.001219738,
2086.130531192, 1.000941619,
2086.150962948, 1.000624897,
2086.171394704, 1.000248565,
2086.191826460, 0.999820180,
2086.253121826, 1.000275991,
2086.273553481, 1.000474904,
2086.293985335, 1.000373757,
2086.314417090, 1.000168455,
2086.334848744, 0.999708808,
2086.355280598, 0.999950997,
2086.375712352, 1.000309506,
2086.396144005, 0.999266270,
2086.416575858, 0.998754072,
2086.437007611, 0.999786865,
2086.457439264, 0.999247907,
2086.477871117, 0.999791756,
2086.498302869, 0.999444532,
2086.518734521, 0.999434295,
2086.539166373, 0.998826871,
2086.559598025, 0.998705829,
2086.580029876, 0.999312918,
2086.600461628, 1.000045431,
2086.620893378, 1.000226375,
2086.641325129, 0.999748114,
2086.661756880, 0.999861225,
2086.682188630, 0.998929953,
2086.743483880, 0.998184876,
2086.763915629, 0.998430812,
2086.784347378, 0.997631181,
2086.804779127, 0.997704057,
2086.825210976, 0.997043943,
2086.845642624, 0.997538630,
2086.866074373, 0.997582995,
2086.886506221, 0.997787371,
2086.906937869, 0.997657711,
2086.927369716, 0.997246401,
2086.947801464, 0.997479152,
2086.968233111, 0.998156235,
2086.988664958, 0.998007734,
2087.009096704, 0.998274616,
2087.029528351, 0.997520194,
2087.049960197, 0.997971047,
2087.070391943, 0.998168129,
2087.090823689, 0.997135822,
2087.111255435, 0.997945954,
2087.131687180, 0.998574668,
2087.152118925, 0.999427131,
2087.172550670, 0.997495219,
2087.233845904, 0.998779599,
2087.254277648, 0.999331089,
2087.274709491, 0.998097396,
2087.295141135, 0.999165991,
2087.315572878, 0.998841321,
2087.336004722, 0.999140125,
2087.356436365, 0.999979017,
2087.376868107, 1.000316074,
2087.397299950, 1.000142361,
2087.417731592, 0.999994047,
2087.438163334, 0.999625534,
2087.458595176, 1.001261277,
2087.479026818, 1.000500235,
2087.499458559, 1.000836105,
2087.519890400, 1.001050257,
2087.540322041, 1.001415849,
2087.560753782, 1.000527604,
2087.581185623, 1.000067991,
2087.601617263, 0.999080865,
2087.622049103, 0.998667548,
2087.642480843, 0.999474941,
2087.662912583, 0.999179079,
2087.724207801, 0.999441196,
2087.744639639, 0.999436501,
2087.765071278, 0.999850829,
2087.785503016, 0.999226751,
2087.805934854, 0.999907805,
2087.826366492, 0.999988517,
2087.846798230, 0.999969866,
2087.867230068, 1.001218743,
2087.908093442, 0.999882798,
2087.928525279, 1.000453276,
2087.948956916, 1.000057733,
2087.969388652, 0.999018376,
2087.989820388, 0.999475027,
2088.010252124, 1.000523144,
2088.030683960, 0.999599283,
2088.051115596, 1.000206985,
2088.071547331, 1.000047180,
2088.112410901, 0.999035141,
2088.132842536, 0.997711563,
2088.153274371, 0.997828386,
2088.214569573, 0.998740397,
2088.235001307, 0.999142396,
2088.255432940, 0.998669721,
2088.275864774, 0.999310673,
2088.296296507, 0.999060371,
2088.316728140, 0.998700651,
2088.337159972, 0.999201615,
2088.357591705, 1.000048678,
2088.378023537, 0.999589917,
2088.398455169, 1.000828650,
2088.418886901, 1.000746824,
2088.439318732, 1.000437160,
2088.459750364, 1.000213980,
2088.480182095, 1.000077448,
2088.500613926, 1.000714509,
2088.521045557, 1.000952611,
2088.541477287, 1.000627546,
2088.561909118, 1.000305160,
2088.582340848, 1.000228095,
2088.602772478, 1.000806241,
2088.623204307, 1.000534715,
2088.643636037, 1.000088822,
2088.684499496, 1.000147162,
2088.704931224, 1.000502559,
2088.725362953, 1.000304440,
2088.745794682, 1.000212738,
2088.766226310, 1.000508010,
2088.786658138, 1.000364128,
2088.807089866, 1.000062699,
2088.827521493, 1.000482439,
2088.847953321, 0.999947332,
2088.868385048, 1.000872791,
2088.888816675, 1.001676200,
2088.909248502, 1.001952103,
2088.929680229, 1.001799842,
2088.950111955, 1.001941783,
2088.970543682, 1.001863257,
2088.990975408, 1.001058322,
2089.011407134, 1.000393913,
2089.031838859, 0.999887585,
2089.052270584, 1.000774876,
2089.072702410, 1.001269061,
2089.093134135, 0.999705093,
2089.113565760, 1.000121469,
2089.133997584, 1.000059203,
2089.195292757, 0.999533258,
2089.215724481, 0.999214514,
2089.236156104, 0.999813049,
2089.256587928, 1.000096297,
2089.277019651, 1.000700364,
2089.297451274, 1.000223058,
2089.317883097, 1.000519273,
2089.338314820, 1.000128985,
2089.358746442, 0.999256851,
2089.379178264, 0.999789051,
2089.399609886, 1.000377689,
2089.420041708, 1.000779515,
2089.440473430, 1.001151446,
2089.460905051, 1.000248419,
2089.481336872, 1.000185931,
2089.501768593, 1.000361254,
2089.522200314, 0.999850409,
2089.542632035, 0.999356330,
2089.563063755, 0.998823132,
2089.583495475, 0.999605266,
2089.603927196, 1.000099083,
2089.624358915, 1.000031764,
2089.706085793, 0.999301718,
2089.726517612, 0.999457676,
2089.746949230, 0.998425815,
2089.767381049, 0.999132813,
2089.787812767, 0.999330624,
2089.808244385, 0.998699012,
2089.828676203, 0.998779587,
2089.849107921, 0.998603535,
2089.869539538, 0.998559684,
2089.889971355, 0.999028798,
2089.910403073, 0.998918322,
2089.930834789, 0.998905012,
2089.951266506, 0.999925859,
2089.971698223, 0.999850571,
2089.992129939, 1.000140788,
2090.012561655, 1.000350533,
2090.032993371, 1.000828658,
2090.053425087, 1.000127564,
2090.073856803, 1.000212423,
2090.094288518, 1.000166933,
2090.114720333, 0.999750186,
2090.135151948, 1.000357307,
2090.155583663, 1.000054665,
2090.176015477, 1.001185315,
2090.196447092, 1.000659159,
2090.216878806, 0.999145404,
2090.237310620, 0.999775129,
2090.257742234, 0.999231880,
2090.278173948, 1.000250836,
2090.298605761, 1.000097747,
2090.319037374, 1.000584547,
2090.339469087, 1.000017906,
2090.359900900, 0.999745874,
2090.421196038, 1.000210791,
2090.441627650, 1.000718796,
2090.462059462, 1.001288431,
2090.482491174, 1.000893698,
2090.502922885, 1.001922228,
2090.523354597, 1.001447404,
2090.543786308, 1.001177046,
2090.564218019, 1.000622465,
2090.584649729, 0.999970643,
2090.605081440, 0.999522201,
2090.625513151, 0.999903629,
2090.645944961, 1.000275519,
2090.666376571, 1.000697984,
2090.686808281, 1.000095524,
2090.707240091, 1.000355935,
2090.727671700, 0.999791321,
2090.748103409, 0.999647665,
2090.788966827, 1.000213641,
2090.809398636, 1.000397222,
2090.829830345, 1.000682857,
2090.850261953, 1.000597061,
2090.870693761, 0.999828005,
2090.891125370, 0.999247426,
2090.911557077, 0.999521115,
2090.931988885, 0.999293668,
2090.972852200, 0.999117611,
2090.993284007, 0.999622989,
2091.013715714, 0.999729928,
2091.034147321, 0.999740369,
2091.054579127, 1.000640425,
2091.075010833, 0.999043703,
2091.095442540, 1.000173759,
2091.156737757, 1.000118931,
2091.177169362, 1.000644154,
2091.197601068, 1.000478777,
2091.218032873, 1.000784489,
2091.238464478, 1.001074762,
2091.258896183, 1.000940921,
2091.279327987, 1.001170211,
2091.299759592, 1.001553221,
2091.320191296, 1.001416585,
2091.340623100, 1.001260991,
2091.361054704, 1.000713443,
2091.381486407, 1.001133655,
2091.422349814, 1.000286552,
2091.442781617, 0.999627597,
2091.463213320, 0.999251363,
2091.483645023, 0.999148933,
2091.504076726, 1.000394945,
2091.524508428, 1.000538510,
2091.544940130, 1.000802694,
2091.565371832, 1.001081653,
2091.585803534, 1.001298372,
2091.667530240, 1.001985796,
2091.687962041, 1.002436125,
2091.708393742, 1.001806980,
2091.728825342, 1.001798894,
2091.749257143, 1.001386654,
2091.769688843, 1.001882350,
2091.790120643, 1.000926767,
2091.810552243, 1.001625292,
2091.830983943, 1.000996513,
2091.892279041, 1.002707032,
2091.912710840, 1.003010215,
2091.933142439, 1.001560181,
2091.953574138, 1.001799752,
2091.974005937, 1.002138109,
2091.994437635, 1.001363261,
2092.014869233, 1.001406254,
2092.035301031, 1.002500173,
2092.055732729, 1.002242456,
2092.076164327, 1.002537109,
2092.096596124, 1.002587979,
2092.117027821, 1.002617700,
2092.137459619, 1.002508356,
2092.157891216, 1.001981143,
2092.178322912, 1.001944968,
2092.198754709, 1.001875539,
2092.219186306, 1.002232466,
2092.239618002, 1.002346939,
2092.260049698, 1.001900245,
2092.280481394, 1.000547337,
2092.300912990, 1.000746423,
2092.321344785, 1.001187835,
2092.341776481, 1.000269054,
2092.362208176, 1.001201092,
2092.403071566, 1.001458251,
2092.423503361, 1.001660161,
2092.443934956, 1.001555458,
2092.464366650, 1.001777931,
2092.484798445, 1.001695106,
2092.505230139, 1.000968992,
2092.525661733, 0.999971447,
2092.566525220, 1.001124768,
2092.627820300, 1.001371112,
2092.648251893, 1.001540446,
2092.668683686, 1.001590829,
2092.689115379, 1.001244805,
2092.709546971, 1.001449253,
2092.729978763, 1.001379860,
2092.750410455, 1.001576877,
2092.770842247, 1.001626082,
2092.791273839, 1.000946754,
2092.811705531, 1.000970705,
2092.832137322, 1.001163481,
2092.852568913, 1.000068070,
2092.873000605, 1.000088108,
2092.893432395, 0.999627030,
2092.913863986, 1.000311252,
2092.934295677, 1.001178193,
2092.954727467, 1.001224160,
2092.975159158, 1.001378684,
2092.995590748, 1.001227133,
2093.016022538, 1.001791928,
2093.036454128, 1.001196698,
2093.056885817, 1.000714277,
2093.077317607, 1.001563667,
2093.097749196, 1.000920016,
2093.118180985, 1.001086078,
2093.138612674, 1.001288133,
2093.159044263, 1.001850205,
2093.179476052, 1.001514256,
2093.199907741, 1.000849520,
2093.220339329, 1.001370549,
2093.240771117, 1.001486889,
2093.261202805, 1.001348079,
2093.281634393, 1.001687161,
2093.302066181, 1.001510278,
2093.322497868, 1.002257773,
2093.342929556, 1.002431642,
2093.363361243, 1.001080678,
2093.383792930, 1.001917258,
2093.404224717, 1.001525431,
2093.424656304, 1.002045387,
2093.445087990, 1.002781279,
2093.465519777, 1.002612608,
2093.485951463, 1.002197889,
2093.506383049, 1.002091786,
2093.526814835, 1.001982777,
2093.547246521, 1.001588082,
2093.608541578, 1.000254148,
2093.628973163, 1.000604005,
2093.649404948, 1.001453511,
2093.669836633, 1.001782118,
2093.690268217, 1.001853389,
2093.710700002, 1.001337206,
2093.751563371, 1.001412863,
2093.771995055, 1.001529498,
2093.792426639, 1.002071458,
2093.833290106, 1.002028025,
2093.853721790, 1.001186337,
2093.874153473, 1.001309250,
2093.894585156, 1.000938456,
2093.915016839, 1.000282595,
2093.935448522, 1.000731164,
2093.955880205, 1.000652848,
2093.976311887, 1.000943988,
2093.996743570, 1.001662480,
2094.017175252, 1.001259024,
2094.037607034, 1.000436224,
2094.058038716, 1.000612694,
2094.078470298, 1.000683842,
2094.098902080, 1.000545373,
2094.119333761, 0.999904403,
2094.139765342, 1.001186567,
2094.160197124, 1.001446349,
2094.180628805, 1.000949884,
2094.201060386, 1.000953296,
2094.241923847, 1.000912103,
2094.262355427, 1.000057025,
2094.282787208, 0.999477019,
2094.303218888, 0.999503352,
2094.323650668, 0.999653015,
2094.344082248, 0.999569075,
2094.364513927, 0.998862768,
2094.384945607, 1.000043870,
2094.405377286, 1.000374199,
2094.425808966, 1.000455879,
2094.446240645, 1.000869031,
2094.466672324, 1.001295129,
2094.487104003, 1.000844963,
2094.507535681, 1.001846451,
2094.527967360, 1.002190956,
2094.589262394, 1.001817630,
2094.609694072, 1.001511280,
2094.630125850, 1.002451686,
2094.650557428, 1.002963747,
2094.670989205, 1.003757873,
2094.691420883, 1.003367963,
2094.711852460, 1.003589393,
2094.732284237, 1.004109712,
2094.752715914, 1.004282500,
2094.773147491, 1.002609571,
2094.793579267, 1.002845443,
2094.814010943, 1.001086880,
2094.834442520, 1.001928571,
2094.854874296, 1.001516916,
2094.875305972, 1.000397200,
2094.895737648, 1.001645817,
2094.916169324, 1.001709868,
2094.936600999, 1.000547380,
2094.957032775, 1.000494030,
2094.977464350, 1.000561626,
2094.997896025, 1.000244422,
2095.018327800, 1.000786844,
2095.038759475, 1.000093992,
2095.059191050, 1.001625527,
2095.079622825, 1.000865117,
2095.100054499, 1.000981373,
2095.120486074, 1.000578823,
2095.140917848, 1.000863409,
2095.161349422, 1.001416958,
2095.181781096, 1.001546223,
2095.202212870, 1.001277896,
2095.222644443, 1.001593182,
2095.243076217, 1.001484926,
2095.263507890, 1.001932449,
2095.324802909, 1.001614608,
2095.345234482, 1.002388405,
2095.365666255, 1.001950829,
2095.386097927, 1.001315325,
2095.406529600, 1.001862978,
2095.426961272, 1.002357734,
2095.447392944, 1.002319700,
2095.467824616, 1.001610122,
2095.488256288, 1.001304300,
2095.508687959, 1.001644822,
2095.569982974, 1.002096158,
2095.590414745, 1.002754620,
2095.610846416, 1.003089250,
2095.631277987, 1.003077222,
2095.651709758, 1.003192539,
2095.672141428, 1.002219746,
2095.692572999, 1.002597652,
2095.713004769, 1.002522552,
2095.733436439, 1.002802974,
2095.753868009, 1.002922998,
2095.774299779, 1.003385566,
2095.794731449, 1.003290883,
2095.815163019, 1.002993627,
2095.835594788, 1.002794084,
2095.856026458, 1.002446774,
2095.876458127, 1.002789239,
2095.896889796, 1.001700339,
2095.917321465, 1.003070775,
2095.937753134, 1.003211179,
2095.958184803, 1.002871238,
2095.978616471, 1.003493345,
2095.999048140, 1.002752169,
2096.039911476, 1.001766811,
2096.060343244, 1.002915731,
2096.080774812, 1.002108605,
2096.101206480, 1.002542876,
2096.121638248, 1.002705198,
2096.142069815, 1.002501823,
2096.162501583, 1.002462209,
2096.182933250, 1.001462563,
2096.203364817, 1.002226598,
2096.223796584, 1.002329195,
2096.244228251, 1.002374279,
2096.264659818, 1.002400101,
2096.285091585, 1.003076507,
2096.305523251, 1.002352696,
2096.325954817, 1.002225422,
2096.346386584, 1.002405807,
2096.366818250, 1.001288448,
2096.387249916, 1.002092406,
2096.407681582, 1.001809520,
2096.428113247, 1.002393681,
2096.448545013, 1.002086132,
2096.468976579, 1.002338137,
2096.489408244, 1.001893180,
2096.550703239, 0.999589686,
2096.571135004, 0.999744227,
2096.591566569, 1.000120188,
2096.611998234, 0.999789557,
2096.632429998, 1.000668473,
2096.652861562, 1.000780277,
2096.673293227, 1.000630921,
2096.693724991, 1.000378784,
2096.734588319, 1.000205066,
2096.755019982, 1.000841799,
2096.775451546, 1.000449070,
2096.795883309, 1.001046377,
2096.816314973, 1.000792425,
2096.836746536, 1.001091370,
2096.857178299, 1.000626219,
2096.877609962, 1.000799718,
2096.898041625, 1.001138270,
2096.918473288, 1.001071609,
2096.938904950, 1.001691338,
2096.959336613, 1.001777659,
2096.979768275, 1.001888618,
2097.000199938, 1.001468538,
2097.020631700, 1.001297996,
2097.041063362, 1.001737120,
2097.061494924, 1.000501211,
2097.102358347, 1.001323768,
2097.143221670, 1.001474231,
2097.163653331, 1.002415620,
2097.184084893, 1.002396590,
2097.204516654, 1.002063753,
2097.224948315, 1.001787549,
2097.245379875, 1.000954106,
2097.265811636, 1.000895420,
2097.286243197, 1.001192950,
2097.306674857, 1.002147404,
2097.327106618, 1.002452141,
2097.347538178, 1.001959782,
2097.367969938, 1.002471807,
2097.388401598, 1.002072756,
2097.408833258, 1.002005810,
2097.429264917, 1.002559758,
2097.449696577, 1.001564668,
2097.470128237, 1.000549411,
2097.551854974, 1.001585900,
2097.572286533, 1.001665848,
2097.592718191, 1.001946302,
2097.613149950, 1.001585098,
2097.633581509, 1.002762465,
2097.654013267, 1.003516024,
2097.674444926, 1.002776825,
2097.694876484, 1.001855699,
2097.715308242, 1.002301140,
2097.735739900, 1.001552697,
2097.756171458, 1.002116510,
2097.776603216, 1.001305377,
2097.797034874, 1.002017767,
2097.817466431, 1.002091941,
2097.837898189, 1.001911379,
2097.858329846, 1.001966956,
2097.878761503, 1.002339089,
2097.899193160, 1.002057406,
2097.919624817, 1.001947807,
2097.940056474, 1.001676922,
2097.960488131, 1.001491339,
2097.980919788, 1.001088302,
2098.021783101, 1.002028556,
2098.042214757, 1.002831000,
2098.062646413, 1.002473741,
2098.083078070, 1.001964670,
2098.103509726, 1.002524923,
2098.123941481, 1.001621377,
2098.144373037, 1.001920936,
2098.164804693, 1.002211409,
2098.185236449, 1.001952420,
2098.205668004, 1.001218537,
2098.266962970, 1.001338401,
2098.287394725, 1.000718504,
2098.307826380, 1.001409837,
2098.328257935, 1.001336655,
2098.348689689, 1.001247942,
2098.369121344, 1.001469542,
2098.389552999, 1.001770860,
2098.409984653, 1.001890598,
2098.430416307, 1.001807352,
2098.450847961, 1.001629445,
2098.471279615, 1.001966350,
2098.491711269, 1.002023520,
2098.512143023, 1.002789329,
2098.532574577, 1.002355464,
2098.553006231, 1.002995964,
2098.573437984, 1.002560002,
2098.593869638, 1.003079091,
2098.614301191, 1.002727503,
2098.634732944, 1.002902131,
2098.655164498, 1.002596524,
2098.675596151, 1.003646596,
2098.696027904, 1.004088785,
2098.716459456, 1.007543626,
2098.736891109, 1.006313863,
2098.757322862, 1.006401526,
2098.777754414, 1.005028153,
2098.818617819, 1.004791744,
2098.839049371, 1.004600193,
2098.859481123, 1.004398483,
2098.879912775, 1.004698574,
2098.900344327, 1.004733299,
2098.920776079, 1.004234910,
2098.941207731, 1.003940427,
2098.961639382, 1.002582604,
2098.982071034, 1.002067334,
2099.002502685, 1.001802360,
2099.022934336, 1.001916265,
2099.043366088, 1.002289635,
2099.063797639, 1.002811315,
2099.084229390, 1.002956227,
2099.104661041, 1.002850404,
2099.125092592, 1.002884006,
2099.145524342, 1.001996882,
2099.186387543, 1.003318974,
2099.206819294, 1.003872413,
2099.247682494, 1.004235610,
2099.268114244, 1.003788870,
2099.288545894, 1.005092110,
2099.308977444, 1.003596402,
2099.329409194, 1.002628154,
2099.349840844, 1.002528251,
2099.370272494, 1.002542953,
2099.390704143, 1.002215688,
2099.411135793, 1.003135705,
2099.431567442, 1.002638438,
2099.492862389, 1.002574497,
2099.513294038, 1.002049348,
2099.533725687, 1.001771124,
2099.554157336, 1.001891518,
2099.574588985, 1.002361772,
2099.595020733, 1.002447924,
2099.615452382, 1.003151658,
2099.635883930, 1.003147860,
2099.656315679, 1.004125798,
2099.676747327, 1.004081610,
2099.697178875, 1.004474956,
2099.738042271, 1.004087592,
2099.758473819, 1.004042915,
2099.778905566, 1.004184055,
2099.799337214, 1.003916455,
2099.819768762, 1.004352537,
2099.840200509, 1.004285023,
2099.860632156, 1.002915784,
2099.881063904, 1.003631692,
2099.901495451, 1.003049581,
2099.921927098, 1.002356338,
2099.983222039, 1.003594287,
2100.003653786, 1.003541980,
2100.024085332, 1.003097504,
2100.044516979, 1.003113889,
2100.064948625, 1.004029553,
2100.085380272, 1.003937123,
2100.105811918, 1.003754883,
2100.126243664, 1.004196596,
2100.146675210, 1.003319125,
2100.167106956, 1.002885692,
2100.187538602, 1.003534527,
2100.207970148, 1.002402400,
2100.228401894, 1.002925209,
2100.248833540, 1.002530772,
2100.269265085, 1.002515711,
2100.289696831, 1.003285933,
2100.310128476, 1.003981092,
2100.330560022, 1.003610844,
2100.350991767, 1.004203993,
2100.371423412, 1.003949755,
2100.391854957, 1.003611927,
2100.412286702, 1.003765210,
2100.432718347, 1.004343905,
2100.453150092, 1.004563628,
2100.473581637, 1.005177246,
2100.494013281, 1.004506613,
2100.514445026, 1.005741177,
2100.534876570, 1.004401778,
2100.555308215, 1.004337479,
2100.575739959, 1.004161062,
2100.596171603, 1.004397754,
2100.616603148, 1.004241406,
2100.637034892, 1.004740990,
2100.657466536, 1.003337590,
2100.677898080, 1.004011576,
2100.698329823, 1.003373845,
2100.718761467, 1.002917203,
2100.739193211, 1.002615785,
2100.759624754, 1.002788416,
2100.780056398, 1.002959724,
2100.800488041, 1.003333044,
2100.820919685, 1.003365477,
2100.841351228, 1.003390413,
2100.861782971, 1.003368233,
2100.882214614, 1.002307513,
2100.902646157, 1.002353221,
2100.923077900, 1.002776353,
2100.943509543, 1.002436733,
2100.963941186, 1.003553623,
2100.984372829, 1.002536713,
2101.004804471, 1.002763300,
2101.025236214, 1.003401044,
2101.045667756, 1.002352309,
2101.066099399, 1.002596256,
2101.086531141, 1.003583824,
2101.106962783, 1.002112770,
2101.127394325, 1.003342269,
2101.147826067, 1.003216387,
2101.168257709, 1.003385567,
2101.188689251, 1.003331818,
2101.209120993, 1.002744395,
2101.229552635, 1.002435323,
2101.249984377, 1.002314259,
2101.270415918, 1.002427731,
2101.290847560, 1.001921173,
2101.311279301, 1.002447363,
2101.331710842, 1.002513353,
2101.352142484, 1.003060650,
2101.372574225, 1.002374192,
2101.393005766, 1.002259722,
2101.454300689, 1.002273089,
2101.495163971, 1.003696715,
2101.515595612, 1.004350526,
2101.536027352, 1.004727225,
2101.556458893, 1.004751971,
2101.576890533, 1.004087536,
2101.597322274, 1.004133685,
2101.617753814, 1.004311091,
2101.638185454, 1.004086538,
2101.658617195, 1.004605459,
2101.679048835, 1.004414343,
2101.699480375, 1.003852701,
2101.719912115, 1.003547184,
2101.740343755, 1.002188365,
2101.760775295, 1.002481778,
2101.781207034, 1.002584917,
2101.801638674, 1.001253424,
2101.822070414, 1.002102549,
2101.842501953, 1.002871367,
2101.862933593, 1.003433490,
2101.883365332, 1.003246758,
2101.903796872, 1.002743126,
2101.924228511, 1.003455781,
2101.944660250, 1.002850853,
2101.965091789, 1.003444625,
2102.005955167, 1.003362174,
2102.026386706, 1.004633558,
2102.046818445, 1.004886004,
2102.067250084, 1.005373954,
2102.087681723, 1.004913817,
2102.108113362, 1.005503955,
2102.128545000, 1.004475258,
2102.148976639, 1.004997470,
2102.169408277, 1.004630562,
2102.189839916, 1.004971194,
2102.210271454, 1.005329024,
2102.230703192, 1.004911118,
2102.251134831, 1.004814858,
2102.291998107, 1.004286972,
2102.312429745, 1.004634259,
2102.332861483, 1.004976076,
2102.353293021, 1.005400638,
2102.373724658, 1.005433271,
2102.394156396, 1.005870850,
2102.414587934, 1.006093086,
2102.435019572, 1.006637095,
2102.455451309, 1.006758857,
2102.475882847, 1.006502631,
2102.496314484, 1.006038795,
2102.516746221, 1.006269538,
2102.537177759, 1.005946075,
2102.557609396, 1.005884682,
2102.578041133, 1.006269081,
2102.598472770, 1.006337257,
2102.618904408, 1.005463762,
2102.639336045, 1.004828356,
2102.659767681, 1.004181190,
2102.680199318, 1.004546796,
2102.700630955, 1.006108635,
2102.721062592, 1.004566310,
2102.741494329, 1.004666428,
2102.761925865, 1.004757676,
2102.782357502, 1.005245317,
2102.802789138, 1.005018546,
2102.823220775, 1.005250297,
2102.843652511, 1.005019557,
2102.864084148, 1.004472575,
2102.884515684, 1.004677685,
2102.904947420, 1.004534948,
2102.925378956, 1.004171460,
2102.945810593, 1.003650995,
2102.966242329, 1.003087396,
2102.986673865, 1.002668058,
2103.007105501, 1.002667285,
2103.027537236, 1.002456342,
2103.047968772, 1.003723840,
2103.068400408, 1.003373243,
2103.088832144, 1.003131151,
2103.109263779, 1.004441058,
2103.129695415, 1.003209728,
2103.150127051, 1.003281002,
2103.170558686, 1.002825343,
2103.190990322, 1.003290737,
2103.211421957, 1.003328610,
2103.231853592, 1.003740618,
2103.252285228, 1.003989874,
2103.272716863, 1.003229490,
2103.293148498, 1.003083400,
2103.334011768, 1.002365409,
2103.354443403, 1.001632963,
2103.436170043, 1.003586181,
2103.456601577, 1.002739954,
2103.477033312, 1.003379880,
2104.089982330, 1.001440526,
2104.110414063, 1.002085266,
2104.130845696, 1.001488770,
2104.151277429, 1.001555299,
2104.171708962, 1.000960677,
2104.192140595, 1.001471350,
2104.212572228, 1.001259602,
2104.233003861, 1.001024787,
2104.253435494, 1.000720271,
2104.273867127, 1.001974146,
2104.294298759, 1.002653455,
2104.314730392, 1.003759859,
2104.335162125, 1.002945404,
2104.376025290, 1.003807373,
2104.396457023, 1.004011419,
2104.416888555, 1.003466562,
2104.437320288, 1.003820475,
2104.457751920, 1.003561710,
2104.478183453, 1.004017966,
2104.498615185, 1.004135914,
2104.519046817, 1.003884657,
2104.539478349, 1.004072058,
2104.559910082, 1.004409494,
2104.580341714, 1.003786171,
2104.621204978, 1.003869387,
2104.641636610, 1.004157802,
2104.662068342, 1.003747322,
2104.702931506, 1.003122621,
2104.723363238, 1.002137723,
2104.743794770, 1.002059823,
2104.764226402, 1.001470744,
2104.784658134, 1.001271032,
2104.805089765, 1.001242838,
2104.825521297, 1.000960504,
2104.866384661, 1.001301701,
2104.886816292, 1.002468460,
2104.907247924, 1.002309719,
2104.927679555, 1.002493567,
2104.948111187, 1.002224226,
2104.968542818, 1.002740479,
2104.988974350, 1.003539874,
2105.009406081, 1.003580806,
2105.029837712, 1.004350641,
2105.111564138, 1.004409552,
2105.131995869, 1.003707607,
2105.152427500, 1.003541185,
2105.172859231, 1.003919399,
2105.193290762, 1.003546452,
2105.213722393, 1.003238892,
2105.234154124, 1.003212139,
2105.254585655, 1.002821703,
2105.275017286, 1.002294028,
2105.295449017, 1.001860314,
2105.315880648, 1.001863108,
2105.377175540, 1.003550377,
2105.397607171, 1.003597196,
2105.418038802, 1.004073946,
2105.438470433, 1.003536616,
2105.458902163, 1.003296248,
2105.479333694, 1.003955503,
2105.499765325, 1.003362690,
2105.520197055, 1.003381698,
2105.540628586, 1.002316999,
2105.561060216, 1.003196877,
2105.581491947, 1.002799598,
2105.601923477, 1.002461098,
2105.642786838, 1.002705157,
2105.663218368, 1.002431129,
2105.683650099, 1.003300971,
2105.704081629, 1.004143417,
2105.724513259, 1.004007687,
2105.744944990, 1.004186114,
2105.765376520, 1.003954167,
2105.785808150, 1.004103229,
2105.806239880, 1.004408664,
2105.847103141, 1.004125006,
2105.867534771, 1.004904444,
2105.887966401, 1.004244388,
2105.908398031, 1.004528508,
2105.969693021, 1.003619927,
2105.990124551, 1.003312432,
2106.010556181, 1.003148273,
2106.030987911, 1.003726996,
2106.051419441, 1.003046736,
2106.092282800, 1.003482733,
2106.112714330, 1.003610646,
2106.133146060, 1.003820063,
2106.153577690, 1.003767389,
2106.174009219, 1.003875614,
2106.194440949, 1.004485897,
2106.214872579, 1.004276186,
2106.235304108, 1.003963646,
2106.255735838, 1.003184727,
2106.276167468, 1.002685839,
2106.296599097, 1.002972155,
2106.337462357, 1.001512651,
2106.357893986, 1.001439723,
2106.378325616, 1.001852873,
2106.398757245, 1.002192320,
2106.419188875, 1.002656201,
2106.439620504, 1.002675909,
2106.460052133, 1.003144658,
2106.480483763, 1.003143764,
2106.500915392, 1.003057583,
2106.521347022, 1.002917953,
2106.541778751, 1.002235858,
2106.582642010, 1.003292207,
2106.603073639, 1.003836490,
2106.623505168, 1.004447088,
2106.643936898, 1.003995089,
2106.664368527, 1.003471943,
2106.684800056, 1.003362901,
2106.705231785, 1.002347010,
2106.725663414, 1.002144795,
2106.746094944, 1.002602827,
2106.766526673, 1.002048995,
2106.786958302, 1.002769979,
2106.827821560, 1.002669476,
2106.848253189, 1.002295948,
2106.868684919, 1.002481211,
2106.889116448, 1.002071746,
2106.909548077, 1.003123889,
2106.929979806, 1.003019245,
2106.950411335, 1.003666861,
2106.970842964, 1.004314304,
2106.991274693, 1.004415203,
2107.011706322, 1.005050786,
2107.032137951, 1.003584160,
2107.073001109, 1.004609388,
2107.093432838, 1.004541994,
2107.113864467, 1.004661484,
2107.134295996, 1.004325258,
2107.154727724, 1.003812694,
2107.175159353, 1.003834953,
2107.216022611, 1.003258449,
2107.236454240, 1.002711774,
2107.256885969, 1.002762615,
2107.277317498, 1.003328868,
2107.338612384, 1.002943190,
2107.359044013, 1.002512696,
2107.379475742, 1.002602555,
2107.399907271, 1.003253289,
2107.420338899, 1.003208532,
2107.440770628, 1.003131333,
2107.461202257, 1.002986537,
2107.481633886, 1.003108490,
2107.502065514, 1.003224391,
2107.522497143, 1.003060280,
2107.542928772, 1.003455701,
2107.563360400, 1.003565291,
2107.583792029, 1.003357017,
2107.604223758, 1.003654044,
2107.624655287, 1.004148372,
2107.645086915, 1.004719092,
2107.665518644, 1.004930937,
2107.685950173, 1.005193822,
2107.706381901, 1.004385907,
2107.726813430, 1.004108123,
2107.747245059, 1.003866338,
2107.808539944, 1.003821633,
2107.828971673, 1.003190415,
2107.849403202, 1.003543269,
2107.869834830, 1.001675210,
2107.890266559, 1.001702198,
2107.910698088, 1.001313250,
2107.931129716, 1.001558594,
2107.951561445, 1.001938903,
2107.971992974, 1.002052717,
2107.992424702, 1.002149890,
2108.053719588, 1.002434279,
2108.074151217, 1.002749410,
2108.094582845, 1.002068391,
2108.115014474, 1.002595215,
2108.135446102, 1.002203181,
2108.155877731, 1.003424202,
2108.176309460, 1.003404126,
2108.196740988, 1.003469176,
2108.217172717, 1.002894301,
2108.237604345, 1.002510810,
2108.319330760, 1.003467939,
2108.339762488, 1.002712406,
2108.360194117, 1.002043479,
2108.380625645, 1.002491718,
2108.401057374, 1.001522740,
2108.421489003, 1.002032104,
2108.441920631, 1.001935644,
2108.462352260, 1.002099294,
2108.482783789, 1.001972269,
2108.503215517, 1.003406106,
2108.544078774, 1.004353055,
2108.564510403, 1.005036709,
2108.584942032, 1.005176478,
2108.605373660, 1.004515552,
2108.625805289, 1.004709736,
2108.646236918, 1.004988086,
2108.666668646, 1.005156701,
2108.687100275, 1.004874730,
2108.707531803, 1.004896985,
2108.727963532, 1.004917518,
2108.789258418, 1.004459400,
2108.809690047, 1.004046602,
2108.830121576, 1.004199892,
2108.850553304, 1.005010452,
2108.870984933, 1.004997433,
2108.891416662, 1.005114186,
2108.911848190, 1.006569946,
2108.932279819, 1.004930548,
2108.952711548, 1.004912805,
2108.973143077, 1.003905993,
2108.993574705, 1.003759098,
2109.034437963, 1.004670412,
2109.054869592, 1.004448934,
2109.075301320, 1.004908397,
2109.095732849, 1.004584969,
2109.116164578, 1.004837758,
2109.157027736, 1.003687463,
2109.177459464, 1.004647865,
2109.197890993, 1.004921735,
2109.218322622, 1.003581478,
2109.320480867, 1.004697510,
2109.340912595, 1.004486961,
2109.361344124, 1.004123966,
2109.381775753, 1.004043900,
2109.402207482, 1.004220106,
2109.422639011, 1.004731027,
2109.443070640, 1.004793209,
2109.463502369, 1.004529079,
2109.483933898, 1.003931966,
2109.524797256, 1.004664677,
2109.545228785, 1.005755877,
2109.565660515, 1.006330856,
2109.586092144, 1.005686203,
2109.606523673, 1.005470738,
2109.647387031, 1.005623467,
2109.708681918, 1.004795363,
2109.729113548, 1.004864446,
2109.769976806, 1.004851171,
2109.790408435, 1.004943133,
2109.810840165, 1.004688212,
2109.831271694, 1.005101559,
2109.851703423, 1.004065989,
2109.872134953, 1.005121010,
2109.892566582, 1.005573820,
2109.912998311, 1.006150122,
2109.933429841, 1.005220802,
2109.953861470, 1.005478481,
2109.974293199, 1.005014536,
2110.015156458, 1.004149323,
2110.056019617, 1.004939432,
2110.076451347, 1.004664107,
2110.096882976, 1.004850021,
2110.117314506, 1.005175365,
2110.137746235, 1.005525300,
2110.158177865, 1.004504232,
2110.178609495, 1.004227771,
2110.199041124, 1.004395125,
2110.280767643, 1.005284659,
2110.301199373, 1.005245208,
2110.321631003, 1.005059677,
2110.342062532, 1.004900346,
2110.362494262, 1.005338899,
2110.382925892, 1.004500184,
2110.403357522, 1.004449248,
2110.423789152, 1.005467290,
2110.444220782, 1.005682576,
2110.464652412, 1.005892086,
2110.505515572, 1.004972531,
2110.525947302, 1.004354601,
2110.546378932, 1.004226573,
2110.566810462, 1.004027743,
2110.587242192, 1.004403136,
2110.607673822, 1.004303023,
2110.628105552, 1.004172470,
2110.648537082, 1.004225613,
2110.668968712, 1.004642654,
2110.689400443, 1.003959952,
2110.709831973, 1.003766571,
2110.771126864, 1.003212118,
2110.791558494, 1.003790075,
2110.811990225, 1.004269751,
2110.832421755, 1.004558510,
2110.852853486, 1.005297800,
2110.873285116, 1.004740318,
2110.893716747, 1.004146712,
2110.914148377, 1.004564253,
2110.934580008, 1.003630299,
2110.955011638, 1.004282983,
2110.975443269, 1.004265493,
2110.995874900, 1.003664584,
2111.016306530, 1.003865686,
2111.036738261, 1.004328100,
2111.057169792, 1.004042550,
2111.077601523, 1.003405797,
2111.098033153, 1.004611611,
2111.118464684, 1.004979821,
2111.138896415, 1.005787519,
2111.159327946, 1.005853110,
2111.179759577, 1.005871105,
2111.200191308, 1.005634974,
2111.261486201, 1.005104350,
2111.281917732, 1.004877054,
2111.302349463, 1.005274722,
2111.322781095, 1.004610885,
2111.343212626, 1.004851438,
2111.363644357, 1.004639668,
2111.384075988, 1.004631509,
2111.404507620, 1.003946387,
2111.424939251, 1.004050305,
2111.445370882, 1.004331779,
2111.486234145, 1.005372507,
2111.506665777, 1.005106578,
2111.527097508, 1.006248733,
2111.567960671, 1.006348408,
2111.588392403, 1.005926101,
2111.608824035, 1.005947076,
2111.629255567, 1.006141654,
2111.649687298, 1.005996192,
2111.670118930, 1.006644620,
2111.690550662, 1.006095271,
2111.731413826, 1.005014535,
2111.751845558, 1.004943957,
2111.772277090, 1.003944221,
2111.792708722, 1.004117340,
2111.813140354, 1.004161937,
2111.833571986, 1.004714084,
2111.854003618, 1.005346609,
2111.874435250, 1.005463204,
2111.894866882, 1.004958638,
2111.915298615, 1.005366966,
2111.976593512, 1.005191382,
2111.997025044, 1.005255075,
2112.017456677, 1.005295135,
2112.037888409, 1.005326304,
2112.058320042, 1.004265384,
2112.078751674, 1.004301916,
2112.099183307, 1.004623170,
2112.119614940, 1.003695874,
2112.140046572, 1.003616662,
2112.160478205, 1.003969937,
2112.180909838, 1.003885901,
2112.221773104, 1.004987216,
2112.242204737, 1.004471953,
2112.262636470, 1.003380033,
2112.283068003, 1.003566837,
2112.323931369, 1.003718790,
2112.344362902, 1.003865168,
2112.364794636, 1.003709159,
2112.385226269, 1.003757975,
2112.405657802, 1.003709011,
2112.426089536, 1.004207120,
2112.466952702, 1.003387478,
2112.487384436, 1.003917570,
2112.507816069, 1.004388023,
2112.528247703, 1.005292806,
2112.548679337, 1.005322211,
2112.569110970, 1.006614235,
2112.589542604, 1.006696321,
2112.609974238, 1.006536901,
2112.650837506, 1.008122756,
2112.671269140, 1.005412092,
2112.712132508, 1.005329996,
2112.732564042, 1.005538921,
2112.752995776, 1.004661855,
2112.793858944, 1.004547898,
2112.814290679, 1.003643473,
2112.834722313, 1.004236794,
2112.855153847, 1.004303526,
2112.896017216, 1.005085397,
2112.916448951, 1.004571271,
2112.957312120, 1.005262946,
2112.977743855, 1.004287834,
2112.998175390, 1.004767251,
2113.018607024, 1.004653295,
2113.039038759, 1.004821765,
2113.059470294, 1.005065197,
2113.079901929, 1.005274347,
2113.100333664, 1.005079974,
2113.120765199, 1.004493137,
2113.161628570, 1.005085220,
2113.243355011, 1.005841848,
2113.263786747, 1.005271573,
2113.284218382, 1.005338526,
2113.304650018, 1.005626627,
2113.325081653, 1.005460924,
2113.345513289, 1.004637660,
2113.365945025, 1.004090766,
2113.386376561, 1.004383261,
2113.406808196, 1.003857295,
2113.427239932, 1.004423025,
2113.447671468, 1.003925516,
2113.468103104, 1.003495172,
2113.488534841, 1.003531315,
2113.508966377, 1.003508256,
2113.529398113, 1.003134184,
2113.549829749, 1.003515669,
2113.570261285, 1.004077878,
2113.590693022, 1.005059784,
2113.611124658, 1.004483665,
2113.631556195, 1.004740244,
2113.651987931, 1.004892167,
2113.692851105, 1.004746500,
2113.713282842, 1.005105089,
2113.733714478, 1.005174395,
2113.754146215, 1.004821009,
2113.774577752, 1.005424951,
2113.795009389, 1.005632601,
2113.815441026, 1.005596307,
2113.835872763, 1.005305940,
2113.856304301, 1.005022031,
2113.876736038, 1.004942706,
2113.897167575, 1.005649042,
2113.938030950, 1.005828375,
2113.958462488, 1.006637472,
2113.978894225, 1.006594531,
2113.999325863, 1.006475707,
2114.019757400, 1.006339416,
2114.040189138, 1.006472875,
2114.060620776, 1.006115585,
2114.081052314, 1.005775441,
2114.101484052, 1.006559829,
2114.121915690, 1.006281947,
2114.183210604, 1.006059249,
2114.203642343, 1.005954778,
2114.224073881, 1.005906213,
2114.244505520, 1.005037498,
2114.264937258, 1.005136175,
2114.285368797, 1.005473436,
2114.305800535, 1.005592439,
2114.326232174, 1.005746935,
2114.428390368, 1.004580987,
2114.448822008, 1.004766701,
2114.469253647, 1.005014923,
2114.489685286, 1.004757082,
2114.510116925, 1.005741456,
2114.530548665, 1.004679275,
2114.550980204, 1.004997103,
2114.571411844, 1.004419624,
2114.591843583, 1.004872076,
2114.612275123, 1.004819261,
2114.673570042, 1.004904550,
2114.694001682, 1.004841012,
2114.714433422, 1.004239230,
2114.755296703, 1.004759837,
2114.775728343, 1.004434978,
2114.796159883, 1.004959703,
2114.816591624, 1.005573226,
2114.837023264, 1.005468400,
2114.857454805, 1.005107787,
2114.877886545, 1.004989968,
2114.939181468, 1.004174814,
2114.959613109, 1.002948433,
2114.980044850, 1.002969220,
2115.000476391, 1.003282880,
2115.020908032, 1.003470165,
2115.041339773, 1.003476435,
2115.061771414, 1.003350456,
2115.082202956, 1.003706081,
2115.102634697, 1.003690272,
2115.123066339, 1.004783278,
2115.184361264, 1.004438729,
2115.204792906, 1.005288511,
2115.225224547, 1.004659246,
2115.245656189, 1.004327355,
2115.266087831, 1.004993229,
2115.286519474, 1.004994601,
2115.306951216, 1.004766021,
2115.327382758, 1.005434224,
2115.347814401, 1.005214557,
2115.368246143, 1.005668656,
2115.409109328, 1.006052233,
2115.429541071, 1.005611349,
2115.449972614, 1.005322461,
2115.470404257, 1.006211491,
2115.490836000, 1.007010201,
2115.511267543, 1.006573214,
2115.531699286, 1.007179642,
2115.552130929, 1.006838417,
2115.572562572, 1.006953976,
2115.592994215, 1.006110041,
2115.613425859, 1.005965982,
2115.654289146, 1.005927026,
2115.674720790, 1.007154620,
2115.695152434, 1.006641302,
2115.715584177, 1.006207906,
2115.736015721, 1.005678263,
2115.756447465, 1.005942550,
2115.776879109, 1.005113450,
2115.797310654, 1.004663640,
2115.817742398, 1.004897270,
2115.838174042, 1.004960815,
2115.858605587, 1.005200247,
2115.899468976, 1.004601055,
2115.919900621, 1.004508181,
2115.940332265, 1.003952679,
2115.960763810, 1.003941586,
2115.981195555, 1.003455287,
2116.001627200, 1.003735385,
2116.022058745, 1.004458601,
2116.042490491, 1.004811210,
2116.062922136, 1.004966355,
2116.083353781, 1.005004854,
2116.103785427, 1.004731358,
2116.165080364, 1.004602705,
2116.185512010, 1.004843486,
2116.205943756, 1.004428302,
2116.226375402, 1.004599425,
2116.246806948, 1.004779070,
2116.267238694, 1.004742802,
2116.287670340, 1.004266343,
2116.308101987, 1.003832736,
2116.328533633, 1.003772844,
2116.348965280, 1.003913102,
2116.389828573, 1.003767831,
2116.410260220, 1.003897051,
2116.430691967, 1.004298663,
2116.451123514, 1.003826564,
2116.471555161, 1.004200248,
2116.491986908, 1.004545954,
2116.512418455, 1.004464401,
2116.532850203, 1.005771993,
2116.553281850, 1.005713435,
2116.635008341, 1.004840753,
2116.655440089, 1.004940844,
2116.675871637, 1.004557288,
2116.696303385, 1.004686045,
2116.737166582, 1.004289760,
2116.757598330, 1.004189910,
2116.778029979, 1.004191843,
2116.798461627, 1.004151728,
2116.818893276, 1.004592958,
2116.921051621, 1.006061370,
2116.941483270, 1.006219037,
2116.961914820, 1.005595441,
2116.982346569, 1.005857817,
2117.002778219, 1.006241360,
2117.023209768, 1.005845754,
2117.043641518, 1.006112459,
2117.064073168, 1.006400362,
2117.145799868, 1.006628038,
2117.166231419, 1.006431579,
2117.186663069, 1.006343150,
2117.207094720, 1.005446671,
2117.227526371, 1.005724212,
2117.247958021, 1.004490525,
2117.268389672, 1.005186264,
2117.288821323, 1.005113052,
2117.309253074, 1.005408823,
2117.329684625, 1.004694698,
2117.390979580, 1.004290767,
2117.411411231, 1.004411165,
2117.431842983, 1.004914843,
2117.452274635, 1.005067797,
2117.472706287, 1.004207696,
2117.493137939, 1.003673173,
2117.513569591, 1.003511345,
2117.534001243, 1.003236266,
2117.554432895, 1.002678144,
2117.574864548, 1.003178708,
2117.595296300, 1.002917174,
2117.615727853, 1.002625416,
2117.636159506, 1.002566313,
2117.656591258, 1.002904469,
2117.677022811, 1.002844816,
2117.697454564, 1.002716579,
2117.717886218, 1.003029402,
2117.738317771, 1.003181773,
2117.758749524, 1.003225973,
2117.779181178, 1.003241071,
2117.799612731, 1.004564134,
2117.881339447, 1.005017666,
2117.922202755, 1.004817824,
2117.942634409, 1.005690717,
2117.963066064, 1.006016176,
2117.983497718, 1.006033742,
2118.003929373, 1.005846084,
2118.024361028, 1.006005237,
2118.044792683, 1.005816358,
2118.065224338, 1.005363639,
2118.106087748, 1.005717223,
2118.126519303, 1.006389124,
2118.146951059, 1.006506514,
2118.167382714, 1.006336704,
2118.187814270, 1.005623739,
2118.208246026, 1.005511249,
2118.228677682, 1.005552514,
2118.249109238, 1.004768816,
2118.269540994, 1.005110801,
2118.289972650, 1.006405179,
2118.310404406, 1.006160647,
2118.351267619, 1.008680102,
2118.371699376, 1.006864414,
2118.392130933, 1.006010925,
2118.412562590, 1.005212266,
2118.432994347, 1.005488037,
2118.453425904, 1.005466705,
2118.473857661, 1.005952477,
2118.494289318, 1.005632832,
2118.514720876, 1.005579966,
2118.535152633, 1.005211014,
2118.555584291, 1.005554679,
2118.596447607, 1.004105568,
2118.678174240, 1.004856406,
2118.698605898, 1.005152032,
2118.719037557, 1.005398523,
2118.739469216, 1.005135024,
2118.759900875, 1.004880633,
2118.780332534, 1.004906275,
2118.841627511, 1.005198573,
2118.862059271, 1.005731576,
2118.882490930, 1.005441381,
2118.902922490, 1.005936537,
2118.923354250, 1.005031503,
2118.943785910, 1.004814256,
2118.984649230, 1.005180463,
2119.005080890, 1.005104075,
2119.025512451, 1.005105305,
2119.045944211, 1.005507476,
2119.107239194, 1.006327595,
2119.127670855, 1.005319555,
2119.148102616, 1.005738632,
2119.168534177, 1.005997292,
2119.188965839, 1.006460612,
2119.229829162, 1.005998504,
2119.250260924, 1.005752436,
2119.270692586, 1.005270677,
2119.291124248, 1.004693450,
2119.352419134, 1.005181847,
2119.372850897, 1.005283521,
2119.393282560, 1.006189737,
2119.413714322, 1.004961076,
2119.434145885, 1.005442050,
2119.454577548, 1.005087338,
2119.475009311, 1.004772934,
2119.495440875, 1.005036407,
2119.515872538, 1.004509840,
2119.536304302, 1.006911671,
2119.577167529, 1.004141225,
2119.597599293, 1.004267137,
2119.618030857, 1.003672084,
2119.638462621, 1.003163028,
2119.658894285, 1.002372124,
2119.679325850, 1.003223750,
2119.699757614, 1.003836815,
2119.720189279, 1.004021824,
2119.740620944, 1.004226257,
2119.761052609, 1.004880426,
2119.781484274, 1.004865828,
2119.822347604, 1.006056812,
2119.842779270, 1.006657932,
2119.863211035, 1.007165876,
2119.883642701, 1.007765069,
2119.904074267, 1.007970914,
2119.924505933, 1.008532854,
2119.944937599, 1.007612793,
2119.965369265, 1.007189104,
2119.985801032, 1.007151815,
2120.006232598, 1.006740767,
2120.067527598, 1.006319739,
2120.087959365, 1.006556726,
2120.108391033, 1.006704342,
2120.149254367, 1.006123660,
2120.169686035, 1.005545364,
2120.190117803, 1.005897463,
2120.210549370, 1.005563786,
2120.230981038, 1.005983190,
2120.251412807, 1.005606126,
2120.271844375, 1.005661380,
2120.312707812, 1.006294674,
2120.333139380, 1.004909045,
2120.353571049, 1.005025588,
2120.374002818, 1.006027178,
2120.394434387, 1.006377589,
2120.414866156, 1.005679989,
2120.435297826, 1.005405333,
2120.455729495, 1.005329384,
2120.476161165, 1.004658395,
2120.496592834, 1.004794262,
2120.517024504, 1.004976699,
2120.557887845, 1.005196285,
2120.578319615, 1.005534851,
2120.598751185, 1.005553429,
2120.619182856, 1.006219339,
2120.639614626, 1.006050782,
2120.660046197, 1.006982465,
2120.680477868, 1.007043529,
2120.721341211, 1.006432124,
2120.741772882, 1.006934012,
2120.762204654, 1.007687892,
2120.823499669, 1.006857423,
2120.843931241, 1.006942510,
2120.864363014, 1.006220342,
2120.905226258, 1.005833353,
2120.925658031, 1.006113376,
2120.966521477, 1.006395412,
2120.986953050, 1.006379143,
2121.007384723, 1.006721170,
2121.068679744, 1.006396445,
2121.089111518, 1.006154727,
2121.109543192, 1.006207969,
2121.129974766, 1.006631614,
2121.150406540, 1.006136842,
2121.170838215, 1.006068170,
2121.191269889, 1.005886969,
2121.211701564, 1.005248542,
2121.232133239, 1.005706072,
2121.252564914, 1.005664010,
2121.272996589, 1.005934891,
2121.293428264, 1.006694984,
2121.313859939, 1.005923976,
2121.334291615, 1.007102336,
2121.354723391, 1.006863078,
2121.375154967, 1.006690458,
2121.395586643, 1.006093983,
2121.416018419, 1.005842058,
2121.436449995, 1.006153180,
2121.456881672, 1.007081963,
2121.477313448, 1.007069619,
2121.497745025, 1.007812472,
2121.538608479, 1.007588969,
2121.559040056, 1.007007772,
2121.579471834, 1.006159357,
2121.599903511, 1.006646980,
2121.620335189, 1.005888380,
2121.640766866, 1.005609810,
2121.661198544, 1.005477372,
2121.681630223, 1.005101911,
2121.702061901, 1.005655544,
2121.722493579, 1.004482332,
2121.742925358, 1.004922718,
2121.783788615, 1.005512266,
2121.804220394, 1.006059908,
2121.824652074, 1.006774435,
2121.845083653, 1.006942662,
2121.865515432, 1.007109255,
2121.885947112, 1.006596170,
2121.906378692, 1.006922872,
2121.926810472, 1.006545127,
2121.947242152, 1.006913608,
2121.967673832, 1.006749985,
2121.988105513, 1.006995521,
2122.049400555, 1.007217711,
2122.069832136, 1.006442449,
2122.090263917, 1.006297135,
2122.131127380, 1.006237936,
2122.151558961, 1.006257584,
2122.171990643, 1.006201151,
2122.192422425, 1.005699371,
2122.212854007, 1.005818970,
2122.233285690, 1.004833326,
2122.274149155, 1.005383778,
2122.294580737, 1.005641941,
2122.315012520, 1.005495436,
2122.335444203, 1.005636804,
2122.355875886, 1.006977819,
2122.376307570, 1.006447192,
2122.396739253, 1.006997939,
2122.417170937, 1.007022834,
2122.437602621, 1.006460557,
2122.458034305, 1.006898169,
2122.478466089, 1.006958472,
2122.519329458, 1.007385621,
2122.539761143, 1.007380206,
2122.560192727, 1.007204212,
2122.580624512, 1.006243990,
2122.601056198, 1.006460322,
2122.621487783, 1.005973055,
2122.641919568, 1.005401826,
2122.703214626, 1.006144644,
2122.723646212, 1.006060709,
2122.784941271, 1.006529435,
2122.805373058, 1.006796160,
2122.825804745, 1.006740068,
2122.846236432, 1.006866923,
2122.866668119, 1.007649691,
2122.887099807, 1.008399875,
2122.907531594, 1.008017337,
2122.927963282, 1.007275577,
2122.948394870, 1.006740889,
2122.968826658, 1.006646026,
2123.030121723, 1.006946058,
2123.050553412, 1.006392877,
2123.091416790, 1.005738472,
2123.111848479, 1.006022447,
2123.132280269, 1.005535449,
2123.152711858, 1.004295144,
2123.173143548, 1.004581128,
2123.193575338, 1.005200832,
2123.214006928, 1.005545675,
2123.275301999, 1.006193862,
2123.295733790, 1.005575261,
2123.316165381, 1.005072655,
2123.336597072, 1.005071077,
2123.357028863, 1.004616261,
2123.377460455, 1.004929465,
2123.397892147, 1.005443342,
2123.418323938, 1.005491642,
2123.438755530, 1.005390662,
2123.459187322, 1.005875355,
2123.500050707, 1.006177662,
2123.520482400, 1.006689978,
2123.540914093, 1.006371196,
2123.561345786, 1.007489688,
2123.581777479, 1.007175968,
2123.602209172, 1.007607723,
2123.622640966, 1.006904908,
2123.643072659, 1.007270242,
2123.663504253, 1.006321460,
2123.683936047, 1.006072813,
2123.704367741, 1.006211194,
2123.745231130, 1.006272888,
2123.765662825, 1.005581825,
2123.786094420, 1.005807435,
2123.806526215, 1.005379760,
2123.826957910, 1.005618327,
2123.847389706, 1.005149776,
2123.867821301, 1.005301540,
2123.888252997, 1.006155617,
2123.908684693, 1.006271455,
2123.929116389, 1.006881684,
2123.949548085, 1.007121157,
2123.990411479, 1.007328756,
2124.010843275, 1.007659034,
2124.031274872, 1.006685435,
2124.051706570, 1.007233974,
2124.072138367, 1.006999960,
2124.092569965, 1.006992175,
2124.113001662, 1.006967755,
2124.133433460, 1.007070261,
2124.153865158, 1.006896700,
2124.174296756, 1.006551058,
2124.194728555, 1.006181466,
2124.235591952, 1.006018673,
2124.256023651, 1.006460607,
2124.317318749, 1.007071883,
2124.337750449, 1.006362424,
2124.358182249, 1.006486834,
2124.378613849, 1.005569772,
2124.399045649, 1.006718029,
2124.419477350, 1.006851551,
2124.439908950, 1.006936165,
2124.480772452, 1.007394908,
2124.501204053, 1.007504031,
2124.521635855, 1.007245930,
2124.542067556, 1.007536596,
2124.562499258, 1.007042505,
2124.582930960, 1.007874462,
2124.603362662, 1.008397067,
2124.623794364, 1.007914840,
2124.644226066, 1.008963638,
2124.664657769, 1.008441265,
2124.685089472, 1.007721722,
2124.746384581, 1.007971353,
2124.766816285, 1.008493330,
2124.787248089, 1.008604457,
2124.807679793, 1.008834364,
2124.828111397, 1.008610359,
2124.848543201, 1.007710971,
2124.868974906, 1.008410437,
2124.889406510, 1.007689251,
2124.909838315, 1.007461184,
2124.930270020, 1.007187950,
2124.991565136, 1.007319078,
2125.011996942, 1.007588446,
2125.032428548, 1.007027490,
2125.052860254, 1.006717263,
2125.073292061, 1.007182558,
2125.093723667, 1.006467320,
2125.114155374, 1.007255764,
2125.134587181, 1.007950502,
2125.155018788, 1.008160670,
2125.175450596, 1.008537154,
2125.195882303, 1.009145188,
2125.216313911, 1.008866322,
2125.236745719, 1.008045512,
2125.257177427, 1.008323274,
2125.277609135, 1.009219970,
2125.298040843, 1.009826214,
2125.318472552, 1.009378296,
2125.338904261, 1.008630570,
2125.359335970, 1.007340833,
2125.379767679, 1.006660765,
2125.400199389, 1.006492447,
2125.420631098, 1.005989809,
2125.461494518, 1.007184391,
2125.481926228, 1.007234488,
2125.502358039, 1.007314479,
2125.522789749, 1.006847386,
2125.543221360, 1.006127835,
2125.563653171, 1.006425807,
2125.584084882, 1.006767821,
2125.624948305, 1.006877283,
2125.645380017, 1.007032235,
2125.665811629, 1.007212924,
2125.706675154, 1.007386901,
2125.727106966, 1.006635105,
2125.747538579, 1.007202071,
2125.767970292, 1.006401943,
2125.788402105, 1.006241606,
2125.808833718, 1.006035491,
2125.849697246, 1.005956299,
2125.870128859, 1.006568455,
2125.890560674, 1.006473826,
2125.910992388, 1.006500887,
2125.951855817, 1.005565375,
2125.972287432, 1.005546231,
2125.992719247, 1.005154348,
2126.013150963, 1.006462256,
2126.033582678, 1.006592955,
2126.054014294, 1.007233895,
2126.074446110, 1.007472673,
2126.094877826, 1.007159429,
2126.115309542, 1.006669983,
2126.135741259, 1.006273493,
2126.156172976, 1.006312932,
2126.197036410, 1.006183696,
2126.217468127, 1.006028994,
2126.237899944, 1.006247228,
2126.258331562, 1.005637383,
2126.278763380, 1.004719726,
2126.299195098, 1.004756608,
2126.319626717, 1.004049273,
2126.340058535, 1.004624591,
2126.360490254, 1.005900986,
2126.380921873, 1.006758541,
2126.442217031, 1.007589022,
2126.462648851, 1.007582802,
2126.483080571, 1.006788012,
2126.503512391, 1.006921899,
2126.523944011, 1.006716962,
2126.564807553, 1.005945577,
2126.585239274, 1.006047209,
2126.626102617, 1.005595644,
2126.687397882, 1.005498866,
2126.707829504, 1.005582058,
2126.728261327, 1.005779238,
2126.748693050, 1.006120338,
2126.769124672, 1.006403105,
2126.789556495, 1.005788568,
2126.809988219, 1.005775817,
2126.830420042, 1.006062659,
2126.850851666, 1.006179765,
2126.871283390, 1.006248760,
2126.891715214, 1.006411696,
2126.973442013, 1.006688055,
2126.993873738, 1.006451818,
2127.014305563, 1.006166544,
2127.034737189, 1.006177308,
2127.055169015, 1.006913580,
2127.075600741, 1.006985811,
2127.096032367, 1.006615226,
2127.116464194, 1.006742569,
2127.136895920, 1.006141023,
2127.198191102, 1.007013318,
2127.218622929, 1.006802764,
2127.239054557, 1.006690642,
2127.279918013, 1.007701971,
2127.300349741, 1.006953711,
2127.320781470, 1.006474483,
2127.341213299, 1.006398740,
2127.361644928, 1.006023985,
2127.382076657, 1.005937609,
2127.422940116, 1.007313348,
2127.443371946, 1.007698438,
2127.463803676, 1.007596231,
2127.484235307, 1.007819196,
2127.504667137, 1.007347850,
2127.525098868, 1.006392966,
2127.545530499, 1.006215075,
2127.565962330, 1.006397153,
2127.586394062, 1.006315504,
2127.606825893, 1.006243369,
2127.627257525, 1.005910253,
2127.688552722, 1.006218143,
2127.708984455, 1.005738895,
2127.729416288, 1.006165911,
2127.749847921, 1.006244307,
2127.770279754, 1.006614213,
2127.790711488, 1.006548007,
2127.811143222, 1.006242731,
2127.831574956, 1.006051624,
2127.852006690, 1.005203294,
2127.872438424, 1.004064532,
2127.913301894, 1.004511534,
2127.933733629, 1.004645957,
2127.954165365, 1.004793457,
2127.974597100, 1.004354829,
2128.015460572, 1.004638886,
2128.035892308, 1.004387321,
2128.056324145, 1.003517080,
2128.076755781, 1.004194242,
2128.097187518, 1.005300282,
2128.117619355, 1.005265138,
2128.158482831, 1.005933240,
2128.178914568, 1.006333165,
2128.199346206, 1.006418313,
2128.219778045, 1.005384403,
2128.240209783, 1.006043745,
2128.260641422, 1.007106469,
2128.281073261, 1.006772911,
2128.301505000, 1.006005576,
2128.321936639, 1.006402379,
2128.424095440, 1.005953758,
2128.444527280, 1.013725141,
2128.464959021, 1.005778525,
2128.485390663, 1.005467499,
2128.505822504, 1.004975529,
2128.526254246, 1.005391748,
2128.546685988, 1.005283926,
2128.567117730, 1.004307279,
2128.587549472, 1.004240556,
2128.607981215, 1.004480510,
2128.628412958, 1.004075579,
2128.648844701, 1.004697079,
2128.669276444, 1.004870197,
2128.689708187, 1.005534643,
2128.710140031, 1.004826836,
2128.730571675, 1.005149261,
2128.751003419, 1.004533313,
2128.791866908, 1.004626113,
2128.812298653, 1.006098492,
2128.832730498, 1.005437150,
2128.853162144, 1.005414148,
2128.914457381, 1.005040501,
2128.934889228, 1.005150136,
2128.955320974, 1.005399995,
2128.975752721, 1.005661854,
2128.996184468, 1.005672085,
2129.016616215, 1.005472379,
2129.037047962, 1.005140663,
2129.057479710, 1.005597967,
2129.077911458, 1.004795350,
2129.098343306, 1.004852102,
2129.159638552, 1.006373303,
2129.180070301, 1.006569944,
2129.200501951, 1.005770987,
2129.220933800, 1.005705970,
2129.241365550, 1.005739284,
2129.261797300, 1.004787677,
2129.282229050, 1.004293121,
2129.302660801, 1.003528253,
2129.323092551, 1.004179748,
2129.343524302, 1.003198154,
2129.384387805, 1.004491752,
2129.404819557, 1.004572071,
2129.425251209, 1.003835143,
2129.445683061, 1.004117506,
2129.466114813, 1.003284991,
2129.486546666, 1.003548624,
2129.506978319, 1.003346534,
2129.527410072, 1.004107566,
2129.547841925, 1.004873984,
2129.568273579, 1.005318551,
2129.588705333, 1.004496332,
2129.670432451, 1.005011531,
2129.690864206, 1.005201879,
2129.711295961, 1.005428539,
2129.731727717, 1.004948103,
2129.752159472, 1.004966671,
2129.772591228, 1.004291364,
2129.793022985, 1.003559133,
2129.813454741, 1.003497711,
2129.833886598, 1.002897399,
2129.874750112, 1.003871888,
2129.895181870, 1.003325162,
2129.936045385, 1.003215925,
2129.956477143, 1.003458285,
2129.976908802, 1.003199954,
2129.997340661, 1.003519575,
2130.017772320, 1.004242016,
2130.038204179, 1.004763554,
2130.058635938, 1.004740717,
2130.079067598, 1.004535766,
2130.119931218, 1.005807167,
2130.140362878, 1.005348941,
2130.160794739, 1.004682768,
2130.181226500, 1.005398357,
2130.201658361, 1.004969593,
2130.222090023, 1.005358050,
2130.242521784, 1.004963599,
2130.262953646, 1.004880460,
2130.283385308, 1.003904979,
2130.303817071, 1.003487190,
2130.365112359, 1.004094377,
2130.385544223, 1.004260888,
2130.405975986, 1.004566964,
2130.426407750, 1.004149357,
2130.446839514, 1.003935069,
2130.467271279, 1.003950552,
2130.487703144, 1.004135078,
2130.508134809, 1.004295333,
2130.528566574, 1.004597161,
2130.548998439, 1.004776547,
2130.569430105, 1.004637656,
2130.630725403, 1.007339126,
2130.651157270, 1.006998376,
2130.671588937, 1.005402883,
2130.692020704, 1.005282109,
2130.712452571, 1.004577618,
2130.732884239, 1.004481737,
2130.753316107, 1.004702134,
2130.773747875, 1.004351808,
2130.794179543, 1.004276644,
2130.814611412, 1.004092464,
2130.875906720, 1.004919704,
2130.896338489, 1.003883414,
2130.916770259, 1.004144237,
2130.937202030, 1.004591129,
2130.957633800, 1.004539186,
2130.978065671, 1.004320922,
2130.998497442, 1.003431956,
2131.018929113, 1.002474213,
2131.039360984, 1.002523037,
2131.059792756, 1.002658532,
2131.121088073, 1.004888502,
2131.141519846, 1.004728270,
2131.161951619, 1.004331119,
2131.182383392, 1.005063055,
2131.202815265, 1.003987046,
2131.223246939, 1.004678888,
2131.243678713, 1.005346468,
2131.264110488, 1.005817019,
2131.284542262, 1.006459412,
2131.304974137, 1.005663057,
2131.366269463, 1.006022509,
2131.386701139, 1.006277286,
2131.407132915, 1.005825416,
2131.427564792, 1.006736752,
2131.447996468, 1.006800528,
2131.468428245, 1.006783999,
2131.488860122, 1.007170196,
2131.509291800, 1.006609226,
2131.529723677, 1.005739529,
2131.550155455, 1.005504477,
2131.591019012, 1.005322486,
2131.611450791, 1.005765190,
2131.631882570, 1.005555812,
2131.652314449, 1.005511102,
2131.672746129, 1.005406647,
2131.693178009, 1.005286005,
2131.713609789, 1.005073851,
2131.734041469, 1.004630688,
2131.754473350, 1.004636806,
2131.774905130, 1.004331422,
2131.795336812, 1.004313402,
2131.856632357, 1.005649913,
2131.877064039, 1.005031534,
2131.897495821, 1.004743893,
2131.917927604, 1.004705760,
2131.938359387, 1.005423783,
2131.958791170, 1.004803879,
2131.979222954, 1.005535640,
2131.999654738, 1.006061185,
2132.020086522, 1.005954630,
2132.040518306, 1.005795818,
2132.060950090, 1.005823562,
2132.081381975, 1.005517979,
2132.101813660, 1.005378642,
2132.122245446, 1.005455720,
2132.142677332, 1.006428332,
2132.163109017, 1.006370072,
2132.183540804, 1.006756428,
2132.203972690, 1.006772377,
2132.224404477, 1.006189539,
2132.244836264, 1.006109273,
2132.265268051, 1.005974010,
2132.285699839, 1.005203519,
2132.326563415, 1.005570312,
2132.346995203, 1.006371324,
2132.367427092, 1.006237290,
2132.387858780, 1.005720168,
2132.408290670, 1.005188194,
2132.428722459, 1.005028524,
2132.449154149, 1.005599910,
2132.469586039, 1.005483311,
2132.490017829, 1.005292358,
2132.510449520, 1.005807054,
2132.530881411, 1.005548594,
2132.571744893, 1.004880948,
2132.592176785, 1.005216462,
2132.612608576, 1.005475808,
2132.633040369, 1.005019950,
2132.653472161, 1.006197804,
2132.673903854, 1.006158120,
2132.694335747, 1.006333973,
2132.714767540, 1.006138098,
2132.735199334, 1.005668779,
2132.755631127, 1.005482805,
2132.776062922, 1.004482598,
2132.837358306, 1.006245148,
2132.857790201, 1.006655643,
2132.878221996, 1.006814124,
2132.898653692, 1.007106608,
2132.919085588, 1.007510238,
2132.939517384, 1.007091771,
2132.959949181, 1.006033277,
2132.980380978, 1.006929517,
2133.000812775, 1.006504941,
2133.021244672, 1.006569268,
2133.082540066, 1.006645808,
2133.102971765, 1.006278086,
2133.123403664, 1.005469116,
2133.143835463, 1.005533033,
2133.164267162, 1.005154316,
2133.184699062, 1.006154938,
2133.205130862, 1.006798846,
2133.225562562, 1.006282925,
2133.245994463, 1.006613584,
2133.266426263, 1.007210281,
2133.307289866, 1.005882789,
2133.327721567, 1.005926335,
2133.348153469, 1.006833096,
2133.368585272, 1.006426292,
2133.389016974, 1.007190251,
2133.409448877, 1.006910670,
2133.429880680, 1.007239531,
2133.450312483, 1.006410460,
2133.470744287, 1.006435550,
2133.491176091, 1.006399984,
2133.511607995, 1.005702189,
2133.552471504, 1.006364347,
2133.572903409, 1.006251160,
2133.593335214, 1.006677832,
2133.634198826, 1.006497714,
2133.654630632, 1.006294335,
2133.675062539, 1.006138679,
2133.695494245, 1.005748599,
2133.715926052, 1.007084903,
2133.736357960, 1.007501344,
2133.756789667, 1.007327983,
2133.777221475, 1.007153859,
2133.797653383, 1.006585286,
2133.818085092, 1.006161109,
2133.838516900, 1.006095227,
2133.858948810, 1.007278883,
2133.879380519, 1.007525849,
2133.899812428, 1.008023842,
2133.920244238, 1.007698310,
2133.940675949, 1.007111135,
2133.961107859, 1.007817555,
2133.981539570, 1.007843628,
2134.001971481, 1.006621094,
2134.063266916, 1.007293774,
2134.083698728, 1.007598467,
2134.104130540, 1.008097591,
2134.124562353, 1.007659958,
2134.144994166, 1.007090320,
2134.165425980, 1.007006657,
2134.185857793, 1.006538554,
2134.206289607, 1.007178731,
2134.226721422, 1.006906070,
2134.247153336, 1.006835711,
2134.267585051, 1.007549641,
2134.288016966, 1.007244357,
2134.308448782, 1.007056090,
2134.328880497, 1.006870460,
2134.349312413, 1.005959855,
2134.369744230, 1.005922311,
2134.390175946, 1.005967080,
2134.410607863, 1.006497242,
2134.431039680, 1.006942404,
2134.471903316, 1.006758681,
2134.492335134, 1.006405703,
2134.553630589, 1.006993448,
2134.574062409, 1.006130301,
2134.614926148, 1.007446317,
2134.635357968, 1.007464695,
2134.655789689, 1.007234458,
2134.676221609, 1.006154033,
2134.696653330, 1.006561526,
2134.717085152, 1.005526804,
2134.737517073, 1.005610664,
2134.798812540, 1.006307419,
2134.819244363, 1.006139975,
2134.860108009, 1.005592113,
2134.880539833, 1.005551552,
2134.900971757, 1.005295128,
2134.921403481, 1.005704403,
2134.941835306, 1.006215760,
2134.962267231, 1.006183175,
2134.982698956, 1.005826167,
2135.043994434, 1.005335759,
2135.064426360, 1.004790082,
2135.084858187, 1.004836845,
2135.105289914, 1.005524769,
2135.125721841, 1.005372661,
2135.146153668, 1.006155125,
2135.166585596, 1.006156002,
2135.187017325, 1.005912952,
2135.207449153, 1.005806394,
2135.227881082, 1.005742171,
2135.268744641, 1.006649430,
2135.289176570, 1.007584930,
2135.309608300, 1.007895367,
2135.330040131, 1.007674789,
2135.350471961, 1.006744819,
2135.370903792, 1.007277545,
2135.391335724, 1.007052747,
2135.411767555, 1.006042358,
2135.432199287, 1.006115701,
2135.452631219, 1.006127350,
2135.473063052, 1.005751452,
2135.534358551, 1.006101750,
2135.554790485, 1.005180881,
2135.575222219, 1.005110973,
2135.595654053, 1.005297810,
2135.616085987, 1.005191433,
2135.636517722, 1.005972724,
2135.656949558, 1.006337601,
2135.677381493, 1.005898832,
2135.697813229, 1.006259806,
2135.718245165, 1.006231314,
2135.779540675, 1.005977232,
2135.799972513, 1.006401771,
2135.820404251, 1.006838009,
2135.840836189, 1.007204399,
2135.861268027, 1.006315593,
2135.881699865, 1.007530249,
2135.902131704, 1.007756950,
2135.922563544, 1.006568361,
2135.942995483, 1.006213363,
2135.963427223, 1.006176969,
2135.983859063, 1.006505029,
2136.004290904, 1.006891688,
2136.024722745, 1.006370728,
2136.045154586, 1.006569405,
2136.065586527, 1.006033301,
2136.086018269, 1.006424465,
2136.106450211, 1.006174719,
2136.126882053, 1.006146255,
2136.147313796, 1.007692596,
2136.167745739, 1.007468521,
2136.188177582, 1.007371249,
2136.208609326, 1.007627721,
2136.249473114, 1.007735469,
2136.290336803, 1.008047130,
2136.310768649, 1.007616135,
2136.331200594, 1.007129004,
2136.372064186, 1.008179132,
2136.392496133, 1.007880443,
2136.412927879, 1.007910675,
2136.433359726, 1.007956554,
2136.535519067, 1.008226570,
2136.555950916, 1.007473464,
2136.576382765, 1.007772874,
2136.596814614, 1.007667353,
2136.637678315, 1.006899571,
2136.658110165, 1.007191503,
2136.678542016, 1.007665765,
2136.698973867, 1.008074397,
2136.760269423, 1.008326293,
2136.780701375, 1.007971060,
2136.801133128, 1.007797802,
2136.821565081, 1.007946706,
2136.841996935, 1.007530019,
2136.862428689, 1.007908733,
2136.882860643, 1.007881195,
2136.903292497, 1.008067466,
2136.923724252, 1.007658526,
2136.944156207, 1.007563496,
2137.005451774, 1.005739554,
2137.025883630, 1.006965615,
2137.046315587, 1.006751402,
2137.066747344, 1.006421657,
2137.087179201, 1.007101429,
2137.107611159, 1.006549844,
2137.128042917, 1.006501291,
2137.148474775, 1.006935099,
2137.168906734, 1.006626049,
2137.189338593, 1.006837262,
2137.250634171, 1.008742531,
2137.271066031, 1.009362403,
2137.291497892, 1.009897207,
2137.311929753, 1.009066024,
2137.332361614, 1.009051689,
2137.352793476, 1.008943748,
2137.373225338, 1.008500853,
2137.393657200, 1.009585537,
2137.414089062, 1.008599157,
2137.434521025, 1.008114603,
2137.495816616, 1.007439685,
2137.516248380, 1.008045208,
2137.536680344, 1.007890118,
2137.557112209, 1.008124864,
2137.577543974, 1.008154234,
2137.597975940, 1.007740496,
2137.618407805, 1.007762799,
2137.638839571, 1.006705849,
2137.659271538, 1.006218528,
2137.679703405, 1.005980307,
2137.720567139, 1.006659501,
2137.740999007, 1.006826192,
2137.761430975, 1.007591872,
2137.781862743, 1.007600403,
2137.802294612, 1.007634070,
2137.822726581, 1.007644801,
2137.843158351, 1.007175972,
2137.863590221, 1.007544426,
2137.884022191, 1.007967216,
2137.904454061, 1.007925400,
2137.965749574, 1.008745316,
2137.986181546, 1.008804927,
2138.006613418, 1.007438181,
2138.027045190, 1.007466521,
2138.047477163, 1.006545955,
2138.067909036, 1.006102885,
2138.088341010, 1.006067204,
2138.108772783, 1.005551034,
2138.129204657, 1.005351885,
2138.149636632, 1.005151615,
2138.170068407, 1.005489186,
2138.231364033, 1.005525029,
2138.251796009, 1.005939360,
2138.272227885, 1.006283104,
2138.292659662, 1.006176501,
2138.313091639, 1.006606143,
2138.333523517, 1.006218998,
2138.353955294, 1.005953130,
2138.374387273, 1.004985434,
2138.394819151, 1.005293807,
2138.415251030, 1.005285562,
2138.456114788, 1.005406164,
2138.476546768, 1.005231705,
2138.496978548, 1.005195169,
2138.517410429, 1.004964003,
2138.537842409, 1.005952264,
2138.558274291, 1.005302684,
2138.578706072, 1.005350601,
2138.599138054, 1.006313847,
2138.619569836, 1.006160736,
2138.640001819, 1.006567421,
2138.660433702, 1.006012352,
2138.721729352, 1.006570800,
2138.742161136, 1.006028249,
2138.762593121, 1.006613770,
2138.783025006, 1.007053171,
