BJD - 2454833, Corrected Flux
2061.305594286, 0.999614159,
2061.326026523, 0.999429082,
2061.346458659, 0.999610060,
2061.366890695, 0.999396665,
2061.387322930, 0.999659484,
2061.407755065, 0.999484624,
2061.428187299, 0.999396208,
2061.489483700, 0.999305049,
2061.509915732, 0.999339508,
2061.530347865, 0.999515880,
2061.550780096, 0.999593840,
2061.571212228, 0.999425718,
2061.591644259, 0.999590690,
2061.612076489, 0.999301318,
2061.632508619, 0.999331644,
2061.652940649, 0.999207054,
2061.673372878, 0.999334528,
2061.693805007, 0.999388718,
2061.714237135, 0.999132232,
2061.734669263, 0.999425173,
2061.755101391, 0.999177375,
2061.775533518, 0.999072750,
2061.795965645, 0.999052188,
2061.816397771, 0.999100048,
2061.836829897, 0.998926731,
2061.857262022, 0.998905628,
2061.877694047, 0.998796181,
2061.898126272, 0.999147860,
2061.918558396, 0.999133428,
2061.938990520, 0.999098456,
2061.959422643, 0.998780406,
2061.979854766, 0.998801313,
2062.000286988, 0.998977958,
2062.020719010, 0.998947057,
2062.041151132, 0.998912795,
2062.082015373, 0.998685702,
2062.102447494, 0.999084817,
2062.122879714, 0.999193464,
2062.143311833, 0.998888415,
2062.163743852, 0.998973098,
2062.225040207, 0.999004151,
2062.245472424, 0.998910094,
2062.265904541, 0.999102591,
2062.286336558, 0.998773327,
2062.306768774, 0.998911262,
2062.327200889, 0.998995875,
2062.347633105, 0.998658594,
2062.368065119, 0.998860254,
2062.388497234, 0.998766011,
2062.429361462, 0.998710839,
2062.449793575, 0.998655413,
2062.470225687, 0.998587822,
2062.490657800, 0.998959249,
2062.511089911, 0.998660012,
2062.531522023, 0.999015630,
2062.551954134, 0.998678157,
2062.572386244, 0.999012784,
2062.592818355, 0.999031259,
2062.613250465, 0.998767503,
2062.633682574, 0.998513917,
2062.654114783, 0.998570403,
2062.674546791, 0.998827535,
2062.694978999, 0.998727552,
2062.735843115, 0.998769716,
2062.756275321, 0.998840760,
2062.776707428, 0.998754817,
2062.797139433, 0.998721821,
2062.817571639, 0.998667270,
2062.838003744, 0.998577905,
2062.858435749, 0.998662799,
2062.878867953, 0.998633645,
2062.899300057, 0.998639996,
2062.919732061, 0.998862797,
2062.940164264, 0.998503382,
2062.960596366, 0.998490038,
2062.981028469, 0.998490449,
2063.021892672, 0.998855928,
2063.042324773, 0.998629767,
2063.062756873, 0.998629363,
2063.083188974, 0.998692203,
2063.103621174, 0.998651514,
2063.124053273, 0.998447209,
2063.144485272, 0.998495300,
2063.164917470, 0.998559413,
2063.185349569, 0.998397639,
2063.205781566, 0.998449990,
2063.226213763, 0.998392285,
2063.246645760, 0.998360956,
2063.267077856, 0.998613227,
2063.287510053, 0.998380803,
2063.307942048, 0.998377106,
2063.328374143, 0.998426018,
2063.348806338, 0.998426573,
2063.369238332, 0.998209681,
2063.389670426, 0.998659117,
2063.410102620, 0.998449791,
2063.430534613, 0.998531722,
2063.450966706, 0.998237755,
2063.471398898, 0.998088681,
2063.491830990, 0.998226783,
2063.512263081, 0.998226433,
2063.532695173, 0.998215657,
2063.553127263, 0.998234554,
2063.573559353, 0.998244078,
2063.593991443, 0.997799934,
2063.614423532, 0.998027550,
2063.634855721, 0.997883166,
2063.696151986, 0.998386915,
2063.716583973, 0.998595472,
2063.737016060, 0.998541643,
2063.757448247, 0.998354532,
2063.777880233, 0.998531265,
2063.798312318, 0.998595770,
2063.818744504, 0.998526341,
2063.839176489, 0.998277655,
2063.859608573, 0.998357992,
2063.880040757, 0.998377539,
2063.900472741, 0.998434404,
2063.920904924, 0.998539472,
2063.941337007, 0.998583857,
2063.961768989, 0.998764873,
2063.982201171, 0.998268800,
2064.002633253, 0.998562272,
2064.023065234, 0.998743331,
2064.043497415, 0.998485711,
2064.063929495, 0.998508463,
2064.084361475, 0.998450342,
2064.104793655, 0.998343963,
2064.554299302, 0.998209004,
2064.574731472, 0.998340179,
2064.595163541, 0.998379377,
2064.615595511, 0.997961876,
2064.636027680, 0.998290988,
2064.656459749, 0.998095245,
2064.738187919, 0.998415028,
2064.758620085, 0.998311239,
2064.779052051, 0.998382728,
2064.799484217, 0.997816865,
2064.819916283, 0.998148125,
2064.840348348, 0.997909809,
2064.860780412, 0.998385238,
2064.922076603, 0.998148531,
2064.942508666, 0.998551639,
2064.962940729, 0.998653914,
2064.983372891, 0.998407162,
2065.003804853, 0.998387486,
2065.024236914, 0.998598826,
2065.044669075, 0.998596103,
2065.065101035, 0.998519791,
2065.085533096, 0.998312336,
2065.105965256, 0.998278085,
2065.126397215, 0.998461705,
2065.146829274, 0.998370227,
2065.167261432, 0.998694587,
2065.187693390, 0.998565304,
2065.208125548, 0.998449048,
2065.228557605, 0.998644066,
2065.248989562, 0.998601582,
2065.269421719, 0.998682204,
2065.289853775, 0.998572536,
2065.310285831, 0.998366196,
2065.330717886, 0.998403570,
2065.351149941, 0.998406082,
2065.371581995, 0.998481992,
2065.392014050, 0.998298766,
2065.412446103, 0.998778500,
2065.432878157, 0.998296177,
2065.453310210, 0.998111985,
2065.473742262, 0.998369911,
2065.494174214, 0.998218403,
2065.514606366, 0.998044266,
2065.535038418, 0.998199594,
2065.555470368, 0.998568759,
2065.575902519, 0.998527562,
2065.596334569, 0.998467582,
2065.657630717, 0.997992429,
2065.678062866, 0.998411356,
2065.698494814, 0.998305726,
2065.718926862, 0.998368971,
2065.739359009, 0.998455317,
2065.759790956, 0.998281350,
2065.780223003, 0.998613011,
2065.800655149, 0.998612359,
2065.821087195, 0.998340127,
2065.841519140, 0.998543078,
2065.861951285, 0.998681000,
2065.882383330, 0.998616722,
2065.902815274, 0.998484232,
2065.923247418, 0.998465312,
2065.943679461, 0.998513764,
2065.964111405, 0.998481897,
2065.984543547, 0.998545326,
2066.004975589, 0.998264634,
2066.025407531, 0.998786867,
2066.045839673, 0.998456902,
2066.066271714, 0.998340525,
2066.086703855, 0.998495540,
2066.147999874, 0.998341851,
2066.168431913, 0.998676975,
2066.188863952, 0.998510943,
2066.209295990, 0.998506569,
2066.229728028, 0.998186820,
2066.250160066, 0.998415238,
2066.270592103, 0.998561233,
2066.291024140, 0.998200865,
2066.311456176, 0.998296560,
2066.331888312, 0.998218857,
2066.393184418, 0.998581979,
2066.413616352, 0.998500792,
2066.434048386, 0.998413604,
2066.454480520, 0.998381745,
2066.474912453, 0.998450700,
2066.495344486, 0.998341505,
2066.515776618, 0.998634553,
2066.536208551, 0.998461734,
2066.556640682, 0.998758657,
2066.577072713, 0.998216581,
2066.597504644, 0.998337251,
2066.617936775, 0.998577272,
2066.638368805, 0.998484392,
2066.658800835, 0.998386893,
2066.679232864, 0.998807258,
2066.699664893, 0.998346816,
2066.720096921, 0.998390738,
2066.740528950, 0.998895900,
2066.760960978, 0.998466960,
2066.781393005, 0.998290346,
2066.801825132, 0.998142184,
2066.822257059, 0.998253452,
2066.863121111, 0.998654640,
2066.883553136, 0.998220209,
2066.903985162, 0.998429072,
2066.924417286, 0.998494578,
2066.944849211, 0.998509915,
2066.965281135, 0.998670814,
2066.985713258, 0.998443053,
2067.006145281, 0.998438320,
2067.026577404, 0.998572432,
2067.047009326, 0.998378336,
2067.067441348, 0.998691626,
2067.087873470, 0.998196661,
2067.108305391, 0.998698362,
2067.128737412, 0.998434140,
2067.149169532, 0.998640641,
2067.169601553, 0.998554368,
2067.190033473, 0.998515194,
2067.210465592, 0.998635246,
2067.230897611, 0.998480248,
2067.251329529, 0.998742817,
2067.271761647, 0.998448569,
2067.292193665, 0.998244969,
2067.312625583, 0.998582287,
2067.353489716, 0.998461410,
2067.373921633, 0.998404086,
2067.394353748, 0.998556737,
2067.414785764, 0.998619036,
2067.435217679, 0.998601834,
2067.455649794, 0.998357202,
2067.476081808, 0.998664679,
2067.496513922, 0.998448299,
2067.516945836, 0.998465970,
2067.537377849, 0.998603005,
2067.557809962, 0.998548904,
2067.578241874, 0.998584778,
2067.598673886, 0.998640982,
2067.619105898, 0.998806502,
2067.639538009, 0.998522810,
2067.659969920, 0.998624681,
2067.680401931, 0.998507685,
2067.700833941, 0.998669706,
2067.721265951, 0.998790392,
2067.741698060, 0.998674787,
2067.762129969, 0.998918133,
2067.782561978, 0.998463840,
2067.802994086, 0.998604895,
2067.864290108, 0.998637148,
2067.884722015, 0.998539045,
2067.905154121, 0.998877620,
2067.925586128, 0.998543023,
2067.946018033, 0.998656833,
2067.966450138, 0.998309329,
2067.986882143, 0.998520253,
2068.007314148, 0.998312317,
2068.027746152, 0.998762237,
2068.048178155, 0.998535868,
2068.129906166, 0.998279774,
2068.150338268, 0.998261254,
2068.170770170, 0.998444824,
2068.191202171, 0.998349253,
2068.211634272, 0.998619773,
2068.232066172, 0.998498679,
2068.252498172, 0.998736817,
2068.272930272, 0.998751304,
2068.293362171, 0.998437421,
2068.313794170, 0.998542941,
2068.334226268, 0.998271830,
2068.354658166, 0.998728067,
2068.375090264, 0.998403634,
2068.395522161, 0.998595560,
2068.415954158, 0.998466985,
2068.436386255, 0.998404634,
2068.456818151, 0.998561411,
2068.477250147, 0.998716529,
2068.497682243, 0.998529663,
2068.518114137, 0.998634258,
2068.538546132, 0.998475727,
2068.558978227, 0.998601923,
2068.579410221, 0.998744148,
2068.599842114, 0.998660447,
2068.620274208, 0.998579020,
2068.640706200, 0.998414981,
2068.681570185, 0.998445675,
2068.702002177, 0.998327699,
2068.722434068, 0.998426497,
2068.742866159, 0.998602550,
2068.763298150, 0.998611826,
2068.783730240, 0.998580831,
2068.845026208, 0.998526889,
2068.865458097, 0.998475360,
2068.885890085, 0.998402802,
2068.906322174, 0.998810119,
2068.926754061, 0.998497835,
2068.947186049, 0.998421100,
2068.967618135, 0.998435074,
2068.988050122, 0.998643716,
2069.008482008, 0.998507248,
2069.028914094, 0.998531926,
2069.049346080, 0.998642755,
2069.069777965, 0.998812596,
2069.090210049, 0.999063983,
2069.110641933, 0.998460498,
2069.131073918, 0.998405836,
2069.151506001, 0.998306587,
2069.171937984, 0.998430205,
2069.192369867, 0.998468952,
2069.212801950, 0.998697737,
2069.233233832, 0.998514942,
2069.253665914, 0.998862436,
2069.274097895, 0.998699703,
2069.314961857, 0.998501275,
2069.335393837, 0.998551065,
2069.355825717, 0.998350109,
2069.376257797, 0.998631411,
2069.396689776, 0.998609108,
2069.417121755, 0.998703079,
2069.437553733, 0.998436512,
2069.457985711, 0.998255586,
2069.478417689, 0.998910327,
2069.498849666, 0.998699306,
2069.519281643, 0.998485398,
2069.580577572, 0.998459181,
2069.601009548, 0.998853346,
2069.621441623, 0.998674914,
2069.641873498, 0.998445658,
2069.662305572, 0.998512900,
2069.682737546, 0.998510777,
2069.703169420, 0.998611831,
2069.723601493, 0.998594454,
2069.744033466, 0.998271849,
2069.764465339, 0.998610129,
2069.784897411, 0.998548097,
2069.805329383, 0.998896708,
2069.846193326, 0.998304008,
2069.866625197, 0.998839402,
2069.887057267, 0.998719116,
2069.907489237, 0.998900141,
2069.927921207, 0.998362764,
2069.948353076, 0.997244852,
2069.968785145, 0.996462628,
2069.989217114, 0.995560521,
2070.009648982, 0.995263397,
2070.091376952, 0.998404108,
2070.132240984, 0.998459531,
2070.152672850, 0.998589040,
2070.173104816, 0.998095213,
2070.213968746, 0.998545636,
2070.234400710, 0.998656929,
2070.254832774, 0.998655613,
2070.295696601, 0.998372750,
2070.316128663, 0.998603277,
2070.336560526, 0.998598471,
2070.356992488, 0.998932192,
2070.377424550, 0.998588252,
2070.397856512, 0.999058169,
2070.418288373, 0.998710775,
2070.438720433, 0.998342350,
2070.459152394, 0.999148829,
2070.479584254, 0.998342496,
2070.500016314, 0.998558133,
2070.540880332, 0.998215847,
2070.561312191, 0.998646244,
2070.581744049, 0.998466205,
2070.602176107, 0.998694249,
2070.622608064, 0.998488047,
2070.643039922, 0.998509186,
2070.663471978, 0.998785920,
2070.683903934, 0.998551405,
2070.704335791, 0.998929831,
2070.724767846, 0.998794113,
2070.745199802, 0.998858085,
2070.765631757, 0.998891141,
2070.786063712, 0.998939710,
2070.806495666, 0.998733278,
2070.826927620, 0.998391954,
2070.867791527, 0.998897784,
2070.888223480, 0.998520855,
2070.908655532, 0.998712975,
2070.929087385, 0.998856358,
2070.969951388, 0.998579475,
2070.990383239, 0.997692365,
2071.092543090, 0.998997066,
2071.112974939, 0.998731801,
2071.153838936, 0.998705517,
2071.174270784, 0.999191333,
2071.235566726, 0.998770892,
2071.317294510, 0.998242766,
2071.358158400, 0.998551067,
2071.378590345, 0.998478436,
2071.399022289, 0.999161912,
2071.460318119, 0.997947985,
2071.501182004, 0.998785979,
2071.521613946, 0.998922542,
2071.542045988, 0.999076677,
2071.582909770, 0.998535460,
2071.603341811, 0.998826813,
2071.623773651, 0.998653247,
2071.644205591, 0.999133387,
2071.664637631, 0.998782078,
2071.705501409, 0.998941732,
2071.725933447, 0.998917614,
2071.766797324, 0.998817931,
2071.787229261, 0.999720393,
2071.807661199, 0.998735857,
2071.828093135, 0.998710745,
2071.848525072, 0.998375392,
2071.868957008, 0.998241880,
2071.889389044, 0.998296924,
2071.930252814, 0.998538613,
2071.950684849, 0.998286994,
2071.971116684, 0.998118454,
2072.052844418, 0.999121638,
2072.073276351, 0.998616376,
2072.134572147, 0.998900215,
2072.155004078, 0.998862103,
2072.175436009, 0.998607921,
2072.195867940, 0.998883311,
2072.236731900, 0.998882811,
2072.257163830, 0.998320504,
2072.298027688, 0.998520371,
2072.318459616, 0.998516509,
2072.359323473, 0.998681458,
2072.400187227, 0.998799871,
2072.420619254, 0.998247271,
2072.441051181, 0.998266040,
2072.522778784, 0.998740169,
2072.543210809, 0.998931084,
2072.563642733, 0.998855718,
2072.584074657, 0.998426901,
2072.624938505, 0.998382495,
2072.645370528, 0.998758934,
2072.665802351, 0.998831282,
2072.686234273, 0.998674174,
2072.747530039, 0.999067249,
2072.767962060, 0.998830805,
2072.788393981, 0.999080915,
2072.808825801, 0.998768135,
2072.849689641, 0.998864216,
2072.870121560, 0.998650951,
2072.890553579, 0.998743488,
2072.910985398, 0.998828387,
2072.951849335, 0.998790858,
2072.992713070, 0.998716054,
2073.013145087, 0.998450179,
2073.033576904, 0.998230275,
2073.054008920, 0.998534455,
2073.074440836, 0.998726708,
2073.094872752, 0.998503627,
2073.115304668, 0.998485652,
2073.135736583, 0.998631316,
2073.156168497, 0.998168263,
2073.258328066, 0.998700413,
2073.278759979, 0.998790923,
2073.299191991, 0.998739748,
2073.319623803, 0.998709676,
2073.340055715, 0.998706827,
2073.360487727, 0.998731211,
2073.380919538, 0.998703489,
2073.401351448, 0.998611394,
2073.421783359, 0.998807334,
2073.462647279, 0.998604346,
2073.483079088, 0.998507307,
2073.503510997, 0.998603728,
2073.523943006, 0.998850627,
2073.544374814, 0.998021537,
2073.564806722, 0.998288132,
2073.585238730, 0.998065817,
2073.626102445, 0.998515294,
2073.646534452, 0.998281735,
2073.666966358, 0.998887747,
2073.748693881, 0.998961824,
2073.769125885, 0.998203960,
2073.789557790, 0.998636914,
2073.809989594, 0.998846724,
2073.830421598, 0.999050334,
2073.850853501, 0.998755558,
2073.871285505, 0.998969489,
2073.891717307, 0.998331604,
2073.912149210, 0.998442014,
2073.932581212, 0.998480354,
2074.014308717, 0.998934926,
2074.034740618, 0.998763266,
2074.075604518, 0.998878398,
2074.096036318, 0.999005198,
2074.136900116, 0.998642198,
2074.157332014, 0.999306468,
2074.177764013, 0.999248833,
2074.239059705, 0.998867264,
2074.259491503, 0.998738637,
2074.279923399, 0.998678849,
2074.300355396, 0.998735009,
2074.320787191, 0.998886899,
2074.341219187, 0.998752942,
2074.361651082, 0.999331581,
2074.382082878, 0.998414578,
2074.402514872, 0.999000542,
2074.422946767, 0.998597887,
2074.443378661, 0.998496464,
2074.463810554, 0.998671427,
2074.484242448, 0.998333399,
2074.504674341, 0.998557635,
2074.525106234, 0.998682657,
2074.565970018, 0.998623707,
2074.586402010, 0.998831338,
2074.606833801, 0.998608686,
2074.627265692, 0.998783166,
2074.647697683, 0.998680316,
2074.668129474, 0.998607574,
2074.708993354, 0.998588009,
2074.729425143, 0.998862671,
2074.749857132, 0.998723393,
2074.770289021, 0.998781880,
2074.790720810, 0.998651166,
2074.811152798, 0.998453729,
2074.831584686, 0.998747473,
2074.852016474, 0.998493273,
2074.872448461, 0.998309177,
2074.892880248, 0.998733025,
2074.913312135, 0.999132015,
2074.954175907, 0.998666291,
2074.974607793, 0.998887697,
2074.995039778, 0.998748844,
2075.015471663, 0.998639456,
2075.035903448, 0.998883941,
2075.056335433, 0.998724434,
2075.076767317, 0.998448907,
2075.097199100, 0.998422981,
2075.117631084, 0.998794181,
2075.138062967, 0.998872760,
2075.158494950, 0.998518053,
2075.178926733, 0.998579627,
2075.199358615, 0.998697821,
2075.240222378, 0.998590100,
2075.260654260, 0.998459693,
2075.281086241, 0.998515017,
2075.301518021, 0.998475198,
2075.321949901, 0.998429621,
2075.342381881, 0.998544031,
2075.362813661, 0.998400508,
2075.383245540, 0.998374137,
2075.464973155, 0.998697392,
2075.485405033, 0.998849153,
2075.505836810, 0.998509869,
2075.546700664, 0.998494671,
2075.567132541, 0.998665402,
2075.587564417, 0.998304830,
2075.607996293, 0.998927647,
2075.628428169, 0.998692357,
2075.648860044, 0.998854919,
2075.710155668, 0.998984571,
2075.730587442, 0.999217493,
2075.751019416, 0.998793206,
2075.791883062, 0.998558305,
2075.812315035, 0.998363900,
2075.832746908, 0.998781505,
2075.853178780, 0.998803770,
2075.873610652, 0.998741887,
2075.894042523, 0.998584653,
2075.955338136, 0.998800066,
2075.975770106, 0.998869847,
2075.996201976, 0.998869408,
2076.016633746, 0.998744577,
2076.037065716, 0.998744481,
2076.057497585, 0.998464381,
2076.077929353, 0.998764548,
2076.098361322, 0.998653389,
2076.118793190, 0.998590184,
2076.139224958, 0.998671539,
2076.159656926, 0.998778441,
2076.180088793, 0.998668654,
2076.200520560, 0.998810125,
2076.220952526, 0.998370938,
2076.241384393, 0.998664822,
2076.261816259, 0.998765764,
2076.282248124, 0.998691735,
2076.302679990, 0.998826450,
2076.323111855, 0.998692279,
2076.343543720, 0.998876832,
2076.363975584, 0.998747010,
2076.384407448, 0.998620808,
2076.425271176, 0.998470834,
2076.445703039, 0.998688038,
2076.466134902, 0.998590049,
2076.506998727, 0.998635569,
2076.527430489, 0.998571830,
2076.547862351, 0.998768387,
2076.568294312, 0.998774168,
2076.588726073, 0.998816406,
2076.609157934, 0.998816559,
2076.670453515, 0.998816086,
2076.690885474, 0.998803462,
2076.711317233, 0.998522698,
2076.731749093, 0.998693956,
2076.752181051, 0.998714569,
2076.772612810, 0.998803071,
2076.793044768, 0.998765271,
2076.813476626, 0.998881545,
2076.833908483, 0.998781083,
2076.854340340, 0.998604190,
2076.874772197, 0.998682134,
2076.915636010, 0.998794214,
2076.936067766, 0.998593172,
2076.956499622, 0.998600055,
2076.976931577, 0.998554415,
2076.997363332, 0.998603492,
2077.017795187, 0.998815781,
2077.038227041, 0.998574483,
2077.058658895, 0.998739060,
2077.079090749, 0.998597985,
2077.099522603, 0.998740889,
2077.119954456, 0.998761631,
2077.140386209, 0.998640113,
2077.160818162, 0.998848320,
2077.181250014, 0.998476350,
2077.201681967, 0.998413118,
2077.242545570, 0.998835691,
2077.262977521, 0.999134136,
2077.283409272, 0.998524219,
2077.303841122, 0.998291250,
2077.324273073, 0.998104920,
2077.344704923, 0.998560824,
2077.426432220, 0.998688171,
2077.446864168, 0.998594085,
2077.487727764, 0.998823006,
2077.508159712, 0.998846201,
2077.528591559, 0.998801451,
2077.549023306, 0.998531958,
2077.569455253, 0.998819781,
2077.589887100, 0.998514252,
2077.610319046, 0.998790039,
2077.671614582, 0.998798400,
2077.692046328, 0.998446643,
2077.712478172, 0.998572564,
2077.732910116, 0.998647941,
2077.753341861, 0.998880000,
2077.773773704, 0.998529453,
2077.794205548, 0.998682727,
2077.814637491, 0.998986154,
2077.835069234, 0.998787240,
2077.855501177, 0.998590785,
2077.937228444, 0.998831738,
2077.957660385, 0.998796919,
2077.978092226, 0.998780367,
2077.998523967, 0.998760509,
2078.018955907, 0.998840973,
2078.039387747, 0.998719323,
2078.059819487, 0.998841639,
2078.080251426, 0.998891103,
2078.100683265, 0.998847307,
2078.161978781, 0.998716458,
2078.182410619, 0.998576065,
2078.202842457, 0.998929626,
2078.223274294, 0.998788063,
2078.243706132, 0.998507010,
2078.264137968, 0.998344598,
2078.345865313, 0.999319383,
2078.570615486, 0.998402807,
2078.774933896, 0.998572582,
2078.795365725, 0.998935341,
2078.836229483, 0.998745763,
2078.979252177, 0.998510218,
2079.040547655, 0.998736773,
2079.060979481, 0.998763933,
2079.183570529, 0.998626939,
2079.265297823, 0.998482561,
2079.285729545, 0.998613982,
2079.347025011, 0.998796399,
2079.367456933, 0.998919532,
2079.387888754, 0.998636613,
2079.408320475, 0.998156456,
2079.428752396, 0.998552925,
2079.449184216, 0.998445758,
2079.469615936, 0.998663959,
2079.490047856, 0.998600190,
2079.530911495, 0.998689808,
2079.571775132, 0.998724451,
2079.592207051, 0.998425729,
2079.633070587, 0.999101628,
2079.653502505, 0.998715419,
2079.673934322, 0.998508365,
2079.694366039, 0.999021376,
2079.714797956, 0.998323970,
2079.735229772, 0.998727385,
2079.755661489, 0.998239369,
2079.776093404, 0.996262775,
2079.898684294, 0.998579065,
2079.919116109, 0.998556341,
2079.939547822, 0.998631978,
2079.959979736, 0.998802960,
2079.980411549, 0.999072909,
2080.000843362, 0.998882618,
2080.021275175, 0.999415012,
2080.041706987, 0.998916151,
2080.062138799, 0.998918837,
2080.123434234, 0.998669631,
2080.143866045, 0.998709975,
2080.184729766, 0.998681466,
2080.225593287, 0.998453545,
2080.246025196, 0.998698915,
2080.266456906, 0.999148565,
2080.286888715, 0.998703577,
2080.307320624, 0.999150680,
2080.368616049, 0.998556250,
2080.389047757, 0.998737341,
2080.409479664, 0.998655378,
2080.429911471, 0.998922292,
2080.450343178, 0.998516901,
2080.470775085, 0.998572342,
2080.491206891, 0.998822039,
2080.511638698, 0.998608794,
2080.532070503, 0.998742398,
2080.552502309, 0.998438166,
2080.572934115, 0.998496519,
2080.593365920, 0.997667724,
2080.613797725, 0.998644386,
2080.634229529, 0.998711810,
2080.654661433, 0.998763662,
2080.675093137, 0.998807053,
2080.695524941, 0.998747899,
2080.715956745, 0.998781407,
2080.736388548, 0.998824368,
2080.756820251, 0.998518988,
2080.777252154, 0.998838869,
2080.858979362, 0.998471436,
2080.879411263, 0.998661650,
2080.899842964, 0.998616190,
2080.920274765, 0.998755233,
2080.940706666, 0.998509671,
2080.981570166, 0.998432284,
2081.002002066, 0.998707765,
2081.022433866, 0.998689246,
2081.042865565, 0.998414328,
2081.063297464, 0.998596433,
2081.083729263, 0.998551987,
2081.104160961, 0.998911458,
2081.124592859, 0.998682378,
2081.145024657, 0.998721954,
2081.165456355, 0.999121223,
2081.185888253, 0.998784186,
2081.206320050, 0.998939951,
2081.226751947, 0.998603715,
2081.247183643, 0.998778344,
2081.267615440, 0.998720650,
2081.349342723, 0.998586519,
2081.369774418, 0.998488868,
2081.390206213, 0.998856672,
2081.410638007, 0.998571853,
2081.431069802, 0.998788251,
2081.451501596, 0.998877438,
2081.471933389, 0.998827555,
2081.492365183, 0.998703809,
2081.512796976, 0.998855775,
2081.533228769, 0.998795206,
2081.553660562, 0.999061103,
2081.574092355, 0.998726784,
2081.594524247, 0.998870636,
2081.614955939, 0.998945120,
2081.635387831, 0.999517487,
2081.655819622, 0.998654270,
2081.676251313, 0.998929845,
2081.696683204, 0.998783953,
2081.717114995, 0.997634816,
2081.737546685, 0.999239882,
2081.757978576, 0.998869269,
2081.778410365, 0.996164444,
2081.839705734, 0.998518604,
2081.860137523, 0.998748559,
2081.880569311, 0.998377111,
2081.901001100, 0.998505745,
2081.921432888, 0.998582818,
2081.941864676, 0.998415286,
2081.962296463, 0.998776831,
2081.982728251, 0.998658555,
2082.003160038, 0.998629449,
2082.023591825, 0.998858521,
2082.044023711, 0.999055054,
2082.064455498, 0.998713255,
2082.084887184, 0.998768078,
2082.105319070, 0.999040269,
2082.125750755, 0.998743098,
2082.146182541, 0.998576131,
2082.187046111, 0.998993557,
2082.207477895, 0.999085467,
2082.227909780, 0.999203502,
2082.248341464, 0.999045440,
2082.330068598, 0.998373777,
2082.350500480, 0.998674396,
2082.370932163, 0.998441778,
2082.391363945, 0.999144528,
2082.411795827, 0.999077560,
2082.432227609, 0.999046678,
2082.452659391, 0.999035999,
2082.473091172, 0.999196793,
2082.493522953, 0.999145449,
2082.513954834, 0.998837856,
2082.534386515, 0.998731319,
2082.554818295, 0.998804638,
2082.575250175, 0.998928054,
2082.595681855, 0.998983045,
2082.616113635, 0.998658302,
2082.636545514, 0.998569009,
2082.656977193, 0.998354806,
2082.677408972, 0.998431444,
2082.697840851, 0.998433452,
2082.718272529, 0.998544665,
2082.738704307, 0.998335133,
2082.820431517, 0.999029177,
2082.840863194, 0.999207024,
2082.861295070, 0.998861976,
2082.881726847, 0.999073831,
2082.902158523, 0.999015283,
2082.922590399, 0.998876503,
2082.943022174, 0.998708373,
2082.963453850, 0.998792530,
2082.983885725, 0.998602802,
2083.004317500, 0.998697122,
2083.024749175, 0.998699909,
2083.045181049, 0.998643225,
2083.065612823, 0.998839049,
2083.086044497, 0.998726453,
2083.106476371, 0.998516889,
2083.126908144, 0.998557149,
2083.147339818, 0.998463925,
2083.167771690, 0.998251681,
2083.188203463, 0.998574930,
2083.208635336, 0.997991130,
2083.229067008, 0.998329092,
2083.310794095, 0.999277763,
2083.331225965, 0.998878814,
2083.351657736, 0.999006946,
2083.372089407, 0.998978688,
2083.392521277, 0.999228971,
2083.412953047, 0.998754769,
2083.433384717, 0.998787821,
2083.453816587, 0.999173191,
2083.474248356, 0.998705791,
2083.494680025, 0.998784011,
2083.515111894, 0.998656518,
2083.535543663, 0.998851422,
2083.555975531, 0.998697523,
2083.576407199, 0.998725457,
2083.596838967, 0.998731762,
2083.617270735, 0.998286981,
2083.637702502, 0.998362181,
2083.658134169, 0.998472635,
2083.678566036, 0.998499314,
2083.698997803, 0.998264891,
2083.719429470, 0.999071285,
2083.739861336, 0.998792802,
2083.801156633, 0.999148989,
2083.821588398, 0.999008054,
2083.842020163, 0.998844712,
2083.862451928, 0.998839785,
2083.882883693, 0.998730695,
2083.903315457, 0.998830777,
2083.923747321, 0.998681657,
2083.964610849, 0.998566494,
2083.985042612, 0.998662605,
2084.005474275, 0.998771519,
2084.025906138, 0.998665732,
2084.046337901, 0.998786573,
2084.066769563, 0.998712037,
2084.087201426, 0.998785931,
2084.107633188, 0.998533609,
2084.128064849, 0.998974615,
2084.148496711, 0.998539995,
2084.168928472, 0.998838168,
2084.189360233, 0.998909102,
2084.209791994, 0.998858240,
2084.230223755, 0.999575387,
2084.291519035, 0.999025644,
2084.311950795, 0.998774424,
2084.332382554, 0.999104672,
2084.352814313, 0.998932396,
2084.373246072, 0.999104416,
2084.393677831, 0.998915197,
2084.414109590, 0.998638375,
2084.434541448, 0.998968673,
2084.454973106, 0.999059080,
2084.475404864, 0.998738782,
2084.495836721, 0.998724575,
2084.516268379, 0.998536414,
2084.536700136, 0.998772562,
2084.557131993, 0.998668461,
2084.577563649, 0.998572172,
2084.597995406, 0.998760869,
2084.618427262, 0.998684083,
2084.638858918, 0.999078141,
2084.659290674, 0.998869402,
2084.679722529, 0.998955326,
2084.700154185, 0.998717019,
2084.781881304, 0.998964913,
2084.802313058, 0.998929453,
2084.822744812, 0.998698727,
2084.843176565, 0.998804866,
2084.863608319, 0.999255121,
2084.884040072, 0.998794000,
2084.904471925, 0.998638301,
2084.924903578, 0.998642210,
2084.945335331, 0.998799289,
2084.965767183, 0.998791832,
2085.027062438, 0.998939513,
2085.047494090, 0.998796263,
2085.067925841, 0.999175118,
2085.088357692, 0.998862712,
2085.108789343, 0.999097008,
2085.129221193, 0.998944383,
2085.149652844, 0.998958008,
2085.170084594, 0.998980828,
2085.190516444, 0.998963953,
2085.210948093, 0.998915660,
2085.251811692, 0.999016535,
2085.272243441, 0.999044719,
2085.292675090, 0.998898461,
2085.313106938, 0.998688471,
2085.333538687, 0.998917858,
2085.394833930, 0.998923087,
2085.415265578, 0.998940416,
2085.435697425, 0.999012336,
2085.517424412, 0.999218366,
2085.537856258, 0.999390050,
2085.578719649, 0.999357536,
2085.599151495, 0.999043918,
2085.619583140, 0.998981451,
2085.640014885, 0.999078191,
2085.660446730, 0.998993747,
2085.680878374, 0.999013615,
2085.701310119, 0.999080253,
2085.762605350, 0.999133173,
2085.783037194, 0.999162049,
2085.803468937, 0.999158979,
2085.823900680, 0.999033531,
2085.844332423, 0.999716674,
2085.864764066, 0.999027859,
2085.885195908, 0.999092213,
2085.926059292, 0.998878199,
2085.946491134, 0.998669004,
2085.966922875, 0.998975925,
2085.987354517, 0.999027525,
2086.007786358, 0.999170632,
2086.028218099, 0.999157953,
2086.048649740, 0.999197254,
2086.069081580, 0.999159687,
2086.089513320, 0.999161805,
2086.109945060, 0.999300431,
2086.130376800, 0.998911120,
2086.150808540, 0.998957736,
2086.171240279, 0.998899318,
2086.191672018, 0.999522598,
2086.252967334, 0.999281271,
2086.273398973, 0.999015821,
2086.293830811, 0.998935467,
2086.314262549, 0.999364150,
2086.334694186, 0.999375269,
2086.355126024, 0.999165196,
2086.375557761, 0.999628990,
2086.395989398, 0.999367406,
2086.416421235, 0.999234974,
2086.436852972, 0.999524529,
2086.457284608, 0.999078127,
2086.477716444, 0.999124171,
2086.498148180, 0.999416602,
2086.518579816, 0.999149839,
2086.539011652, 0.999201600,
2086.559443287, 0.999195487,
2086.579875122, 0.999231610,
2086.600306857, 0.999338521,
2086.620738592, 0.999616195,
2086.641170326, 0.999594317,
2086.661602061, 0.999540394,
2086.743328996, 0.999379684,
2086.763760729, 0.999253903,
2086.784192462, 0.999393399,
2086.804624195, 0.999324020,
2086.825056028, 0.999258247,
2086.845487660, 0.999210257,
2086.865919392, 0.999373454,
2086.886351224, 0.999042632,
2086.906782856, 0.999274929,
2086.927214688, 0.999455764,
2086.947646419, 0.999302764,
2086.968078050, 0.999392904,
2086.988509881, 0.999286028,
2087.008941612, 0.999293058,
2087.029373242, 0.999346136,
2087.049805073, 0.999243136,
2087.070236803, 0.999467299,
2087.090668533, 0.999522731,
2087.111100263, 0.999318557,
2087.131531992, 0.999371313,
2087.151963722, 0.999621809,
2087.172395451, 0.999267473,
2087.233690637, 0.999530006,
2087.254122365, 0.999555424,
2087.274554194, 0.999324771,
2087.294985821, 0.999573397,
2087.335849377, 0.999393766,
2087.356281004, 0.999647826,
2087.376712731, 0.999411428,
2087.397144558, 0.999371250,
2087.438007911, 0.999366311,
2087.458439738, 0.999412503,
2087.478871364, 0.999204513,
2087.499303089, 0.999457803,
2087.519734915, 0.999293120,
2087.540166541, 0.999432869,
2087.560598266, 0.999337794,
2087.581030091, 0.999672980,
2087.601461716, 0.999396391,
2087.621893541, 0.999634304,
2087.642325265, 1.000065791,
2087.662756990, 0.999232725,
2087.724052161, 0.999103977,
2087.744483985, 0.999234900,
2087.764915608, 0.999099881,
2087.785347331, 0.999585266,
2087.805779154, 0.999606251,
2087.826210777, 0.999333011,
2087.846642499, 0.999387216,
2087.867074322, 0.999295898,
2087.887505944, 0.999501519,
2087.907937666, 0.999397946,
2087.928369488, 0.999473021,
2087.948801109, 0.999527723,
2087.969232830, 0.999527821,
2087.989664552, 0.999668147,
2088.010096272, 0.999656263,
2088.030528093, 0.999527842,
2088.050959714, 0.999786583,
2088.071391434, 0.999776304,
2088.091823254, 0.999921921,
2088.112254975, 0.999560949,
2088.132686594, 1.000026306,
2088.214413571, 0.999477969,
2088.234845290, 0.999492091,
2088.255276909, 0.999558696,
2088.275708727, 0.999578324,
2088.296140445, 0.999727202,
2088.316572063, 0.999643708,
2088.337003881, 0.999683530,
2088.357435599, 0.999540737,
2088.377867417, 0.999616723,
2088.398299034, 0.999652563,
2088.418730751, 0.999757342,
2088.439162568, 0.999649604,
2088.459594185, 0.999503609,
2088.480025901, 0.999557278,
2088.500457717, 0.999745753,
2088.520889333, 0.999658114,
2088.541321049, 0.999759515,
2088.561752865, 0.999633043,
2088.582184581, 1.000177648,
2088.602616196, 1.000036780,
2088.623048011, 0.999862547,
2088.704774870, 0.999514842,
2088.725206584, 0.999431515,
2088.766069912, 1.000039659,
2088.786501726, 0.999855739,
2088.806933439, 0.999788221,
2088.827365052, 0.999693624,
2088.847796866, 0.999695501,
2088.868228579, 0.999638386,
2088.888660191, 0.999848300,
2088.909092004, 0.999658761,
2088.929523716, 0.999803707,
2088.949955428, 0.999672435,
2088.970387140, 1.000001294,
2088.990818852, 0.999708352,
2089.011250564, 0.999846137,
2089.031682275, 0.999877922,
2089.052113986, 0.999914400,
2089.072545797, 1.000113634,
2089.092977508, 1.000033049,
2089.195136060, 0.999647232,
2089.215567770, 0.999407076,
2089.235999379, 0.999550273,
2089.256431189, 0.999538150,
2089.276862898, 0.999690114,
2089.297294507, 0.999849408,
2089.317726316, 0.999605476,
2089.338158024, 0.999618321,
2089.358589633, 0.999891804,
2089.379021441, 0.999550395,
2089.399453049, 0.999847428,
2089.419884857, 0.999698995,
2089.440316565, 0.999841594,
2089.460748173, 0.999740621,
2089.481179980, 0.999820321,
2089.501611687, 0.999700050,
2089.522043394, 0.999879626,
2089.542475101, 1.000099743,
2089.562906808, 0.999658889,
2089.583338514, 0.999795110,
2089.603770220, 0.999717657,
2089.624201927, 0.999889200,
2089.705928749, 0.999767103,
2089.726360555, 0.999886368,
2089.746792160, 0.999688589,
2089.767223964, 0.999619492,
2089.787655669, 0.999669040,
2089.808087274, 0.999495720,
2089.828519078, 0.999576736,
2089.848950782, 0.999603264,
2089.869382386, 0.999388395,
2089.889814190, 0.999666793,
2089.910245894, 0.999623444,
2089.930677597, 0.999866816,
2089.951109300, 0.999443102,
2089.971541004, 0.999821794,
2089.991972706, 0.999748817,
2090.012404409, 0.999853642,
2090.032836112, 0.999638424,
2090.053267814, 0.999571318,
2090.073699516, 0.999629570,
2090.114563020, 0.999707550,
2090.134994622, 0.999745834,
2090.155426324, 0.999895550,
2090.175858125, 0.999957493,
2090.196289726, 0.999761242,
2090.216721427, 0.999931701,
2090.237153228, 1.000057878,
2090.257584829, 0.999775304,
2090.278016529, 1.000151260,
2090.298448329, 0.999677085,
2090.318879930, 1.000144454,
2090.339311630, 1.000025913,
2090.421038528, 0.999673387,
2090.441470127, 0.999773778,
2090.461901926, 0.999696943,
2090.482333625, 0.999920041,
2090.502765323, 0.999887749,
2090.523197022, 0.999674528,
2090.543628720, 0.999458472,
2090.564060418, 0.999724853,
2090.584492116, 0.999568832,
2090.604923814, 0.999467909,
2090.625355511, 0.999587282,
2090.645787309, 1.000085751,
2090.666218906, 0.999919240,
2090.686650603, 0.999776801,
2090.707082400, 0.999756132,
2090.727513997, 0.999736761,
2090.747945693, 0.999769019,
2090.768377490, 0.999977609,
2090.788809086, 1.000019742,
2090.809240882, 0.999771411,
2090.829672578, 1.000011415,
2090.850104173, 1.000058550,
2090.870535969, 1.000007557,
2090.890967565, 0.999930706,
2090.911399260, 1.000122064,
2090.931831055, 0.999869425,
2090.952262650, 0.999917290,
2090.972694345, 1.000185586,
2090.993126139, 0.999949308,
2091.033989428, 0.999969318,
2091.054421222, 1.000107958,
2091.074852916, 1.000073301,
2091.156579790, 0.999830853,
2091.177011383, 0.999872718,
2091.197443076, 0.999863296,
2091.217874868, 0.999832259,
2091.238306461, 0.999823320,
2091.258738154, 1.000000439,
2091.279169946, 0.999883388,
2091.299601538, 0.999816708,
2091.320033230, 0.999734079,
2091.340465022, 1.000001347,
2091.360896613, 0.999882276,
2091.381328305, 0.999971199,
2091.401760096, 1.000201939,
2091.422191687, 0.999735371,
2091.442623478, 0.999758753,
2091.463055169, 0.999856520,
2091.483486859, 0.999767415,
2091.503918550, 0.999791063,
2091.524350240, 0.999765601,
2091.544781930, 0.999851640,
2091.687803757, 1.000359140,
2091.728667035, 1.000221570,
2091.749098823, 0.999805294,
2091.769530512, 1.000103015,
2091.789962300, 0.999577697,
2091.810393888, 1.000138127,
2091.892120639, 1.000030963,
2091.932984014, 1.000137913,
2091.953415701, 0.999735704,
2091.973847488, 0.999901238,
2091.994279174, 0.999776789,
2092.014710761, 0.999894125,
2092.035142547, 0.999907708,
2092.055574233, 0.999871738,
2092.076005819, 0.999899672,
2092.096437605, 1.000115017,
2092.116869291, 0.999936384,
2092.137301077, 1.000036704,
2092.157732662, 0.999791540,
2092.178164348, 0.999908701,
2092.198596133, 1.000060051,
2092.219027718, 1.000045214,
2092.239459403, 1.000028706,
2092.259891087, 0.999655011,
2092.280322772, 0.999807308,
2092.300754356, 1.000106105,
2092.321186140, 0.999956100,
2092.341617824, 1.000129990,
2092.362049509, 1.000258629,
2092.382481192, 0.999914675,
2092.402912876, 1.000205471,
2092.423344659, 1.000332891,
2092.443776243, 1.000361380,
2092.464207926, 1.000190567,
2092.484639709, 1.000066347,
2092.505071392, 1.000202007,
2092.525502975, 1.000132696,
2092.545934758, 1.000371399,
2092.627661486, 1.000100689,
2092.648093068, 0.999931142,
2092.668524850, 0.999922195,
2092.688956531, 1.000149617,
2092.709388113, 1.000018207,
2092.729819894, 1.000167608,
2092.750251575, 1.000064156,
2092.770683356, 0.999944128,
2092.791114937, 0.999858157,
2092.811546618, 1.000070517,
2092.831978398, 1.000036767,
2092.852409978, 0.999926186,
2092.872841659, 0.999883053,
2092.893273439, 1.000063885,
2092.913705019, 1.000061287,
2092.934136698, 0.999904226,
2092.954568478, 0.999987221,
2092.975000157, 1.000307418,
2092.995431737, 1.000084403,
2093.015863516, 1.000078462,
2093.036295095, 0.999810520,
2093.056726774, 0.999932475,
2093.077158553, 1.000105822,
2093.097590131, 1.000032860,
2093.118021910, 0.999987816,
2093.138453588, 1.000097200,
2093.158885166, 0.999858386,
2093.179316944, 0.999859073,
2093.199748622, 1.000085340,
2093.220180200, 0.999969737,
2093.240611978, 1.000119780,
2093.261043655, 1.000059282,
2093.281475233, 0.999948226,
2093.301907010, 0.999870329,
2093.322338687, 1.000070637,
2093.342770363, 1.000070051,
2093.363202040, 0.999957791,
2093.383633717, 1.000259163,
2093.404065493, 1.000028116,
2093.424497070, 0.999939426,
2093.444928746, 0.999982080,
2093.485792198, 0.999775436,
2093.506223774, 1.000231095,
2093.526655549, 0.999912516,
2093.547087225, 1.000109720,
2093.608382250, 0.999945865,
2093.628813825, 0.999872651,
2093.649245600, 1.000034378,
2093.669677275, 1.000078153,
2093.690108849, 1.000061611,
2093.710540624, 1.000045550,
2093.730972298, 1.000058382,
2093.751403972, 1.000076729,
2093.771835646, 1.000060405,
2093.792267220, 1.000074679,
2093.812698994, 0.999723007,
2093.833130667, 1.000009977,
2093.853562341, 0.999691285,
2093.873994014, 1.000031104,
2093.894425687, 0.999807707,
2093.914857360, 1.000122660,
2093.935289033, 1.000057581,
2093.955720706, 1.000037521,
2093.976152378, 1.000095539,
2093.996584051, 0.999972447,
2094.017015723, 1.000215219,
2094.037447495, 1.000341130,
2094.057879167, 0.999972094,
2094.078310739, 0.999927018,
2094.098742511, 1.000248586,
2094.119174183, 1.000234647,
2094.139605754, 1.000282191,
2094.160037526, 1.000183839,
2094.180469197, 0.999778896,
2094.200900768, 1.000293120,
2094.221332539, 1.000083282,
2094.241764210, 1.000173001,
2094.262195781, 1.000384508,
2094.282627551, 1.000126300,
2094.303059222, 1.000079475,
2094.323490992, 1.000136761,
2094.343922563, 0.999938529,
2094.364354233, 1.000167141,
2094.384785903, 1.000260141,
2094.405217572, 1.000062416,
2094.425649242, 1.000323256,
2094.446080912, 1.000274749,
2094.466512581, 1.000268613,
2094.486944250, 1.000126804,
2094.507375920, 0.999847461,
2094.527807589, 0.999823802,
2094.589102595, 1.000176674,
2094.609534264, 1.000195431,
2094.629966032, 1.000250716,
2094.650397600, 0.999853518,
2094.670829368, 1.000118354,
2094.691261036, 1.000305100,
2094.711692604, 0.999979042,
2094.732124372, 1.000275565,
2094.752556040, 1.000237958,
2094.772987607, 1.000384733,
2094.793419375, 1.000101205,
2094.813851042, 1.000083618,
2094.834282609, 1.000058245,
2094.854714376, 1.000291213,
2094.875146043, 1.000196094,
2094.895577710, 1.000030937,
2094.916009376, 1.000057383,
2094.936441043, 0.999961227,
2094.956872809, 0.999955281,
2094.977304375, 1.000288299,
2094.997736042, 1.000093002,
2095.018167808, 0.999900136,
2095.038599473, 1.000149562,
2095.059031039, 0.999831705,
2095.079462805, 1.000185794,
2095.099894470, 0.999812973,
2095.120326036, 0.999957810,
2095.140757801, 1.000045132,
2095.161189366, 0.999887622,
2095.202052796, 1.000005248,
2095.222484361, 0.999681701,
2095.242916125, 0.999947705,
2095.263347790, 1.000337121,
2095.324642783, 1.000143045,
2095.345074347, 0.999926172,
2095.365506111, 1.000115376,
2095.385937775, 1.000003663,
2095.406369438, 0.999828409,
2095.426801102, 0.999922565,
2095.447232765, 0.999660736,
2095.467664429, 0.999961292,
2095.488096092, 0.999882897,
2095.508527755, 1.000216279,
2095.569822743, 1.000120619,
2095.590254506, 1.000079276,
2095.610686169, 1.000050137,
2095.631117731, 1.000278356,
2095.651549493, 1.000112173,
2095.671981155, 1.000216757,
2095.712844479, 1.000157293,
2095.733276141, 1.000194232,
2095.753707703, 1.000196658,
2095.774139464, 1.000131194,
2095.794571126, 1.000066610,
2095.815002687, 0.999995930,
2095.835434448, 1.000187013,
2095.855866109, 1.000200060,
2095.876297770, 1.000166017,
2095.896729431, 1.000173457,
2095.917161092, 1.000315731,
2095.937592753, 1.000276788,
2095.958024413, 1.000100159,
2095.978456074, 0.999902140,
2095.998887734, 1.000010823,
2096.019319394, 0.999819630,
2096.039751054, 1.000336987,
2096.060182814, 1.000070272,
2096.080614374, 0.999958107,
2096.101046034, 1.000118966,
2096.121477793, 1.000200637,
2096.141909353, 1.000064552,
2096.162341112, 1.000192228,
2096.182772771, 0.999803921,
2096.203204331, 1.000155527,
2096.244067749, 1.000030454,
2096.284931066, 1.000000929,
2096.305362725, 1.000053734,
2096.325794283, 1.000103279,
2096.346226042, 1.000159761,
2096.366657700, 0.999915401,
2096.387089358, 0.999874335,
2096.407521016, 1.000142814,
2096.427952674, 1.000005544,
2096.448384432, 0.999805842,
2096.468815990, 0.999792497,
2096.550542619, 1.000056805,
2096.570974377, 1.000157034,
2096.591405934, 0.999968453,
2096.611837591, 1.000137807,
2096.632269348, 1.000014965,
2096.652700904, 1.000126170,
2096.673132561, 1.000212402,
2096.693564318, 1.000256848,
2096.713995874, 1.000290274,
2096.734427630, 0.999642966,
2096.754859286, 1.000076533,
2096.775290843, 1.000022409,
2096.795722599, 1.000161403,
2096.816154255, 0.999829977,
2096.836585810, 1.000149891,
2096.857017566, 1.000064465,
2096.877449222, 1.000286563,
2096.897880877, 1.000168604,
2096.918312533, 1.000198004,
2096.938744188, 1.000194165,
2096.979607498, 1.000089555,
2097.000039153, 1.000106505,
2097.020470908, 0.999978111,
2097.040902563, 1.000047937,
2097.061334117, 1.000095156,
2097.122629081, 1.000191654,
2097.143060835, 1.000120104,
2097.163492489, 0.999965225,
2097.183924043, 1.000035766,
2097.204355797, 0.999825591,
2097.224787451, 1.000063624,
2097.245219005, 1.000176832,
2097.265650758, 0.999947442,
2097.286082312, 0.999984437,
2097.306513965, 1.000155972,
2097.326945719, 0.999755028,
2097.347377272, 0.999852519,
2097.367809025, 1.000097305,
2097.388240678, 0.999987357,
2097.408672331, 1.000059224,
2097.449535637, 1.000694254,
2097.551693999, 1.000103476,
2097.572125551, 0.999986720,
2097.592557203, 1.000206483,
2097.612988955, 1.000042678,
2097.633420507, 1.000129242,
2097.653852259, 1.000366953,
2097.674283911, 0.999987071,
2097.694715462, 1.000175789,
2097.715147214, 1.000130397,
2097.735578865, 1.000132822,
2097.756010416, 1.000003254,
2097.776442167, 1.000125919,
2097.796873819, 1.000100946,
2097.817305370, 1.000119672,
2097.837737121, 1.000203633,
2097.858168771, 1.001221175,
2097.878600422, 1.000242150,
2097.899032073, 1.000066994,
2097.919463723, 1.000217389,
2097.939895374, 1.000418682,
2097.960327024, 1.000360786,
2097.980758674, 1.000418303,
2098.042053624, 0.999944019,
2098.062485274, 0.999877148,
2098.082916924, 1.000150718,
2098.103348574, 0.999941972,
2098.123780323, 1.000025209,
2098.144211873, 1.000184747,
2098.164643522, 1.000152967,
2098.185075272, 1.000211723,
2098.266801768, 1.001075798,
2098.287233517, 1.000257278,
2098.307665166, 1.000226084,
2098.328096715, 1.000311290,
2098.348528463, 1.000178774,
2098.368960112, 1.000213572,
2098.389391760, 1.000183674,
2098.409823409, 1.000364639,
2098.430255057, 1.000346738,
2098.450686705, 1.000344921,
2098.471118353, 1.000030371,
2098.491550001, 1.000157228,
2098.511981749, 0.999787827,
2098.552844945, 1.000169707,
2098.573276692, 1.000117422,
2098.593708340, 1.000163503,
2098.614139887, 1.000205733,
2098.634571635, 1.000026524,
2098.655003182, 1.000113175,
2098.675434829, 1.000161820,
2098.695866576, 1.000244675,
2098.716298123, 1.000170491,
2098.757161517, 1.000271960,
2098.777593064, 1.000216781,
2098.798024811, 1.000262855,
2098.818456458, 1.000203098,
2098.838888004, 1.000229256,
2098.859319751, 1.000220427,
2098.879751397, 1.000327064,
2098.900182943, 1.000195281,
2098.920614689, 1.000205066,
2098.941046336, 1.000360380,
2098.961477982, 1.000145127,
2098.981909628, 1.000211009,
2099.002341273, 1.000168987,
2099.022772919, 1.000324904,
2099.043204665, 1.000120662,
2099.063636211, 1.000209720,
2099.084067956, 1.000409400,
2099.104499602, 1.000130637,
2099.124931147, 0.999838552,
2099.145362892, 1.000323301,
2099.165794538, 1.000191162,
2099.186226083, 1.000079823,
2099.206657828, 1.000348862,
2099.227089473, 1.000594427,
2099.247521018, 1.000482259,
2099.267952763, 1.000261481,
2099.288384407, 1.000132955,
2099.308815952, 1.000527176,
2099.329247697, 1.000111902,
2099.349679341, 1.000443933,
2099.370110986, 1.000280373,
2099.390542630, 1.000122136,
2099.410974274, 1.000214563,
2099.431405918, 1.000211476,
2099.492700851, 1.000523112,
2099.513132495, 1.000377089,
2099.533564138, 1.000436106,
2099.553995782, 1.000382911,
2099.574427426, 1.000327862,
2099.594859169, 1.000056958,
2099.615290813, 1.000241408,
2099.635722356, 1.000097019,
2099.656154100, 1.000229615,
2099.676585743, 1.000299511,
2099.697017286, 1.000576898,
2099.717449029, 1.000349765,
2099.737880672, 1.000433307,
2099.758312216, 1.000417851,
2099.778743958, 1.000162037,
2099.819607144, 1.000350962,
2099.840038887, 1.000539308,
2099.860470529, 1.000300418,
2099.880902272, 1.000421667,
2099.901333814, 1.000397679,
2099.983060384, 1.000310102,
2100.003492126, 1.000187378,
2100.023923668, 1.000079222,
2100.044355310, 1.000268658,
2100.064786952, 1.000119429,
2100.085218594, 1.000086467,
2100.105650235, 1.000288596,
2100.126081977, 1.000325628,
2100.146513519, 1.000332986,
2100.166945260, 1.000123581,
2100.187376902, 1.000152482,
2100.207808443, 1.000329767,
2100.228240184, 1.000395367,
2100.248671826, 1.000292548,
2100.269103367, 1.000355538,
2100.289535108, 1.000297871,
2100.309966749, 1.000167622,
2100.330398290, 1.000252687,
2100.350830031, 1.000123647,
2100.371261672, 1.000383935,
2100.391693213, 0.999953378,
2100.412124954, 1.000112357,
2100.432556594, 1.000222953,
2100.452988335, 1.000456611,
2100.473419875, 1.000245055,
2100.493851516, 1.000262301,
2100.514283256, 1.000209993,
2100.534714797, 1.000227778,
2100.555146437, 1.000021323,
2100.575578177, 1.000257791,
2100.596009817, 0.999962675,
2100.616441357, 1.000497906,
2100.636873097, 1.000286852,
2100.657304737, 1.000440555,
2100.677736277, 1.000173658,
2100.698168017, 1.000280929,
2100.718599657, 1.000289532,
2100.739031397, 1.000318774,
2100.759462936, 1.000145048,
2100.779894576, 1.000274028,
2100.800326215, 1.000260179,
2100.820757855, 1.000397991,
2100.841189394, 1.000121499,
2100.861621133, 1.000266039,
2100.902484312, 1.000226079,
2100.922916051, 1.000418990,
2100.943347690, 1.000428524,
2100.963779329, 1.000417239,
2100.984210968, 1.000498126,
2101.004642607, 1.000478649,
2101.025074346, 1.000374544,
2101.045505885, 1.000044561,
2101.065937523, 1.000187804,
2101.086369262, 1.000236609,
2101.106800900, 1.000549856,
2101.127232439, 1.000325455,
2101.147664177, 1.000375609,
2101.168095816, 1.000267528,
2101.188527354, 1.000268871,
2101.208959093, 1.000391344,
2101.249822469, 1.000433994,
2101.270254007, 1.000379328,
2101.290685645, 1.000359217,
2101.311117383, 1.000278091,
2101.331548921, 1.000366642,
2101.351980559, 1.000566614,
2101.372412297, 1.000163329,
2101.392843835, 1.000789293,
2101.454138748, 1.000287989,
2101.474570385, 1.000280456,
2101.495002023, 1.000489447,
2101.515433660, 1.000363390,
2101.535865398, 1.000399370,
2101.556296935, 1.000562827,
2101.576728572, 1.000603809,
2101.597160309, 1.000454628,
2101.617591847, 1.000445862,
2101.638023484, 1.000438415,
2101.658455221, 1.000645316,
2101.678886858, 1.000897733,
2101.699318395, 1.000899234,
2101.719750132, 1.000767609,
2101.740181768, 1.000653304,
2101.760613305, 1.000445772,
2101.781045042, 1.000550620,
2101.801476679, 1.001979706,
2101.821908415, 1.000591452,
2101.842339952, 1.000612976,
2101.862771588, 1.000692973,
2101.883203325, 1.000532790,
2101.903634861, 1.000715060,
2101.924066498, 1.000774418,
2101.944498234, 1.000826763,
2101.964929770, 1.000645712,
2101.985361407, 1.000572171,
2102.005793143, 1.000643325,
2102.026224679, 1.000668456,
2102.046656415, 1.000579099,
2102.067088051, 1.000668938,
2102.087519687, 1.000615792,
2102.107951323, 1.000539664,
2102.128382959, 1.000544961,
2102.148814595, 1.000723092,
2102.169246231, 1.000848332,
2102.210109402, 1.000670546,
2102.230541138, 1.000908280,
2102.250972773, 1.000718876,
2102.271404309, 1.000572371,
2102.312267680, 1.000780607,
2102.332699415, 1.000881895,
2102.353130951, 1.000631548,
2102.373562586, 1.000799909,
2102.393994321, 1.000756702,
2102.414425857, 1.000900636,
2102.434857492, 1.001013071,
2102.455289227, 1.000730184,
2102.475720762, 1.000789752,
2102.496152397, 1.000532251,
2102.516584132, 1.000849490,
2102.537015667, 1.000918033,
2102.557447302, 1.000658695,
2102.577879037, 1.000606785,
2102.598310672, 1.000739875,
2102.618742306, 1.000582458,
2102.639173941, 1.000602215,
2102.659605576, 1.000669484,
2102.680037211, 1.000599656,
2102.700468845, 1.000769323,
2102.720900480, 1.000480173,
2102.741332214, 1.000446025,
2102.761763749, 1.000395873,
2102.782195383, 1.000402817,
2102.802627018, 1.000550747,
2102.823058652, 1.000502947,
2102.843490386, 1.000605140,
2102.863922021, 1.000476449,
2102.884353555, 1.000539634,
2102.904785289, 1.000331054,
2102.945648457, 1.000431385,
2102.966080192, 1.000469787,
2102.986511726, 1.000403210,
2103.006943360, 1.000497684,
2103.027375094, 1.000523180,
2103.047806628, 1.000516548,
2103.068238262, 1.000502471,
2103.088669995, 1.000178106,
2103.109101629, 1.000450081,
2103.129533263, 1.000404095,
2103.149964897, 1.000210561,
2103.170396530, 1.000198698,
2103.190828164, 1.000287960,
2103.211259798, 1.000449569,
2103.231691431, 1.000383230,
2103.252123065, 1.000341973,
2103.272554698, 1.000350407,
2103.292986332, 1.000484943,
2103.313418065, 1.000420793,
2103.333849599, 1.000391593,
2103.354281232, 1.000406759,
2103.415576232, 1.000769999,
2103.436007865, 1.000576884,
2103.456439399, 1.000707410,
2103.476871132, 1.000539719,
2104.089820113, 1.002833520,
2104.110251845, 1.002487803,
2104.130683477, 1.002768499,
2104.151115209, 1.002789149,
2104.171546741, 1.002757870,
2104.191978373, 1.002933819,
2104.212410006, 1.002637671,
2104.232841638, 1.002702762,
2104.253273270, 1.002988479,
2104.273704902, 1.003007693,
2104.294136534, 1.002973174,
2104.314568166, 1.002932042,
2104.334999898, 1.003110317,
2104.416726325, 1.002805518,
2104.437158057, 1.002759868,
2104.457589689, 1.002899016,
2104.478021221, 1.002819913,
2104.498452952, 1.002828626,
2104.518884584, 1.002993504,
2104.539316116, 1.003148963,
2104.559747848, 1.002639769,
2104.580179479, 1.002525286,
2104.621042743, 1.002511371,
2104.641474374, 1.002521459,
2104.661906106, 1.002551326,
2104.682337637, 1.002845135,
2104.702769269, 1.002523190,
2104.723201001, 1.002754375,
2104.743632532, 1.002897107,
2104.764064164, 1.002732987,
2104.784495895, 1.002837414,
2104.804927526, 1.002746928,
2104.825359058, 1.002696644,
2104.866222421, 1.002696891,
2104.886654052, 1.002588145,
2104.907085683, 1.002738556,
2104.927517315, 1.002719221,
2104.947948946, 1.002903979,
2104.968380577, 1.002604280,
2104.988812109, 1.002754000,
2105.009243840, 1.002947963,
2105.029675471, 1.002915074,
2105.050107002, 1.002863809,
2105.111401896, 1.002696837,
2105.131833627, 1.002646843,
2105.152265258, 1.002632765,
2105.172696990, 1.002720646,
2105.193128521, 1.002812143,
2105.213560152, 1.002952286,
2105.233991883, 1.002865033,
2105.254423414, 1.002978097,
2105.274855045, 1.002974957,
2105.295286776, 1.002806790,
2105.315718407, 1.002700327,
2105.377013300, 1.002835331,
2105.397444931, 1.002852743,
2105.417876562, 1.002609916,
2105.438308193, 1.002675890,
2105.458739924, 1.002895079,
2105.479171455, 1.002807591,
2105.499603086, 1.002898143,
2105.520034817, 1.002832349,
2105.540466348, 1.002898348,
2105.560897979, 1.002860731,
2105.581329710, 1.002790465,
2105.601761241, 1.002700286,
2105.622192971, 1.002864294,
2105.642624602, 1.002674068,
2105.663056133, 1.002910742,
2105.683487864, 1.002716377,
2105.703919395, 1.002910396,
2105.724351026, 1.003124263,
2105.744782756, 1.002886196,
2105.765214287, 1.002994669,
2105.785645918, 1.002921574,
2105.806077649, 1.002885526,
2105.846940910, 1.002779956,
2105.867372541, 1.002780878,
2105.887804172, 1.002865060,
2105.908235803, 1.002818313,
2105.928667433, 1.002950842,
2105.949099064, 1.003057302,
2105.969530795, 1.002870122,
2105.989962325, 1.003071492,
2106.010393956, 1.002932918,
2106.030825687, 1.002972030,
2106.051257218, 1.002908075,
2106.092120579, 1.002921229,
2106.112552110, 1.002969110,
2106.132983840, 1.003097062,
2106.153415471, 1.002899722,
2106.173847002, 1.003099604,
2106.194278732, 1.002935834,
2106.214710363, 1.002780704,
2106.235141894, 1.003127219,
2106.276005255, 1.003128084,
2106.296436886, 1.002901410,
2106.337300147, 1.002869280,
2106.357731777, 1.003016744,
2106.378163408, 1.003121187,
2106.398595039, 1.002919378,
2106.419026669, 1.003113602,
2106.439458300, 1.003061209,
2106.459889931, 1.003046848,
2106.480321561, 1.003045242,
2106.500753192, 1.002974252,
2106.521184822, 1.002994560,
2106.541616553, 1.002982401,
2106.582479814, 1.002860844,
2106.623342976, 1.003202445,
2106.643774706, 1.002986170,
2106.664206337, 1.002917269,
2106.684637867, 1.003089941,
2106.705069598, 1.003220611,
2106.725501229, 1.003028639,
2106.745932759, 1.003172285,
2106.766364490, 1.003182978,
2106.786796121, 1.003128294,
2106.827659382, 1.003063952,
2106.848091013, 1.003016637,
2106.868522743, 1.003244688,
2106.888954274, 1.003019854,
2106.909385905, 1.003298453,
2106.929817635, 1.003131074,
2106.950249166, 1.003152661,
2106.970680797, 1.003220253,
2106.991112527, 1.003324536,
2107.011544158, 1.003138746,
2107.031975789, 1.003265688,
2107.072838950, 1.003119844,
2107.093270681, 1.003116295,
2107.134133842, 1.003158058,
2107.154565573, 1.003023476,
2107.174997204, 1.003231991,
2107.195428734, 1.003092205,
2107.215860465, 1.003390897,
2107.236292096, 1.002982576,
2107.256723827, 1.003120907,
2107.338450250, 1.003182782,
2107.358881881, 1.003177536,
2107.379313611, 1.003451670,
2107.399745142, 1.002927404,
2107.420176773, 1.003140194,
2107.440608504, 1.003161877,
2107.461040135, 1.003254475,
2107.481471766, 1.003243673,
2107.501903396, 1.003126089,
2107.522335027, 1.003107177,
2107.542766658, 1.003086684,
2107.563198289, 1.003115924,
2107.583629920, 1.003113822,
2107.604061651, 1.003277673,
2107.624493182, 1.003174860,
2107.644924813, 1.003141249,
2107.665356544, 1.003156528,
2107.685788075, 1.003340909,
2107.706219806, 1.003235110,
2107.726651337, 1.003138048,
2107.747082968, 1.003255901,
2107.767514699, 1.003225982,
2107.808377861, 1.003133351,
2107.828809592, 1.003224539,
2107.849241123, 1.003201269,
2107.869672754, 1.003109736,
2107.890104485, 1.003390133,
2107.910536016, 1.003389464,
2107.930967647, 1.003423002,
2107.951399379, 1.003403874,
2107.971830910, 1.003384408,
2107.992262641, 1.003303838,
2108.053557535, 1.003462293,
2108.073989166, 1.003161046,
2108.094420797, 1.003292539,
2108.114852428, 1.003281983,
2108.135284060, 1.003456904,
2108.155715691, 1.003535225,
2108.176147422, 1.003447157,
2108.196578954, 1.003424589,
2108.217010685, 1.003251170,
2108.237442316, 1.003255659,
2108.257873848, 1.003325252,
2108.339600474, 1.003329357,
2108.360032105, 1.003334778,
2108.380463637, 1.003426442,
2108.400895368, 1.003280373,
2108.421327000, 1.003143126,
2108.441758631, 1.003566385,
2108.462190263, 1.003232774,
2108.482621795, 1.003418413,
2108.543916790, 1.003358027,
2108.564348421, 1.003372118,
2108.584780053, 1.003451947,
2108.605211685, 1.003475360,
2108.625643317, 1.003410945,
2108.646074948, 1.003434226,
2108.666506680, 1.003406114,
2108.686938312, 1.003416002,
2108.707369844, 1.003551448,
2108.789096472, 1.003307559,
2108.809528104, 1.003354796,
2108.829959636, 1.003567962,
2108.850391368, 1.003307006,
2108.870823000, 1.003690322,
2108.911686264, 1.003537205,
2108.932117896, 1.003504247,
2108.952549629, 1.003495668,
2108.972981161, 1.003544550,
2108.993412793, 1.003403114,
2109.034276057, 1.003473078,
2109.054707690, 1.003648473,
2109.075139422, 1.003374463,
2109.095570955, 1.003389625,
2109.116002687, 1.003504538,
2109.136434219, 1.003793154,
2109.156865852, 1.003551473,
2109.177297584, 1.003423176,
2109.218160749, 1.003598929,
2109.299887380, 1.003372450,
2109.320319012, 1.003398644,
2109.340750745, 1.003790796,
2109.361182278, 1.003555225,
2109.381613911, 1.003585130,
2109.402045644, 1.003517564,
2109.422477176, 1.003567695,
2109.442908809, 1.003613617,
2109.463340542, 1.003407389,
2109.483772075, 1.003491510,
2109.545066974, 1.003759132,
2109.565498707, 1.003524349,
2109.585930340, 1.003741235,
2109.606361873, 1.003776178,
2109.647225240, 1.003554723,
2109.667656873, 1.003675534,
2109.688088506, 1.003597336,
2109.708520140, 1.003700371,
2109.728951773, 1.003414108,
2109.769815040, 1.003828142,
2109.790246673, 1.003685680,
2109.810678407, 1.003665396,
2109.831109940, 1.003471447,
2109.851541674, 1.003584933,
2109.871973208, 1.003463285,
2109.892404841, 1.003583232,
2109.912836575, 1.003671611,
2109.933268109, 1.003609033,
2109.953699742, 1.003597065,
2110.014994744, 1.003820591,
2110.035426378, 1.003752086,
2110.055857912, 1.003601239,
2110.076289646, 1.003638232,
2110.096721280, 1.003698955,
2110.137584548, 1.003817649,
2110.158016182, 1.003803021,
2110.178447816, 1.003755235,
2110.198879450, 1.003675857,
2110.280605988, 1.003815558,
2110.301037722, 1.003735417,
2110.321469356, 1.003789554,
2110.341900891, 1.003859149,
2110.382764260, 1.003793599,
2110.403195895, 1.003723075,
2110.423627529, 1.003729976,
2110.444059164, 1.003974852,
2110.505353969, 1.003772156,
2110.525785703, 1.003673540,
2110.546217338, 1.003688877,
2110.566648873, 1.003608405,
2110.587080608, 1.003761266,
2110.607512243, 1.004022063,
2110.627943979, 1.003856348,
2110.648375514, 1.003740810,
2110.668807149, 1.003977379,
2110.770965326, 1.003962480,
2110.791396961, 1.003833996,
2110.811828697, 1.003895950,
2110.832260232, 1.003842514,
2110.873123603, 1.003965349,
2110.913986875, 1.003920697,
2110.934418511, 1.003943768,
2110.954850147, 1.003923749,
2110.975281783, 1.003908117,
2110.995713419, 1.003760621,
2111.016145055, 1.003778069,
2111.036576791, 1.003954239,
2111.057008327, 1.004015008,
2111.077440063, 1.003895198,
2111.097871699, 1.003835181,
2111.118303235, 1.003798682,
2111.138734972, 1.004144666,
2111.159166508, 1.003848333,
2111.179598144, 1.004057908,
2111.200029881, 1.003843368,
2111.261324791, 1.003985109,
2111.281756327, 1.003994521,
2111.302188064, 1.003882657,
2111.322619701, 1.003957904,
2111.343051238, 1.003779633,
2111.363482975, 1.003922334,
2111.383914612, 1.003530794,
2111.404346249, 1.003988777,
2111.424777886, 1.003824452,
2111.445209523, 1.003850012,
2111.486072797, 1.004042381,
2111.506504434, 1.003924608,
2111.526936172, 1.004029291,
2111.547367809, 1.003811334,
2111.567799346, 1.003781901,
2111.588231084, 1.003760201,
2111.608662721, 1.003872572,
2111.629094259, 1.003863424,
2111.649525997, 1.003821062,
2111.669957634, 1.004058426,
2111.690389372, 1.003825265,
2111.731252548, 1.003926475,
2111.751684286, 1.003954603,
2111.772115824, 1.004035768,
2111.792547462, 1.003917601,
2111.812979100, 1.003923260,
2111.833410738, 1.003807417,
2111.853842376, 1.003822477,
2111.894705653, 1.003614588,
2111.915137391, 1.003969002,
2111.935568930, 1.004064785,
2112.017295484, 1.003920804,
2112.037727223, 1.003978649,
2112.058158862, 1.003996536,
2112.078590501, 1.004025368,
2112.099022140, 1.004080531,
2112.119453779, 1.003936757,
2112.139885418, 1.003799713,
2112.160317057, 1.004059701,
2112.180748696, 1.004016606,
2112.221611975, 1.003950331,
2112.242043614, 1.004228950,
2112.262475354, 1.004198058,
2112.282906893, 1.004007073,
2112.303338633, 1.004049770,
2112.323770273, 1.004006357,
2112.344201812, 1.004060763,
2112.364633552, 1.003988906,
2112.385065192, 1.004013501,
2112.405496732, 1.004014536,
2112.425928472, 1.003840237,
2112.487223392, 1.003890299,
2112.507655032, 1.004090865,
2112.528086673, 1.003815346,
2112.548518313, 1.003929085,
2112.568949953, 1.003934806,
2112.589381594, 1.003907215,
2112.609813234, 1.004039820,
2112.630244875, 1.003925681,
2112.650676516, 1.004065441,
2112.732403079, 1.003898529,
2112.752834820, 1.004515295,
2112.773266461, 1.003921107,
2112.793698003, 1.003929880,
2112.814129744, 1.003950717,
2112.834561385, 1.004281030,
2112.854992927, 1.004038651,
2112.875424668, 1.004080975,
2112.895856310, 1.004085651,
2112.957151235, 1.003851417,
2112.977582976, 1.003908052,
2112.998014518, 1.003803250,
2113.018446160, 1.004041297,
2113.038877902, 1.003845641,
2113.059309444, 1.004066033,
2113.079741087, 1.004102057,
2113.100172829, 1.004121163,
2113.161467756, 1.004014019,
2113.243194227, 1.004115137,
2113.284057612, 1.004183583,
2113.304489255, 1.003915426,
2113.365784285, 1.004064012,
2113.386215828, 1.004232793,
2113.427079215, 1.003778984,
2113.447510758, 1.003617570,
2113.467942402, 1.003811806,
2113.488374146, 1.003702377,
2113.508805689, 1.004064942,
2113.529237433, 1.003951976,
2113.549669077, 1.003910550,
2113.570100621, 1.003981892,
2113.590532365, 1.004127404,
2113.610964009, 1.003876664,
2113.631395553, 1.003993014,
2113.651827298, 1.004012380,
2113.692690486, 1.004079471,
2113.713122231, 1.003962474,
2113.733553876, 1.004251846,
2113.753985620, 1.004113633,
2113.774417165, 1.004159296,
2113.794848810, 1.003852435,
2113.815280455, 1.004150703,
2113.835712200, 1.003992503,
2113.856143745, 1.003951615,
2113.876575490, 1.003886766,
2113.937870426, 1.003794527,
2113.958301972, 1.003971363,
2113.978733717, 1.003731835,
2113.999165363, 1.004246902,
2114.019596909, 1.004023658,
2114.040028655, 1.004345393,
2114.060460300, 1.004077499,
2114.080891847, 1.004073902,
2114.101323593, 1.004155101,
2114.121755239, 1.004070926,
2114.183050178, 1.004055482,
2114.203481924, 1.004045539,
2114.223913471, 1.004099769,
2114.244345118, 1.004109687,
2114.264776864, 1.004185915,
2114.285208411, 1.004198479,
2114.305640158, 1.004155337,
2114.326071805, 1.011683196,
2114.366935099, 1.004179128,
2114.428230042, 1.003930909,
2114.448661689, 1.004152289,
2114.469093337, 1.003852493,
2114.489524985, 1.003984992,
2114.509956632, 1.004091495,
2114.530388380, 1.004162331,
2114.550819928, 1.004084364,
2114.571251576, 1.004186811,
2114.591683324, 1.003976654,
2114.612114873, 1.004113382,
2114.632546521, 1.004004294,
2114.673409818, 1.004139798,
2114.693841467, 1.004097776,
2114.714273215, 1.004215465,
2114.734704764, 1.004082207,
2114.755136513, 1.004076522,
2114.795999711, 1.004192423,
2114.816431460, 1.004101723,
2114.836863110, 1.004290005,
2114.857294659, 1.004103447,
2114.939021357, 1.004269284,
2114.959453007, 1.003987366,
2114.979884757, 1.004174868,
2115.000316307, 1.004223921,
2115.020747957, 1.004247757,
2115.041179707, 1.004039336,
2115.061611358, 1.004174341,
2115.082042908, 1.004467376,
2115.102474658, 1.004092094,
2115.122906309, 1.004154355,
2115.184201261, 1.004218756,
2115.204632912, 1.004277285,
2115.225064563, 1.004119925,
2115.245496215, 1.004099866,
2115.265927866, 1.004224462,
2115.286359517, 1.004130514,
2115.306791269, 1.004093194,
2115.327222820, 1.004236795,
2115.347654472, 1.004147058,
2115.368086223, 1.003934920,
2115.408949427, 1.004133539,
2115.429381179, 1.004304144,
2115.449812731, 1.004178089,
2115.470244384, 1.003997520,
2115.490676136, 1.004102392,
2115.511107688, 1.003989509,
2115.531539441, 1.003982933,
2115.551971094, 1.003999737,
2115.572402746, 1.004066284,
2115.592834399, 1.004201701,
2115.613266052, 1.004171835,
2115.654129358, 1.004001395,
2115.674561011, 1.004350748,
2115.694992665, 1.003979953,
2115.715424418, 1.004248041,
2115.735855972, 1.004134520,
2115.756287725, 1.003992159,
2115.776719379, 1.003764788,
2115.797150933, 1.004098931,
2115.817582687, 1.004125864,
2115.838014341, 1.004368476,
2115.858445895, 1.004115670,
2115.899309304, 1.003992318,
2115.919740958, 1.004265437,
2115.940172613, 1.004213325,
2115.960604168, 1.004241908,
2115.981035922, 1.004083686,
2116.001467577, 1.004061906,
2116.042330887, 1.004228391,
2116.062762543, 1.004255524,
2116.083194198, 1.004246308,
2116.103625853, 1.004209513,
2116.144489264, 1.004372019,
2116.164920820, 1.004192011,
2116.185352476, 1.004233425,
2116.205784232, 1.004021337,
2116.226215888, 1.004186425,
2116.246647444, 1.004106138,
2116.267079201, 1.004026674,
2116.287510857, 1.004241992,
2116.307942513, 1.004383952,
2116.328374170, 1.004277585,
2116.348805827, 1.004223699,
2116.389669141, 1.004171409,
2116.410100798, 1.004286828,
2116.430532555, 1.004405915,
2116.450964112, 1.004305601,
2116.491827527, 1.004150730,
2116.512259084, 1.004330766,
2116.532690842, 1.004221596,
2116.553122500, 1.004340469,
2116.573554058, 1.004395628,
2116.634849032, 1.004454657,
2116.655280791, 1.004340513,
2116.675712349, 1.004310193,
2116.696144108, 1.004310905,
2116.737007325, 1.004302300,
2116.777870743, 1.004469517,
2116.798302403, 1.004311712,
2116.818734062, 1.004475855,
2116.839165721, 1.004295168,
2116.900460700, 1.004304467,
2116.920892460, 1.004312086,
2116.941324120, 1.004231160,
2116.961755680, 1.004564733,
2116.982187440, 1.004398243,
2117.023050661, 1.004363910,
2117.043482422, 1.004351932,
2117.063914082, 1.004229553,
2117.145640826, 1.004295080,
2117.166072388, 1.004348252,
2117.186504049, 1.004159576,
2117.206935711, 1.004427636,
2117.227367372, 1.004437153,
2117.247799034, 1.004465559,
2117.268230696, 1.004337789,
2117.288662358, 1.004287378,
2117.309094120, 1.004299147,
2117.390820670, 1.004445295,
2117.411252332, 1.004327510,
2117.431684095, 1.004366437,
2117.452115758, 1.004412887,
2117.472547421, 1.004484952,
2117.492979084, 1.004262894,
2117.513410748, 1.004394748,
2117.554274075, 1.004320930,
2117.595137502, 1.004527186,
2117.615569066, 1.004489227,
2117.636000730, 1.004374797,
2117.656432494, 1.004273868,
2117.676864059, 1.004450129,
2117.697295823, 1.004366957,
2117.717727488, 1.004345109,
2117.738159052, 1.004382035,
2117.779022482, 1.004621998,
2117.799454047, 1.004463186,
2117.881180809, 1.004546824,
2117.901612474, 1.004479216,
2117.922044140, 1.004498785,
2117.942475806, 1.004340841,
2117.962907472, 1.004326636,
2117.983339138, 1.004367500,
2118.003770805, 1.004453996,
2118.024202471, 1.004378298,
2118.044634138, 1.004413924,
2118.065065804, 1.004611073,
2118.105929238, 1.004254919,
2118.126360805, 1.004331958,
2118.146792572, 1.004507161,
2118.167224240, 1.004382412,
2118.187655807, 1.004363891,
2118.208087575, 1.004391256,
2118.228519243, 1.004531234,
2118.248950811, 1.004532083,
2118.269382579, 1.004456652,
2118.289814247, 1.004424316,
2118.351109252, 1.004720795,
2118.371541021, 1.004518921,
2118.391972589, 1.004556052,
2118.412404258, 1.004595445,
2118.432836027, 1.004327157,
2118.453267597, 1.004622525,
2118.473699366, 1.004631718,
2118.494131035, 1.004540807,
2118.514562605, 1.004499244,
2118.534994375, 1.004812436,
2118.555426044, 1.004715270,
2118.596289385, 1.004548913,
2118.678016066, 1.004534813,
2118.698447737, 1.004620037,
2118.718879408, 1.004656579,
2118.739311079, 1.004706666,
2118.780174422, 1.004730155,
2118.800606093, 1.004448164,
2118.841469437, 1.004725967,
2118.861901209, 1.004413976,
2118.882332881, 1.004670092,
2118.902764453, 1.004675409,
2118.923196225, 1.004394330,
2118.943627898, 1.004577090,
2118.964059470, 1.004555099,
2118.984491243, 1.004538113,
2119.004922916, 1.004447848,
2119.025354489, 1.004582416,
2119.107081282, 1.004506807,
2119.127512956, 1.004732589,
2119.147944730, 1.004932144,
2119.168376304, 1.004553734,
2119.188807978, 1.004472646,
2119.209239752, 1.004539266,
2119.229671327, 1.004523519,
2119.250103101, 1.004629906,
2119.270534776, 1.004570704,
2119.352261376, 1.004696713,
2119.372693151, 1.004468776,
2119.393124827, 1.004534446,
2119.413556603, 1.004487711,
2119.433988179, 1.004698475,
2119.454419855, 1.004807907,
2119.474851631, 1.004593100,
2119.495283207, 1.004536783,
2119.515714883, 1.004550239,
2119.536146660, 1.004623715,
2119.577009914, 1.004438577,
2119.597441691, 1.004568666,
2119.617873268, 1.004558850,
2119.638305045, 1.004555843,
2119.658736722, 1.004703484,
2119.679168300, 1.004446479,
2119.699600078, 1.004542523,
2119.720031756, 1.004577023,
2119.740463434, 1.004550960,
2119.760895112, 1.004522695,
2119.781326790, 1.004749235,
2119.822190147, 1.004598651,
2119.842621826, 1.004497347,
2119.863053605, 1.004775986,
2119.883485284, 1.004382527,
2119.903916863, 1.004514408,
2119.924348543, 1.004471728,
2119.944780222, 1.004599627,
2119.965211902, 1.004832916,
2119.985643681, 1.004435273,
2120.006075262, 1.004660819,
2120.067370302, 1.004397132,
2120.087802083, 1.004170853,
2120.108233764, 1.004590610,
2120.128665344, 1.004537710,
2120.149097125, 1.004528426,
2120.169528807, 1.004453627,
2120.189960588, 1.004700820,
2120.210392169, 1.004429498,
2120.230823851, 1.004556678,
2120.251255633, 1.004777389,
2120.271687215, 1.004725952,
2120.312550679, 1.004238921,
2120.332982262, 1.004501446,
2120.353413944, 1.004573697,
2120.373845727, 1.004586432,
2120.394277310, 1.004509268,
2120.414709093, 1.004658027,
2120.435140776, 1.004553756,
2120.455572459, 1.004638628,
2120.476004143, 1.004595382,
2120.496435826, 1.004242295,
2120.516867510, 1.004431417,
2120.557730878, 1.004624982,
2120.578162662, 1.004658534,
2120.598594247, 1.004533815,
2120.619025932, 1.004666781,
2120.639457716, 1.004428916,
2120.659889301, 1.004524349,
2120.680320986, 1.004452118,
2120.700752771, 1.004328885,
2120.721184357, 1.004620531,
2120.741616042, 1.004518345,
2120.802911200, 1.004601011,
2120.823342886, 1.004498355,
2120.843774472, 1.004550416,
2120.864206259, 1.004492219,
2120.884637946, 1.004447883,
2120.905069532, 1.004495125,
2120.925501319, 1.004340819,
2120.945933006, 1.004501833,
2120.966364794, 1.004399326,
2120.986796381, 1.004456294,
2121.007228069, 1.004359476,
2121.068523133, 1.004412265,
2121.088954921, 1.004434266,
2121.109386609, 1.004298699,
2121.170681676, 1.004330443,
2121.191113365, 1.004488746,
2121.211545054, 1.004521626,
2121.231976743, 1.004419775,
2121.252408433, 1.004519493,
2121.272840123, 1.004532907,
2121.293271812, 1.004504593,
2121.313703503, 1.004978644,
2121.334135193, 1.004631913,
2121.354566983, 1.004445986,
2121.374998574, 1.004457250,
2121.395430264, 1.004541550,
2121.415862055, 1.004733767,
2121.436293646, 1.004625984,
2121.456725338, 1.004418093,
2121.477157129, 1.004388748,
2121.497588721, 1.004478695,
2121.538452204, 1.004452448,
2121.558883796, 1.004622666,
2121.579315589, 1.004331895,
2121.599747281, 1.004502102,
2121.620178973, 1.004551625,
2121.640610666, 1.004462319,
2121.661042359, 1.004514989,
2121.681474052, 1.004313761,
2121.701905745, 1.004371933,
2121.722337439, 1.004570026,
2121.742769232, 1.004329085,
2121.783632520, 1.004480643,
2121.804064314, 1.004518533,
2121.824496008, 1.004433206,
2121.844927603, 1.004466178,
2121.865359398, 1.004511431,
2121.885791092, 1.004356315,
2121.906222687, 1.004435282,
2121.926654482, 1.004408588,
2121.947086178, 1.004125719,
2121.967517873, 1.004580693,
2122.049244657, 1.004738046,
2122.069676253, 1.004343248,
2122.090108050, 1.004572515,
2122.130971543, 1.004684266,
2122.151403140, 1.004388276,
2122.171834837, 1.004474972,
2122.192266635, 1.004380538,
2122.212698232, 1.004627146,
2122.273993426, 1.004295780,
2122.294425024, 1.004477965,
2122.314856823, 1.004593063,
2122.335288521, 1.004691126,
2122.355720220, 1.004311533,
2122.376151919, 1.004533387,
2122.396583618, 1.004582921,
2122.417015318, 1.004658769,
2122.437447017, 1.004491226,
2122.457878717, 1.004583563,
2122.478310517, 1.004706876,
2122.539605617, 1.004477244,
2122.560037218, 1.004523855,
2122.600900720, 1.004573898,
2122.621332321, 1.004601395,
2122.641764122, 1.004408566,
2122.662195723, 1.004381985,
2122.703059227, 1.004554136,
2122.723490829, 1.004566644,
2122.784785936, 1.004296423,
2122.805217739, 1.004515777,
2122.825649442, 1.004422053,
2122.846081145, 1.004632095,
2122.866512848, 1.004634067,
2122.886944552, 1.004417368,
2122.907376355, 1.004629671,
2122.927808059, 1.004618853,
2122.948239663, 1.004485637,
2122.968671467, 1.004578634,
2123.029966581, 1.004677817,
2123.050398286, 1.004337122,
2123.070830091, 1.004571524,
2123.091261696, 1.004593786,
2123.111693402, 1.004647146,
2123.132125208, 1.004541825,
2123.152556813, 1.004408976,
2123.193420326, 1.004425740,
2123.213851932, 1.004459871,
2123.275147052, 1.004575876,
2123.295578860, 1.004524599,
2123.316010467, 1.004464217,
2123.336442175, 1.004298766,
2123.356873982, 1.004662969,
2123.377305590, 1.004477208,
2123.397737298, 1.004671059,
2123.418169107, 1.004469036,
2123.438600715, 1.004699346,
2123.459032524, 1.004663976,
2123.499895942, 1.004452476,
2123.520327651, 1.004666365,
2123.540759360, 1.004541407,
2123.561191070, 1.004496241,
2123.581622780, 1.004521729,
2123.602054490, 1.004490566,
2123.622486300, 1.004597040,
2123.642918010, 1.004660701,
2123.663349621, 1.004417407,
2123.683781432, 1.004518302,
2123.704213143, 1.004448622,
2123.745076565, 1.004521042,
2123.765508277, 1.004823231,
2123.785939889, 1.004722741,
2123.806371701, 1.004452638,
2123.826803413, 1.004408642,
2123.847235225, 1.004574471,
2123.867666838, 1.004672186,
2123.888098550, 1.004802656,
2123.908530263, 1.004800364,
2123.928961976, 1.004567314,
2123.949393690, 1.004752071,
2123.990257117, 1.004558583,
2124.010688931, 1.004522815,
2124.051552259, 1.004381799,
2124.071984073, 1.004600477,
2124.092415688, 1.004623195,
2124.112847403, 1.004665129,
2124.133279218, 1.004658872,
2124.153710933, 1.004625097,
2124.174142549, 1.004946787,
2124.194574364, 1.004729514,
2124.235437796, 1.004453346,
2124.255869512, 1.004726325,
2124.276301229, 1.004732166,
2124.296733046, 1.004843379,
2124.317164662, 1.004575413,
2124.337596379, 1.004699577,
2124.358028197, 1.004711658,
2124.378459814, 1.004810392,
2124.398891632, 1.004695578,
2124.419323350, 1.004701070,
2124.439754968, 1.004610655,
2124.480618504, 1.004523236,
2124.501050123, 1.004781055,
2124.521481942, 1.004895965,
2124.541913661, 1.004687340,
2124.562345380, 1.004775214,
2124.582777099, 1.004892053,
2124.603208819, 1.004507738,
2124.623640539, 1.004578886,
2124.644072259, 1.004676650,
2124.664503979, 1.004627359,
2124.684935700, 1.004876455,
2124.746230862, 1.004628404,
2124.766662584, 1.004891709,
2124.787094405, 1.004730614,
2124.807526127, 1.004717689,
2124.827957749, 1.004841382,
2124.848389571, 1.004942223,
2124.868821293, 1.004718232,
2124.889252916, 1.004952921,
2124.909684738, 1.004740726,
2124.930116461, 1.004841672,
2124.991411631, 1.004569580,
2125.011843455, 1.004823396,
2125.032275079, 1.004544649,
2125.052706803, 1.004707100,
2125.073138627, 1.004564049,
2125.093570252, 1.004753518,
2125.114001977, 1.004659829,
2125.134433802, 1.004719460,
2125.154865427, 1.004653139,
2125.195728978, 1.004772652,
2125.216160604, 1.004730404,
2125.236592430, 1.004758590,
2125.257024156, 1.004672201,
2125.277455882, 1.004674965,
2125.297887609, 1.004491953,
2125.318319336, 1.004841547,
2125.338751063, 1.004565302,
2125.359182790, 1.004865333,
2125.379614518, 1.004512438,
2125.400046245, 1.004652056,
2125.420477973, 1.004632637,
2125.461341430, 1.004607121,
2125.481773158, 1.004674013,
2125.502204987, 1.004777190,
2125.522636716, 1.004629308,
2125.543068345, 1.004854220,
2125.563500175, 1.004612436,
2125.583931904, 1.004439279,
2125.604363534, 1.004950374,
2125.624795364, 1.004889998,
2125.645227094, 1.004643583,
2125.665658725, 1.004536869,
2125.706522286, 1.004822625,
2125.726954118, 1.004773474,
2125.747385749, 1.004705016,
2125.767817480, 1.004680008,
2125.788249312, 1.004624641,
2125.808680944, 1.004512185,
2125.829112676, 1.004417785,
2125.849544509, 1.004293791,
2125.869976141, 1.004688970,
2125.890407974, 1.004646171,
2125.910839707, 1.004504849,
2125.951703174, 1.004424009,
2125.972134808, 1.004702398,
2125.992566642, 1.004856557,
2126.012998376, 1.004427377,
2126.033430110, 1.004617120,
2126.053861745, 1.004575128,
2126.074293580, 1.004635940,
2126.094725315, 1.004671851,
2126.115157050, 1.004599945,
2126.135588785, 1.004657147,
2126.156020521, 1.004641216,
2126.196883993, 1.004618856,
2126.217315729, 1.004686211,
2126.237747566, 1.004578041,
2126.258179203, 1.004555113,
2126.278611040, 1.004599770,
2126.299042777, 1.004550175,
2126.319474414, 1.004721514,
2126.339906252, 1.004891278,
2126.360337990, 1.004740200,
2126.380769628, 1.004698788,
2126.401201466, 1.004572050,
2126.442064844, 1.004564486,
2126.462496683, 1.004624958,
2126.482928422, 1.004581502,
2126.503360261, 1.004387907,
2126.523791901, 1.004674877,
2126.544223641, 1.004629362,
2126.564655481, 1.004618131,
2126.585087221, 1.004652100,
2126.605518862, 1.004562939,
2126.625950603, 1.004819332,
2126.646382444, 1.004600909,
2126.687245926, 1.004375279,
2126.707677568, 1.004563032,
2126.728109410, 1.004644197,
2126.748541152, 1.004750317,
2126.768972794, 1.004712151,
2126.789404637, 1.004692869,
2126.809836380, 1.004547709,
2126.830268223, 1.004681045,
2126.850699866, 1.004499280,
2126.871131610, 1.004498594,
2126.891563453, 1.004458484,
2126.952858686, 1.004656370,
2126.973290331, 1.004747799,
2126.993722075, 1.004548162,
2127.014153921, 1.004858624,
2127.034585566, 1.004683070,
2127.055017411, 1.004601227,
2127.075449157, 1.004598560,
2127.095880803, 1.004598161,
2127.116312650, 1.004351562,
2127.136744396, 1.004400395,
2127.198039637, 1.004485160,
2127.218471484, 1.004657643,
2127.238903132, 1.004680889,
2127.259334880, 1.004199783,
2127.279766628, 1.004704768,
2127.300198376, 1.004614979,
2127.320630125, 1.004577842,
2127.341061974, 1.004556352,
2127.361493623, 1.004521072,
2127.381925372, 1.004569112,
2127.422788871, 1.004437295,
2127.443220721, 1.004378678,
2127.463652471, 1.004595157,
2127.484084122, 1.004684347,
2127.504515973, 1.004608058,
2127.524947724, 1.004538026,
2127.545379375, 1.004701923,
2127.565811226, 1.004321409,
2127.586242978, 1.004547204,
2127.606674829, 1.004422588,
2127.627106482, 1.004570099,
2127.688401739, 1.004535545,
2127.708833492, 1.004509114,
2127.729265345, 1.004454552,
2127.749696999, 1.004440057,
2127.770128853, 1.004364443,
2127.790560607, 1.004581984,
2127.810992361, 1.004502212,
2127.831424115, 1.004531498,
2127.851855870, 1.004499447,
2127.892719380, 1.004568672,
2127.913151136, 1.004494403,
2127.933582891, 1.004220366,
2127.954014647, 1.004418518,
2127.974446403, 1.004440723,
2127.994878260, 1.004292207,
2128.015309916, 1.004469287,
2128.035741673, 1.004499555,
2128.056173530, 1.004331724,
2128.076605187, 1.004526012,
2128.097036945, 1.004457935,
2128.117468803, 1.004315709,
2128.158332319, 1.004266025,
2128.178764078, 1.004357881,
2128.199195737, 1.004342618,
2128.219627596, 1.004666637,
2128.240059355, 1.004350995,
2128.260491014, 1.004417928,
2128.280922874, 1.004303046,
2128.301354634, 1.004595399,
2128.321786294, 1.004328740,
2128.342218155, 1.004244440,
2128.423945199, 1.004071469,
2128.444377061, 1.004123718,
2128.464808823, 1.004239842,
2128.485240485, 1.004285636,
2128.505672347, 1.004359190,
2128.546535873, 1.004348427,
2128.566967636, 1.004324626,
2128.587399400, 1.004426258,
2128.628262927, 1.004394357,
2128.648694691, 1.004622790,
2128.669126456, 1.004382159,
2128.689558220, 1.004030937,
2128.709990085, 1.004372524,
2128.730421751, 1.004315290,
2128.750853516, 1.004246090,
2128.771285382, 1.004368678,
2128.791717048, 1.004102312,
2128.812148814, 1.004100995,
2128.832580680, 1.004211302,
2128.914307648, 1.004467198,
2128.934739516, 1.004382730,
2128.955171284, 1.004423951,
2128.996034820, 1.004455663,
2129.016466589, 1.004392512,
2129.036898358, 1.004223557,
2129.057330127, 1.004259873,
2129.077761897, 1.004455810,
2129.098193766, 1.004248759,
2129.159489077, 1.004279506,
2129.179920847, 1.004379832,
2129.200352518, 1.004348072,
2129.220784390, 1.004296142,
2129.241216161, 1.004132726,
2129.261647933, 1.004222835,
2129.282079705, 1.004364206,
2129.302511477, 1.004234473,
2129.322943249, 1.004554907,
2129.343375022, 1.004311817,
2129.384238568, 1.004218343,
2129.404670342, 1.004493197,
2129.425102015, 1.004213769,
2129.445533889, 1.004400835,
2129.465965664, 1.005910622,
2129.486397538, 1.004241199,
2129.506829213, 1.004430279,
2129.527260988, 1.004181680,
2129.547692863, 1.004274356,
2129.568124539, 1.004439680,
2129.588556315, 1.004348794,
2129.670283520, 1.004286296,
2129.690715297, 1.004452033,
2129.711147075, 1.004535960,
2129.731578852, 1.004296465,
2129.752010630, 1.004382704,
2129.772442408, 1.004217075,
2129.792874187, 1.004278597,
2129.813305965, 1.004190166,
2129.833737844, 1.004102446,
2129.874601403, 1.004240725,
2129.895033183, 1.004444381,
2129.915464863, 1.004404447,
2129.935896743, 1.004511886,
2129.956328523, 1.004418888,
2129.976760204, 1.004271947,
2129.997192085, 1.004329989,
2130.017623766, 1.004317039,
2130.038055648, 1.004139102,
2130.058487430, 1.004263915,
2130.078919112, 1.004175755,
2130.119782776, 1.004374575,
2130.140214459, 1.004212789,
2130.160646342, 1.004162207,
2130.181078126, 1.004245151,
2130.201510009, 1.004422922,
2130.221941693, 1.004681850,
2130.242373478, 1.004309017,
2130.262805362, 1.004402589,
2130.283237047, 1.004388163,
2130.303668832, 1.004359681,
2130.364964188, 1.004202036,
2130.385396074, 1.004359373,
2130.426259647, 1.004338640,
2130.446691434, 1.004301209,
2130.467123221, 1.003945501,
2130.487555108, 1.004482461,
2130.507986796, 1.004271539,
2130.528418584, 1.004077241,
2130.548850472, 1.004185963,
2130.569282160, 1.004332176,
2130.630577527, 1.004162259,
2130.651009417, 1.004256748,
2130.671441107, 1.004138760,
2130.691872897, 1.004225398,
2130.712304787, 1.004323272,
2130.732736478, 1.004271610,
2130.753168368, 1.004382653,
2130.773600159, 1.004311769,
2130.814463743, 1.004309663,
2130.875759119, 1.004473199,
2130.896190912, 1.004320275,
2130.916622705, 1.004238552,
2130.937054498, 1.004271995,
2130.957486292, 1.004220658,
2130.977918186, 1.004159504,
2130.998349980, 1.004313370,
2131.018781674, 1.004262283,
2131.039213569, 1.004356234,
2131.059645364, 1.004324152,
2131.120940751, 1.004270109,
2131.141372547, 1.004498088,
2131.161804343, 1.004259135,
2131.182236140, 1.004296799,
2131.202668036, 1.004221826,
2131.223099733, 1.004486987,
2131.243531531, 1.004444752,
2131.263963329, 1.004301216,
2131.284395127, 1.004229890,
2131.304827025, 1.004279441,
2131.366122421, 1.004448985,
2131.386554121, 1.004347152,
2131.406985920, 1.004171673,
2131.427417820, 1.004471301,
2131.447849520, 1.004351862,
2131.468281321, 1.004092139,
2131.488713222, 1.004383528,
2131.509144923, 1.004362908,
2131.529576824, 1.004178617,
2131.550008626, 1.004301859,
2131.590872230, 1.004253038,
2131.611304032, 1.003998936,
2131.631735835, 1.004119250,
2131.652167738, 1.004302934,
2131.672599441, 1.004440326,
2131.693031345, 1.004181106,
2131.713463148, 1.004211849,
2131.733894853, 1.004213227,
2131.754326757, 1.004292552,
2131.774758562, 1.004332611,
2131.795190267, 1.004508497,
2131.856485883, 1.004267086,
2131.876917589, 1.004225473,
2131.897349396, 1.004584363,
2131.917781202, 1.004279799,
2131.938213009, 1.004294884,
2131.958644817, 1.004453955,
2131.979076624, 1.004216537,
2132.019940240, 1.004411600,
2132.040372049, 1.004365916,
2132.060803857, 1.004268842,
2132.081235766, 1.004476800,
2132.101667475, 1.004179359,
2132.122099285, 1.004320702,
2132.142531195, 1.004270812,
2132.162962905, 1.004241449,
2132.203826626, 1.004085350,
2132.224258437, 1.004311161,
2132.244690248, 1.004280453,
2132.265122060, 1.004239468,
2132.285553871, 1.004208041,
2132.326417496, 1.004125926,
2132.346849308, 1.004243198,
2132.367281221, 1.004233458,
2132.387712935, 1.005216231,
2132.408144848, 1.004260211,
2132.428576662, 1.004315034,
2132.449008376, 1.004240009,
2132.469440291, 1.004185666,
2132.489872105, 1.004141522,
2132.510303820, 1.004274170,
2132.571599267, 1.004338959,
2132.592031183, 1.004491199,
2132.612463000, 1.004417313,
2132.632894816, 1.004126413,
2132.653326633, 1.004371144,
2132.673758351, 1.004314778,
2132.714622086, 1.004435174,
2132.735053904, 1.004360412,
2132.755485723, 1.004373984,
2132.775917542, 1.004185629,
2132.837213000, 1.004453946,
2132.857644920, 1.004247965,
2132.878076740, 1.004173220,
2132.898508461, 1.004266032,
2132.918940381, 1.004315369,
2132.939372203, 1.004242008,
2132.959804024, 1.004406468,
2132.980235846, 1.004359846,
2133.021099590, 1.004403654,
2133.082395059, 1.004230408,
2133.102826782, 1.004236907,
2133.123258706, 1.004268895,
2133.143690530, 1.004260251,
2133.164122255, 1.004375888,
2133.204986004, 1.004397599,
2133.225417729, 1.004352613,
2133.245849655, 1.004302466,
2133.266281481, 1.004350474,
2133.307145134, 1.004254780,
2133.327576860, 1.004145709,
2133.348008787, 1.004245177,
2133.368440615, 1.004282585,
2133.409304270, 1.004191167,
2133.429736099, 1.004362701,
2133.450167927, 1.004243092,
2133.470599756, 1.004333459,
2133.491031585, 1.004315932,
2133.552327075, 1.004249962,
2133.572759005, 1.004340068,
2133.593190836, 1.004183732,
2133.613622567, 1.004272263,
2133.634054498, 1.004207528,
2133.654486330, 1.004300485,
2133.695349994, 1.004173451,
2133.715781826, 1.004220312,
2133.736213759, 1.004375282,
2133.777077326, 1.004378507,
2133.797509259, 1.004413066,
2133.817940993, 1.004304322,
2133.838372828, 1.004291320,
2133.858804762, 1.004248179,
2133.879236497, 1.004335569,
2133.899668432, 1.004243216,
2133.920100268, 1.004329207,
2133.940532004, 1.004348985,
2133.960963940, 1.004218881,
2134.063123125, 1.004427364,
2134.083554963, 1.004187535,
2134.103986802, 1.004330417,
2134.124418640, 1.004407409,
2134.144850479, 1.004362422,
2134.165282318, 1.004334193,
2134.185714158, 1.004329802,
2134.226577838, 1.004501090,
2134.267441519, 1.004247457,
2134.287873460, 1.004476249,
2134.308305302, 1.004343174,
2134.328737043, 1.004174853,
2134.349168986, 1.004513409,
2134.369600828, 1.005030853,
2134.390032570, 1.004444330,
2134.410464513, 1.004362875,
2134.430896357, 1.004343604,
2134.451328300, 1.004333314,
2134.471760044, 1.004313526,
2134.553487423, 1.004364604,
2134.594351114, 1.004200724,
2134.614783060, 1.004268492,
2134.635214906, 1.004604602,
2134.655646653, 1.004361571,
2134.676078600, 1.004494683,
2134.696510347, 1.004410395,
2134.716942195, 1.004527560,
2134.737374143, 1.004408826,
2134.798669689, 1.004294448,
2134.819101538, 1.004189613,
2134.839533388, 1.004118767,
2134.859965237, 1.004435615,
2134.880397087, 1.004625403,
2134.900829038, 1.004499830,
2134.921260789, 1.004501038,
2134.941692640, 1.004311068,
2134.962124591, 1.004299647,
2134.982556343, 1.004255199,
2135.043851900, 1.004465021,
2135.064283853, 1.004503221,
2135.084715707, 1.004354845,
2135.105147460, 1.004316692,
2135.125579414, 1.004463570,
2135.146011268, 1.004423190,
2135.166443223, 1.004453330,
2135.186874978, 1.004292498,
2135.207306833, 1.004256414,
2135.227738789, 1.004370699,
2135.268602401, 1.004647408,
2135.289034357, 1.004451903,
2135.309466114, 1.004346062,
2135.329897971, 1.004529091,
2135.370761687, 1.004294457,
2135.391193645, 1.004360329,
2135.411625503, 1.004551564,
2135.432057262, 1.004514912,
2135.452489221, 1.004374424,
2135.472921081, 1.004578157,
2135.534216661, 1.004319844,
2135.554648622, 1.004367740,
2135.575080383, 1.004577262,
2135.595512244, 1.004126861,
2135.615944206, 1.004374987,
2135.636375968, 1.004414629,
2135.656807830, 1.004403944,
2135.677239793, 1.004459610,
2135.697671556, 1.004332428,
2135.718103519, 1.004242564,
2135.779399111, 1.004194413,
2135.799830975, 1.004197942,
2135.820262740, 1.004299895,
2135.840694706, 1.004355259,
2135.861126571, 1.004415185,
2135.881558437, 1.004343951,
2135.901990303, 1.004262471,
2135.922422170, 1.004344335,
2135.942854137, 1.004430272,
2135.963285904, 1.004597251,
2135.983717772, 1.004377153,
2136.024581508, 1.004499918,
2136.045013376, 1.004410376,
2136.065445345, 1.004505967,
2136.106309084, 1.004100787,
2136.126740954, 1.004232315,
2136.147172724, 1.004440116,
2136.167604695, 1.004336320,
2136.188036565, 1.004499784,
2136.208468337, 1.004379764,
2136.249332180, 1.004551700,
2136.269764152, 1.004393542,
2136.290195925, 1.004540736,
2136.310627797, 1.004323864,
2136.331059770, 1.004370383,
2136.351491544, 1.004401980,
2136.371923418, 1.004510969,
2136.392355392, 1.004492373,
2136.412787167, 1.004387783,
2136.433219041, 1.004305681,
2136.514946644, 1.004270630,
2136.535378521, 1.004580252,
2136.555810397, 1.004763227,
2136.596674152, 1.004436823,
2136.617106030, 1.004376016,
2136.637537908, 1.004340263,
2136.657969787, 1.004464241,
2136.678401665, 1.004598122,
2136.698833545, 1.004353610,
2136.760129184, 1.004315694,
2136.780561164, 1.004366205,
2136.800992946, 1.004486645,
2136.821424927, 1.004525622,
2136.841856808, 1.004498329,
2136.862288590, 1.004630936,
2136.882720572, 1.004588725,
2136.903152455, 1.004609637,
2136.923584238, 1.004389440,
2136.944016221, 1.004597273,
2137.005311873, 1.004704755,
2137.025743757, 1.004726327,
2137.046175742, 1.004358325,
2137.066607527, 1.004447352,
2137.087039413, 1.004573390,
2137.107471399, 1.004627779,
2137.127903185, 1.004529686,
2137.148335072, 1.004316188,
2137.168767059, 1.004509156,
2137.189198946, 1.004710545,
2137.250494610, 1.004400463,
2137.270926499, 1.004703184,
2137.291358388, 1.004599959,
2137.311790277, 1.004410379,
2137.332222167, 1.004579620,
2137.352654057, 1.004443458,
2137.373085947, 1.004602386,
2137.393517838, 1.004381784,
2137.413949729, 1.004631395,
2137.434381720, 1.004431409,
2137.495677397, 1.004562071,
2137.516109189, 1.004473281,
2137.536541182, 1.004502058,
2137.556973076, 1.004667408,
2137.577404870, 1.004624626,
2137.597836864, 1.004477579,
2137.618268758, 1.004325732,
2137.638700553, 1.004716367,
2137.659132549, 1.004483617,
2137.679564444, 1.004601113,
2137.720428236, 1.004700655,
2137.740860133, 1.004547501,
2137.761292130, 1.004634673,
2137.781723927, 1.004632629,
2137.802155825, 1.004724607,
2137.822587823, 1.004355873,
2137.843019621, 1.004578484,
2137.863451520, 1.004732148,
2137.883883519, 1.004532199,
2137.904315418, 1.004384742,
2137.924747318, 1.004327678,
2137.986043019, 1.004650078,
2138.006474920, 1.004605801,
2138.026906722, 1.004595749,
2138.047338724, 1.004680458,
2138.067770625, 1.004788438,
2138.088202628, 1.004599398,
2138.108634431, 1.004677794,
2138.129066334, 1.004528434,
2138.149498338, 1.004651745,
2138.169930142, 1.004800691,
2138.231225856, 1.004576699,
2138.272089767, 1.004711807,
2138.292521573, 1.004545894,
2138.312953579, 1.004759612,
2138.333385486, 1.004835963,
2138.353817293, 1.004554009,
2138.374249300, 1.004687216,
2138.394681208, 1.004716636,
2138.415113116, 1.004680403,
2138.435545025, 1.004567256,
2138.455976934, 1.004747864,
2138.476408943, 1.004766060,
2138.496840752, 1.004662860,
2138.517272662, 1.004735366,
2138.537704673, 1.004555179,
2138.558136583, 1.004596235,
2138.578568394, 1.004769216,
2138.599000406, 1.004586906,
2138.619432217, 1.004507669,
2138.639864230, 1.004576435,
2138.660296142, 1.004639216,
2138.721591881, 1.004755695,
2138.742023695, 1.004937150,
2138.762455709, 1.004535176,
2138.782887624, 1.004543737,
