BJD - 2454833, Corrected Flux
2146.452707256, 0.991626911,
2146.473139559, 0.991789086,
2146.514003864, 0.992152270,
2146.534436165, 0.991788652,
2146.575300466, 0.991403699,
2146.595732766, 0.991624434,
2146.616164865, 0.991326348,
2146.636597064, 0.991270724,
2146.677461460, 0.991296219,
2146.697893757, 0.991118678,
2146.718325854, 0.991061691,
2146.738758050, 0.991078786,
2146.759190346, 0.990889206,
2146.779622541, 0.990850486,
2146.800054635, 0.990760322,
2146.820486930, 0.991059478,
2146.840919123, 0.990682332,
2146.861351216, 0.990317451,
2146.881783509, 0.990751036,
2146.902215701, 0.990206236,
2146.922647792, 0.990579403,
2146.943080083, 0.990039213,
2146.963512274, 0.990275735,
2146.983944363, 0.990479189,
2147.004376653, 0.989918416,
2147.024808842, 0.990165598,
2147.045240930, 0.990042783,
2147.086105405, 0.989892670,
2147.106537592, 0.990300909,
2147.147401964, 0.989709472,
2147.167834249, 0.990007517,
2147.188266334, 0.990122152,
2147.208698518, 0.990042741,
2147.229130802, 0.990155522,
2147.249562985, 0.989868129,
2147.269995068, 0.989958383,
2147.290427350, 0.989940008,
2147.310859531, 0.989933253,
2147.331291612, 0.989487595,
2147.351723893, 0.989716159,
2147.372155973, 0.990003722,
2147.392588153, 0.989289453,
2147.433452510, 0.989327196,
2147.494749043, 0.989023221,
2147.515181219, 0.989540678,
2147.535613495, 0.989114692,
2147.556045570, 0.989450760,
2147.576477745, 0.989167977,
2147.596910020, 0.989658018,
2147.617342193, 0.989273846,
2147.637774267, 0.989237863,
2147.658206540, 0.989252981,
2147.678638712, 0.989168187,
2147.699070884, 0.988967867,
2147.719503055, 0.989362314,
2147.739935226, 0.988983716,
2147.760367496, 0.988337423,
2147.780799566, 0.988958207,
2147.801231735, 0.989270356,
2147.821664004, 0.989150601,
2147.842096072, 0.989114407,
2147.862528239, 0.989192890,
2147.882960506, 0.989323780,
2147.903392573, 0.988875866,
2147.923824739, 0.988661580,
2147.944257005, 0.988518524,
2147.985121235, 0.989008283,
2148.005553499, 0.988712841,
2148.025985562, 0.988824155,
2148.046417725, 0.988837336,
2148.066849988, 0.989017816,
2148.087282150, 0.988887549,
2148.107714211, 0.989003051,
2148.128146472, 0.988874885,
2148.148578533, 0.988800996,
2148.169010693, 0.988667408,
2148.189442952, 0.988850496,
2148.209875011, 0.988914301,
2148.250739428, 0.989034893,
2148.271171485, 0.988929758,
2148.291603742, 0.989034286,
2148.312035899, 0.988615296,
2148.332467954, 0.988815940,
2148.352900210, 0.988852850,
2148.393764419, 0.988734711,
2148.414196672, 0.988764149,
2148.434628826, 0.989147704,
2148.475493131, 0.989302478,
2148.495925283, 0.989314860,
2148.516357434, 0.988880864,
2148.536789585, 0.988566539,
2148.557221735, 0.988537271,
2148.577653885, 0.988674714,
2148.598086134, 0.988635653,
2148.618518183, 0.988740216,
2148.638950331, 0.988640550,
2148.659382579, 0.988958872,
2148.679814626, 0.988823494,
2148.700246773, 0.988313465,
2148.720679020, 0.988126885,
2148.741111065, 0.988604382,
2148.761543210, 0.988272594,
2148.781975455, 0.988285088,
2148.802407499, 0.988667956,
2148.822839643, 0.988344914,
2148.843271886, 0.988435363,
2148.863703929, 0.988585198,
2148.884136171, 0.989238817,
2148.904568213, 0.988707482,
2148.925000354, 0.988754671,
2148.945432594, 0.988887295,
2148.965864634, 0.988824055,
2148.986296774, 0.988456247,
2149.006729013, 0.988681075,
2149.027161152, 0.988577693,
2149.047593190, 0.989104616,
2149.088457565, 0.988851983,
2149.108889601, 0.988409370,
2149.129321837, 0.988883649,
2149.149753973, 0.988504098,
2149.170186008, 0.988695203,
2149.190618243, 0.988756547,
2149.211050377, 0.988797783,
2149.231482410, 0.988893986,
2149.251914643, 0.988607795,
2149.272346776, 0.988554874,
2149.292778908, 0.988908512,
2149.313211040, 0.989224733,
2149.333643171, 0.989106530,
2149.354075301, 0.988764133,
2149.374507431, 0.988599138,
2149.394939561, 0.989053144,
2149.415371690, 0.988937954,
2149.456235946, 0.988696807,
2149.476668174, 0.988773798,
2149.497100301, 0.988796411,
2149.517532328, 0.988637378,
2149.537964554, 0.989041499,
2149.558396679, 0.989175673,
2149.578828704, 0.989247813,
2149.599260929, 0.989220774,
2149.619692953, 0.988846292,
2149.640125076, 0.989018896,
2149.660557299, 0.988979855,
2149.680989322, 0.989135595,
2149.701421444, 0.988945176,
2149.721853666, 0.989096150,
2149.742285687, 0.989022592,
2149.762717807, 0.988921684,
2149.783150027, 0.988945673,
2149.803582047, 0.989091810,
2149.824014166, 0.989078897,
2149.844446384, 0.991818791,
2149.864878502, 0.989261337,
2149.885310520, 0.989116201,
2149.905742737, 0.989113993,
2149.946606869, 0.989393315,
2149.967039085, 0.988923805,
2149.987471200, 0.989079450,
2150.007903215, 0.988921230,
2150.028335429, 0.988955254,
2150.048767543, 0.989540310,
2150.069199756, 0.989034439,
2150.089631768, 0.988813597,
2150.110063880, 0.989239715,
2150.130496092, 0.988882212,
2150.150928103, 0.989165014,
2150.171360213, 0.988961630,
2150.191792423, 0.988938080,
2150.212224433, 0.988883443,
2150.232656542, 0.988558245,
2150.253088751, 0.989111326,
2150.273520859, 0.989193143,
2150.293952867, 0.989224801,
2150.314385074, 0.988931619,
2150.334817180, 0.989007733,
2150.355249187, 0.989302212,
2150.375681392, 0.989162043,
2150.396113398, 0.989330674,
2150.416545502, 0.989144096,
2150.457409710, 0.989036659,
2150.477841813, 0.988829372,
2150.498274016, 0.988982546,
2150.518706018, 0.989370247,
2150.539138120, 0.989373643,
2150.559570321, 0.989415159,
2150.580002322, 0.988836181,
2150.600434422, 0.988621651,
2150.620866621, 0.989163717,
2150.641298621, 0.989064738,
2150.682162918, 0.989413525,
2150.702595015, 0.988790203,
2150.723027113, 0.988860361,
2150.743459210, 0.988991523,
2150.763891306, 0.988860907,
2150.784323502, 0.988921407,
2150.804755497, 0.989187121,
2150.825187592, 0.989055772,
2150.845619786, 0.989056769,
2150.866051780, 0.988861625,
2150.886483873, 0.989480986,
2150.906916066, 0.988868959,
2150.927348058, 0.988608950,
2150.947780151, 0.989138690,
2150.968212342, 0.988749412,
2150.988644333, 0.989086147,
2151.009076423, 0.989180534,
2151.049940603, 0.989231389,
2151.070372692, 0.988937844,
2151.090804880, 0.989023646,
2151.111236868, 0.989162018,
2151.131668955, 0.988303429,
2151.152101142, 0.988407494,
2151.172533129, 0.988861386,
2151.192965215, 0.988689217,
2151.213397401, 0.988732459,
2151.233829385, 0.988986265,
2151.254261570, 0.988923686,
2151.274693654, 0.988636764,
2151.295125638, 0.989089326,
2151.315557821, 0.988838951,
2151.335989903, 0.988683723,
2151.356421885, 0.988880499,
2151.376854067, 0.989521369,
2151.397286148, 0.989182537,
2151.417718129, 0.988993162,
2151.438150309, 0.988808707,
2151.458582389, 0.988931311,
2151.479014368, 0.989322574,
2151.499446547, 0.989545428,
2151.519878625, 0.989181099,
2151.540310703, 0.989026925,
2151.560742780, 0.989331171,
2151.581174857, 0.989325734,
2151.601606933, 0.989306691,
2151.622039109, 0.989301508,
2151.642471084, 0.989273920,
2151.662903159, 0.989068428,
2151.683335334, 0.989513510,
2151.703767307, 0.989457778,
2151.724199381, 0.989710710,
2151.744631554, 0.989621149,
2151.785495598, 0.989198911,
2151.805927769, 0.989724999,
2151.826359741, 0.989413068,
2151.846791811, 0.989412669,
2151.867223881, 0.989589438,
2151.908088119, 0.989364637,
2151.928520088, 0.989535735,
2151.948952156, 0.989068383,
2151.969384324, 0.989182408,
2151.989816391, 0.989556834,
2152.010248358, 0.991652337,
2152.030680524, 0.989888854,
2152.071544555, 0.989978913,
2152.091976720, 0.989945685,
2152.112408784, 0.990119080,
2152.132840748, 0.990291487,
2152.153272911, 0.990147892,
2152.173704974, 0.989537296,
2152.194136936, 0.989942391,
2152.214569098, 0.990222930,
2152.235001160, 0.990285039,
2152.255433121, 0.990121769,
2152.275865281, 0.990205796,
2152.296297341, 0.989979899,
2152.316729300, 0.990057483,
2152.337161459, 0.989973890,
2152.357593518, 0.990228285,
2152.378025576, 0.990109254,
2152.398457634, 0.990250622,
2152.418889690, 0.990151084,
2152.439321747, 0.990015798,
2152.459753903, 0.990176128,
2152.480185859, 0.990289435,
2152.500618014, 0.990526551,
2152.521050069, 0.990082933,
2152.541482023, 0.990513003,
2152.561914177, 0.990184467,
2152.582346230, 0.990269293,
2152.602778183, 0.990180268,
2152.623210335, 0.990447547,
2152.643642287, 0.990307476,
2152.664074338, 0.989916967,
2152.684506489, 0.990334829,
2152.704938439, 0.990298501,
2152.725370490, 0.990456911,
2152.745802639, 0.990206782,
2152.766234588, 0.990420973,
2152.786666637, 0.990306392,
2152.807098785, 0.990350201,
2152.827530832, 0.990430079,
2152.847962779, 0.990607319,
2152.868394926, 0.990230740,
2152.888826972, 0.990386437,
2152.909258918, 0.990471448,
2152.929691063, 0.990365402,
2152.950123108, 0.990577161,
2152.970555052, 0.990316646,
2152.990987196, 0.990427902,
2153.011419239, 0.990784344,
2153.031851182, 0.990647388,
2153.052283324, 0.990583284,
2153.072715366, 0.990686984,
2153.093147508, 0.990460414,
2153.113579449, 0.990574952,
2153.134011489, 0.990643905,
2153.154443629, 0.990736019,
2153.174875569, 0.990604145,
2153.195307608, 0.990255430,
2153.215739746, 0.990757737,
2153.236171685, 0.990776627,
2153.256603722, 0.990511485,
2153.277035760, 0.990681754,
2153.297467896, 0.990893164,
2153.317899833, 0.990728881,
2153.338331868, 0.990798426,
2153.399628073, 0.990654170,
2153.420060007, 0.990651258,
2153.440492040, 0.990853906,
2153.460924173, 0.990715079,
2153.481356106, 0.990558249,
2153.501788138, 0.990534513,
2153.522220270, 0.990864928,
2153.542652200, 0.990683754,
2153.563084231, 0.990705893,
2153.583516361, 0.990906338,
2153.603948291, 0.990510151,
2153.624380320, 0.990696393,
2153.644812449, 0.991219259,
2153.685676505, 0.991413504,
2153.706108533, 0.990860950,
2153.726540560, 0.990749539,
2153.746972586, 0.991253745,
2153.767404612, 0.991057715,
2153.787836637, 0.991093277,
2153.808268762, 0.990800786,
2153.828700687, 0.990918500,
2153.889996758, 0.990925939,
2153.910428781, 0.991066782,
2153.930860903, 0.991199452,
2153.951292825, 0.990790992,
2153.971724846, 0.991263744,
2153.992156967, 0.991140118,
2154.012588888, 0.990940893,
2154.033020908, 0.990862297,
2154.053452927, 0.990982605,
2154.073884946, 0.991331033,
2154.094316965, 0.990756577,
2154.114748983, 0.991314460,
2154.135181000, 0.990992128,
2154.155613018, 0.991100694,
2154.176045034, 0.990867791,
2154.196477051, 0.991428338,
2154.216909066, 0.991094020,
2154.237341182, 0.990932584,
2154.257773097, 0.991152496,
2154.278205211, 0.990886973,
2154.298637225, 0.991188019,
2154.319069139, 0.991122271,
2154.339501252, 0.991253413,
2154.359933264, 0.991341589,
2154.380365176, 0.991079616,
2154.400797288, 0.991698281,
2154.421229299, 0.991288724,
2154.441661210, 0.991195196,
2154.462093320, 0.991354924,
2154.482525330, 0.991468573,
2154.502957339, 0.991196550,
2154.523389348, 0.991406913,
2154.543821357, 0.991561013,
2154.564253365, 0.991727249,
2154.584685372, 0.991367881,
2154.605117379, 0.990992113,
2154.625549386, 0.991281587,
2154.666413398, 0.991023431,
2154.686845403, 0.991484608,
2154.707277507, 0.991154084,
2154.727709412, 0.991035887,
2154.748141416, 0.991138990,
2154.768573419, 0.991685311,
2154.789005422, 0.991741933,
2154.809437525, 0.991408709,
2154.829869427, 0.991166925,
2154.850301428, 0.991128372,
2154.870733529, 0.991161288,
2154.891165430, 0.991375556,
2154.911597430, 0.991546833,
2154.993325527, 0.991856949,
2155.013757424, 0.991695791,
2155.054621519, 0.991362586,
2155.075053516, 0.991316808,
2155.095485412, 0.991175008,
2155.136349502, 0.991255323,
2155.156781397, 0.991032953,
2155.177213492, 0.990942543,
2155.197645486, 0.991475338,
2155.238509472, 0.991470697,
2155.258941464, 0.991347602,
2155.279373356, 0.991246195,
2155.299805448, 0.991237278,
2155.320237439, 0.991296389,
2155.340669430, 0.991533629,
2155.361101420, 0.991478517,
2155.381533410, 0.991031606,
2155.401965499, 0.991005734,
2155.422397388, 0.991483087,
2155.442829377, 0.991361946,
2155.463261464, 0.991284276,
2155.483693352, 0.991319774,
2155.504125339, 0.991103331,
2155.524557326, 0.991440590,
2155.544989312, 0.991550322,
2155.565421298, 0.991236787,
2155.606285268, 0.991438944,
2155.626717252, 0.990992963,
2155.647149336, 0.991492852,
2155.667581220, 0.991313107,
2155.688013203, 0.991723154,
2155.708445285, 0.991625141,
2155.728877168, 0.991393790,
2155.749309149, 0.991678913,
2155.769741230, 0.991692130,
2155.790173111, 0.991892527,
2155.851469051, 0.992563315,
2155.871901030, 0.991578050,
2155.892333109, 0.991610408,
2155.912765087, 0.991473220,
2155.933196965, 0.991390167,
2155.953629042, 0.991852628,
2155.974061018, 0.991289538,
2155.994492995, 0.991247207,
2156.014924971, 0.991553280,
2156.035356946, 0.991739348,
2156.055789022, 0.991633983,
2156.076220896, 0.991874326,
2156.096652870, 0.991320821,
2156.117084944, 0.991532010,
2156.137516817, 0.991678721,
2156.157948790, 0.991940850,
2156.178380862, 0.991589672,
2156.198812734, 0.991512455,
2156.219244705, 0.991557657,
2156.239676777, 0.991478588,
2156.260108647, 0.991668893,
2156.280540617, 0.991816015,
2156.300972587, 0.991600824,
2156.321404556, 0.991447775,
2156.403132429, 0.991901835,
2156.423564496, 0.992051247,
2156.443996363, 0.991650490,
2156.464428329, 0.991637399,
2156.484860395, 0.991834482,
2156.505292260, 0.991927437,
2156.525724225, 0.991743297,
2156.546156289, 0.991758940,
2156.566588153, 0.992038055,
2156.587020216, 0.992195743,
2156.607452179, 0.991912728,
2156.648316104, 0.992216409,
2156.668748066, 0.991994777,
2156.689179927, 0.992295299,
2156.709611988, 0.991748346,
2156.730043949, 0.991635938,
2156.750475909, 0.991859911,
2156.770907868, 0.991935967,
2156.791339828, 0.992015847,
2156.811771786, 0.992351903,
2156.832203744, 0.992016617,
2156.852635702, 0.992758460,
2156.873067660, 0.991717506,
2156.893499717, 0.992029657,
2156.913931573, 0.992301328,
2156.934363529, 0.992266849,
2156.954795585, 0.992433744,
2156.975227440, 0.992064773,
2156.995659394, 0.992561579,
2157.016091349, 0.991715088,
2157.036523303, 0.992475717,
2157.056955257, 0.992026391,
2157.077387210, 0.991902184,
2157.097819162, 0.992050854,
2157.118251114, 0.992291791,
2157.138683066, 0.992539007,
2157.159115017, 0.992175565,
2157.179547068, 0.991736354,
2157.199978918, 0.992566125,
2157.220410868, 0.992049413,
2157.240842918, 0.992155966,
2157.302138764, 0.991995572,
2157.322570711, 0.992450677,
2157.343002559, 0.992620296,
2157.363434606, 0.992230568,
2157.383866553, 0.992723856,
2157.404298399, 0.992721632,
2157.424730444, 0.992685859,
2157.445162390, 0.992184282,
2157.465594234, 0.992807888,
2157.486026279, 0.992590456,
2157.526890066, 0.992645020,
2157.547322109, 0.992384120,
2157.567754052, 0.992715600,
2157.608617936, 0.992527054,
2157.629049877, 0.992812423,
2157.649481818, 0.993118425,
2157.669913759, 0.992657634,
2157.690345698, 0.993038072,
2157.710777638, 0.992785792,
2157.731209577, 0.992458012,
2157.751641516, 0.992983897,
2157.812937330, 0.992726905,
2157.833369367, 0.992654341,
2157.853801203, 0.992836454,
2157.874233140, 0.993073511,
2157.894665175, 0.992514897,
2157.915097011, 0.992970650,
2157.935528946, 0.992783598,
2157.955960980, 0.992797580,
2157.976392814, 0.993020520,
2157.996824748, 0.992884215,
2158.017256781, 0.992912453,
2158.037688614, 0.993104828,
2158.058120546, 0.993063507,
2158.078552578, 0.993872822,
2158.098984510, 0.992870306,
2158.119416341, 0.993283700,
2158.139848371, 0.993150367,
2158.160280302, 0.993152056,
2158.180712131, 0.993000064,
2158.201144160, 0.992916402,
2158.221576090, 0.992920780,
2158.242007918, 0.993372379,
2158.262439946, 0.992654101,
2158.282871874, 0.993220470,
2158.303303701, 0.993009988,
2158.323735728, 0.993006993,
2158.344167654, 0.993300720,
2158.364599680, 0.993451112,
2158.385031506, 0.992961065,
2158.405463431, 0.993235521,
2158.425895456, 0.993431937,
2158.446327280, 0.993303166,
2158.466759204, 0.993128845,
2158.487191227, 0.993232573,
2158.507623051, 0.993699372,
2158.528054973, 0.993394811,
2158.548486895, 0.994627279,
2158.568918817, 0.993378524,
2158.589350738, 0.993278720,
2158.609782759, 0.993433416,
2158.630214580, 0.993829151,
2158.650646500, 0.993435499,
2158.671078520, 0.993741924,
2158.691510338, 0.993274708,
2158.711942257, 0.993429551,
2158.732374276, 0.992950686,
2158.773238012, 0.992234969,
2158.793670029, 0.993495858,
2158.814101845, 0.993288149,
2158.834533761, 0.993775676,
2158.854965778, 0.993440573,
2158.875397593, 0.993411340,
2158.895829608, 0.993649001,
2158.916261522, 0.993257232,
2158.936693437, 0.993281673,
2158.957125351, 0.993092215,
2158.977557264, 0.993699521,
2158.997989177, 0.993651414,
2159.018421090, 0.993865038,
2159.038853002, 0.993615816,
2159.059284913, 0.993564346,
2159.079716925, 0.993476548,
2159.100148735, 0.993504871,
2159.120580646, 0.993166398,
2159.141012656, 0.993234688,
2159.161444466, 0.993711471,
2159.181876375, 0.993621539,
2159.202308384, 0.993422938,
2159.222740192, 0.993664602,
2159.243172100, 0.993526150,
2159.263604007, 0.993495744,
2159.284035915, 0.993925303,
2159.304467822, 0.994219330,
2159.324899728, 0.993776794,
2159.345331634, 0.993871626,
2159.365763539, 0.994078012,
2159.386195444, 0.993853196,
2159.406627349, 0.993552216,
2159.427059253, 0.993964787,
2159.447491257, 0.993872528,
2159.467923061, 0.994046965,
2159.508786966, 0.993868676,
2159.529218768, 0.994094621,
2159.549650770, 0.994044639,
2159.570082672, 0.993907525,
2159.590514472, 0.994249118,
2159.610946473, 0.993996068,
2159.631378373, 0.993877792,
2159.651810173, 0.994036224,
2159.672242172, 0.993587757,
2159.692674071, 0.994219924,
2159.713105869, 0.994258675,
2159.753969765, 0.993876848,
2159.774401662, 0.993812822,
2159.794833559, 0.994196340,
2159.815265456, 0.994227994,
2159.835697352, 0.993969558,
2159.856129247, 0.994045039,
2159.876561143, 0.994149930,
2159.896993037, 0.994570928,
2159.917425032, 0.994063393,
2159.937856826, 0.994685085,
2159.958288719, 0.994119633,
2159.978720613, 0.993900166,
2159.999152505, 0.994350752,
2160.019584297, 0.994626514,
2160.040016289, 0.993942874,
2160.060448181, 0.993962844,
2160.080880172, 0.993928622,
2160.101311963, 0.994004623,
2160.121743854, 0.994414529,
2160.142175843, 0.994138362,
2160.183039522, 0.994217708,
2160.203471511, 0.994076723,
2160.223903299, 0.994250468,
2160.244335187, 0.994361421,
2160.264767174, 0.994475745,
2160.285199061, 0.994684526,
2160.305630848, 0.994404515,
2160.326062834, 0.994132488,
2160.346494720, 0.994433963,
2160.366926506, 0.994692087,
2160.387358491, 0.994477405,
2160.407790375, 0.994480936,
2160.428222160, 0.994609336,
2160.448654144, 0.994474352,
2160.469086027, 0.994563521,
2160.489517810, 0.994495601,
2160.509949793, 0.994584052,
2160.550813457, 0.994286084,
2160.571245438, 0.994852842,
2160.591677319, 0.994352207,
2160.612109200, 0.994288137,
2160.632541080, 0.994700701,
2160.652972960, 0.994582182,
2160.673404939, 0.994699330,
2160.693836719, 0.994415705,
2160.734700576, 0.994945510,
2160.755132353, 0.994474256,
2160.775564231, 0.994643629,
2160.816427984, 0.994723775,
2160.836859860, 0.994643113,
2160.857291837, 0.994171113,
2160.877723612, 0.994899276,
2160.898155487, 0.994897045,
2160.918587462, 0.994642635,
2160.939019236, 0.994702994,
2160.959451110, 0.994539639,
2160.979883083, 0.994974200,
2161.000314856, 0.995139948,
2161.020746729, 0.994907485,
2161.041178701, 0.994607492,
2161.061610473, 0.994756784,
2161.082042345, 0.995017530,
2161.102474316, 0.995034503,
2161.122906186, 0.994753548,
2161.143337957, 0.995105582,
2161.163769926, 0.994929147,
2161.184201796, 0.994876605,
2161.204633565, 0.994880799,
2161.225065534, 0.995098458,
2161.245497402, 0.995111341,
2161.265929170, 0.994970972,
2161.286361137, 0.994939605,
2161.306793005, 0.994987377,
2161.327224971, 0.995210978,
2161.347656738, 0.995567267,
2161.368088604, 0.994499302,
2161.388520569, 0.995092514,
2161.408952334, 0.989910256,
2161.470247927, 0.995253052,
2161.490679791, 0.995114289,
2161.511111654, 0.995040391,
2161.531543517, 0.995071666,
2161.551975379, 0.995119788,
2161.572407241, 0.995156758,
2161.592839103, 0.995076850,
2161.613270964, 0.995671456,
2161.633702825, 0.995015391,
2161.654134686, 0.995443450,
2161.674566546, 0.995395324,
2161.735862123, 0.995519179,
2161.756294082, 0.995181837,
2161.776725840, 0.995032623,
2161.797157698, 0.995633367,
2161.817589655, 0.995236510,
2161.838021412, 0.995558344,
2161.878885225, 0.995545807,
2161.899316981, 0.995478115,
2161.919748936, 0.995416111,
2161.940180791, 0.995570022,
2161.960612646, 0.995786432,
2161.981044500, 0.995331904,
2162.001476354, 0.995321027,
2162.021908207, 0.995565016,
2162.042340060, 0.995325703,
2162.062771913, 0.995378393,
2162.083203765, 0.995286255,
2162.103635617, 0.995690393,
2162.124067469, 0.995401859,
2162.144499320, 0.995411881,
2162.164931271, 0.995980541,
2162.205794871, 0.995726958,
2162.226226720, 0.996004711,
2162.246658570, 0.995828991,
2162.267090318, 0.995625932,
2162.287522267, 0.995994821,
2162.307954115, 0.995889186,
2162.328385863, 0.995635819,
2162.348817810, 0.995640018,
2162.369249657, 0.995890988,
2162.389681503, 0.995918513,
2162.410113349, 0.995962478,
2162.450977141, 0.995762925,
2162.471408886, 0.995769970,
2162.491840730, 0.995937107,
2162.512272675, 0.995894171,
2162.532704518, 0.996149364,
2162.553136262, 0.995729609,
2162.573568205, 0.995957634,
2162.594000047, 0.995697775,
2162.614431790, 0.995930798,
2162.634863732, 0.995910269,
2162.655295573, 0.996206427,
2162.696159255, 0.995906953,
2162.716591096, 0.996165507,
2162.737022836, 0.996455970,
2162.757454775, 0.995997838,
2162.777886615, 0.996308477,
2162.798318454, 0.996261054,
2162.818750292, 0.996357303,
2162.839182130, 0.996275172,
2162.859613968, 0.996199584,
2162.880045806, 0.995993666,
2162.900477643, 0.996157346,
2162.920909479, 0.996026296,
2162.941341315, 0.996067526,
2162.961773151, 0.996504659,
2162.982204987, 0.996184601,
2163.002636822, 0.996294192,
2163.023068657, 0.996109987,
2163.043500591, 0.996822578,
2163.063932325, 0.996237059,
2163.104796092, 0.996180785,
2163.125227825, 0.996312766,
2163.186523321, 0.996251971,
2163.206955153, 0.996601170,
2163.227387084, 0.996596064,
2163.247818814, 0.996532073,
2163.268250644, 0.996632033,
2163.288682574, 0.996598310,
2163.309114304, 0.996229809,
2163.329546133, 0.996381759,
2163.349978062, 0.996622106,
2163.370409890, 0.996631202,
2163.390841618, 0.996939347,
2163.411273546, 0.996666940,
2163.431705373, 0.996717561,
2163.452137100, 0.996579008,
2163.472569026, 0.996790028,
2163.493000852, 0.996645385,
2163.513432578, 0.997258841,
2163.533864504, 0.997016448,
2163.554296328, 0.996893940,
2163.574728253, 0.996963687,
2163.595159977, 0.996992817,
2163.615591801, 0.997506545,
2163.636023625, 0.996067770,
2163.697319093, 0.996716986,
2163.717750915, 0.997247115,
2163.738182737, 0.997092204,
2163.758614558, 0.996785839,
2163.779046379, 0.997100716,
2163.799478200, 0.996982845,
2163.819910020, 0.997085191,
2163.840341840, 0.997214402,
2163.860773660, 0.997349036,
2163.881205579, 0.997140702,
2163.922069116, 0.997059542,
2163.942501034, 0.997156607,
2163.962932751, 0.997469056,
2163.983364569, 0.997187087,
2164.003796485, 0.997013465,
2164.024228202, 0.997453406,
2164.044660018, 0.997496585,
2164.065091934, 0.997462280,
2164.085523649, 0.997765539,
2164.105955465, 0.997753680,
2164.126387379, 0.997472428,
2164.146819094, 0.997551282,
2164.167251008, 0.997532004,
2164.187682821, 0.997221094,
2164.208114635, 0.997631023,
2164.228546447, 0.997268076,
2164.248978260, 0.997612007,
2164.269410072, 0.997410558,
2164.289841984, 0.997058412,
2164.330705506, 0.997290803,
2164.351137417, 0.997334815,
2164.371569128, 0.996968626,
2164.412432747, 0.997562183,
2164.432864556, 0.998029762,
2164.453296365, 0.997737502,
2164.473728174, 0.997729895,
2164.494159982, 0.997753646,
2164.514591690, 0.998201556,
2164.535023597, 0.997833285,
2164.555455404, 0.997813258,
2164.575887211, 0.997814619,
2164.596319018, 0.998369703,
2164.616750823, 0.998059743,
2164.637182629, 0.998059302,
2164.657614434, 0.998201023,
2164.678046239, 0.998243678,
2164.698478144, 0.997677502,
2164.718909948, 0.998501084,
2164.739341652, 0.997991307,
2164.780205359, 0.998000235,
2164.800637061, 0.998003254,
2164.821068964, 0.998037194,
2164.841500766, 0.997956379,
2164.861932468, 0.997269854,
2164.902796170, 0.998177076,
2164.923227871, 0.998191967,
2164.943659771, 0.998319291,
2164.964091571, 0.998571129,
2164.984523270, 0.998156774,
2165.004955169, 0.998482549,
2165.025386968, 0.998574696,
2165.045818767, 0.998762208,
2165.066250565, 0.998230253,
2165.086682363, 0.998618444,
2165.107114160, 0.998547552,
2165.127545957, 0.998720860,
2165.147977754, 0.998635810,
2165.168409550, 0.998361042,
2165.188841446, 0.998678979,
2165.209273142, 0.999167705,
2165.229705037, 0.998427895,
2165.250136732, 0.998644353,
2165.291000421, 0.999048746,
2165.311432115, 0.998629829,
2165.331863909, 0.998854752,
2165.393159287, 0.998840020,
2165.413591179, 0.999142227,
2165.434022871, 0.998547807,
2165.454454662, 0.998673577,
2165.474886554, 0.999045576,
2165.495318244, 0.999263203,
2165.515750035, 0.998775159,
2165.536181925, 0.999008553,
2165.556613714, 0.999368883,
2165.577045404, 0.999107426,
2165.597477293, 0.999102626,
2165.638340770, 0.999076654,
2165.658772658, 0.999117905,
2165.679204445, 0.999222401,
2165.699636132, 0.999252850,
2165.720068019, 0.999279111,
2165.740499806, 0.999217769,
2165.760931692, 0.999416879,
2165.781363378, 0.999251677,
2165.801795163, 0.999876985,
2165.822227048, 0.999536753,
2165.842658733, 0.999608133,
2165.863090518, 0.999118724,
2165.883522302, 0.999162423,
2165.903954086, 0.999414603,
2165.924385869, 0.999492570,
2165.944817652, 0.999296297,
2165.965249435, 0.999997656,
2165.985681217, 0.999541478,
2166.006112999, 0.999342230,
2166.026544781, 0.999995492,
2166.046976562, 1.000362659,
2166.067408443, 0.999735554,
2166.087840124, 0.999617014,
2166.108271904, 0.999341442,
2166.149135464, 0.999683667,
2166.169567243, 0.999595858,
2166.189999122, 0.999836435,
2166.210430801, 0.999698259,
2166.230862579, 0.999447394,
2166.251294457, 0.999715796,
2166.292158012, 0.999231920,
2166.312589788, 0.999781538,
2166.333021465, 0.999874288,
2166.394316893, 0.999833169,
2166.414748668, 1.000123307,
2166.435180442, 0.999547461,
2166.455612217, 1.000437408,
2166.476043991, 0.999908316,
2166.496475765, 1.000180251,
2166.516907538, 0.999860216,
2166.537339412, 1.000226580,
2166.557771084, 1.000203166,
2166.578202857, 1.000137950,
2166.598634729, 1.000269698,
2166.619066401, 1.000130576,
2166.639498172, 1.000071870,
2166.659929943, 1.000016550,
2166.680361714, 1.000279310,
2166.700793484, 1.000228436,
2166.721225255, 1.000162296,
2166.741657024, 1.000466833,
2166.762088794, 1.000843323,
2166.782520563, 1.000875406,
2166.802952331, 1.000518854,
2166.823384200, 1.000235754,
2166.864247636, 0.999935317,
2166.884679503, 1.000831082,
2166.905111270, 1.000494571,
2166.925542937, 1.000477891,
2166.945974803, 1.000632008,
2166.966406569, 1.000445888,
2166.986838235, 1.000567458,
2167.007270100, 1.000864804,
2167.027701865, 1.000664345,
2167.048133530, 1.000771445,
2167.068565394, 1.000714744,
2167.109428822, 1.000577793,
2167.129860686, 1.000725393,
2167.150292449, 1.000795940,
2167.170724111, 1.000487966,
2167.191155974, 1.001259959,
2167.211587736, 1.000721189,
2167.232019498, 1.000880296,
2167.252451259, 1.000895211,
2167.293314781, 1.000737268,
2167.313746541, 1.000688292,
2167.354610161, 1.000921930,
2167.375041820, 1.000362348,
2167.395473579, 1.000961566,
2167.415905438, 1.001205819,
2167.436337097, 1.000276865,
2167.456768855, 1.000874383,
2167.477200712, 1.001595580,
2167.497632370, 1.000825955,
2167.518064127, 1.000967743,
2167.538495984, 1.001330816,
2167.558927640, 1.001202379,
2167.599791252, 1.001085443,
2167.620222907, 1.001241365,
2167.640654662, 1.000983662,
2167.661086517, 1.000927238,
2167.681518172, 1.001745820,
2167.701949926, 1.001118637,
2167.722381780, 1.001500559,
2167.742813533, 1.001395208,
2167.763245187, 1.001701729,
2167.804108792, 1.001580298,
2167.844972296, 1.001336267,
2167.865404047, 1.001706869,
2167.885835899, 1.001829882,
2167.906267550, 1.001118318,
2167.926699300, 1.001915725,
2167.947131150, 1.001397097,
2167.967562800, 1.001940138,
2167.987994550, 1.001899737,
2168.008426399, 1.001838266,
2168.028858048, 1.001622564,
2168.049289797, 1.002393707,
2168.090153293, 1.002197943,
2168.110585041, 1.001818226,
2168.131016788, 1.002248107,
2168.151448535, 1.001961935,
2168.171880282, 1.002482204,
2168.192312028, 1.002477938,
2168.212743774, 1.002461473,
2168.233175520, 1.002432454,
2168.253607365, 1.002213536,
2168.274039010, 1.002330826,
2168.335334444, 1.002229052,
2168.355766187, 1.002385662,
2168.376198031, 1.002092500,
2168.396629774, 1.002091389,
2168.417061617, 1.002307886,
2168.437493259, 1.002325385,
2168.457925002, 1.002093770,
2168.478356843, 1.002295084,
2168.498788485, 1.001984669,
2168.519220226, 1.002559356,
2168.539652067, 1.002062278,
2168.580515448, 1.002494467,
2168.600947288, 1.002604664,
2168.621379028, 1.002280254,
2168.641810667, 1.002254030,
2168.662242506, 1.002602348,
2168.682674245, 1.002777515,
2168.703105883, 1.002984969,
2168.723537721, 1.002765438,
2168.743969459, 1.002467174,
2168.764401097, 1.002417521,
2168.784832934, 1.002613893,
2168.825696307, 1.002937662,
2168.846128143, 1.002663127,
2168.866559779, 1.002400145,
2168.886991515, 1.003038473,
2168.927854985, 1.002514656,
2168.948286820, 1.002798097,
2168.968718554, 1.002841358,
2168.989150188, 1.002682303,
2169.009582022, 1.002997743,
2169.030013755, 1.002813274,
2169.070877221, 1.003210410,
2169.091308953, 1.003115630,
2169.111740686, 1.003113795,
2169.132172417, 1.003241880,
2169.152604149, 1.003003867,
2169.173035880, 1.003197943,
2169.193467711, 1.003323924,
2169.213899341, 1.003095082,
2169.234331072, 1.002829956,
2169.254762902, 1.003350400,
2169.275194531, 1.003637208,
2169.316058090, 1.003239667,
2169.336489718, 1.003506020,
2169.356921447, 1.003075295,
2169.377353275, 1.003142396,
2169.397784903, 1.003661328,
2169.418216730, 1.003956666,
2169.438648458, 1.003587176,
2169.459080184, 1.003384799,
2169.479511911, 1.003417084,
2169.499943537, 1.003300367,
2169.520375363, 1.003609337,
2169.561238814, 1.003630420,
2169.581670439, 1.003903112,
2169.602102264, 1.003563829,
2169.622533988, 1.003677589,
2169.642965613, 1.003665961,
2169.683829160, 1.004125590,
2169.704260783, 1.003690052,
2169.724692606, 1.003774403,
2169.745124329, 1.003369254,
2169.765555951, 1.003812071,
2169.806419495, 1.004001825,
2169.826851116, 1.003813191,
2169.847282937, 1.003999513,
2169.867714658, 1.003987462,
2169.888146479, 1.004383494,
2169.908578099, 1.003980655,
2169.929009819, 1.004327423,
2169.949441638, 1.004005984,
2169.990304976, 1.004168296,
2170.010736795, 1.005410049,
2170.051600132, 1.004261433,
2170.072031949, 1.004107942,
2170.092463667, 1.004167171,
2170.112895284, 1.003867154,
2170.133327101, 1.004610302,
2170.153758817, 1.004787157,
2170.174190434, 1.004281506,
2170.194622250, 1.004300467,
2170.215053965, 1.004625384,
2170.235485581, 1.004462455,
2170.255917396, 1.004720310,
2170.296780725, 1.004122377,
2170.317212539, 1.004650284,
2170.337644153, 1.004613629,
2170.378507680, 1.004582473,
2170.398939393, 1.004527075,
2170.419371106, 1.004819012,
2170.439802818, 1.004984496,
2170.460234530, 1.004486546,
2170.480666242, 1.005000482,
2170.501097954, 1.004736437,
2170.521529665, 1.004743884,
2170.541961476, 1.005353537,
2170.562393086, 1.005067529,
2170.582824797, 1.004998614,
2170.603256607, 1.005350127,
2170.623688216, 1.005073698,
2170.644119926, 1.005298281,
2170.664551735, 1.005104678,
2170.684983344, 1.005056464,
2170.705415052, 1.004997474,
2170.725846861, 1.004126938,
2170.787141984, 1.004993931,
2170.807573591, 1.005540656,
2170.828005298, 1.005220917,
2170.868868810, 1.005704548,
2170.889300516, 1.005661121,
2170.909732222, 1.005245089,
2170.930163927, 1.005473772,
2170.950595632, 1.005254244,
2170.971027337, 1.005757155,
2170.991458942, 1.005410407,
2171.032322450, 1.005542973,
2171.073185857, 1.005385101,
2171.093617560, 1.005129996,
2171.114049163, 1.005147248,
2171.134480965, 1.005652491,
2171.154912667, 1.005535522,
2171.175344269, 1.005656020,
2171.195776071, 1.005560152,
2171.216207772, 1.005626480,
2171.236639473, 1.005859342,
2171.277502874, 1.005609316,
2171.297934574, 1.005766542,
2171.318366275, 1.005391448,
2171.338797974, 1.006089404,
2171.379661472, 1.006270353,
2171.400093071, 1.005933055,
2171.420524870, 1.005652914,
2171.440956568, 1.005866381,
2171.461388166, 1.005972376,
2171.481819963, 1.005800815,
2171.543115055, 1.005971260,
2171.563546751, 1.006141947,
2171.583978347, 1.005954002,
2171.604410143, 1.005756639,
2171.624841839, 1.005740173,
2171.645273434, 1.005502014,
2171.686136924, 1.005953906,
2171.727000313, 1.005664674,
2171.747432006, 1.005992125,
2171.767863600, 1.006222309,
2171.788295393, 1.006102813,
2171.829158779, 1.006424820,
2171.849590472, 1.006031988,
2171.870022164, 1.007068430,
2171.890453856, 1.006599930,
2171.910885548, 1.005904660,
2171.931317239, 1.006518269,
2171.951749030, 1.006472354,
2171.972180621, 1.006354918,
2172.013044102, 1.006461286,
2172.033475692, 1.006801493,
2172.053907382, 1.006750127,
2172.074339171, 1.006292487,
2172.094770761, 1.006320550,
2172.115202449, 1.006684013,
2172.156065826, 1.006790337,
2172.176497514, 1.006571469,
2172.196929302, 1.006687969,
2172.217360990, 1.006558452,
2172.258224364, 1.006522985,
2172.278656051, 1.006680661,
2172.299087737, 1.006298289,
2172.319519423, 1.006744060,
2172.339951109, 1.006776576,
2172.360382795, 1.006794733,
2172.380814480, 1.006464973,
2172.401246165, 1.006857338,
2172.421677850, 1.006790225,
2172.482972903, 1.006402880,
2172.503404586, 1.006285002,
2172.523836170, 1.008492583,
2172.544267953, 1.006758074,
2172.564699636, 1.007383748,
2172.585131318, 1.006338375,
2172.605563001, 1.006786999,
2172.625994683, 1.007166395,
2172.646426365, 1.007130688,
2172.666858046, 1.006826382,
2172.687289727, 1.006611708,
2172.707721508, 1.007071904,
2172.748584769, 1.007556539,
2172.769016550, 1.007377342,
2172.789448230, 1.007387938,
2172.850743268, 1.007141503,
2172.871174846, 1.007519665,
2172.891606625, 1.007417422,
2172.932469882, 1.007465844,
2172.952901659, 1.007338232,
2172.973333337, 1.007036701,
2172.993764914, 1.007540095,
2173.014196691, 1.007574623,
2173.034628368, 1.007541842,
2173.055060044, 1.006837883,
2173.075491720, 1.007108386,
2173.095923396, 1.007134883,
2173.116355072, 1.007285425,
2173.136786747, 1.007633956,
2173.157218422, 1.007942312,
2173.177650097, 1.006926534,
2173.238945220, 1.007610675,
2173.259376794, 1.007229932,
2173.279808467, 1.007902035,
2173.300240241, 1.007782994,
2173.320671813, 1.008022320,
2173.341103486, 1.007681945,
2173.361535259, 1.007854871,
2173.381966831, 1.007923323,
2173.402398503, 1.007923336,
2173.422830274, 1.007883319,
2173.443261846, 1.008026991,
2173.484125288, 1.007449999,
2173.504556859, 1.008011469,
2173.524988529, 1.007351287,
2173.545420299, 1.007564853,
2173.565851869, 1.008140425,
2173.586283639, 1.008011715,
2173.606715308, 1.007797615,
2173.627146977, 1.007503807,
2173.647578646, 1.007954239,
2173.668010314, 1.007970604,
2173.688441983, 1.008059631,
2173.729305319, 1.008331272,
2173.749736986, 1.008289019,
2173.770168753, 1.007682000,
2173.790600320, 1.008131715,
2173.811031987, 1.008366123,
2173.831463753, 1.008146416,
2173.872326986, 1.008555219,
2173.892758652, 1.007875123,
2173.933621882, 1.008631740,
2173.954053647, 1.008660232,
2173.974485312, 1.008278421,
2173.994917076, 1.007965861,
2174.015348641, 1.008560366,
2174.035780305, 1.008653714,
2174.056212068, 1.008633040,
2174.076643732, 1.008701963,
2174.097075295, 1.008354150,
2174.117507058, 1.008907053,
2174.137938720, 1.008619269,
2174.158370283, 1.008439693,
2174.178802045, 1.008469718,
2174.219665269, 1.009442620,
2174.240097030, 1.008838488,
2174.260528691, 1.008622263,
2174.280960252, 1.008518226,
2174.301392013, 1.008918127,
2174.321823673, 1.008401866,
2174.342255233, 1.009061775,
2174.362686993, 1.008858719,
2174.383118653, 1.008735136,
2174.403550212, 1.008730258,
2174.423981971, 1.008772288,
2174.464845389, 1.009324197,
2174.485276947, 1.008995569,
2174.526140263, 1.008890938,
2174.546572021, 1.009330684,
2174.567003578, 1.008691391,
2174.587435236, 1.009117628,
2174.607866892, 1.009263056,
2174.628298549, 1.009000874,
2174.648730306, 1.008998021,
2174.669161862, 1.009105905,
2174.689593518, 1.008926882,
2174.710025273, 1.009471139,
2174.730456829, 1.009477964,
2174.750888484, 1.009363039,
2174.771320239, 1.009326937,
2174.791751794, 1.009495210,
2174.812183448, 1.009395355,
2174.832615202, 1.009522067,
2174.873478510, 1.009537908,
2174.893910163, 1.008913138,
2174.955205122, 1.009635630,
2174.975636775, 1.009499732,
2174.996068427, 1.009411388,
2175.016500079, 1.009639415,
2175.036931731, 1.009702224,
2175.057363483, 1.009314475,
2175.077795034, 1.009550981,
2175.098226685, 1.009771350,
2175.118658436, 1.009551455,
2175.139089986, 1.009653058,
2175.200384936, 1.010149771,
2175.220816586, 1.009553614,
2175.241248335, 1.009645847,
2175.261679884, 1.009840758,
2175.282111633, 1.009644163,
2175.302543282, 1.009882164,
2175.322974830, 1.009928446,
2175.343406578, 1.010099208,
2175.363838126, 1.010132632,
2175.384269774, 1.009799842,
2175.404701522, 1.009848548,
2175.465996462, 1.010221446,
2175.486428109, 1.010383033,
2175.506859655, 1.010260405,
2175.527291401, 1.010030962,
2175.547723047, 1.010362640,
2175.568154593, 1.009916592,
2175.588586338, 1.010224218,
2175.609017983, 1.010088007,
2175.629449528, 1.010218083,
2175.649881272, 1.010711848,
2175.670312917, 1.010157103,
2175.690744661, 1.010120278,
2175.711176205, 1.010235260,
2175.731607848, 1.010374540,
2175.752039592, 1.010329419,
2175.792902778, 1.010772001,
2175.813334521, 1.010891732,
2175.833766063, 1.010719096,
2175.854197706, 1.010842906,
2175.874629448, 1.011446373,
2175.895061089, 1.011059251,
2175.915492631, 1.011116575,
2175.935924372, 1.011117414,
2175.956356014, 1.010821392,
2175.976787554, 1.010537168,
2175.997219295, 1.010911503,
2176.017650835, 1.011157671,
2176.038082476, 1.010973045,
2176.078945855, 1.011306855,
2176.099377495, 1.011335792,
2176.119809134, 1.011268960,
2176.140240673, 1.011576334,
2176.181104050, 1.011115435,
2176.201535589, 1.011217489,
2176.221967327, 1.011516432,
2176.242398965, 1.011040391,
2176.262830502, 1.011304772,
2176.283262240, 1.011130273,
2176.303693877, 1.011306021,
2176.324125514, 1.011535014,
2176.344557151, 1.011720585,
2176.364988787, 1.011556667,
2176.385420424, 1.011711468,
2176.426283696, 1.012181695,
2176.446715331, 1.011610929,
2176.467147067, 1.011518009,
2176.487578602, 1.011508240,
2176.508010337, 1.011494630,
2176.528441972, 1.011504669,
2176.548873506, 1.011256792,
2176.569305240, 1.011650577,
2176.589736874, 1.011667261,
2176.610168408, 1.011679299,
2176.671463308, 1.012273761,
2176.691895041, 1.011957205,
2176.712326674, 1.011832051,
2176.732758206, 1.012049587,
2176.753189939, 1.011979833,
2176.773621471, 1.011554509,
2176.794053103, 1.012077406,
2176.814484834, 1.011966418,
2176.834916466, 1.011758070,
2176.855347997, 1.012145838,
2176.875779728, 1.012143617,
2176.896211358, 1.012177383,
2176.916642989, 1.011856673,
2176.937074619, 1.012158432,
2176.957506249, 1.011847664,
2176.977937979, 1.011606621,
2177.018801138, 1.012126868,
2177.039232867, 1.012361205,
2177.059664396, 1.012234951,
2177.080096025, 1.012595355,
2177.100527754, 1.012295964,
2177.120959282, 1.010863091,
2177.161822638, 1.012371336,
2177.182254165, 1.012084925,
2177.202685793, 1.012526806,
2177.223117520, 1.012513076,
2177.243549047, 1.012369634,
2177.263980674, 1.012529331,
2177.284412401, 1.012418081,
2177.304844027, 1.012338586,
2177.325275653, 1.012460501,
2177.345707279, 1.012386234,
2177.366138905, 1.012434223,
2177.407002156, 1.012110428,
2177.427433781, 1.012265839,
2177.447865506, 1.013126593,
2177.468297030, 1.012537834,
2177.509160279, 1.012245183,
2177.529591903, 1.012852269,
2177.550023427, 1.012902966,
2177.570455150, 1.012627343,
2177.590886774, 1.013132666,
2177.611318297, 1.012957049,
2177.652181643, 1.012885914,
2177.672613265, 1.013286572,
2177.693044887, 1.013038318,
2177.713476510, 1.012708849,
2177.733908231, 1.012685054,
2177.754339753, 1.012858293,
2177.774771375, 1.013094661,
2177.795203096, 1.013230219,
2177.815634717, 1.013329533,
2177.836066238, 1.012988474,
2177.856497958, 1.013182452,
2177.897361099, 1.013292219,
2177.917792819, 1.013239147,
2177.938224439, 1.013635068,
2177.958655959, 1.013760791,
2177.979087678, 1.013663189,
2177.999519297, 1.013731907,
2178.019950816, 1.013415815,
2178.040382535, 1.013795847,
2178.060814154, 1.013718072,
2178.081245672, 1.013661239,
2178.101677390, 1.013718966,
2178.122109008, 1.013589206,
2178.142540626, 1.013749710,
2178.162972243, 1.013762016,
2178.203835478, 1.014021415,
2178.224267095, 1.013341782,
2178.244698712, 1.013568514,
2178.265130328, 1.013592014,
2178.285561945, 1.014134551,
2178.305993561, 1.014070208,
2178.326425176, 1.015430234,
2178.346856792, 1.015597631,
2178.367288408, 1.013778128,
2178.387720123, 1.013532986,
2178.408151638, 1.014150350,
2178.428583253, 1.013909990,
2178.449014968, 1.014233500,
2178.469446482, 1.013822147,
2178.489878097, 1.014182848,
2178.510309811, 1.013717321,
2178.530741325, 1.014080285,
2178.551173038, 1.015283917,
2178.571604652, 1.013997924,
2178.592036165, 1.013999301,
2178.653331104, 1.013877511,
2178.673762717, 1.013899479,
2178.694194329, 1.013740072,
2178.714625941, 1.013987847,
2178.735057553, 1.014143840,
2178.755489165, 1.014044451,
2178.775920776, 1.014302005,
2178.796352487, 1.014276081,
2178.816783999, 1.014370687,
2178.857647320, 1.014218234,
2178.878078831, 1.014074811,
2178.918942051, 1.014322689,
2178.939373661, 1.014395415,
2178.959805371, 1.014087282,
2178.980236881, 1.014380590,
2179.000668490, 1.014163166,
2179.021100199, 1.014702607,
2179.041531708, 1.014519557,
2179.061963317, 1.014165999,
2179.082395026, 1.014225380,
2179.123258142, 1.014251192,
2179.143689850, 1.014616068,
2179.164121358, 1.014863748,
2179.184552966, 1.014588162,
2179.204984673, 1.014554840,
2179.225416280, 1.015894368,
2179.245847788, 1.015046370,
2179.266279494, 1.014705446,
2179.286711101, 1.014961128,
2179.307142808, 1.014954242,
2179.327574314, 1.014570411,
2179.388869132, 1.015533617,
2179.409300737, 1.014516350,
2179.429732443, 1.014398671,
2179.450163948, 1.014232259,
2179.470595553, 1.015078212,
2179.491027257, 1.014886396,
2179.511458762, 1.015081592,
2179.531890367, 1.014913904,
2179.572753575, 1.015058683,
2179.613616882, 1.014548924,
2179.634048386, 1.014848342,
2179.654480089, 1.015332212,
2179.674911692, 1.014950563,
2179.695343195, 1.015280828,
2179.715774898, 1.015029269,
2179.736206500, 1.015094475,
2179.756638003, 1.015443663,
2179.797501307, 1.015299874,
2179.817932809, 1.015819827,
2179.838364510, 1.015368156,
2179.858796112, 1.015084625,
2179.879227613, 1.015189967,
2179.920090915, 1.015463262,
2179.940522416, 1.015607563,
2179.960954116, 1.015475454,
2179.981385716, 1.015656086,
2180.001817417, 1.015468513,
2180.022248917, 1.015622278,
2180.042680516, 1.015329907,
2180.063112216, 1.015406940,
2180.124407014, 1.015894716,
2180.144838613, 1.015358712,
2180.165270111, 1.015276183,
2180.185701810, 1.015796989,
2180.206133408, 1.015815818,
2180.226564907, 1.015946324,
2180.246996604, 1.015742368,
2180.267428202, 1.015951134,
2180.287859700, 1.015779370,
2180.308291397, 1.015708123,
2180.349154492, 1.015414979,
2180.369586189, 1.016030320,
2180.390017685, 1.015625803,
2180.410449382, 1.015578056,
2180.430880978, 1.015197985,
2180.451312475, 1.015703895,
2180.471744171, 1.015283297,
2180.492175767, 1.015685080,
2180.512607362, 1.015664151,
2180.533038958, 1.016102357,
2180.553470553, 1.015934703,
2180.573902148, 1.015467712,
2180.594333743, 1.015951021,
2180.614765338, 1.015805892,
2180.635196933, 1.015992274,
2180.655628627, 1.015723155,
2180.676060121, 1.015619031,
2180.716923410, 1.015996183,
2180.737354903, 1.016270811,
2180.757786597, 1.015956903,
2180.778218190, 1.016306684,
2180.798649684, 1.016010121,
2180.819081377, 1.016179260,
2180.839512970, 1.016612941,
2180.859944462, 1.016187951,
2180.880376155, 1.015853584,
2180.900807747, 1.016169878,
2180.921239240, 1.015964368,
2180.941670932, 1.016199972,
2180.962102524, 1.015591187,
2180.982534115, 1.016231179,
2181.002965707, 1.016152989,
2181.023397298, 1.016551641,
2181.043828889, 1.016342991,
2181.084692071, 1.016414391,
2181.105123662, 1.016468819,
2181.125555253, 1.015827546,
2181.145986843, 1.016337010,
2181.166418433, 1.016165746,
2181.186850023, 1.016272078,
2181.207281613, 1.016534051,
2181.227713303, 1.017072490,
2181.248144792, 1.016897227,
2181.268576382, 1.016381929,
2181.289008071, 1.016150009,
2181.329871149, 1.016916701,
2181.350302838, 1.016749526,
2181.370734326, 1.016341527,
2181.391165914, 1.016710917,
2181.411597603, 1.016699653,
2181.432029091, 1.016826985,
2181.452460679, 1.016451674,
2181.493323954, 1.016732988,
2181.513755541, 1.016693985,
2181.534187128, 1.016722926,
2181.554618716, 1.016650216,
2181.575050303, 1.016733888,
2181.615913476, 1.017065885,
2181.636345062, 1.017632484,
2181.656776649, 1.016549448,
2181.677208235, 1.016666859,
2181.697639921, 1.017290778,
2181.718071406, 1.017086865,
2181.738502992, 1.017050735,
2181.758934577, 1.016908675,
2181.820229333, 1.017272416,
2181.840660918, 1.017286543,
2181.861092602, 1.017030105,
2181.881524087, 1.017196937,
2181.901955671, 1.017287469,
2181.922387356, 1.017671235,
2181.942818839, 1.017228719,
2181.963250423, 1.017730279,
2181.983682107, 1.017453623,
2182.004113591, 1.018175144,
2182.024545174, 1.017772458,
2182.044976857, 1.017617684,
2182.065408440, 1.017537929,
2182.085839923, 1.017910600,
2182.106271606, 1.017578589,
2182.126703189, 1.017438605,
2182.147134671, 1.018020687,
2182.167566353, 1.017563068,
2182.187997936, 1.017213276,
2182.228861099, 1.017563376,
2182.249292681, 1.017614977,
2182.269724363, 1.017490333,
2182.290155844, 1.017859288,
2182.310587425, 1.017749273,
2182.331019106, 1.017495318,
2182.351450587, 1.017921204,
2182.371882168, 1.017714234,
2182.392313849, 1.017851966,
2182.412745329, 1.017455813,
2182.433176910, 1.017937469,
2182.474040070, 1.018121599,
2182.494471650, 1.018338305,
2182.514903329, 1.017820421,
2182.555766488, 1.017552603,
2182.576198068, 1.018413294,
2182.596629547, 1.018672554,
2182.617061226, 1.018608754,
2182.637492805, 1.017234300,
2182.657924283, 1.017160309,
2182.678355962, 1.018405778,
2182.698787540, 1.019062867,
2182.719219019, 1.018925219,
2182.739650696, 1.018335084,
2182.760082274, 1.017693733,
2182.821377007, 1.018212024,
2182.841808485, 1.018230601,
2182.862240162, 1.018064103,
2182.882671739, 1.018107426,
2182.903103416, 1.018767892,
2182.923534893, 1.019125264,
2182.943966469, 1.018352737,
2182.964398146, 1.018013507,
2182.984829622, 1.018472161,
2183.005261198, 1.018353508,
2183.025692874, 1.018081449,
2183.046124450, 1.019036080,
2183.066555926, 1.018738239,
2183.086987602, 1.018793759,
2183.107419177, 1.018358723,
2183.127850652, 1.018573885,
2183.148282328, 1.018577983,
2183.168713803, 1.018585040,
2183.189145378, 1.018656068,
2183.209577052, 1.018713587,
2183.230008527, 1.018742008,
2183.250440201, 1.018623156,
2183.291303250, 1.018910335,
2183.311734924, 1.019233841,
2183.332166498, 1.018469668,
2183.352597972, 1.018712672,
2183.373029645, 1.018758328,
2183.393461219, 1.019406171,
2183.413892792, 1.019459074,
2183.434324365, 1.019915872,
2183.454755938, 1.018707530,
2183.475187511, 1.018691998,
2183.495619084, 1.018827163,
2183.536482229, 1.018849533,
2183.556913902, 1.019293303,
2183.577345374, 1.019042829,
2183.597777046, 1.019449480,
2183.618208618, 1.018972678,
2183.638640090, 1.019509060,
2183.659071762, 1.019092547,
2183.679503333, 1.019401022,
2183.699934805, 1.019485305,
2183.720366476, 1.019224133,
2183.740798047, 1.019110192,
2183.781661189, 1.019242817,
2183.802092760, 1.019398900,
2183.822524230, 1.019265498,
2183.842955901, 1.019515160,
2183.863387471, 1.019208129,
2183.883819042, 1.019322229,
2183.904250612, 1.019339056,
2183.924682182, 1.019318383,
2183.945113752, 1.019815353,
2183.965545321, 1.020007575,
2183.985976891, 1.019299491,
2184.006408460, 1.019754232,
2184.026840030, 1.019429824,
2184.047271599, 1.019570033,
2184.067703268, 1.019808088,
2184.088134737, 1.019607540,
2184.108566305, 1.019257738,
2184.128997974, 1.019488543,
2184.149429443, 1.019436520,
2184.169861011, 1.019728408,
2184.190292679, 1.019797122,
2184.210724147, 1.019954106,
2184.231155715, 1.019627045,
2184.272018851, 1.019402223,
2184.292450519, 1.019332270,
2184.312882086, 1.019860317,
2184.333313554, 1.019602969,
2184.353745221, 1.019521208,
2184.374176788, 1.019899390,
2184.394608355, 1.020163880,
2184.435471488, 1.019903556,
2184.455903055, 1.019798650,
2184.476334622, 1.020003298,
2184.496766188, 1.020029910,
2184.517197754, 1.020143020,
2184.537629420, 1.020084268,
2184.558060886, 1.020158855,
2184.578492452, 1.020496853,
2184.598924118, 1.019925939,
2184.639787249, 1.020509912,
2184.660218714, 1.020175007,
2184.680650280, 1.020806423,
2184.701081945, 1.020192830,
2184.721513410, 1.021310650,
2184.741944975, 1.020603569,
2184.762376639, 1.020631687,
2184.782808104, 1.020743359,
2184.803239669, 1.020404619,
2184.823671333, 1.020197869,
2184.844102797, 1.020554847,
2184.864534361, 1.020873549,
2184.884966025, 1.020823993,
2184.905397589, 1.020503453,
2184.925829053, 1.020652616,
2184.946260717, 1.020360537,
2184.966692280, 1.020546060,
2185.007555407, 1.020798182,
2185.027986970, 1.021082354,
2185.048418633, 1.021142269,
2185.068850096, 1.020935593,
2185.089281659, 1.021441757,
2185.109713322, 1.020697688,
2185.130144784, 1.021446892,
2185.150576347, 1.020944646,
2185.171008009, 1.021361304,
2185.191439471, 1.021122082,
2185.211871034, 1.021171625,
2185.252734158, 1.021498832,
2185.273165719, 1.021391385,
2185.293597381, 1.021373329,
2185.314028843, 1.021697075,
2185.334460504, 1.021586079,
2185.354891965, 1.021495026,
2185.375323627, 1.021922494,
2185.395755188, 1.021646948,
2185.416186749, 1.021917927,
2185.436618210, 1.021819001,
2185.457049870, 1.021201490,
2185.497912892, 1.020548741,
2185.518344552, 1.021049825,
2185.538776112, 1.021076712,
2185.559207573, 1.021135225,
2185.579639233, 1.021291514,
2185.600070793, 1.022290038,
2185.620502453, 1.022288558,
2185.640933912, 1.022344042,
2185.661365472, 1.022450709,
2185.681797132, 1.022375192,
2185.702228591, 1.022803022,
2185.722660150, 1.022444765,
2185.743091809, 1.022307510,
2185.763523269, 1.022524936,
2185.783954828, 1.022782238,
2185.804386486, 1.022625506,
2185.824817945, 1.023280955,
2185.845249504, 1.022836122,
2185.865681162, 1.023266407,
2185.886112721, 1.023020415,
2185.906544179, 1.022633433,
2185.926975837, 1.022675095,
2185.947407396, 1.024218070,
2185.967838954, 1.022250819,
2185.988270512, 1.022080861,
2186.008702069, 1.022274816,
2186.029133627, 1.022969791,
2186.049565185, 1.022594011,
2186.090428300, 1.022817111,
2186.110859857, 1.023206263,
2186.131291314, 1.022904814,
2186.151722971, 1.023609126,
2186.172154528, 1.023168425,
2186.192585985, 1.022981441,
2186.213017642, 1.023317077,
2186.233449198, 1.022863200,
2186.253880755, 1.023263746,
2186.274312312, 1.023413990,
2186.294743868, 1.023549597,
2186.315175524, 1.023610999,
2186.335606980, 1.023466065,
2186.356038536, 1.023221980,
2186.376470192, 1.023246018,
2186.396901648, 1.023452134,
2186.417333204, 1.023938506,
2186.437764860, 1.023261852,
2186.458196415, 1.023302728,
2186.478627871, 1.023391128,
2186.499059526, 1.023186556,
2186.519491081, 1.023508859,
2186.539922537, 1.023629460,
2186.560354192, 1.023293344,
2186.580785747, 1.023782254,
2186.601217401, 1.023655514,
2186.621648856, 1.023894579,
2186.642080411, 1.023531400,
2186.662512065, 1.023298132,
2186.682943520, 1.024146660,
2186.723806629, 1.023343827,
2186.744238183, 1.023809794,
2186.764669737, 1.023375737,
2186.785101291, 1.023190353,
2186.825964399, 1.023809876,
2186.846395952, 1.023569053,
2186.866827506, 1.024204274,
2186.887259059, 1.023599503,
2186.907690613, 1.023557308,
2186.928122166, 1.023855501,
2186.948553819, 1.023815601,
2186.968985373, 1.023936749,
2186.989416826, 1.023658862,
2187.009848479, 1.023741461,
2187.030280031, 1.023247087,
2187.050711484, 1.023836930,
2187.071143137, 1.023702476,
2187.091574689, 1.023505286,
2187.112006142, 1.023879468,
2187.132437794, 1.023690367,
2187.152869347, 1.024112663,
2187.173300799, 1.024120043,
2187.214164003, 1.024095644,
2187.234595455, 1.024107096,
2187.255027107, 1.023927785,
2187.275458659, 1.023991077,
2187.295890310, 1.024213571,
2187.316321762, 1.023853715,
2187.336753313, 1.023916708,
2187.357184965, 1.023801046,
2187.377616416, 1.023534819,
2187.398047967, 1.023862688,
2187.418479619, 1.023612464,
2187.438911070, 1.024068563,
2187.459342621, 1.023865254,
2187.479774272, 1.023783908,
2187.500205722, 1.024682125,
2187.520637273, 1.024054736,
2187.541068924, 1.024396226,
2187.561500374, 1.024137552,
2187.581932025, 1.023933302,
2187.602363575, 1.024494440,
2187.622795025, 1.024152617,
2187.643226676, 1.024486530,
2187.663658226, 1.024371003,
2187.684089676, 1.024789491,
2187.704521326, 1.024235639,
2187.724952876, 1.024411002,
2187.745384326, 1.024398667,
2187.765815975, 1.024164153,
2187.806679074, 1.024374306,
2187.827110624, 1.024644003,
2187.847542173, 1.024762729,
2187.867973823, 1.024634724,
2187.888405272, 1.024891881,
2187.908836821, 1.024967786,
2187.929268470, 1.024974056,
2187.949700019, 1.024994477,
2187.970131468, 1.024470310,
2187.990563117, 1.024859419,
2188.010994665, 1.024517907,
2188.031426114, 1.024849375,
2188.051857763, 1.025072570,
2188.072289311, 1.024734038,
2188.092720759, 1.026441802,
2188.133583956, 1.025199093,
2188.174447052, 1.025281866,
2188.194878500, 1.024813587,
2188.215310148, 1.025146943,
2188.235741696, 1.025180004,
2188.256173144, 1.024869340,
2188.276604792, 1.025538867,
2188.297036339, 1.025326971,
2188.317467887, 1.025390486,
2188.337899434, 1.025509101,
2188.358330982, 1.025219292,
2188.378762529, 1.025159457,
2188.399194077, 1.025217170,
2188.419625624, 1.025323846,
2188.440057171, 1.025154287,
2188.460488818, 1.025389345,
2188.480920265, 1.025488402,
2188.501351912, 1.026414523,
2188.521783459, 1.025759186,
2188.542214905, 1.025217696,
2188.562646552, 1.025698656,
2188.583078099, 1.025459779,
2188.603509545, 1.025531520,
2188.623941192, 1.025517738,
2188.644372738, 1.025622569,
2188.664804184, 1.025559774,
2188.685235831, 1.025763660,
2188.705667377, 1.025892034,
2188.726098823, 1.025720376,
2188.746530469, 1.026160010,
2188.766962015, 1.025745398,
2188.807825107, 1.025652328,
2188.828256652, 1.026051980,
2188.848688198, 1.025606658,
2188.869119744, 1.025670369,
2188.889551289, 1.026339047,
2188.930414380, 1.026085008,
2188.950845926, 1.025769507,
2188.971277571, 1.026099456,
2188.991709016, 1.025970189,
2189.012140561, 1.026240742,
2189.032572206, 1.026136084,
2189.053003651, 1.026017723,
2189.093866841, 1.026246006,
2189.114298286, 1.026418970,
2189.134729931, 1.026478301,
2189.216456109, 1.026120182,
2189.236887553, 1.026054413,
2189.257319198, 1.026448278,
2189.277750742, 1.026302036,
2189.298182286, 1.026031107,
2189.318613831, 1.026314030,
2189.339045375, 1.026459088,
2189.359476919, 1.026304176,
2189.379908463, 1.026656447,
2189.400340007, 1.026148092,
2189.420771651, 1.026400657,
2189.441203194, 1.026211222,
2189.461634638, 1.026639687,
2189.482066282, 1.026869424,
2189.502497825, 1.026330764,
2189.522929269, 1.026683030,
2189.543360912, 1.026600008,
2189.563792456, 1.026895658,
2189.584223899, 1.026375729,
2189.604655543, 1.027015796,
2189.625086986, 1.026824461,
2189.665950172, 1.026860852,
2189.686381616, 1.026343713,
2189.706813258, 1.026684374,
2189.727244802, 1.026974385,
2189.747676244, 1.027006465,
2189.768107887, 1.027198208,
2189.788539430, 1.027152237,
2189.808970973, 1.027001347,
2189.829402516, 1.027236868,
2189.849834058, 1.026969032,
2189.870265601, 1.027487691,
2189.890697143, 1.027269338,
2189.911128686, 1.027265939,
2189.931560228, 1.027595548,
2189.951991871, 1.027671623,
2189.972423313, 1.027452226,
2189.992854955, 1.027506364,
2190.013286497, 1.027488823,
2190.033717940, 1.027416399,
2190.054149582, 1.027736702,
2190.074581124, 1.026824294,
2190.095012566, 1.027358633,
2190.115444208, 1.027597017,
2190.135875750, 1.027800795,
2190.156307191, 1.027612120,
2190.176738833, 1.027878064,
2190.197170375, 1.027895766,
2190.217601817, 1.027714742,
2190.238033458, 1.027642646,
2190.258464900, 1.027501326,
2190.278896541, 1.027495810,
2190.299328083, 1.027672560,
2190.319759524, 1.027447651,
2190.340191166, 1.027694976,
2190.360622707, 1.028019884,
2190.381054248, 1.028024003,
2190.401485789, 1.027752998,
2190.421917331, 1.027853822,
2190.442348872, 1.028022366,
2190.462780413, 1.028170965,
2190.483211954, 1.027988896,
2190.503643495, 1.028084514,
2190.524075136, 1.028235337,
2190.544506577, 1.028250147,
2190.564938218, 1.028115495,
2190.585369759, 1.028305710,
2190.605801199, 1.027941203,
2190.646664381, 1.027372373,
2190.667095821, 1.028199224,
2190.687527462, 1.028401145,
2190.707959003, 1.028035526,
2190.728390443, 1.028201026,
2190.748822084, 1.028414322,
2190.769253624, 1.028460275,
2190.789685164, 1.027979984,
2190.810116705, 1.028027185,
2190.830548245, 1.028926107,
2190.850979885, 1.028048485,
2190.871411325, 1.028038003,
2190.891842865, 1.028208302,
2190.912274506, 1.028532486,
2190.932705946, 1.028215260,
2190.953137486, 1.028395133,
2190.973569126, 1.028453562,
2190.994000566, 1.028824387,
2191.014432106, 1.028997142,
2191.034863745, 1.028528235,
2191.055295185, 1.028534407,
2191.075726725, 1.028934902,
2191.096158365, 1.028713166,
2191.137021444, 1.028252195,
2191.157452984, 1.028991184,
2191.177884423, 1.028799600,
2191.198316063, 1.028921612,
2191.218747602, 1.028552131,
2191.239179042, 1.028940273,
2191.259610681, 1.028402079,
2191.280042221, 1.028933754,
2191.300473660, 1.028967349,
2191.320905299, 1.028899852,
2191.341336839, 1.028593535,
2191.361768378, 1.029003233,
2191.382199917, 1.029285008,
2191.402631456, 1.029121868,
2191.423063096, 1.028855663,
2191.443494635, 1.029488682,
2191.463926074, 1.029048303,
2191.484357713, 1.029264737,
2191.504789252, 1.028823007,
2191.525220691, 1.029306115,
2191.545652330, 1.029025153,
2191.566083869, 1.029426337,
2191.586515308, 1.029008093,
2191.627378385, 1.029133220,
2191.647809924, 1.029534909,
2191.688673102, 1.029254520,
2191.709104640, 1.029451211,
2191.729536179, 1.029448622,
2191.749967618, 1.029363168,
2191.770399256, 1.029722663,
2191.790830795, 1.029819927,
2191.811262233, 1.029708080,
2191.831693872, 1.029216189,
2191.852125410, 1.029647159,
2191.872556949, 1.029280926,
2191.892988487, 1.029527130,
2191.913420026, 1.029652613,
2191.933851664, 1.029758834,
2191.954283102, 1.029726609,
2191.974714641, 1.029921239,
2191.995146279, 1.032178151,
2192.015577817, 1.029664820,
2192.036009255, 1.029550347,
2192.056440894, 1.029918825,
2192.076872432, 1.031441576,
2192.117735508, 1.029941539,
2192.138167046, 1.030535720,
2192.158598484, 1.030268578,
2192.179030122, 1.030457271,
2192.199461660, 1.030066798,
2192.219893298, 1.030409170,
2192.240324736, 1.030242937,
2192.281187912, 1.030071753,
2192.301619350, 1.030000939,
2192.322050888, 1.029945188,
2192.342482526, 1.030453318,
2192.362913964, 1.030632865,
2192.383345501, 1.030389445,
2192.403777039, 1.030515687,
2192.424208577, 1.030301028,
2192.444640115, 1.030411053,
2192.465071652, 1.030577860,
2192.485503190, 1.030502683,
2192.505934828, 1.030415779,
2192.526366365, 1.030650316,
2192.546797803, 1.030699486,
2192.567229441, 1.030377792,
2192.608092416, 1.031014313,
2192.628524053, 1.030050549,
2192.648955591, 1.030707006,
2192.669387028, 1.030416648,
2192.689818666, 1.030570694,
2192.710250203, 1.030770689,
2192.730681841, 1.030651163,
2192.751113278, 1.030494903,
2192.771544816, 1.030826669,
2192.791976453, 1.031199480,
2192.812407891, 1.030744141,
2192.853271065, 1.031473298,
2192.873702503, 1.031662664,
2192.894134040, 1.031247305,
2192.914565677, 1.031040503,
2192.934997115, 1.031331667,
2192.955428652, 1.030691972,
2192.975860289, 1.031144264,
2192.996291726, 1.031289520,
2193.016723364, 1.030849068,
2193.057586438, 1.030987018,
2193.098449513, 1.030983595,
2193.118880950, 1.031320000,
2193.139312587, 1.031280749,
2193.159744124, 1.031133388,
2193.180175561, 1.031681778,
2193.200607198, 1.030898422,
2193.221038736, 1.031005718,
2193.241470373, 1.031426909,
2193.261901810, 1.031638391,
2193.282333347, 1.031810919,
2193.302764984, 1.031574992,
2193.343627958, 1.031177153,
2193.364059595, 1.031386798,
2193.384491032, 1.031211694,
2193.404922569, 1.032216874,
2193.425354206, 1.031632610,
2193.445785643, 1.031685893,
2193.466217180, 1.031442509,
2193.486648817, 1.031669857,
2193.507080354, 1.031745021,
2193.527511891, 1.031778962,
2193.547943428, 1.031891652,
2193.588806502, 1.031667808,
2193.609238039, 1.031987900,
2193.629669576, 1.031792638,
2193.650101213, 1.031885885,
2193.670532650, 1.031905523,
2193.711395824, 1.031980963,
2193.731827261, 1.032194308,
2193.752258798, 1.031723125,
2193.772690335, 1.032392766,
2193.793121871, 1.031927447,
2193.833984945, 1.032033205,
2193.854416482, 1.032012358,
2193.874848119, 1.032715493,
2193.895279556, 1.031937681,
2193.915711093, 1.032996690,
2193.936142730, 1.032043575,
2193.956574167, 1.031688910,
2193.977005704, 1.031777031,
2194.017868777, 1.032303463,
2194.038300414, 1.032568733,
2194.099595025, 1.031903735,
2194.120026562, 1.032536511,
2194.140458099, 1.032395314,
2194.160889735, 1.032022444,
2194.181321172, 1.032425150,
2194.201752709, 1.032038992,
2194.222184346, 1.032792880,
2194.242615783, 1.032498811,
2194.263047320, 1.031757377,
2194.283478957, 1.032600003,
2194.324342031, 1.032587935,
2194.344773568, 1.032896914,
2194.385636641, 1.032545574,
2194.406068078, 1.032599989,
2194.426499615, 1.032645105,
2194.446931252, 1.032625049,
2194.467362689, 1.032657003,
2194.487794226, 1.032129992,
2194.508225863, 1.032224660,
2194.528657400, 1.032505065,
2194.569520474, 1.032769348,
2194.589952011, 1.033046822,
2194.610383548, 1.032860399,
2194.630815085, 1.033130159,
2194.651246622, 1.032863941,
2194.671678259, 1.033182373,
2194.692109696, 1.032583951,
2194.712541233, 1.032939747,
2194.732972870, 1.032916993,
2194.753404307, 1.032989820,
2194.773835944, 1.033175479,
2194.814698918, 1.032917363,
2194.835130555, 1.033198594,
2194.855562092, 1.032840199,
2194.875993530, 1.032932288,
2194.896425167, 1.032705233,
2194.916856704, 1.033220899,
2194.937288141, 1.033158025,
2194.957719778, 1.033066938,
2194.978151315, 1.033141606,
2194.998582852, 1.033222075,
2195.019014390, 1.033651287,
2195.080309001, 1.032760062,
2195.100740538, 1.033092473,
2195.121172076, 1.034106556,
2195.141603613, 1.033895496,
2195.162035150, 1.034029260,
2195.182466688, 1.033745130,
2195.202898225, 1.033179903,
2195.223329762, 1.033075108,
2195.243761399, 1.033542842,
2195.264192837, 1.033211132,
2195.284624474, 1.033338223,
2195.305056012, 1.033900288,
2195.325487449, 1.033731748,
2195.345919086, 1.033455670,
2195.366350624, 1.033679140,
2195.386782061, 1.033436152,
2195.407213699, 1.033465536,
2195.427645236, 1.033463829,
2195.448076674, 1.033778563,
2195.488939849, 1.033880826,
2195.550234462, 1.033804407,
2195.570666099, 1.033915642,
2195.591097537, 1.034108504,
2195.611529074, 1.034319588,
2195.631960712, 1.033784845,
2195.652392150, 1.033780913,
2195.672823688, 1.033699850,
2195.713686863, 1.033398977,
2195.734118401, 1.033773331,
2195.754549939, 1.033729881,
2195.795413014, 1.034262566,
2195.815844552, 1.034165071,
2195.836275990, 1.034004755,
2195.856707628, 1.034113059,
2195.877139166, 1.033940575,
2195.897570604, 1.034445732,
2195.918002242, 1.034204727,
2195.938433780, 1.034252937,
2195.958865418, 1.033810343,
2195.979296856, 1.034533639,
2195.999728394, 1.034407600,
2196.040591471, 1.034680204,
2196.061023009, 1.034031212,
2196.081454647, 1.034608006,
2196.101886085, 1.034004567,
2196.122317623, 1.034350191,
2196.183612238, 1.034405727,
2196.204043877, 1.034299978,
2196.224475415, 1.034538960,
2196.285770030, 1.034845893,
2196.306201569, 1.034629184,
2196.326633108, 1.034772259,
2196.347064646, 1.034574881,
2196.367496285, 1.034531793,
2196.387927723, 1.034574358,
2196.408359262, 1.034610985,
2196.428790801, 1.034760036,
2196.449222339, 1.034936734,
2196.469653978, 1.034955202,
2196.490085417, 1.035452712,
2196.530948595, 1.034968097,
2196.551380034, 1.034904007,
2196.571811573, 1.035027716,
2196.592243211, 1.035055421,
2196.612674650, 1.035219791,
2196.633106189, 1.035201321,
2196.653537829, 1.035003384,
2196.694400907, 1.035393238,
2196.714832446, 1.035846327,
2196.735263985, 1.036662125,
2196.776127064, 1.035401702,
2196.796558603, 1.035342876,
2196.816990142, 1.035500592,
2196.837421682, 1.035522187,
2196.857853221, 1.035448828,
2196.878284861, 1.035755274,
2196.898716300, 1.035754356,
2196.919147940, 1.035670138,
2196.939579479, 1.035517665,
2196.960010919, 1.035844793,
2196.980442558, 1.034330881,
2197.021305538, 1.035674093,
2197.041737178, 1.035622330,
2197.062168717, 1.035304353,
2197.082600157, 1.035557104,
2197.103031797, 1.035564938,
2197.123463337, 1.035924173,
2197.143894977, 1.036068216,
2197.164326417, 1.036307924,
2197.184757857, 1.036028304,
2197.205189497, 1.035674606,
2197.225621037, 1.035974879,
2197.266484118, 1.036241277,
2197.286915658, 1.036089560,
2197.307347198, 1.036346809,
2197.327778738, 1.036292667,
2197.348210279, 1.036560013,
2197.368641919, 1.036162811,
2197.389073460, 1.036746167,
2197.409504900, 1.036273813,
2197.429936541, 1.036308142,
2197.450368081, 1.036320670,
2197.470799522, 1.036538442,
2197.593388967, 1.036830758,
2197.613820408, 1.036336879,
2197.634251949, 1.036398206,
2197.654683590, 1.036898721,
2197.675115031, 1.036641389,
2197.695546572, 1.036724902,
2197.715978214, 1.036710502,
2197.756841196, 1.036556640,
2197.777272838, 1.036920253,
2197.797704279, 1.037168609,
2197.818135920, 1.037316757,
2197.858999003, 1.037104011,
2197.879430545, 1.036930092,
2197.899861987, 1.037252546,
2197.920293528, 1.037080364,
2197.940725170, 1.037234057,
2197.961156712, 1.037479884,
2198.002019796, 1.036975284,
2198.022451338, 1.037516201,
2198.042882880, 1.037245906,
2198.063314422, 1.037472816,
2198.083745964, 1.037372329,
2198.104177606, 1.037087276,
2198.124609048, 1.038494000,
2198.145040591, 1.037173660,
2198.165472233, 1.037519647,
2198.185903675, 1.037263000,
2198.206335218, 1.037166640,
2198.247198303, 1.037338541,
2198.267629946, 1.037557231,
2198.288061488, 1.037404461,
2198.308492931, 1.037095322,
2198.328924574, 1.037594718,
2198.349356117, 1.037491403,
2198.369787659, 1.037164696,
2198.390219202, 1.037678947,
2198.410650745, 1.037943895,
2198.431082289, 1.037607462,
2198.451513832, 1.037764491,
2198.492376918, 1.037546737,
2198.512808461, 1.037442842,
2198.533240005, 1.037914143,
2198.553671548, 1.037396573,
2198.574103092, 1.037829286,
2198.594534635, 1.037622342,
2198.614966279, 1.037543339,
2198.635397722, 1.038067330,
2198.655829266, 1.037485993,
2198.676260910, 1.037769741,
2198.696692354, 1.038525664,
2198.737555542, 1.037999175,
2198.757986986, 1.037904867,
2198.778418630, 1.037912832,
2198.798850174, 1.037871417,
2198.819281618, 1.038100436,
2198.839713263, 1.037930712,
2198.880576251, 1.037838158,
2198.901007896, 1.038420451,
2198.921439440, 1.037676556,
2198.941871085, 1.038500796,
2199.003165719, 1.038558029,
2199.023597264, 1.038231517,
2199.044028709, 1.038282880,
2199.064460354, 1.038296456,
2199.105323444, 1.038479809,
2199.125754989, 1.038268820,
2199.146186535, 1.038418052,
2199.166618080, 1.038131601,
2199.227912716, 1.038500612,
2199.248344262, 1.037990214,
2199.268775708, 1.038447059,
2199.289207353, 1.038687268,
2199.309638899, 1.038355608,
2199.330070545, 1.038443624,
2199.350501991, 1.038614687,
2199.370933537, 1.038289996,
2199.391365183, 1.038580890,
2199.411796629, 1.038751999,
2199.432228176, 1.038944787,
2199.452659822, 1.038593994,
2199.473091268, 1.038623552,
2199.493522815, 1.038448717,
2199.513954461, 1.038552910,
2199.554817554, 1.038383784,
2199.575249101, 1.038855549,
2199.595680648, 1.038607247,
2199.616112195, 1.038536903,
2199.636543742, 1.038749786,
2199.656975289, 1.038923863,
2199.677406836, 1.038738035,
2199.718269930, 1.038976984,
2199.738701578, 1.039273125,
2199.759133025, 1.038701753,
2199.779564673, 1.038430094,
2199.799996220, 1.038873639,
2199.820427668, 1.038909245,
2199.840859316, 1.039100999,
2199.861290763, 1.039251642,
2199.881722311, 1.038896725,
2199.902153959, 1.039045970,
2199.922585407, 1.038650721,
2199.963448604, 1.039175187,
2199.983880052, 1.039055027,
2200.004311700, 1.039075006,
2200.024743249, 1.039102708,
2200.045174697, 1.038626843,
2200.065606346, 1.039254046,
2200.086037894, 1.039059222,
2200.106469443, 1.039109189,
2200.126900992, 1.038656879,
2200.147332541, 1.039073060,
2200.167764190, 1.039141832,
2200.208627188, 1.038783445,
2200.229058837, 1.039096410,
2200.249490386, 1.039123545,
2200.269921836, 1.039072834,
2200.290353485, 1.039629719,
2200.310785035, 1.039013077,
2200.331216484, 1.039179878,
2200.351648134, 1.039210107,
2200.392511334, 1.038301579,
2200.453805984, 1.039102554,
2200.474237434, 1.039181875,
2200.494668985, 1.038986616,
2200.515100535, 1.038868151,
2200.535532085, 1.039153849,
2200.555963636, 1.039094314,
2200.576395187, 1.039103867,
2200.596826737, 1.038692088,
2200.617258388, 1.039374917,
2200.637689839, 1.039149557,
2200.698984492, 1.039649767,
2200.719416044, 1.039538140,
2200.760279147, 1.039119787,
2200.780710698, 1.039171113,
2200.801142350, 1.039080112,
2200.821573901, 1.039438955,
2200.842005453, 1.038932937,
2200.862437005, 1.039270703,
2200.882868557, 1.039194834,
2200.903300209, 1.039069668,
2200.944163214, 1.039337967,
2200.964594866, 1.039759454,
2200.985026318, 1.039545424,
2201.005457971, 1.039355373,
2201.025889523, 1.039301154,
2201.046320976, 1.039577191,
2201.066752629, 1.039181546,
2201.087184182, 1.039190117,
2201.107615635, 1.039276318,
2201.128047288, 1.039613120,
2201.148478841, 1.039167464,
2201.189341948, 1.039184613,
2201.209773501, 1.039432816,
2201.230205055, 1.039579780,
2201.250636608, 1.039552095,
2201.271068162, 1.039234392,
2201.291499716, 1.039467674,
2201.311931270, 1.039409824,
2201.332362824, 1.039619371,
2201.352794378, 1.039738031,
2201.373225932, 1.039375070,
2201.393657487, 1.039786142,
2201.434520596, 1.040293572,
2201.454952250, 1.039499974,
2201.475383805, 1.039484180,
2201.495815260, 1.039536153,
2201.516246915, 1.039527094,
2201.536678470, 1.039489445,
2201.557109925, 1.039475403,
2201.597973135, 1.039664022,
2201.618404591, 1.039519278,
2201.638836246, 1.039261268,
2201.659267802, 1.039708343,
2201.679699458, 1.039380502,
2201.700130914, 1.040228189,
2201.720562469, 1.039670562,
2201.740994125, 1.039476175,
2201.761425582, 1.039566299,
2201.802288794, 1.039628278,
2201.843151907, 1.039652550,
2201.863583464, 1.039506942,
2201.884014921, 1.039660687,
2201.924878034, 1.039469267,
2201.945309591, 1.039833659,
2201.965741249, 1.039925515,
2201.986172806, 1.039791273,
2202.006604263, 1.039551870,
2202.027035921, 1.039822732,
2202.047467478, 1.039331479,
2202.067899036, 1.039989194,
2202.088330594, 1.039865546,
2202.108762152, 1.039527445,
2202.170056826, 1.039571032,
2202.190488484, 1.039656101,
2202.210919943, 1.039826020,
2202.251783160, 1.039738268,
2202.313077837, 1.039780319,
2202.333509296, 1.039823315,
2202.353940955, 1.039953399,
2202.374372514, 1.039726068,
2202.415235633, 1.039841463,
2202.435667193, 1.040255573,
2202.456098852, 1.039490397,
2202.476530312, 1.039960123,
2202.496961872, 1.039908260,
2202.517393432, 1.040105140,
2202.537824993, 1.039837231,
2202.558256553, 1.039992181,
2202.578688113, 1.039769240,
2202.599119674, 1.040416644,
2202.660414356, 1.039527127,
2202.680846017, 1.040055803,
2202.701277578, 1.039931776,
2202.721709040, 1.040229796,
2202.742140701, 1.040075424,
2202.762572262, 1.039859615,
2202.783003724, 1.039743346,
2202.803435386, 1.039952966,
2202.823866947, 1.039805380,
2202.844298409, 1.040053191,
2202.926024758, 1.040422090,
2202.946456321, 1.040280886,
2202.966887983, 1.039784109,
2202.987319446, 1.040495495,
2203.007751009, 1.040093679,
2203.028182672, 1.040250354,
2203.048614135, 1.040084701,
2203.069045798, 1.039956021,
2203.089477362, 1.039802933,
2203.109908925, 1.040219543,
2203.150772052, 1.040525632,
2203.171203616, 1.040278010,
2203.191635180, 1.040018605,
2203.212066744, 1.040094656,
2203.232498308, 1.041747103,
2203.252929873, 1.039798872,
2203.293793102, 1.040106415,
2203.314224566, 1.040134220,
2203.334656131, 1.040424508,
2203.355087796, 1.040326662,
2203.395950826, 1.040389248,
2203.416382491, 1.040287578,
2203.436813957, 1.040502944,
2203.457245522, 1.040604496,
2203.477677188, 1.040327170,
2203.498108654, 1.040062098,
2203.518540320, 1.039998200,
2203.538971886, 1.040827430,
2203.559403352, 1.040327937,
2203.579835018, 1.040556202,
2203.641129718, 1.040325477,
2203.661561285, 1.040501803,
2203.681992952, 1.040141881,
2203.702424419, 1.040137071,
2203.722855986, 1.040229885,
2203.763719221, 1.040583920,
2203.784150688, 1.040508512,
2203.804582356, 1.040618952,
2203.825013924, 1.044704720,
2203.845445392, 1.040135598,
2203.886308628, 1.040561056,
2203.906740196, 1.040468041,
2203.927171765, 1.040440542,
2203.947603233, 1.040782535,
2203.968034902, 1.040771441,
2203.988466471, 1.040845708,
2204.008897940, 1.040566623,
2204.029329609, 1.040653289,
2204.049761178, 1.040852199,
2204.070192648, 1.040304793,
2204.090624317, 1.040376890,
2204.131487557, 1.040371635,
2204.151919027, 1.040057528,
2204.172350597, 1.040354913,
2204.192782267, 1.040589221,
2204.213213737, 1.040374852,
2204.233645308, 1.040582186,
2204.254076978, 1.040445722,
2204.274508549, 1.040705253,
2204.294940120, 1.040453973,
2204.315371691, 1.040505998,
2204.335803262, 1.040846754,
2204.376666405, 1.040507127,
2204.397097976, 1.040983074,
2204.417529548, 1.040479727,
2204.437961120, 1.040809141,
2204.458392692, 1.040899903,
2204.478824364, 1.040561092,
2204.499255836, 1.040701961,
2204.519687509, 1.040762106,
2204.540118981, 1.040407538,
2204.560550554, 1.040714319,
2204.580982227, 1.040939546,
2204.621845273, 1.040769025,
2204.642276946, 1.040894145,
2204.662708419, 1.040837365,
2204.683140093, 1.041090643,
2204.703571666, 1.040641475,
2204.724003140, 1.041148921,
2204.744434814, 1.041087273,
2204.764866388, 1.040706972,
2204.785297862, 1.040715192,
2204.805729537, 1.040971096,
2204.826161111, 1.041075127,
2204.867024261, 1.040689861,
2204.887455836, 1.041183846,
2204.907887511, 1.040634244,
2204.928319086, 1.040946756,
2204.948750561, 1.041014192,
2204.989613812, 1.041119202,
2205.010045288, 1.040700689,
2205.030476964, 1.040732650,
2205.050908540, 1.041178865,
2205.071340016, 1.041065115,
2205.112203269, 1.041129765,
2205.132634946, 1.041169679,
2205.153066423, 1.040922729,
2205.173498000, 1.040804263,
2205.193929577, 1.040760939,
2205.214361154, 1.040930609,
2205.234792732, 1.041419061,
2205.255224309, 1.041388537,
2205.275655887, 1.041364278,
2205.296087565, 1.041339432,
2205.316519043, 1.041456783,
2205.357382299, 1.041084221,
2205.377813778, 1.040911869,
2205.398245356, 1.041171637,
2205.418677035, 1.041373855,
2205.439108514, 1.041097490,
2205.459540093, 1.040924647,
2205.479971772, 1.041025891,
2205.500403351, 1.041286514,
2205.520834931, 1.041345702,
2205.541266511, 1.041178121,
2205.561698090, 1.041416908,
2205.602561250, 1.041107476,
2205.622992831, 1.041289244,
2205.643424511, 1.041270390,
2205.663855992, 1.041156464,
2205.684287572, 1.041068452,
2205.704719253, 1.041177064,
2205.725150734, 1.041203882,
2205.745582416, 1.041014293,
2205.766013997, 1.041458650,
2205.786445478, 1.041336638,
2205.806877160, 1.041384848,
2205.847740224, 1.041090713,
2205.868171906, 1.041408822,
2205.888603488, 1.040989456,
2205.909035071, 1.041555355,
2205.929466653, 1.041447716,
2205.949898136, 1.041295790,
2205.970329819, 1.041373585,
2205.990761402, 1.041222115,
2206.011192985, 1.041058436,
2206.031624569, 1.041151907,
2206.052056152, 1.041132327,
2206.113350904, 1.041257447,
2206.133782588, 1.041195569,
2206.154214172, 1.041549560,
2206.174645657, 1.041336048,
2206.195077341, 1.041115644,
2206.215508926, 1.041213133,
2206.256372096, 1.041241337,
2206.276803682, 1.041172416,
2206.338098439, 1.041506269,
2206.358530124, 1.041668122,
2206.378961611, 1.041256243,
2206.399393197, 1.041211887,
2206.419824883, 1.041640087,
2206.440256370, 1.041474527,
2206.460687957, 1.041336702,
2206.481119644, 1.041316229,
2206.501551131, 1.041462601,
2206.521982818, 1.041505734,
2206.542414405, 1.041493014,
2206.583277581, 1.041453934,
2206.603709069, 1.041115450,
2206.624140657, 1.041427504,
2206.644572345, 1.041748190,
2206.665003834, 1.041577388,
2206.685435422, 1.041814107,
2206.705867111, 1.041673215,
2206.726298700, 1.041249784,
2206.746730289, 1.041851015,
2206.767161878, 1.041421105,
2206.828456647, 1.041432114,
2206.848888237, 1.041681007,
2206.869319927, 1.041770036,
2206.889751417, 1.041585117,
2206.910183108, 1.041409889,
2206.930614698, 1.041527760,
2206.951046189, 1.041620355,
2206.971477880, 1.041362678,
2206.991909471, 1.041581237,
2207.012340963, 1.041413278,
2207.032772654, 1.041470790,
2207.073635737, 1.041855867,
2207.094067429, 1.041354113,
2207.114499022, 1.041292545,
2207.134930714, 1.041993301,
2207.155362206, 1.041305238,
2207.175793799, 1.041680256,
2207.196225492, 1.041805141,
2207.216656985, 1.041976076,
2207.237088578, 1.041829812,
2207.257520172, 1.041923176,
2207.277951865, 1.041531138,
2207.318815053, 1.042105301,
2207.339246547, 1.041945352,
2207.359678241, 1.042181642,
2207.380109836, 1.041983877,
2207.400541330, 1.042073822,
2207.420973025, 1.041647508,
2207.441404620, 1.041710402,
2207.461836115, 1.041895177,
2207.482267810, 1.041898748,
2207.502699406, 1.041640000,
2207.523131102, 1.041746123,
2207.563994193, 1.041651863,
2207.584425890, 1.041869877,
2207.604857386, 1.041741227,
2207.625288983, 1.042041511,
2207.645720679, 1.041677144,
2207.666152176, 1.041957427,
2207.686583773, 1.042063710,
2207.707015471, 1.041636693,
2207.747878666, 1.042055945,
2207.768310264, 1.041827453,
2207.809173460, 1.041703529,
2207.829605058, 1.041820190,
2207.850036657, 1.042142593,
2207.870468255, 1.041889818,
2207.890899854, 1.043951766,
2207.911331453, 1.042223355,
2207.931763053, 1.041677129,
2207.952194652, 1.041846468,
2207.972626252, 1.042032376,
2207.993057852, 1.041892115,
2208.013489452, 1.041810392,
2208.054352652, 1.041959644,
2208.074784253, 1.042072160,
2208.095215954, 1.041985282,
2208.115647455, 1.042001585,
2208.136079156, 1.041923972,
2208.156510757, 1.041808293,
2208.176942259, 1.041334251,
2208.197373960, 1.042180998,
2208.217805562, 1.041492215,
2208.238237064, 1.041864001,
2208.258668767, 1.042097247,
2208.299531872, 1.042122718,
2208.319963574, 1.042126197,
2208.340395177, 1.041671204,
2208.360826881, 1.041772714,
2208.381258384, 1.042738110,
2208.422121691, 1.041869119,
2208.442553195, 1.041701344,
2208.462984799, 1.042365272,
2208.483416504, 1.041895694,
2208.503848108, 1.042077457,
2208.544711318, 1.042012843,
2208.565142923, 1.042060487,
2208.585574528, 1.042291817,
2208.606006134, 1.042050370,
2208.646869345, 1.042107702,
2208.667300951, 1.042252391,
2208.687732458, 1.042159221,
2208.708164164, 1.041887107,
2208.728595771, 1.042206265,
2208.749027478, 1.042326176,
2208.789890592, 1.042212319,
2208.810322299, 1.042186338,
2208.830753807, 1.042027373,
2208.851185415, 1.042232095,
2208.871617123, 1.042118158,
2208.892048631, 1.042359413,
2208.912480339, 1.042421004,
2208.932911948, 1.042377325,
2208.953343457, 1.042164010,
2208.973775166, 1.042398376,
2208.994206775, 1.042367341,
2209.035069994, 1.042157468,
2209.055501604, 1.042190302,
2209.075933214, 1.042343672,
2209.096364824, 1.042405694,
2209.137228145, 1.042512405,
2209.157659755, 1.042514731,
2209.178091266, 1.042282894,
2209.198522978, 1.042578602,
2209.218954589, 1.042826209,
2209.239386100, 1.042324884,
2209.280249324, 1.042416457,
2209.300681036, 1.042249020,
2209.321112649, 1.042495942,
2209.341544161, 1.042739255,
2209.361975874, 1.042366455,
2209.382407487, 1.042426228,
2209.402839000, 1.042941746,
2209.423270714, 1.042912663,
2209.443702327, 1.042552736,
2209.464133841, 1.042762056,
2209.484565555, 1.042461594,
2209.545860398, 1.042518340,
2209.566292013, 1.043076782,
2209.586723728, 1.042537003,
2209.607155243, 1.042935998,
2209.627586859, 1.042769027,
2209.648018574, 1.042791436,
2209.668450190, 1.042461095,
2209.688881806, 1.042486427,
2209.709313422, 1.042420892,
2209.729745039, 1.042650599,
2209.770608272, 1.042483134,
2209.791039889, 1.042593519,
2209.811471607, 1.042991362,
2209.831903124, 1.042700464,
2209.852334742, 1.042869221,
2209.893197978, 1.043033682,
2209.913629696, 1.042776860,
2209.934061215, 1.042795642,
2209.954492834, 1.042530827,
2209.974924553, 1.042831782,
2210.015787691, 1.042609588,
2210.036219411, 1.043150321,
2210.056650930, 1.042250439,
2210.077082650, 1.042673152,
2210.097514271, 1.042849079,
2210.117945791, 1.042681977,
2210.138377512, 1.042519753,
2210.158809133, 1.042972268,
2210.179240754, 1.042412442,
2210.199672375, 1.042647684,
2210.220103996, 1.042751331,
2210.260967240, 1.042754172,
2210.281398862, 1.042108943,
2210.301830585, 1.042660412,
2210.322262107, 1.042921272,
2210.342693730, 1.043068643,
2210.363125453, 1.042663750,
2210.383557076, 1.042544118,
2210.403988599, 1.042698659,
2210.424420323, 1.042777355,
2210.444851947, 1.042655060,
2210.465283671, 1.042491446,
2210.485715195, 1.043001724,
2210.506146820, 1.042579819,
2210.526578445, 1.042600620,
2210.567441695, 1.043015918,
2210.587873420, 1.042545279,
2210.608304946, 1.042946825,
2210.628736571, 1.042822845,
2210.649168197, 1.043040982,
2210.669599824, 1.042854911,
2210.690031550, 1.042777414,
2210.710463077, 1.042059805,
2210.751326431, 1.042895081,
2210.771757958, 1.043904515,
2210.792189586, 1.043019007,
2210.812621314, 1.042884762,
2210.833052941, 1.042858309,
2210.853484570, 1.042348576,
2210.873916198, 1.042882996,
2210.894347827, 1.043024023,
2210.914779456, 1.042897342,
2210.935211085, 1.043199021,
2210.955642714, 1.042444359,
2210.996505973, 1.042876211,
2211.016937604, 1.042937771,
2211.037369334, 1.042904055,
2211.057800864, 1.042677909,
2211.078232595, 1.042591031,
2211.098664226, 1.043215162,
2211.119095757, 1.042549973,
2211.139527488, 1.043086707,
2211.159959120, 1.042589502,
2211.180390652, 1.042765380,
2211.200822384, 1.042899585,
2211.241685648, 1.043080631,
2211.262117281, 1.042985560,
2211.282548814, 1.043399221,
2211.302980547, 1.042849871,
2211.323412180, 1.042792378,
2211.343843714, 1.043302488,
2211.364275448, 1.043067662,
2211.384707082, 1.043092905,
2211.425570351, 1.042740965,
2211.446001986, 1.043034702,
2211.486865256, 1.043106127,
2211.507296891, 1.042633568,
2211.527728626, 1.042696759,
2211.548160262, 1.043004853,
2211.568591798, 1.042993746,
2211.589023535, 1.043293879,
2211.609455171, 1.042801605,
2211.629886808, 1.042964077,
2211.650318445, 1.043632129,
2211.670750082, 1.043234597,
2211.691181820, 1.043003857,
2211.732044996, 1.042824059,
2211.752476734, 1.043108832,
2211.772908272, 1.042961804,
2211.793339911, 1.043339390,
2211.813771650, 1.042910955,
2211.834203189, 1.043474983,
2211.854634928, 1.042862795,
2211.875066568, 1.043017146,
2211.895498108, 1.042989977,
2211.915929848, 1.042725826,
2211.936361388, 1.043341296,
2211.977224770, 1.043170756,
2211.997656311, 1.042770979,
2212.038519693, 1.043204520,
2212.058951335, 1.043279818,
2212.079382977, 1.042932121,
2212.099814619, 1.043318554,
2212.120246262, 1.042836640,
2212.140677904, 1.042992194,
2212.161109547, 1.042939014,
2212.181541190, 1.042689103,
2212.201972934, 1.042511936,
2212.222404477, 1.043182946,
2212.242836221, 1.043022473,
2212.263267865, 1.042953094,
2212.304131154, 1.042878438,
2212.324562799, 1.042787082,
2212.344994344, 1.043112578,
2212.365426090, 1.042675143,
2212.385857735, 1.043148805,
2212.406289481, 1.043317502,
2212.426721027, 1.042639952,
2212.467584420, 1.042626630,
2212.488015967, 1.043135440,
2212.508447613, 1.043125342,
2212.549310908, 1.042971611,
2212.569742556, 1.043183361,
2212.590174204, 1.043383938,
2212.610605852, 1.042759168,
2212.631037601, 1.042869885,
2212.651469149, 1.043259591,
2212.671900798, 1.042853910,
2212.712764197, 1.042999073,
2212.733195747, 1.043364910,
2212.753627497, 1.042596503,
2212.774059147, 1.043047257,
2212.794490697, 1.042960711,
2212.814922448, 1.042758208,
2212.835354099, 1.042812832,
2212.855785850, 1.043184043,
2212.876217401, 1.042759347,
2212.896649053, 1.043184010,
2212.917080805, 1.042463875,
2212.957944009, 1.042807817,
2212.978375762, 1.042518925,
2212.998807315, 1.043273416,
2213.019239068, 1.042911337,
2213.039670721, 1.043056679,
2213.060102275, 1.043061995,
2213.080534029, 1.042981455,
2213.141828992, 1.043294938,
2213.162260647, 1.042588395,
2213.203123957, 1.042901327,
2213.223555613, 1.043124474,
2213.243987269, 1.043256295,
2213.264418925, 1.042753322,
