BJD - 2454833, Corrected Flux
2061.305589293, 0.993901075,
2061.387317931, 1.000371588,
2061.407750064, 0.989740477,
2061.428182298, 0.993002576,
2061.489478694, 0.995907117,
2061.509910726, 0.995244881,
2061.530342856, 0.994275415,
2061.550775087, 0.992118697,
2061.571207217, 0.990980970,
2061.591639247, 0.992906488,
2061.612071476, 0.994293697,
2061.632503605, 0.995293484,
2061.652935633, 0.988846199,
2061.673367861, 0.994718214,
2061.693799988, 0.991313742,
2061.714232115, 0.991382465,
2061.734664242, 0.997694278,
2061.755096368, 0.989821175,
2061.775528494, 0.993111524,
2061.795960620, 0.992566316,
2061.816392744, 0.986474024,
2061.836824869, 0.994340813,
2061.857256993, 0.993524208,
2061.877689016, 0.991989811,
2061.898121240, 0.993695731,
2061.918553363, 0.988480545,
2061.938985485, 0.992673635,
2061.959417607, 0.993606326,
2061.979849729, 0.992277617,
2062.000281950, 0.992120745,
2062.020713970, 0.993092014,
2062.041146091, 0.990669568,
2062.061578311, 0.988083765,
2062.082010330, 0.997919524,
2062.102442449, 0.991998250,
2062.122874668, 0.994855779,
2062.143306786, 0.993347682,
2062.163738803, 0.987521119,
2062.225035154, 0.990811230,
2062.245467370, 0.994757807,
2062.265899486, 0.988936192,
2062.286331501, 0.989670819,
2062.306763716, 0.992088297,
2062.327195830, 0.992623120,
2062.347628044, 0.993826099,
2062.368060058, 0.992153669,
2062.388492171, 0.989126565,
2062.408924383, 0.989578424,
2062.429356396, 0.993343605,
2062.449788507, 0.991446981,
2062.470220619, 0.993346281,
2062.490652730, 0.993981927,
2062.511084840, 0.986782110,
2062.531516951, 0.996302541,
2062.551949061, 0.987783380,
2062.572381170, 0.991279788,
2062.592813278, 0.996587966,
2062.613245387, 0.987372042,
2062.633677495, 0.990041924,
2062.674541710, 0.991753311,
2062.694973917, 0.992908303,
2062.715406023, 0.991942729,
2062.735838029, 0.991457857,
2062.756270235, 0.992941903,
2062.776702340, 0.990308771,
2062.797134345, 0.989533098,
2062.817566549, 0.996286991,
2062.837998653, 0.994745785,
2062.858430656, 0.988527717,
2062.878862859, 0.992332230,
2062.899294962, 0.991784061,
2062.919726964, 0.991512903,
2062.940159166, 0.996332379,
2062.960591267, 0.987323732,
2062.981023368, 0.994836578,
2063.001455469, 0.989718402,
2063.021887569, 0.987778282,
2063.042319669, 0.994751875,
2063.062751768, 0.991584673,
2063.083183867, 0.992217925,
2063.103616065, 0.990552574,
2063.124048163, 0.990713659,
2063.144480161, 0.989084885,
2063.164912358, 0.994563101,
2063.185344455, 0.989953779,
2063.205776451, 0.989910996,
2063.226208647, 0.993086585,
2063.246640643, 0.989133901,
2063.267072738, 0.989587302,
2063.287504933, 0.994085221,
2063.307936927, 0.989665435,
2063.328369021, 0.994690440,
2063.348801215, 0.991723898,
2063.369233208, 0.983730450,
2063.389665300, 0.995278927,
2063.410097492, 0.989329663,
2063.430529484, 0.991677787,
2063.450961576, 0.991953170,
2063.471393767, 0.990796209,
2063.491825857, 0.992190034,
2063.512257947, 0.988504741,
2063.532690037, 0.991507236,
2063.553122127, 0.992514149,
2063.573554216, 0.992077467,
2063.593986304, 0.985414365,
2063.614418392, 0.989439496,
2063.634850580, 0.993133488,
2063.696146841, 0.991640454,
2063.737010913, 0.993310682,
2063.757443098, 0.987323946,
2063.777875082, 0.990783012,
2063.798307167, 0.994674821,
2063.818739351, 0.987379243,
2063.839171334, 0.991644060,
2063.900467583, 0.993544958,
2063.920899765, 0.991234364,
2063.941331846, 0.990091678,
2063.961763827, 0.989424201,
2063.982196008, 0.991935470,
2064.023060069, 0.993456298,
2064.043492248, 0.993132736,
2064.063924327, 0.989081025,
2064.084356306, 0.993379696,
2064.104788484, 0.985635695,
2064.125220562, 0.994322428,
2064.554294104, 0.988227454,
2064.574726273, 0.988293185,
2064.595158341, 0.991890516,
2064.615590309, 0.990948161,
2064.636022477, 0.993521499,
2064.656454544, 0.992606196,
2064.738182710, 0.989480166,
2064.758614875, 0.991699900,
2064.779046840, 0.994796635,
2064.799479005, 0.988285208,
2064.819911069, 0.987226926,
2064.840343132, 0.993548292,
2064.860775196, 0.988688538,
2064.922071383, 0.990751243,
2064.942503445, 0.995704413,
2064.962935506, 0.985860080,
2064.983367667, 0.993815218,
2065.003799628, 0.994362033,
2065.024231688, 0.992586490,
2065.044663847, 0.990698490,
2065.065095807, 0.990479419,
2065.085527866, 0.991186883,
2065.105960024, 0.995308996,
2065.126391983, 0.993077009,
2065.146824040, 0.989643494,
2065.167256198, 0.991230309,
2065.187688154, 0.991372643,
2065.208120311, 0.989196343,
2065.228552367, 0.995669490,
2065.248984322, 0.992632847,
2065.269416478, 0.990621912,
2065.289848533, 0.995470288,
2065.310280587, 0.985615475,
2065.330712641, 0.995409867,
2065.351144695, 0.994061901,
2065.371576748, 0.989887377,
2065.392008801, 0.993343791,
2065.412440854, 0.989734103,
2065.432872906, 0.992522048,
2065.453304958, 0.993383215,
2065.473737009, 0.992443151,
2065.494168960, 0.993584540,
2065.514601110, 0.994176109,
2065.535033161, 0.991024346,
2065.555465111, 0.988572238,
2065.575897260, 0.996396520,
2065.596329309, 0.992337246,
2065.657625453, 0.987368075,
2065.678057601, 0.995170755,
2065.698489548, 0.991589432,
2065.718921594, 0.990182603,
2065.739353740, 0.998677764,
2065.759785686, 0.988513022,
2065.780217732, 0.988869070,
2065.800649876, 0.993634199,
2065.821081921, 0.991284528,
2065.861946009, 0.992758974,
2065.882378053, 0.992291412,
2065.902809995, 0.990259985,
2065.923242138, 0.993924239,
2065.943674180, 0.990985956,
2065.964106122, 0.991896463,
2065.984538264, 0.995707910,
2066.004970304, 0.987912958,
2066.025402245, 0.994162335,
2066.045834385, 0.990301039,
2066.066266426, 0.991620262,
2066.086698565, 0.998324923,
2066.147994581, 0.994142732,
2066.168426619, 0.988465899,
2066.188858656, 0.993530983,
2066.209290694, 0.992399806,
2066.229722730, 0.990981447,
2066.250154767, 0.992934348,
2066.270586803, 0.988423586,
2066.311450873, 0.992811520,
2066.331883008, 0.995510243,
2066.393179110, 0.992220174,
2066.413611044, 0.989243369,
2066.434043076, 0.996889411,
2066.454475209, 0.990516784,
2066.474907141, 0.996520319,
2066.495339173, 0.992317816,
2066.515771304, 0.987294102,
2066.556635365, 0.995436175,
2066.577067396, 0.990348880,
2066.597499325, 0.993513391,
2066.617931455, 0.989581835,
2066.638363484, 0.991741142,
2066.658795512, 0.994264837,
2066.679227540, 0.992756614,
2066.699659568, 0.993552407,
2066.720091595, 0.993568152,
2066.740523622, 0.992791497,
2066.760955649, 0.987635202,
2066.781387675, 0.995981981,
2066.801819801, 0.989834851,
2066.822251726, 0.993838450,
2066.863115776, 0.986389139,
2066.883547800, 0.998107053,
2066.903979825, 0.991348098,
2066.924411948, 0.992077126,
2066.944843871, 0.995051061,
2066.965275794, 0.992568616,
2066.985707916, 0.990091913,
2067.006139938, 0.991053734,
2067.026572060, 0.992394423,
2067.047003982, 0.996754823,
2067.067436002, 0.993728578,
2067.087868122, 0.990150544,
2067.108300042, 0.991736196,
2067.149164182, 0.990138702,
2067.169596201, 0.992733846,
2067.190028119, 0.997232716,
2067.210460237, 0.987538133,
2067.230892255, 0.994972950,
2067.251324172, 0.989243995,
2067.271756290, 0.993364235,
2067.292188306, 0.999231907,
2067.312620223, 0.988683929,
2067.353484354, 0.991945262,
2067.373916269, 0.991394680,
2067.394348384, 0.993342139,
2067.414780398, 0.993921758,
2067.435212312, 0.992949785,
2067.455644425, 0.994615084,
2067.476076438, 0.992825471,
2067.496508551, 0.990556507,
2067.516940464, 0.994044128,
2067.537372476, 0.995421982,
2067.557804587, 0.988794731,
2067.578236499, 0.992884056,
2067.598668510, 0.991200062,
2067.619100520, 0.991632228,
2067.639532631, 0.997876117,
2067.659964540, 0.989017378,
2067.680396550, 0.995877275,
2067.700828558, 0.994365793,
2067.721260567, 0.987032417,
2067.741692675, 0.994767686,
2067.762124583, 0.992692836,
2067.782556591, 0.995606489,
2067.802988698, 0.992875379,
2067.864284717, 0.995093735,
2067.884716623, 0.993350991,
2067.905148728, 0.992242642,
2067.925580733, 0.997902508,
2067.946012637, 0.989477929,
2067.966444741, 0.990329571,
2067.986876745, 0.995159676,
2068.007308748, 0.991436399,
2068.027740751, 0.996057814,
2068.048172754, 0.994735893,
2068.129900760, 0.991929766,
2068.150332861, 0.995222726,
2068.170764762, 0.988784087,
2068.191196761, 0.993991132,
2068.211628861, 0.990714926,
2068.232060760, 0.992258107,
2068.313788753, 0.989804421,
2068.334220850, 0.995723272,
2068.354652747, 0.990259269,
2068.375084844, 0.994927976,
2068.395516740, 0.991955833,
2068.415948736, 0.990093841,
2068.436380832, 0.996292589,
2068.456812726, 0.988531357,
2068.477244721, 0.992571297,
2068.497676816, 0.998109751,
2068.518108710, 0.990538785,
2068.538540703, 0.991971725,
2068.558972796, 0.991118641,
2068.579404789, 0.991873960,
2068.599836682, 0.995735879,
2068.620268774, 0.991804994,
2068.640700765, 0.993971354,
2068.661132657, 0.993689161,
2068.681564748, 0.992104047,
2068.701996738, 0.987594634,
2068.722428628, 0.994568356,
2068.742860719, 0.995412725,
2068.763292708, 0.988123288,
2068.783724797, 0.995393323,
2068.845020762, 0.996724546,
2068.865452650, 0.991786712,
2068.885884637, 0.995486316,
2068.906316724, 0.992903371,
2068.926748611, 0.990472241,
2068.947180597, 0.993983236,
2068.967612683, 0.991482404,
2068.988044668, 0.994758961,
2069.008476553, 0.994498849,
2069.028908638, 0.989746650,
2069.049340622, 0.991110829,
2069.069772506, 0.994457260,
2069.090204590, 0.995009158,
2069.110636473, 0.988365772,
2069.131068456, 0.996585885,
2069.151500539, 0.989753699,
2069.171932520, 0.991289009,
2069.192364402, 0.993450153,
2069.212796484, 0.990083386,
2069.233228365, 1.000460644,
2069.253660445, 0.990882711,
2069.274092426, 0.990005918,
2069.314956385, 0.991770601,
2069.335388364, 0.992431505,
2069.355820243, 0.994552742,
2069.376252321, 0.992129370,
2069.396684300, 0.992306482,
2069.417116278, 0.992915185,
2069.437548255, 0.993033854,
2069.457980232, 0.994902151,
2069.478412208, 0.995922934,
2069.498844185, 0.989466272,
2069.519276161, 0.990380772,
2069.580572086, 0.997290417,
2069.601004061, 0.991894472,
2069.621436135, 0.990465572,
2069.641868008, 0.997587966,
2069.662300082, 0.989324008,
2069.703163927, 0.995826021,
2069.723596000, 0.994446618,
2069.744027971, 0.994201433,
2069.764459843, 0.990340140,
2069.784891914, 0.992330659,
2069.805323885, 0.994755044,
2069.825755755, 0.996199891,
2069.846187826, 0.989598191,
2069.866619695, 0.994419149,
2069.887051765, 0.992821199,
2069.907483734, 0.991779409,
2069.927915703, 0.996416204,
2069.948347571, 0.994525960,
2069.968779639, 0.993736600,
2069.989211606, 0.997613221,
2070.009643474, 0.993154877,
2070.111803404, 0.992052605,
2070.132235469, 0.992682069,
2070.152667334, 0.992829069,
2070.173099298, 0.994613104,
2070.193531362, 0.994533630,
2070.213963226, 0.994771386,
2070.234395189, 0.993490791,
2070.254827252, 0.990989278,
2070.275259114, 0.997484009,
2070.295691077, 0.993519467,
2070.316123138, 0.994525654,
2070.336555000, 0.994761022,
2070.356986961, 0.989437024,
2070.377419022, 0.995418202,
2070.397850982, 0.996001354,
2070.459146861, 0.992841477,
2070.479578720, 0.990688265,
2070.500010779, 0.993441124,
2070.540874795, 0.996526015,
2070.561306653, 0.992857453,
2070.581738510, 0.992875114,
2070.602170566, 0.992727107,
2070.622602523, 0.994184002,
2070.643034379, 0.990798153,
2070.663466435, 0.993854248,
2070.683898390, 0.998337905,
2070.704330245, 0.989961458,
2070.745194254, 0.992368305,
2070.765626208, 0.992916050,
2070.806490115, 0.992220474,
2070.826922068, 0.993479496,
2070.847354021, 0.995823942,
2070.867785973, 0.989695181,
2070.888217925, 0.994348253,
2070.908649977, 0.996048932,
2070.969945829, 0.992785348,
2070.990377679, 0.993218138,
2071.031241678, 0.998205554,
2071.051673527, 0.991785253,
2071.072105576, 0.994146162,
2071.092537524, 0.993912246,
2071.112969372, 0.990116188,
2071.153833367, 0.988870398,
2071.174265214, 0.996674037,
2071.194697261, 0.996731342,
2071.296856988, 0.994799427,
2071.317288933, 0.992567978,
2071.337720877, 0.993218556,
2071.358152821, 0.993155073,
2071.378584764, 0.991862866,
2071.399016707, 0.995618784,
2071.439880592, 0.991994778,
2071.460312535, 0.991025844,
2071.501176418, 0.993630213,
2071.521608358, 0.993617355,
2071.542040399, 0.997170152,
2071.562472240, 0.988863417,
2071.582904180, 0.996963884,
2071.603336219, 0.993687004,
2071.623768059, 0.993124042,
2071.644199997, 1.000036483,
2071.664632036, 0.993313417,
2071.685063874, 0.995201900,
2071.725927850, 0.992544016,
2071.746359787, 0.994798222,
2071.766791723, 0.996340400,
2071.787223660, 0.991918714,
2071.807655596, 0.992248067,
2071.828087532, 0.993554115,
2071.848519467, 0.991978186,
2071.868951403, 0.993974544,
2071.889383437, 0.997021993,
2071.930247206, 0.995173304,
2071.950679240, 0.991543235,
2071.971111073, 0.990769982,
2072.052838803, 0.995528444,
2072.073270735, 0.993510235,
2072.114134597, 0.992743336,
2072.195862318, 0.990451412,
2072.216294247, 0.996845779,
2072.236726276, 0.995541149,
2072.257158205, 0.992642091,
2072.298022061, 0.993302303,
2072.318453989, 0.990011934,
2072.338885816, 0.998394332,
2072.359317843, 0.991120927,
2072.379749769, 0.995707520,
2072.400181596, 0.996133178,
2072.441045547, 0.996471964,
2072.522773146, 0.990714218,
2072.543205170, 0.992960728,
2072.563637093, 0.995235240,
2072.584069016, 0.995498235,
2072.604500939, 0.990634352,
2072.624932862, 0.998742456,
2072.645364884, 0.993900903,
2072.665796706, 0.992427822,
2072.686228627, 0.995015229,
2072.706660648, 0.991878410,
2072.747524389, 0.994935646,
2072.767956409, 0.989227720,
2072.788388329, 0.999134694,
2072.808820149, 0.994670484,
2072.829252168, 0.992715838,
2072.849683987, 0.998312422,
2072.870115905, 0.992873740,
2072.890547923, 0.994925317,
2072.910979741, 0.991895594,
2072.931411659, 0.992041564,
2072.951843675, 0.995210706,
2072.972275492, 0.996845302,
2072.992707409, 0.993205027,
2073.013139425, 0.991927245,
2073.033571241, 0.998163143,
2073.054003256, 0.992051227,
2073.074435171, 0.998392769,
2073.094867086, 0.995575494,
2073.115299000, 0.992057781,
2073.135730914, 0.997404578,
2073.156162828, 0.990207793,
2073.176594742, 0.992617160,
2073.197026655, 0.998015460,
2073.258322392, 0.994451900,
2073.278754304, 0.992380534,
2073.299186315, 0.996947913,
2073.319618126, 0.992660867,
2073.340050037, 0.994189089,
2073.360482047, 0.995101342,
2073.380913858, 0.995939331,
2073.401345767, 0.989572531,
2073.421777677, 0.995700713,
2073.462641595, 0.992956317,
2073.483073403, 0.997805359,
2073.503505311, 0.989967274,
2073.523937319, 0.994861991,
2073.544369127, 0.996864635,
2073.564801034, 0.990025048,
2073.585233041, 0.998052662,
2073.605664947, 0.995569402,
2073.626096753, 0.993054764,
2073.646528759, 0.996126812,
2073.666960664, 0.993841636,
2073.748688183, 0.991973045,
2073.769120187, 0.994693628,
2073.789552090, 0.996245183,
2073.809983893, 0.992954892,
2073.830415896, 0.997755948,
2073.850847799, 0.994523767,
2073.871279801, 0.993199122,
2073.912143504, 0.988428928,
2073.932575506, 1.002018418,
2073.993871207, 0.996686279,
2074.014303007, 0.994280441,
2074.034734907, 0.997592270,
2074.055166906, 0.996986546,
2074.075598805, 0.995358819,
2074.096030603, 0.995161428,
2074.116462602, 0.995401590,
2074.136894400, 0.990834998,
2074.157326297, 0.996085152,
2074.177758295, 0.998806589,
2074.239053985, 0.996307056,
2074.259485780, 0.992430258,
2074.279917676, 0.996674027,
2074.300349672, 0.994243946,
2074.320781467, 0.992277959,
2074.341213461, 0.999837444,
2074.361645356, 0.989399440,
2074.382077150, 0.995620670,
2074.422941037, 0.995221065,
2074.443372930, 0.996929873,
2074.463804823, 0.991830675,
2074.484236715, 0.992674465,
2074.504668607, 0.995268769,
2074.525100499, 0.998346202,
2074.545532391, 0.993277120,
2074.565964282, 0.995584445,
2074.586396273, 0.996125561,
2074.606828063, 0.991880588,
2074.627259953, 0.996305861,
2074.647691943, 0.995381324,
2074.668123733, 0.994111190,
2074.708987611, 0.988048154,
2074.729419400, 0.994597685,
2074.749851388, 0.999839685,
2074.770283276, 0.991150869,
2074.790715063, 0.997802657,
2074.811147051, 0.995135864,
2074.831578938, 0.995156745,
2074.852010724, 0.995322474,
2074.872442711, 0.992069109,
2074.892874497, 0.997456079,
2074.913306383, 0.996375732,
2074.954170153, 0.990534086,
2074.995034022, 0.995520258,
2075.015465906, 0.994272968,
2075.035897690, 1.000077022,
2075.056329674, 0.993137184,
2075.076761557, 0.996377156,
2075.117625322, 0.991400010,
2075.138057205, 1.000939382,
2075.178920968, 0.992330784,
2075.199352850, 0.997014031,
2075.219784830, 0.992870749,
2075.240216611, 0.996424833,
2075.260648491, 0.995095507,
2075.281080471, 0.993614245,
2075.301512251, 0.993538813,
2075.321944130, 0.994001494,
2075.342376110, 0.994084634,
2075.362807888, 0.992666002,
2075.383239767, 0.999596622,
2075.464967378, 0.991901511,
2075.485399254, 1.001406788,
2075.505831031, 0.993700747,
2075.526263007, 0.994614387,
2075.546694883, 0.998898277,
2075.567126759, 0.993043304,
2075.587558634, 0.995039461,
2075.607990509, 0.997767762,
2075.628422384, 0.996270214,
2075.648854258, 0.996993273,
2075.710149880, 0.995695862,
2075.751013626, 0.994168774,
2075.771445498, 0.996163156,
2075.791877270, 0.998010351,
2075.812309242, 0.989385885,
2075.832741114, 0.998558496,
2075.853172985, 0.994460009,
2075.873604856, 0.997717732,
2075.894036726, 0.999431629,
2075.955332337, 0.996135951,
2075.975764306, 0.996771423,
2075.996196175, 0.998374538,
2076.016627944, 0.996431122,
2076.037059913, 0.994439146,
2076.057491781, 0.996485219,
2076.077923548, 0.993526452,
2076.098355516, 0.995501352,
2076.118787383, 0.998827485,
2076.139219150, 0.996194745,
2076.159651117, 0.990679878,
2076.180082983, 0.996356264,
2076.200514749, 0.996150533,
2076.220946715, 0.994713189,
2076.241378581, 0.999251994,
2076.261810446, 0.988836405,
2076.282242311, 0.999325441,
2076.302674175, 0.993176762,
2076.323106039, 0.991505820,
2076.343537903, 1.000344800,
2076.363969767, 0.996374812,
2076.384401630, 0.996763481,
2076.425265356, 0.994638607,
2076.445697218, 0.998461806,
2076.466129080, 0.996540519,
2076.486560942, 0.993532626,
2076.506992903, 0.995812633,
2076.527424664, 0.995921376,
2076.547856525, 0.992440318,
2076.568288486, 0.995316452,
2076.588720246, 1.001015246,
2076.609152106, 0.993030580,
2076.670447684, 0.991615890,
2076.690879643, 1.001045353,
2076.711311401, 0.992782993,
2076.731743259, 0.997076789,
2076.752175217, 0.995062262,
2076.772606974, 0.992851137,
2076.793038932, 0.998130098,
2076.813470789, 0.995735369,
2076.833902645, 0.998182870,
2076.854334501, 0.997465963,
2076.874766358, 0.994912101,
2076.915630169, 0.996827856,
2076.936061924, 0.998808422,
2076.956493779, 0.993109369,
2076.976925733, 0.997626011,
2076.997357487, 0.995050561,
2077.017789341, 0.994396662,
2077.038221195, 0.998698166,
2077.058653048, 0.992015078,
2077.079084901, 0.999337217,
2077.099516754, 0.999342904,
2077.119948606, 0.989673707,
2077.140380358, 0.997259556,
2077.160812310, 0.995393767,
2077.181244162, 0.996896575,
2077.201676113, 0.996870325,
2077.222107864, 0.993789240,
2077.242539714, 0.996660610,
2077.262971665, 0.994771136,
2077.283403415, 0.995328212,
2077.324267214, 0.998685561,
2077.426426357, 0.999220254,
2077.446858304, 0.997160034,
2077.467290152, 0.992685931,
2077.487721899, 0.997767406,
2077.508153845, 0.994892558,
2077.528585692, 0.993639932,
2077.549017438, 0.998273507,
2077.569449384, 0.995564609,
2077.589881230, 0.998825989,
2077.671608709, 0.998256258,
2077.692040453, 0.995413303,
2077.712472297, 0.991589062,
2077.732904241, 1.000073558,
2077.753335984, 0.992765901,
2077.794199669, 0.999450427,
2077.814631612, 0.994587126,
2077.835063354, 1.000845486,
2077.855495296, 0.991065603,
2077.937222560, 0.997574807,
2077.957654500, 0.997905281,
2077.978086340, 0.993678159,
2077.998518080, 0.998007531,
2078.018950019, 0.996284449,
2078.039381859, 0.997211727,
2078.059813598, 0.996966265,
2078.080245536, 0.995480155,
2078.100677374, 0.993974606,
2078.182404725, 1.001256142,
2078.202836562, 0.992344056,
2078.223268398, 0.994671785,
2078.243700234, 1.000018844,
2078.264132070, 0.991667970,
2078.345859411, 0.996826632,
2078.488882347, 0.994959313,
2078.550177844, 0.996812495,
2078.734064319, 0.996739548,
2078.754496148, 0.997851311,
2078.774927977, 0.997085386,
2078.815791634, 0.997420994,
2078.938382597, 0.996113175,
2078.958814524, 0.993273168,
2078.979246250, 0.998984868,
2078.999678075, 0.996793793,
2079.163132771, 0.993483910,
2079.183564594, 0.995706927,
2079.203996417, 0.997438188,
2079.224428240, 0.998684758,
2079.244860062, 0.996674739,
2079.265291884, 0.998359689,
2079.306155528, 0.990542146,
2079.326587349, 0.998873832,
2079.347019070, 0.997743365,
2079.367450991, 0.996232463,
2079.387882811, 0.999395536,
2079.408314531, 0.993837130,
2079.428746451, 0.996645584,
2079.449178271, 0.998779832,
2079.469609990, 0.994008060,
2079.530905546, 0.995423446,
2079.571769183, 0.993568248,
2079.612632817, 0.997907518,
2079.633064635, 0.998386685,
2079.653496551, 0.993425007,
2079.673928368, 0.996416938,
2079.694360084, 0.994915410,
2079.714792000, 0.995748258,
2079.735223816, 1.000317666,
2079.776087447, 0.999753273,
2079.796519261, 0.993663476,
2079.878246418, 0.992017513,
2079.898678332, 0.999316982,
2079.919110145, 0.994182085,
2079.939541858, 0.998941661,
2079.959973771, 0.997248264,
2079.980405583, 0.996069694,
2080.021269207, 0.995771290,
2080.041701019, 0.995999623,
2080.123428263, 0.997984860,
2080.143860073, 0.997120154,
2080.164291883, 0.993604168,
2080.184723793, 1.003313713,
2080.205155502, 0.996451971,
2080.225587311, 0.995842589,
2080.246019220, 0.999184243,
2080.266450929, 0.993395177,
2080.286882737, 0.995649256,
2080.307314645, 0.998687243,
2080.389041775, 0.992723196,
2080.409473682, 0.997465648,
2080.429905488, 0.999379895,
2080.450337195, 0.996418450,
2080.470769101, 0.996852593,
2080.491200906, 0.998423351,
2080.511632712, 0.992284312,
2080.532064517, 0.999343593,
2080.552496322, 0.994933781,
2080.572928126, 0.998635447,
2080.593359931, 1.001911014,
2080.613791735, 0.991710503,
2080.634223539, 0.999206779,
2080.654655442, 0.997850922,
2080.675087145, 0.995527613,
2080.695518948, 0.998385163,
2080.736382554, 0.997700066,
2080.756814256, 0.996535183,
2080.777246158, 0.995092700,
2080.797677960, 0.996886328,
2080.858973363, 0.994795820,
2080.879405264, 0.997537653,
2080.899836964, 0.995515448,
2080.920268764, 0.996556075,
2080.940700664, 1.001395941,
2080.961132364, 0.993028641,
2080.981564163, 0.998868423,
2081.001996062, 0.997168907,
2081.022427861, 0.993063546,
2081.042859559, 1.002714512,
2081.063291458, 0.996741801,
2081.083723256, 0.998047063,
2081.104154954, 0.995795520,
2081.124586851, 0.994682508,
2081.145018648, 1.000327397,
2081.165450345, 0.999669541,
2081.185882242, 0.995855287,
2081.206314038, 0.997615847,
2081.226745934, 0.999778213,
2081.247177630, 0.993417148,
2081.267609426, 0.994478021,
2081.349336706, 0.995470864,
2081.369768401, 0.993754690,
2081.390200195, 1.002916984,
2081.410631988, 0.995471474,
2081.431063782, 0.996554362,
2081.451495575, 1.001314077,
2081.471927368, 0.992835372,
2081.492359161, 0.998764451,
2081.512790954, 0.996172424,
2081.533222746, 0.999365705,
2081.553654538, 1.000224712,
2081.574086330, 0.997735044,
2081.594518221, 0.994477391,
2081.614949913, 0.996514544,
2081.635381804, 1.000982977,
2081.655813594, 0.994032388,
2081.676245285, 0.999040100,
2081.696677175, 0.997002200,
2081.717108965, 0.994306311,
2081.737540655, 0.997289641,
2081.757972544, 0.997270979,
2081.839699700, 0.997557251,
2081.860131488, 0.996030958,
2081.880563276, 0.996415368,
2081.900995063, 1.001531281,
2081.921426851, 0.993989131,
2081.941858638, 0.999112112,
2081.962290425, 0.997520887,
2081.982722212, 1.000101426,
2082.003153998, 0.995309589,
2082.023585784, 1.002761238,
2082.044017670, 0.998696172,
2082.064449456, 0.992438392,
2082.084881141, 0.999333559,
2082.105313026, 0.995084183,
2082.125744711, 1.001687426,
2082.146176496, 0.999548229,
2082.166608380, 0.995000585,
2082.187040064, 1.000838980,
2082.207471848, 0.996485157,
2082.227903732, 0.993967577,
2082.330062546, 0.995305704,
2082.350494428, 0.999184055,
2082.370926110, 1.000656505,
2082.391357892, 0.998899521,
2082.411789773, 0.996299919,
2082.432221555, 0.999249452,
2082.452653336, 0.994611315,
2082.473085116, 0.997242872,
2082.493516896, 1.000154975,
2082.513948777, 0.995298204,
2082.534380457, 1.001829150,
2082.554812236, 0.993851184,
2082.575244116, 0.994697840,
2082.595675795, 1.002636035,
2082.616107574, 0.996847496,
2082.636539452, 0.997689071,
2082.656971131, 0.997381480,
2082.677402909, 0.995929840,
2082.697834787, 0.997785653,
2082.738698242, 0.995788730,
2082.820425449, 0.996894478,
2082.840857125, 1.001325452,
2082.861289001, 0.994091383,
2082.881720777, 0.999491907,
2082.902152452, 0.996863406,
2082.922584328, 0.996040063,
2082.943016102, 1.000727381,
2082.963447777, 0.993445441,
2082.983879652, 1.002158322,
2083.004311426, 0.999495491,
2083.024743100, 0.995182774,
2083.045174974, 0.998368590,
2083.065606747, 0.997196973,
2083.086038421, 0.998033634,
2083.106470294, 0.999848094,
2083.126902066, 0.999092780,
2083.147333739, 0.996595242,
2083.167765611, 0.999814421,
2083.188197383, 0.998528127,
2083.208629255, 0.995386965,
2083.229060926, 0.999277891,
2083.310788010, 0.991279983,
2083.331219881, 1.002398050,
2083.351651651, 1.000223654,
2083.372083321, 0.992151483,
2083.392515190, 1.002225989,
2083.412946960, 0.994702561,
2083.433378629, 0.997457106,
2083.453810498, 0.999178610,
2083.474242266, 0.999073561,
2083.494673935, 1.000400754,
2083.515105803, 0.997062123,
2083.535537571, 0.997430249,
2083.555969439, 0.997622208,
2083.576401106, 1.002880276,
2083.596832874, 0.996852058,
2083.637696407, 0.999435906,
2083.658128074, 0.995114266,
2083.678559940, 0.998000832,
2083.698991706, 0.998473096,
2083.719423372, 0.996489918,
2083.739855238, 1.000379991,
2083.801150533, 1.000970268,
2083.821582298, 0.994437782,
2083.842014062, 1.000889166,
2083.862445826, 0.996001304,
2083.882877590, 0.996659509,
2083.903309354, 0.997177099,
2083.923741217, 0.999508382,
2083.944172880, 0.998081102,
2083.964604743, 1.000160913,
2083.985036506, 1.001132998,
2084.005468169, 0.994332728,
2084.025900031, 0.998720678,
2084.046331793, 0.997911415,
2084.066763455, 0.998576363,
2084.087195316, 1.001915477,
2084.107627078, 0.994721810,
2084.128058739, 0.997148619,
2084.148490600, 1.002254502,
2084.168922360, 0.994572292,
2084.189354121, 1.001435931,
2084.209785881, 0.999783618,
2084.291512919, 1.000436557,
2084.311944678, 1.000249331,
2084.332376437, 0.999096712,
2084.352808196, 0.997544188,
2084.373239954, 0.999643038,
2084.393671712, 0.998102837,
2084.414103470, 0.994814712,
2084.434535328, 1.003917485,
2084.454966985, 0.996405793,
2084.495830599, 0.998431755,
2084.516262256, 0.994113774,
2084.536694012, 1.003141217,
2084.557125869, 1.000642652,
2084.577557525, 0.996824728,
2084.597989281, 0.999467627,
2084.618421136, 0.996211896,
2084.638852792, 0.999013618,
2084.659284547, 0.999729991,
2084.679716402, 0.997317039,
2084.700148056, 0.998665657,
2084.720579911, 0.995347129,
2084.781875173, 1.002426147,
2084.802306926, 0.999384580,
2084.822738679, 0.996391403,
2084.843170433, 1.000319214,
2084.863602185, 0.994205058,
2084.884033938, 1.003990831,
2084.904465791, 0.994680310,
2084.924897443, 0.998548655,
2084.945329195, 1.004482283,
2084.965761046, 0.995302651,
2085.006624449, 0.998783997,
2085.027056300, 0.999814728,
2085.047487951, 0.999602088,
2085.067919702, 0.999558863,
2085.088351552, 0.998109080,
2085.129215052, 0.999186821,
2085.149646702, 0.998987476,
2085.170078451, 1.000480306,
2085.190510300, 1.000523812,
2085.210941950, 0.994416208,
2085.231373698, 1.000271871,
2085.251805547, 0.998066730,
2085.272237295, 0.997399025,
2085.292668944, 1.005240436,
2085.313100791, 0.993768026,
2085.333532539, 1.000377645,
2085.353964187, 0.998722410,
2085.394827781, 1.001959133,
2085.415259428, 0.997846208,
2085.435691274, 0.999499483,
2085.456123021, 0.999291517,
2085.578713495, 1.000848005,
2085.599145339, 0.998787082,
2085.619576984, 0.996425584,
2085.640008728, 1.001529639,
2085.660440573, 0.996248121,
2085.680872217, 1.000695276,
2085.701303960, 0.999729170,
2085.762599190, 0.997925279,
2085.783031033, 0.999949591,
2085.803462776, 0.998993290,
2085.823894518, 0.996147866,
2085.844326261, 0.999545635,
2085.864757903, 0.998709772,
2085.885189744, 0.998745504,
2085.905621486, 0.998707069,
2085.926053127, 1.001844367,
2085.946484969, 0.996724075,
2085.987348350, 1.000786302,
2086.007780191, 0.998481863,
2086.028211931, 1.001416198,
2086.048643571, 0.999126204,
2086.069075411, 0.992772336,
2086.089507151, 1.002610198,
2086.109938890, 0.999567843,
2086.130370629, 0.998157263,
2086.150802368, 1.003356582,
2086.171234107, 0.996486190,
2086.191665846, 1.000311526,
2086.293824635, 0.996582563,
2086.314256373, 0.999130908,
2086.334688010, 1.003855013,
2086.355119847, 0.996922280,
2086.375551583, 1.001911106,
2086.395983220, 1.001188250,
2086.416415056, 0.996634566,
2086.436846792, 1.000648627,
2086.457278428, 0.995630170,
2086.477710264, 1.000555693,
2086.498141999, 1.003737816,
2086.518573634, 0.996166915,
2086.539005470, 1.000664648,
2086.559437104, 0.999182460,
2086.579868939, 0.996858455,
2086.600300673, 1.004178569,
2086.620732407, 0.999938767,
2086.641164141, 0.998718574,
2086.661595875, 0.999206984,
2086.743322808, 1.003205709,
2086.763754541, 0.996610278,
2086.804618005, 0.995223166,
2086.825049838, 1.002771097,
2086.845481469, 1.002302465,
2086.865913201, 0.994975118,
2086.886345033, 1.002923347,
2086.906776664, 0.999615275,
2086.927208495, 0.996756833,
2086.947640226, 1.001921125,
2086.968071856, 0.999969739,
2087.008935417, 1.000753803,
2087.029367047, 0.995672135,
2087.049798877, 1.000815439,
2087.070230606, 1.002507095,
2087.111094065, 0.998259435,
2087.131525794, 1.003512168,
2087.151957523, 0.998213967,
2087.233684436, 1.003910366,
2087.254116164, 0.998227620,
2087.274547991, 0.997707153,
2087.294979619, 1.004491029,
2087.315411346, 0.998399188,
2087.335843173, 1.003020676,
2087.356274800, 1.001941049,
2087.376706526, 0.998321415,
2087.397138353, 1.000569851,
2087.417569979, 1.000767352,
2087.438001705, 0.997682420,
2087.458433531, 1.003189808,
2087.478865156, 1.002972259,
2087.499296882, 0.998700602,
2087.540160332, 1.002730438,
2087.581023881, 1.002793865,
2087.601455505, 0.999589951,
2087.621887330, 0.997855813,
2087.642319054, 1.003407302,
2087.662750777, 0.992677662,
2087.724045948, 0.997953124,
2087.744477771, 1.000032753,
2087.764909393, 0.998414239,
2087.785341116, 1.001104689,
2087.805772938, 1.000271457,
2087.826204561, 0.999862373,
2087.846636283, 0.998927285,
2087.887499726, 0.999799789,
2087.907931447, 0.998032222,
2087.928363269, 1.003331082,
2087.948794890, 1.001724032,
2087.969226611, 0.998823479,
2088.010090051, 0.995648142,
2088.030521872, 1.001051694,
2088.050953492, 1.004462746,
2088.091817031, 1.005543207,
2088.112248751, 0.997788157,
2088.132680370, 0.998530068,
2088.153112189, 1.002854373,
2088.214407345, 0.999702349,
2088.234839064, 0.998283319,
2088.255270682, 0.997427216,
2088.275702500, 1.004405015,
2088.296134217, 1.001637299,
2088.316565835, 1.000124449,
2088.336997652, 1.003368624,
2088.357429369, 0.998352321,
2088.377861186, 1.002050205,
2088.398292803, 0.999438726,
2088.418724520, 0.997893886,
2088.439156336, 1.005548281,
2088.459587952, 0.997375611,
2088.480019668, 0.995524950,
2088.500451484, 1.004488020,
2088.520883100, 0.999644573,
2088.541314815, 1.002883805,
2088.582178345, 0.999920517,
2088.602609960, 1.002797204,
2088.623041775, 0.998666247,
2088.643473489, 1.001360906,
2088.684336918, 1.005225162,
2088.725200346, 1.001462273,
2088.745632059, 0.999837212,
2088.766063672, 0.999687025,
2088.786495485, 1.006640083,
2088.806927199, 0.998102829,
2088.827358811, 0.999787544,
2088.847790624, 1.002897913,
2088.868222336, 0.997561916,
2088.888653949, 1.001800458,
2088.909085761, 1.003012384,
2088.949949184, 1.001757840,
2088.970380896, 0.996668348,
2088.990812607, 1.001224824,
2089.011244318, 1.002293441,
2089.031676029, 1.001229718,
2089.052107740, 0.998705177,
2089.072539550, 1.002373498,
2089.092971261, 1.002373557,
2089.113402871, 0.996703571,
2089.133834681, 1.005225951,
2089.195129810, 1.000077914,
2089.215561519, 0.994310761,
2089.235993128, 1.005284171,
2089.256424937, 1.002359826,
2089.276856646, 0.999383196,
2089.297288255, 1.003966877,
2089.317720063, 1.000148745,
2089.338151771, 1.001001243,
2089.358583379, 1.002166818,
2089.379015187, 0.999876681,
2089.399446795, 1.003888051,
2089.419878602, 1.000600885,
2089.440310309, 0.998807013,
2089.460741917, 0.999123552,
2089.481173723, 1.004549880,
2089.501605430, 1.001353431,
2089.522037137, 1.000939510,
2089.542468843, 1.004731259,
2089.562900549, 0.995062175,
2089.583332255, 1.005871699,
2089.603763961, 0.999727315,
2089.624195667, 0.998899711,
2089.705922488, 0.999016777,
2089.726354292, 1.001559654,
2089.746785897, 1.003759280,
2089.767217701, 1.001110707,
2089.787649406, 0.998236428,
2089.808081010, 1.001981847,
2089.828512814, 1.001619022,
2089.848944517, 0.999217540,
2089.869376121, 1.001829623,
2089.889807924, 1.005833138,
2089.910239628, 0.998113708,
2089.930671331, 1.001195726,
2089.951103033, 1.000289035,
2089.971534736, 1.000117287,
2089.991966438, 1.005500506,
2090.012398141, 0.995684133,
2090.032829843, 1.001599123,
2090.053261545, 1.003174863,
2090.073693247, 0.998022556,
2090.094124948, 1.003800503,
2090.114556750, 1.001433917,
2090.134988351, 1.003065130,
2090.155420052, 1.002008453,
2090.175851853, 0.998840121,
2090.196283454, 0.999577252,
2090.216715154, 1.003885844,
2090.237146955, 1.002763224,
2090.257578555, 0.997565683,
2090.278010255, 1.002136269,
2090.298442055, 1.000483156,
2090.318873655, 1.000120892,
2090.339305354, 1.004643672,
2090.359737154, 0.998279589,
2090.441463849, 1.003490583,
2090.461895648, 1.001856799,
2090.482327346, 1.001661060,
2090.502759044, 1.002638887,
2090.523190742, 0.997871911,
2090.543622440, 1.003765925,
2090.564054138, 1.001135745,
2090.584485835, 1.000193815,
2090.604917533, 1.000407764,
2090.625349230, 1.006256296,
2090.645781027, 0.998846988,
2090.666212624, 0.998244046,
2090.686644320, 1.005425555,
2090.707076117, 1.000699594,
2090.727507713, 1.003817628,
2090.747939409, 1.000791027,
2090.768371205, 0.998551387,
2090.788802801, 1.003508180,
2090.809234597, 0.999845990,
2090.829666292, 1.000388706,
2090.850097888, 1.007343074,
2090.870529683, 0.998353412,
2090.890961278, 1.002791706,
2090.931824767, 0.999347056,
2090.952256362, 1.005274865,
2090.972688056, 1.000503541,
2090.993119850, 0.999300213,
2091.013551544, 0.998463390,
2091.033983138, 1.004952036,
2091.054414932, 0.998597415,
2091.074846625, 1.003825121,
2091.156573497, 0.993766414,
2091.177005090, 0.999539603,
2091.217868575, 0.999523700,
2091.238300167, 1.000601021,
2091.258731859, 1.000342486,
2091.279163651, 0.999549286,
2091.299595243, 1.004461253,
2091.320026934, 1.000667077,
2091.360890317, 1.001891751,
2091.381322008, 0.997960655,
2091.401753799, 0.999997675,
2091.422185389, 1.003629208,
2091.442617180, 1.005088776,
2091.463048870, 0.997324141,
2091.483480561, 1.004486242,
2091.503912251, 0.999362641,
2091.524343941, 1.002008981,
2091.544775630, 1.004772318,
2091.646934077, 1.003262774,
2091.667365666, 1.001813052,
2091.687797455, 1.002554787,
2091.708229143, 1.004388641,
2091.728660731, 0.998194233,
2091.749092520, 1.000011532,
2091.769524207, 1.001030655,
2091.789955995, 1.001817111,
2091.810387583, 1.000728511,
2091.830819271, 1.004518186,
2091.892114332, 1.003520890,
2091.912546119, 1.000275930,
2091.932977706, 1.008289211,
2091.953409393, 0.998442164,
2091.973841179, 0.996515020,
2091.994272866, 1.006628839,
2092.014704452, 0.999179190,
2092.035136238, 1.002018045,
2092.055567924, 1.004398752,
2092.096431295, 1.002479286,
2092.116862980, 1.000175865,
2092.137294766, 1.001855341,
2092.157726351, 1.003679376,
2092.198589820, 0.999167494,
2092.219021405, 1.002246033,
2092.239453089, 1.003269358,
2092.259884774, 0.998652159,
2092.280316458, 1.005217010,
2092.300748042, 1.003727332,
2092.321179826, 0.999608922,
2092.341611510, 1.004820318,
2092.362043193, 0.997577302,
2092.382474877, 1.002494138,
2092.402906560, 1.006538040,
2092.423338343, 0.999230422,
2092.443769926, 1.004475764,
2092.464201609, 0.998529667,
2092.484633391, 1.002708525,
2092.505065074, 1.004415819,
2092.545928439, 1.000023602,
2092.566360121, 1.002118702,
2092.627655166, 1.002097320,
2092.648086748, 1.002668976,
2092.668518529, 1.002617984,
2092.688950210, 1.004048646,
2092.709381791, 0.999159806,
2092.729813572, 1.002942774,
2092.750245253, 1.003225761,
2092.770677034, 0.994793507,
2092.791108614, 1.004418094,
2092.811540294, 1.001020587,
2092.831972075, 0.999101694,
2092.852403654, 1.004405066,
2092.872835334, 1.000213796,
2092.893267114, 1.005359283,
2092.913698694, 1.000896136,
2092.934130373, 1.002417742,
2092.954562152, 1.001077901,
2092.974993831, 1.004278335,
2092.995425411, 1.002285038,
2093.015857189, 1.002004518,
2093.036288768, 1.006701044,
2093.056720447, 0.998520493,
2093.077152225, 1.004201973,
2093.097583803, 1.002998349,
2093.118015582, 0.999894651,
2093.138447259, 1.008007206,
2093.158878837, 1.002608399,
2093.179310615, 0.998203977,
2093.199742292, 1.005089388,
2093.220173870, 0.999660821,
2093.240605647, 1.005129148,
2093.261037324, 1.004019448,
2093.281468901, 1.002537210,
2093.301900678, 1.004883162,
2093.322332355, 1.002380191,
2093.342764031, 1.001915455,
2093.363195708, 1.002918373,
2093.383627384, 1.009375941,
2093.404059160, 0.999299853,
2093.424490736, 1.001880021,
2093.465354188, 1.002006857,
2093.485785864, 1.007612293,
2093.506217439, 1.000944656,
2093.526649214, 1.003608882,
2093.547080889, 1.005947991,
2093.608375914, 1.014366419,
2093.628807489, 1.005406017,
2093.649239263, 1.006782808,
2093.669670937, 1.000498556,
2093.690102512, 1.001642923,
2093.710534286, 1.004063608,
2093.730965960, 1.003470135,
2093.751397634, 1.003098310,
2093.771829307, 1.001757397,
2093.792260881, 1.002931572,
2093.812692654, 0.997958619,
2093.833124327, 1.006897526,
2093.853556000, 1.000989357,
2093.873987674, 1.004100368,
2093.894419346, 1.005816309,
2093.914851019, 0.996318543,
2093.935282692, 1.004620522,
2093.955714364, 1.004511555,
2093.976146036, 1.001135312,
2093.996577708, 1.003537198,
2094.017009381, 1.000803663,
2094.037441152, 1.001338064,
2094.057872824, 1.002624262,
2094.078304396, 1.000165477,
2094.098736167, 1.005281901,
2094.119167839, 1.004091597,
2094.139599410, 0.999297076,
2094.160031181, 1.000444943,
2094.180462852, 1.005100580,
2094.200894423, 1.002663367,
2094.221326194, 1.000432136,
2094.241757864, 1.005361034,
2094.262189434, 0.999833540,
2094.282621205, 1.003453908,
2094.303052875, 1.002290477,
2094.323484645, 0.999079577,
2094.343916215, 1.010122117,
2094.364347885, 0.999301998,
2094.384779554, 1.002194305,
2094.405211224, 1.001783709,
2094.425642893, 1.001310552,
2094.466506232, 1.003889747,
2094.486937901, 1.001775776,
2094.507369570, 1.000109635,
2094.527801238, 1.003191354,
2094.589096244, 1.003963630,
2094.609527912, 1.001391569,
2094.629959680, 1.002567433,
2094.650391248, 1.002299965,
2094.670823016, 1.000870302,
2094.691254684, 1.009245931,
2094.711686251, 0.999438894,
2094.732118019, 1.000755904,
2094.752549686, 1.005532030,
2094.772981253, 0.998392564,
2094.793413021, 1.005114760,
2094.813844688, 1.000992053,
2094.834276254, 1.004697221,
2094.854708021, 1.003517822,
2094.875139688, 1.000162980,
2094.895571354, 1.001199333,
2094.916003020, 1.004885272,
2094.936434687, 1.004807618,
2094.956866453, 0.999339005,
2094.977298019, 1.005162972,
2094.997729685, 1.001324878,
2095.018161450, 1.000569957,
2095.038593116, 1.004757016,
2095.059024682, 1.002434368,
2095.079456447, 1.004230930,
2095.099888112, 1.005205429,
2095.120319677, 0.996417474,
2095.140751442, 1.004748555,
2095.161183007, 1.001021120,
2095.181614672, 1.001385055,
2095.202046436, 1.004893861,
2095.222478001, 0.997652386,
2095.242909765, 1.004491236,
2095.304204758, 1.001484488,
2095.324636422, 1.005811007,
2095.345067985, 1.002049527,
2095.365499749, 0.997215583,
2095.385931413, 1.003287497,
2095.406363076, 1.001554146,
2095.426794739, 1.006185984,
2095.447226403, 1.002534822,
2095.488089729, 1.003544249,
2095.508521391, 1.000104679,
2095.569816379, 1.000751964,
2095.590248142, 1.002487308,
2095.610679804, 1.001338462,
2095.631111366, 1.000697967,
2095.651543128, 1.008057487,
2095.671974790, 1.002297739,
2095.692406352, 1.002622099,
2095.712838113, 1.001623790,
2095.733269775, 1.005148683,
2095.753701336, 1.000657504,
2095.794564759, 1.005885713,
2095.814996320, 0.999389559,
2095.835428081, 1.006141703,
2095.855859742, 0.999128650,
2095.876291402, 1.001061630,
2095.896723063, 1.007375048,
2095.917154723, 1.000407388,
2095.937586384, 1.003134526,
2095.958018044, 1.002425883,
2095.998881364, 1.004869689,
2096.019313024, 1.001221454,
2096.039744684, 1.003788307,
2096.060176444, 1.004672468,
2096.080608003, 1.000609559,
2096.101039663, 0.999080359,
2096.121471422, 1.002987630,
2096.141902982, 1.006032454,
2096.162334741, 1.000990952,
2096.182766400, 1.003544332,
2096.203197959, 1.001699979,
2096.223629718, 1.001877963,
2096.244061376, 1.007013892,
2096.264492935, 0.998138672,
2096.284924693, 1.007690584,
2096.305356352, 1.003310595,
2096.325787910, 0.996420540,
2096.346219668, 1.003834557,
2096.366651326, 1.000686736,
2096.387082984, 1.003344156,
2096.407514642, 1.003416557,
2096.427946300, 1.001004288,
2096.448378057, 1.001006760,
2096.468809615, 1.002350030,
2096.550536244, 1.000521562,
2096.591399558, 1.005095234,
2096.611831214, 1.000169513,
2096.632262971, 1.006791498,
2096.652694527, 1.004429853,
2096.673126184, 0.997200584,
2096.693557940, 1.008640175,
2096.713989496, 0.999754053,
2096.734421253, 1.004068280,
2096.754852909, 1.003080794,
2096.775284465, 1.001504438,
2096.795716220, 1.003397195,
2096.816147876, 1.001482240,
2096.836579432, 1.000612840,
2096.857011187, 1.004370786,
2096.877442842, 1.006736138,
2096.897874498, 0.999525124,
2096.918306153, 1.001018360,
2096.938737808, 1.003593325,
2096.959169463, 1.000678493,
2096.979601118, 1.002553640,
2097.000032773, 1.004016209,
2097.020464527, 1.000971723,
2097.040896182, 1.007209965,
2097.061327736, 0.997519949,
2097.102191145, 1.008417814,
2097.122622699, 0.999022198,
2097.143054453, 1.004547927,
2097.163486107, 1.000540995,
2097.183917661, 1.002544093,
2097.204349415, 1.003162118,
2097.224781068, 1.001582763,
2097.245212622, 1.004127132,
2097.265644375, 1.003356463,
2097.286075929, 1.003727685,
2097.306507582, 1.000178790,
2097.326939335, 1.005349789,
2097.347370888, 1.001502171,
2097.367802641, 1.002240157,
2097.388234294, 1.002957714,
2097.408665947, 0.997276885,
2097.429097599, 1.002339699,
2097.449529252, 1.006889176,
2097.551687613, 1.004320482,
2097.572119165, 0.999026719,
2097.592550817, 1.006687068,
2097.612982569, 1.003617352,
2097.633414121, 1.001044845,
2097.653845872, 1.002120338,
2097.674277524, 1.004721177,
2097.694709075, 1.003696689,
2097.715140826, 1.001359233,
2097.735572478, 1.008183340,
2097.756004029, 1.000411564,
2097.776435780, 1.003000827,
2097.796867431, 1.003582188,
2097.817298981, 1.000812183,
2097.837730732, 1.008771861,
2097.858162383, 1.002157725,
2097.878594033, 0.999945244,
2097.899025684, 1.006116829,
2097.919457334, 0.999749286,
2097.939888984, 1.002351744,
2097.960320635, 1.004417076,
2098.021615585, 1.000359203,
2098.062478884, 1.003290940,
2098.082910534, 1.006866437,
2098.103342183, 1.001753936,
2098.123773933, 1.000712589,
2098.144205482, 1.003642465,
2098.164637131, 0.999951223,
2098.185068881, 1.007978359,
2098.205500430, 1.000734062,
2098.266795376, 0.999300449,
2098.287227125, 1.002579374,
2098.307658774, 1.004739785,
2098.328090322, 1.003316473,
2098.348522071, 1.003731941,
2098.368953719, 1.001451963,
2098.389385367, 1.001246913,
2098.409817016, 1.006374913,
2098.430248664, 1.002531017,
2098.450680312, 1.003684359,
2098.471111960, 1.005357826,
2098.491543608, 1.004515053,
2098.511975355, 0.998564334,
2098.552838551, 1.004870381,
2098.573270298, 1.002141606,
2098.593701946, 1.007604343,
2098.614133493, 0.998006544,
2098.634565240, 1.007740843,
2098.654996787, 1.004495245,
2098.675428434, 1.002004152,
2098.695860181, 1.006521569,
2098.716291728, 1.001768056,
2098.736723375, 1.001629935,
2098.757155122, 1.002240971,
2098.777586669, 1.001163494,
2098.798018415, 1.004390884,
2098.818450062, 1.006648890,
2098.838881608, 1.003430922,
2098.859313354, 1.002027109,
2098.879745001, 1.004381687,
2098.900176547, 1.004641873,
2098.920608293, 1.002489425,
2098.941039939, 1.005800686,
2098.961471585, 1.000655477,
2098.981903230, 1.006071027,
2099.002334876, 1.004137501,
2099.022766522, 0.999363110,
2099.043198268, 1.011438273,
2099.063629813, 1.003631162,
2099.084061558, 1.002887355,
2099.104493204, 1.002537040,
2099.124924749, 1.000634692,
2099.145356494, 1.007131969,
2099.165788139, 1.002093482,
2099.186219684, 1.002443510,
2099.206651429, 1.005507797,
2099.227083074, 1.003483090,
2099.247514619, 1.000696652,
2099.267946364, 1.004332396,
2099.288378008, 1.009001889,
2099.308809553, 1.001921924,
2099.329241297, 1.004150714,
2099.349672942, 1.004325546,
2099.370104586, 1.001213957,
2099.390536230, 1.008589919,
2099.410967875, 1.001780484,
2099.431399519, 1.003455132,
2099.492694450, 1.007614803,
2099.513126094, 1.003137988,
2099.533557738, 1.003745128,
2099.553989382, 1.006169300,
2099.574421025, 1.002157709,
2099.594852769, 1.002504848,
2099.615284412, 1.003729680,
2099.635715955, 1.006935530,
2099.656147699, 1.001753548,
2099.676579342, 1.006218426,
2099.697010885, 1.004698358,
2099.717442628, 1.002151221,
2099.737874271, 1.005120500,
2099.758305814, 1.002383517,
2099.778737557, 1.006318426,
2099.799169199, 1.007018977,
2099.819600742, 0.998576511,
2099.860464127, 1.004058786,
2099.880895870, 1.001220069,
2099.901327412, 1.006069168,
2099.921759054, 1.000305322,
2099.983053981, 1.002914250,
2100.003485723, 1.005462177,
2100.023917265, 1.006831637,
2100.044348907, 1.003923242,
2100.064780548, 1.000003568,
2100.085212190, 1.007914455,
2100.105643832, 0.999748968,
2100.126075573, 1.005815968,
2100.146507115, 1.005706491,
2100.166938856, 1.001181394,
2100.187370498, 1.005384694,
2100.207802039, 1.001698951,
2100.228233780, 1.002432516,
2100.248665422, 1.008037639,
2100.269096963, 1.003383020,
2100.289528704, 1.004219125,
2100.309960345, 1.003595363,
2100.330391886, 0.998166199,
2100.350823627, 1.006713827,
2100.371255267, 1.004997246,
2100.391686808, 1.003862988,
2100.412118549, 1.003623269,
2100.432550189, 1.006371147,
2100.452981930, 1.002993907,
2100.473413470, 1.002672349,
2100.493845111, 1.008089006,
2100.514276851, 1.000995550,
2100.534708391, 1.007098306,
2100.555140032, 1.000004835,
2100.575571772, 1.004447103,
2100.596003412, 1.009466323,
2100.616434952, 1.000914068,
2100.636866692, 1.005903190,
2100.657298331, 1.005722587,
2100.677729871, 1.000939873,
2100.698161611, 1.002895755,
2100.718593251, 1.003520075,
2100.759456530, 1.006058039,
2100.779888169, 1.000937002,
2100.800319809, 1.002980546,
2100.820751448, 1.004221788,
2100.841182988, 1.006507290,
2100.861614727, 1.003542464,
2100.882046366, 1.006770128,
2100.902477905, 1.003167839,
2100.922909644, 1.001335243,
2100.943341283, 1.007669583,
2100.963772922, 1.000175703,
2100.984204561, 1.008226921,
2101.004636200, 1.007032040,
2101.025067939, 1.000560472,
2101.045499477, 1.006225160,
2101.065931116, 1.002662454,
2101.086362855, 1.006136582,
2101.106794493, 1.006843528,
2101.127226032, 1.002020411,
2101.147657770, 1.003326610,
2101.168089408, 1.004438252,
2101.188520947, 1.002325396,
2101.208952685, 1.003093468,
2101.229384323, 1.008575456,
2101.249816061, 1.005479041,
2101.270247599, 1.001513955,
2101.290679237, 1.005024708,
2101.311110975, 1.002253105,
2101.331542513, 1.006851792,
2101.351974151, 1.005814142,
2101.372405889, 0.999239976,
2101.392837426, 1.009300592,
2101.454132339, 1.009132670,
2101.474563977, 1.003136740,
2101.494995614, 1.005622031,
2101.515427252, 1.002291815,
2101.535858989, 1.003951490,
2101.556290526, 1.004225482,
2101.576722164, 1.007198073,
2101.597153901, 1.004669629,
2101.617585438, 1.005592754,
2101.638017075, 1.006029397,
2101.658448812, 1.003015110,
2101.678880449, 1.006855919,
2101.699311986, 1.006969189,
2101.719743723, 1.003977003,
2101.740175360, 1.009265358,
2101.760606896, 1.001258300,
2101.781038633, 1.001738371,
2101.801470270, 1.010799578,
2101.821902006, 1.003081721,
2101.842333543, 1.007605199,
2101.862765179, 1.003764355,
2101.883196916, 1.003725422,
2101.903628452, 1.007328769,
2101.924060089, 1.002475526,
2101.944491825, 1.006921608,
2101.964923361, 1.007019099,
2101.985354997, 1.007402987,
2102.005786733, 1.001130782,
2102.026218270, 1.008628135,
2102.046650006, 1.007881977,
2102.067081642, 1.005175875,
2102.087513278, 1.008300679,
2102.107944914, 1.002815947,
2102.128376549, 1.005994365,
2102.148808185, 1.007978389,
2102.169239821, 1.002567926,
2102.189671457, 1.009388424,
2102.210102992, 1.008696378,
2102.230534728, 1.002524139,
2102.250966364, 1.008734247,
2102.271397899, 1.003120701,
2102.291829635, 1.006284192,
2102.312261270, 1.007400682,
2102.332693006, 1.004621857,
2102.353124541, 1.006577042,
2102.373556176, 1.005168913,
2102.393987911, 1.008192054,
2102.414419447, 1.005270992,
2102.434851082, 1.010777864,
2102.455282817, 1.005373650,
2102.475714352, 1.008773334,
2102.496145987, 1.006516955,
2102.516577722, 1.002384228,
2102.537009257, 1.011926806,
2102.577872627, 1.002513721,
2102.598304262, 1.009323023,
2102.618735896, 1.005736374,
2102.639167531, 1.006135886,
2102.659599166, 1.007150430,
2102.680030801, 1.004125909,
2102.700462435, 1.010046920,
2102.720894070, 1.002513087,
2102.741325804, 1.002622790,
2102.761757339, 1.006469927,
2102.782188973, 1.009281197,
2102.802620608, 1.005099587,
2102.823052242, 1.005396938,
2102.843483976, 1.009336267,
2102.863915611, 1.002035172,
2102.884347145, 1.009933347,
2102.904778879, 1.005052087,
2102.945642048, 1.009805965,
2102.966073782, 1.001395144,
2102.986505316, 1.006046655,
2103.006936950, 1.009403344,
2103.027368684, 1.004915964,
2103.047800218, 1.009511452,
2103.068231852, 1.003928647,
2103.088663585, 1.003901777,
2103.109095219, 1.008316401,
2103.149958487, 1.005435311,
2103.170390121, 1.006693808,
2103.190821754, 1.008664809,
2103.211253388, 1.002843256,
2103.231685022, 1.004749764,
2103.252116655, 1.005650791,
2103.272548289, 1.006313955,
2103.292979922, 1.011150367,
2103.313411656, 1.000510355,
2103.333843189, 1.006023182,
2103.354274822, 1.007139254,
2103.415569822, 1.006888716,
2103.436001456, 1.006848900,
2103.456432989, 1.004148802,
2103.476864722, 1.003042052,
2104.089813704, 1.010769089,
2104.110245436, 1.007336245,
2104.130677068, 1.006489791,
2104.151108801, 1.013678243,
2104.171540333, 1.003120074,
2104.191971965, 1.009597928,
2104.212403597, 1.008530885,
2104.232835229, 1.006223562,
2104.253266862, 1.010615280,
2104.273698494, 1.003678477,
2104.294130126, 1.007195102,
2104.314561758, 1.006413386,
2104.334993490, 1.009287389,
2104.396288386, 1.010124502,
2104.416719918, 1.006149358,
2104.437151649, 1.010381138,
2104.457583281, 1.005214791,
2104.478014813, 1.008702813,
2104.498446545, 1.010394880,
2104.518878177, 1.002994451,
2104.539309709, 1.007023878,
2104.559741440, 1.008597318,
2104.580173072, 1.005394964,
2104.641467967, 1.009570336,
2104.661899699, 1.008323922,
2104.682331230, 1.003937872,
2104.702762862, 1.006757574,
2104.723194594, 1.009970072,
2104.743626125, 1.008858809,
2104.764057757, 1.002945737,
2104.784489488, 1.010694853,
2104.825352651, 1.009043411,
2104.886647646, 1.011897992,
2104.907079277, 1.005002257,
2104.927510909, 1.004080265,
2104.947942540, 1.012845146,
2105.009237434, 1.007888020,
2105.029669066, 1.004987145,
2105.131827222, 1.007488664,
2105.152258853, 1.007193858,
2105.172690584, 1.006664521,
2105.193122116, 1.010498111,
2105.213553747, 1.005735794,
2105.233985478, 1.010452232,
2105.254417009, 1.005997269,
2105.274848640, 1.003529944,
2105.295280371, 1.013330104,
2105.397438527, 1.008793002,
2105.417870158, 1.006106457,
2105.438301789, 1.007578318,
2105.458733520, 1.011177914,
2105.479165051, 1.006834500,
2105.499596682, 1.004360250,
2105.520028413, 1.010012514,
2105.540459944, 1.008276212,
2105.560891575, 1.006681900,
2105.581323306, 1.010381123,
2105.601754837, 1.011320415,
2105.642618199, 1.010413944,
2105.683481461, 1.011144445,
2105.703912992, 1.011582908,
2105.724344623, 1.001973125,
2105.744776354, 1.010088848,
2105.765207885, 1.007526631,
2105.785639516, 1.008102251,
2105.806071246, 1.010629095,
2105.867366139, 1.006902570,
2105.887797770, 1.007118088,
2105.908229401, 1.006594691,
2105.928661032, 1.010148435,
2105.949092663, 1.009388569,
2105.969524393, 1.006488881,
2105.989955924, 1.007520753,
2106.010387555, 1.005199518,
2106.030819286, 1.011095061,
2106.051250817, 1.011179258,
2106.112545709, 1.005544868,
2106.132977440, 1.004312990,
2106.153409071, 1.011283309,
2106.173840601, 1.007474732,
2106.194272332, 1.012207256,
2106.214703963, 1.005762112,
2106.235135494, 1.006104487,
2106.255567224, 1.008495102,
2106.275998855, 1.009766139,
2106.296430486, 1.005363572,
2106.357725378, 1.005330386,
2106.378157009, 1.008250722,
2106.398588640, 1.010024346,
2106.419020271, 1.008453038,
2106.439451901, 1.010799975,
2106.459883532, 1.004840159,
2106.480315163, 1.003988009,
2106.500746794, 1.012967400,
2106.602905047, 1.010929850,
2106.623336578, 1.005633624,
2106.643768309, 1.010407495,
2106.664199940, 1.007463380,
2106.684631470, 1.009066430,
2106.705063201, 1.003581274,
2106.725494832, 1.009007667,
2106.745926363, 1.010185064,
2106.766358094, 1.007978131,
2106.786789724, 1.010827828,
2106.848084617, 1.010775628,
2106.868516348, 1.002237964,
2106.888947878, 1.010292642,
2106.909379509, 1.011264728,
2106.929811240, 1.005740907,
2106.950242771, 1.008508544,
2106.970674402, 1.005618366,
2106.991106132, 1.010342193,
2107.011537763, 1.009863499,
2107.031969394, 1.005703043,
2107.093264287, 1.005867123,
2107.113695918, 1.007029668,
2107.134127448, 1.013075526,
2107.154559179, 1.008737050,
2107.195422341, 1.010304927,
2107.236285703, 1.012269931,
2107.256717434, 1.006146341,
2107.277148965, 1.007396205,
2107.358875488, 1.009611746,
2107.379307219, 1.005710008,
2107.399738750, 1.010537846,
2107.420170381, 1.008237078,
2107.440602112, 1.005961043,
2107.461033743, 1.006474251,
2107.481465374, 1.007992160,
2107.501897005, 1.009022633,
2107.522328637, 1.007989717,
2107.542760268, 1.011353917,
2107.563191899, 1.004865939,
2107.583623530, 1.010280100,
2107.604055261, 1.006960600,
2107.624486792, 1.006897863,
2107.644918423, 1.016117153,
2107.685781685, 1.006918164,
2107.706213417, 1.009084590,
2107.726644948, 1.007915446,
2107.747076579, 1.009683995,
2107.828803204, 1.006310465,
2107.849234735, 1.006731502,
2107.869666366, 1.010942803,
2107.890098098, 1.008201011,
2107.910529629, 1.004898869,
2107.930961260, 1.007472977,
2107.951392992, 1.009968695,
2107.971824523, 1.006592854,
2107.992256254, 1.015601598,
2108.094414411, 1.013323080,
2108.114846043, 1.006487870,
2108.135277674, 1.008963966,
2108.155709306, 1.009556602,
2108.176141037, 1.006128219,
2108.196572569, 1.009221532,
2108.217004300, 1.012028200,
2108.237435932, 1.007592707,
2108.319162359, 1.007368640,
2108.339594090, 1.010289945,
2108.360025722, 1.008985497,
2108.380457254, 1.008896456,
2108.400888985, 1.008629490,
2108.421320617, 1.003310534,
2108.441752249, 1.013941197,
2108.462183881, 1.007923369,
2108.482615413, 1.005982813,
2108.584773672, 1.009294499,
2108.605205304, 1.009609870,
2108.625636936, 1.009228688,
2108.646068568, 1.005532355,
2108.666500300, 1.007376882,
2108.707363464, 1.008049686,
2108.727795196, 1.009168613,
2108.809521725, 1.007806139,
2108.829953257, 1.006671117,
2108.850384990, 1.012102388,
2108.870816622, 1.004193936,
2108.891248354, 1.007995005,
2108.932111519, 1.008440266,
2108.972974784, 1.008845066,
2108.993406416, 1.006294185,
2109.054701314, 1.005710356,
2109.075133046, 1.010587670,
2109.156859477, 1.005699430,
2109.177291209, 1.012000660,
2109.197722742, 1.013387849,
2109.218154375, 1.011143828,
2109.299881006, 1.011172740,
2109.320312639, 1.008962375,
2109.340744372, 1.008941983,
2109.361175905, 1.009036556,
2109.381607538, 1.005595208,
2109.402039271, 1.010083677,
2109.422470804, 1.008309233,
2109.463334171, 1.006990773,
2109.483765704, 1.009216112,
2109.565492337, 1.004071521,
2109.585923970, 1.014206993,
2109.606355504, 1.007280173,
2109.626787237, 1.004428943,
2109.647218870, 1.011192393,
2109.667650504, 1.008674798,
2109.688082137, 1.009548141,
2109.708513771, 1.009562784,
2109.728945405, 1.004920098,
2109.790240306, 1.007534251,
2109.810672039, 1.010673488,
2109.851535307, 1.005953134,
2109.871966841, 1.005039943,
2109.892398475, 1.012612704,
2109.912830209, 1.007219607,
2109.933261743, 1.010739699,
2109.953693377, 1.010117915,
2109.974125111, 1.005565943,
2110.035420013, 1.010701157,
2110.055851547, 1.011705552,
2110.076283281, 1.006336044,
2110.096714916, 1.010209075,
2110.117146450, 1.007712614,
2110.137578184, 1.009025474,
2110.158009819, 1.010577823,
2110.178441453, 1.010775824,
2110.198873088, 1.008419843,
2110.280599626, 1.008944112,
2110.301031361, 1.009326761,
2110.321462995, 1.005965842,
2110.341894530, 1.012424824,
2110.362326265, 1.004002951,
2110.382757900, 1.010872762,
2110.403189535, 1.014737244,
2110.444052805, 1.010526770,
2110.505347610, 1.010069140,
2110.525779345, 1.008441406,
2110.546210980, 1.011332074,
2110.566642516, 1.010836870,
2110.587074251, 1.007173461,
2110.607505886, 1.007496703,
2110.627937622, 1.011825231,
2110.668800793, 1.006463993,
2110.770958971, 1.006364060,
2110.791390606, 1.014335126,
2110.852685614, 1.013371962,
2110.873117250, 1.009149003,
2110.893548886, 1.011314135,
2110.913980522, 1.008655073,
2110.934412158, 1.008328432,
2110.995707067, 1.010097164,
2111.036570439, 1.011226943,
2111.057001976, 1.006051974,
2111.077433712, 1.008849140,
2111.097865349, 1.008960530,
2111.118296885, 1.007692320,
2111.138728622, 1.014788624,
2111.159160159, 1.007127484,
2111.281749980, 1.006496559,
2111.302181717, 1.011476222,
2111.322613354, 1.005376926,
2111.343044891, 1.011701723,
2111.363476628, 1.012851868,
2111.383908265, 1.011658874,
2111.404339903, 1.006454194,
2111.424771540, 1.008082206,
2111.445203178, 1.011709543,
2111.526929828, 1.009124705,
2111.547361465, 1.012513032,
2111.567793003, 1.005243326,
2111.588224741, 1.012500270,
2111.608656379, 1.011878358,
2111.629087917, 1.008374859,
2111.649519655, 1.010810330,
2111.669951293, 1.006437463,
2111.690383031, 1.009108880,
2111.751677945, 1.010537696,
2111.772109484, 1.010505993,
2111.792541122, 1.009903632,
2111.812972761, 1.006169775,
2111.833404399, 1.012023864,
2111.853836038, 1.011059541,
2111.874267676, 1.007539852,
2111.894699315, 1.010166524,
2111.915131054, 1.005339569,
2111.935562592, 1.014606009,
2112.037720887, 1.009785944,
2112.058152526, 1.010470110,
2112.078584166, 1.008569575,
2112.099015805, 1.012150053,
2112.119447444, 1.009866375,
2112.139879084, 1.005930381,
2112.160310723, 1.011289961,
2112.180742363, 1.010036605,
2112.242037282, 1.011172428,
2112.262469021, 1.006474506,
2112.282900561, 1.010014247,
2112.303332301, 1.009314352,
2112.323763941, 1.006129087,
2112.344195481, 1.017434532,
2112.364627221, 1.006781708,
2112.385058862, 1.009548277,
2112.405490402, 1.010702975,
2112.425922142, 1.008282380,
2112.507648704, 1.011091090,
2112.528080345, 1.010224657,
2112.548511985, 1.006937739,
2112.568943626, 1.012297434,
2112.589375267, 1.011966832,
2112.609806908, 1.007218333,
2112.630238549, 1.006957147,
2112.650670190, 1.009610712,
2112.671101831, 1.009268396,
2112.752828496, 1.012755647,
2112.773260138, 1.003230071,
2112.793691679, 1.013763952,
2112.814123421, 1.010016045,
2112.834555063, 1.009612067,
2112.854986604, 1.011036450,
2112.895849988, 1.011402331,
2112.957144914, 1.007753032,
2112.977576656, 1.010972617,
2112.998008199, 1.007897736,
2113.018439841, 1.007065012,
2113.038871583, 1.011973006,
2113.059303126, 1.007089069,
2113.100166511, 1.010710503,
2113.120598054, 1.005205502,
2113.161461439, 1.009817071,
2113.243187911, 1.011580592,
2113.263619654, 1.009574807,
2113.284051298, 1.007322882,
2113.304482941, 1.012974240,
2113.324914585, 1.011492776,
2113.345346228, 1.008156795,
2113.365777972, 1.006615225,
2113.386209515, 1.013483194,
2113.447504447, 1.008984963,
2113.467936091, 1.007709259,
2113.488367835, 1.012231944,
2113.508799379, 1.008744191,
2113.529231123, 1.010107497,
2113.549662767, 1.015705400,
2113.570094312, 1.005860564,
2113.590526056, 1.008960313,
2113.610957701, 1.010751258,
2113.631389245, 1.006471573,
2113.651820990, 1.012852931,
2113.692684180, 1.010194504,
2113.713115925, 1.009424296,
2113.733547569, 1.009803357,
2113.753979315, 1.009212050,
2113.774410860, 1.010342469,
2113.794842505, 1.012615654,
2113.815274150, 1.005975103,
2113.835705896, 1.011815796,
2113.876569187, 1.009843386,
2113.937864124, 1.011050534,
2113.978727416, 1.006792699,
2113.999159062, 1.012269213,
2114.040022354, 1.009728940,
2114.060454001, 1.010872776,
2114.080885547, 1.004588278,
2114.101317294, 1.009798242,
2114.121748940, 1.011706868,
2114.203475627, 1.010953567,
2114.223907174, 1.006216592,
2114.244338821, 1.013624415,
2114.264770569, 1.006605425,
2114.285202116, 1.015123269,
2114.305633863, 1.009572709,
2114.366928806, 1.009208254,
2114.428223749, 1.007938079,
2114.448655397, 1.009035259,
2114.469087045, 1.010898135,
2114.489518693, 1.009381017,
2114.509950342, 1.011680775,
2114.530382090, 1.010680776,
2114.550813638, 1.008055857,
2114.571245287, 1.008023340,
2114.591677035, 1.010508850,
2114.673403531, 1.005775093,
2114.693835180, 1.016535602,
2114.714266929, 1.007343110,
2114.734698478, 1.009690610,
2114.755130227, 1.014094287,
2114.775561877, 1.007757978,
2114.816425176, 1.007001096,
2114.836856826, 1.010112019,
2114.857288375, 1.012234732,
2114.877720125, 1.011085602,
2114.939015075, 1.006467197,
2114.959446726, 1.005412678,
2114.979878476, 1.011354259,
2115.000310026, 1.011325129,
2115.061605078, 1.006527410,
2115.082036629, 1.009598293,
2115.102468380, 1.014771169,
2115.122900031, 1.006619221,
2115.184194985, 1.007501675,
2115.204626636, 1.012272610,
2115.225058288, 1.007989295,
2115.245489939, 1.012040840,
2115.265921591, 1.010108186,
2115.286353243, 1.009618257,
2115.306784995, 1.006276940,
2115.327216547, 1.011628864,
2115.347648199, 1.011385202,
2115.368079951, 1.009999341,
2115.408943155, 1.007357019,
2115.429374908, 1.009649770,
2115.449806461, 1.009996834,
2115.470238113, 1.005501423,
2115.490669866, 1.013084137,
2115.511101419, 1.011757506,
2115.531533172, 1.004107096,
2115.551964825, 1.013367877,
2115.572396478, 1.009090354,
2115.592828131, 1.013018476,
2115.613259785, 1.008372434,
2115.654123092, 1.011492183,
2115.674554746, 1.008968434,
2115.694986399, 1.009866564,
2115.715418153, 1.009462393,
2115.735849707, 1.013643743,
2115.756281461, 1.006211266,
2115.797144670, 1.011771289,
2115.817576424, 1.007169547,
2115.838008079, 1.013708777,
2115.858439633, 1.008726189,
2115.899303043, 1.013123055,
2115.919734698, 1.007297826,
2115.940166353, 1.011242518,
2115.960597908, 1.013209699,
2115.981029663, 1.007554296,
2116.001461319, 1.012924481,
2116.021892874, 1.006694435,
2116.042324630, 1.007200731,
2116.062756286, 1.013018544,
2116.083187941, 1.010255009,
2116.144483009, 1.013009762,
2116.164914566, 1.007325969,
2116.185346222, 1.012976785,
2116.205777978, 1.007722279,
2116.226209635, 1.010176846,
2116.246641192, 1.012385010,
2116.267072948, 1.004437549,
2116.287504605, 1.012691926,
2116.307936262, 1.013902931,
2116.328367919, 1.008185675,
2116.348799576, 1.010121715,
2116.389662891, 1.009338475,
2116.410094549, 1.011178969,
2116.430526306, 1.008585897,
2116.450957864, 1.011026284,
2116.471389522, 1.010955570,
2116.491821280, 1.007702026,
2116.512252838, 1.008351887,
2116.532684596, 1.011960481,
2116.553116255, 1.009908781,
2116.573547813, 1.008287034,
2116.634842789, 1.012021496,
2116.696137866, 1.014787306,
2116.716569525, 1.007576471,
2116.737001084, 1.010178885,
2116.757432844, 1.009168841,
2116.777864503, 1.005961807,
2116.818727823, 1.009439792,
2116.839159483, 1.013578783,
2116.900454463, 1.009564000,
2116.920886224, 1.009641938,
2116.941317884, 1.011952498,
2116.961749445, 1.009301396,
2116.982181205, 1.007252006,
2117.023044427, 1.007305658,
2117.043476188, 1.015967472,
2117.063907849, 1.006671784,
2117.084339611, 1.008451283,
2117.145634595, 1.014265080,
2117.166066157, 1.009126337,
2117.186497819, 1.010134083,
2117.206929481, 1.007896144,
2117.227361143, 1.008743356,
2117.247792806, 1.008097416,
2117.268224468, 1.010979020,
2117.288656130, 1.012083215,
2117.309087893, 1.009424476,
2117.390814445, 1.012763336,
2117.411246108, 1.008034019,
2117.431677871, 1.006928029,
2117.452109535, 1.014323358,
2117.472541198, 1.003580461,
2117.492972862, 1.013432459,
2117.513404526, 1.009853083,
2117.533836190, 1.010784333,
2117.554267854, 1.012406663,
2117.574699518, 1.006008334,
2117.595131283, 1.010261728,
2117.615562847, 1.010652674,
2117.635994512, 1.010199830,
2117.656426276, 1.007752956,
2117.676857841, 1.013000860,
2117.697289606, 1.009827919,
2117.717721271, 1.005797765,
2117.738152836, 1.011221920,
2117.758584602, 1.009723807,
2117.779016267, 1.008930193,
2117.799447833, 1.008708826,
2117.881174596, 1.006428301,
2117.901606263, 1.014762232,
2117.922037929, 1.007530960,
2117.942469595, 1.010715917,
2117.962901262, 1.009641289,
2118.003764596, 1.012699308,
2118.024196263, 1.010287554,
2118.044627930, 1.008160978,
2118.065059597, 1.006087793,
2118.105923032, 1.009530967,
2118.126354600, 1.012118589,
2118.167218035, 1.005634071,
2118.187649603, 1.012943082,
2118.208081371, 1.006751133,
2118.228513040, 1.008046657,
2118.248944608, 1.015088160,
2118.269376377, 1.008636340,
2118.289808045, 1.008228139,
2118.351103052, 1.014397375,
2118.371534821, 1.008127930,
2118.391966391, 1.008269388,
2118.432829830, 1.007952362,
2118.453261400, 1.007499976,
2118.473693170, 1.011197294,
2118.494124840, 1.014249620,
2118.514556410, 1.007258453,
2118.596283192, 1.014465460,
2118.678009876, 1.006609943,
2118.698441547, 1.012990543,
2118.718873219, 1.011499196,
2118.739304890, 1.009902505,
2118.780168234, 1.006153665,
2118.800599906, 1.007404326,
2118.841463251, 1.010868965,
2118.861895023, 1.007955159,
2118.882326696, 1.009569160,
2118.902758268, 1.011583238,
2118.923190041, 1.007958132,
2119.004916734, 1.010832559,
2119.107075104, 1.011849062,
2119.127506778, 1.009499230,
2119.147938552, 1.010176447,
2119.168370127, 1.008266116,
2119.188801802, 1.008283709,
2119.209233576, 1.010510933,
2119.229665151, 1.011161825,
2119.250096927, 1.006758816,
2119.290960277, 1.009569303,
2119.352255204, 1.010591949,
2119.372686980, 1.003186221,
2119.393118657, 1.014691050,
2119.413550433, 1.006435747,
2119.433982009, 1.008066934,
2119.454413686, 1.013923725,
2119.474845463, 1.005802256,
2119.495277039, 1.013940199,
2119.515708716, 1.007402051,
2119.536140494, 1.008981369,
2119.577003748, 1.011313480,
2119.597435526, 1.006715744,
2119.617867104, 1.009451048,
2119.638298882, 1.010877791,
2119.658730560, 1.007477743,
2119.679162138, 1.008368303,
2119.699593916, 1.011262632,
2119.720025595, 1.009430813,
2119.740457273, 1.011275043,
2119.760888952, 1.003630115,
2119.781320631, 1.009224156,
2119.822183989, 1.005568490,
2119.842615669, 1.010174037,
2119.863047448, 1.010082804,
2119.883479128, 1.008506236,
2119.903910708, 1.011550706,
2119.924342388, 1.007833914,
2119.944774068, 1.012913656,
2119.965205748, 1.010650368,
2119.985637528, 1.006520691,
2120.067364152, 1.007367012,
2120.087795933, 1.012422129,
2120.108227614, 1.007552035,
2120.128659196, 1.008003388,
2120.149090977, 1.012124390,
2120.169522659, 1.006437020,
2120.189954441, 1.012002555,
2120.210386023, 1.009836405,
2120.230817705, 1.005171525,
2120.251249488, 1.011611086,
2120.271681070, 1.008541792,
2120.312544536, 1.011847136,
2120.332976119, 1.004480850,
2120.353407802, 1.011989224,
2120.373839585, 1.007510170,
2120.394271169, 1.009015364,
2120.414702953, 1.007526946,
2120.435134636, 1.013846311,
2120.455566320, 1.008803801,
2120.475998004, 1.007718886,
2120.496429689, 1.010799330,
2120.516861373, 1.007890009,
2120.557724743, 1.006184137,
2120.578156527, 1.007156214,
2120.598588113, 1.013300563,
2120.619019798, 1.006928394,
2120.639451583, 1.008857332,
2120.659883169, 1.012768698,
2120.680314854, 1.009165371,
2120.741609912, 1.004145305,
2120.762041699, 1.011588145,
2120.802905072, 1.008502042,
2120.823336759, 1.007273376,
2120.864200133, 1.006410786,
2120.905063408, 1.009433052,
2120.925495195, 1.006793343,
2120.945926883, 1.010496973,
2121.088948802, 1.005151369,
2121.109380491, 1.008877425,
2121.150243870, 1.007599640,
2121.170675559, 1.011349282,
2121.191107249, 1.008060660,
2121.211538939, 1.006586630,
2121.231970629, 1.009963291,
2121.252402319, 1.012007552,
2121.272834009, 1.006535927,
2121.293265700, 1.013019967,
2121.313697391, 1.005256716,
2121.334129082, 1.011774638,
2121.354560873, 1.010498662,
2121.374992464, 1.004413107,
2121.395424155, 1.015220728,
2121.415855947, 1.007358859,
2121.436287539, 1.008319185,
2121.456719230, 1.009852232,
2121.477151022, 1.008519836,
2121.497582615, 1.010664595,
2121.538446100, 1.006058803,
2121.558877692, 1.008511943,
2121.579309485, 1.008797774,
2121.599741178, 1.008277086,
2121.620172872, 1.009448603,
2121.640604565, 1.009575703,
2121.661036259, 1.007882422,
2121.681467952, 1.008236052,
2121.701899646, 1.010180874,
2121.722331340, 1.003668832,
2121.742763135, 1.015781961,
2121.783626424, 1.006563273,
2121.804058218, 1.011704623,
2121.824489913, 1.005858925,
2121.844921508, 1.012036862,
2121.865353304, 1.008878331,
2121.885784999, 1.008608038,
2121.926648391, 1.007000914,
2121.947080087, 1.005928409,
2121.967511783, 1.011138758,
2122.049238569, 1.007294833,
2122.069670166, 1.007983642,
2122.090101963, 1.011850762,
2122.130965458, 1.010310235,
2122.151397056, 1.010938176,
2122.171828754, 1.003622480,
2122.192260552, 1.009125408,
2122.212692150, 1.011817768,
2122.273987346, 0.999194983,
2122.294418945, 1.006287683,
2122.314850744, 1.008979453,
2122.335282443, 1.009638529,
2122.355714143, 1.007957176,
2122.376145842, 1.007888036,
2122.396577542, 1.009440181,
2122.417009242, 1.004731963,
2122.437440943, 1.011616897,
2122.457872643, 1.009200573,
2122.478304443, 1.010688984,
2122.519167845, 1.004515012,
2122.580462949, 1.004496870,
2122.600894651, 1.012336416,
2122.641758054, 1.008924750,
2122.703053161, 1.014948989,
2122.723484764, 1.012040041,
2122.784779873, 1.009218659,
2122.805211677, 1.006904750,
2122.825643380, 1.008882513,
2122.846075084, 1.013513849,
2122.866506788, 1.006447594,
2122.886938492, 1.011559252,
2122.907370297, 1.006665388,
2122.927802001, 1.006839271,
2122.948233606, 1.013345011,
2122.968665411, 1.007328300,
2123.029960527, 1.006846563,
2123.050392233, 1.011451494,
2123.070824038, 1.011290411,
2123.091255644, 1.005962919,
2123.111687351, 1.010965154,
2123.132119157, 1.007026587,
2123.152550764, 1.009046078,
2123.172982470, 1.007755896,
2123.234277592, 1.011449632,
2123.275141007, 1.007743595,
2123.295572815, 1.015047917,
2123.316004423, 1.003415845,
2123.336436131, 1.011275741,
2123.356867940, 1.011351792,
2123.377299548, 1.004622696,
2123.397731257, 1.007459157,
2123.418163066, 1.008580848,
2123.438594676, 1.009915417,
2123.499889904, 1.008497603,
2123.520321614, 1.010439165,
2123.540753325, 1.007067941,
2123.561185035, 1.008609966,
2123.581616745, 1.010254856,
2123.602048456, 1.009099591,
2123.622480267, 1.005021125,
2123.642911978, 1.012078739,
2123.663343590, 1.006213602,
2123.683775401, 1.011159160,
2123.704207113, 1.011173482,
2123.745070537, 1.010749161,
2123.765502249, 1.007311631,
2123.785933862, 1.007858006,
2123.806365674, 1.010898024,
2123.826797387, 1.007173546,
2123.847229200, 1.010148283,
2123.867660813, 1.009285776,
2123.888092527, 1.006453568,
2123.908524241, 1.009732491,
2123.949387669, 1.008102356,
2123.990251097, 1.009364227,
2124.010682912, 1.008919537,
2124.031114527, 1.010441324,
2124.051546242, 1.011142540,
2124.071978057, 1.004826929,
2124.092409672, 1.012711372,
2124.112841388, 1.005619112,
2124.133273204, 1.005361948,
2124.153704920, 1.014750331,
2124.174136536, 1.005685200,
2124.194568352, 1.009000344,
2124.235431786, 1.008442220,
2124.255863503, 1.010760638,
2124.276295220, 1.009239062,
2124.296727037, 1.009242775,
2124.317158655, 1.009222762,
2124.337590373, 1.009170224,
2124.358022191, 1.005139324,
2124.378453809, 1.009821236,
2124.398885627, 1.010386983,
2124.419317346, 1.007739036,
2124.439748965, 1.010898583,
2124.480612503, 1.005849606,
2124.501044122, 1.012022601,
2124.521475942, 1.005993343,
2124.541907662, 1.008959702,
2124.562339382, 1.008083965,
2124.582771102, 1.005094093,
2124.603202822, 1.012343296,
2124.623634543, 1.004701786,
2124.644066264, 1.011775851,
2124.664497985, 1.011491884,
2124.746224871, 1.009580205,
2124.766656593, 1.006024638,
2124.787088415, 1.012201584,
2124.807520138, 1.006324284,
2124.827951760, 1.010245503,
2124.848383583, 1.008301870,
2124.868815306, 1.005155403,
2124.889246930, 1.012564244,
2124.909678753, 1.010204430,
2124.930110477, 1.003567207,
2124.991405649, 1.007905449,
2125.011837474, 1.011268521,
2125.032269098, 1.006367108,
2125.052700823, 1.010366298,
2125.073132648, 1.007720361,
2125.093564274, 1.008289294,
2125.113995999, 1.009748113,
2125.134427825, 1.010107913,
2125.154859451, 1.008150564,
2125.175291277, 1.005447933,
2125.195723004, 1.010031997,
2125.216154630, 1.003519226,
2125.236586457, 1.014009335,
2125.257018184, 1.007943531,
2125.277449911, 1.004858004,
2125.297881639, 1.011353589,
2125.318313366, 1.007137388,
2125.338745094, 1.006308357,
2125.359176822, 1.008064204,
2125.379608551, 1.007802721,
2125.461335466, 1.012587769,
2125.481767195, 1.009198473,
2125.502199025, 1.008466719,
2125.522630755, 1.008531715,
2125.543062385, 1.008925975,
2125.563494215, 1.004682480,
2125.583925945, 1.009553054,
2125.604357576, 1.010025565,
2125.624789407, 1.007615516,
2125.645221138, 1.012216319,
2125.665652769, 1.002701730,
2125.706516332, 1.011418836,
2125.726948164, 1.004225903,
2125.747379796, 1.010779079,
2125.767811529, 1.005783343,
2125.788243361, 1.006068541,
2125.808674994, 1.011981751,
2125.829106727, 1.007990063,
2125.849538560, 1.008341129,
2125.869970194, 1.010998291,
2125.890402028, 1.008374311,
2125.910833761, 1.005569559,
2125.951697230, 1.010210630,
2125.972128864, 1.008482965,
2125.992560699, 1.009781256,
2126.012992434, 1.004385932,
2126.033424169, 1.008908000,
2126.053855805, 1.012126308,
2126.074287640, 1.002427549,
2126.094719376, 1.013310090,
2126.115151112, 1.006624809,
2126.135582848, 1.006739094,
2126.156014585, 1.008164111,
2126.196878059, 1.011246671,
2126.217309796, 1.009250363,
2126.237741633, 1.006664331,
2126.258173271, 1.009081591,
2126.278605108, 1.010797472,
2126.299036847, 1.006609058,
2126.319468485, 1.006011652,
2126.339900323, 1.011973400,
2126.360332062, 1.009169975,
2126.442058919, 1.012642290,
2126.462490759, 1.008341397,
2126.482922499, 1.005188289,
2126.503354339, 1.011871334,
2126.523785980, 1.002722164,
2126.564649562, 1.010499920,
2126.687240012, 1.012624844,
2126.707671655, 1.007485376,
2126.728103497, 1.007226994,
2126.748535240, 1.006780948,
2126.768966883, 1.007241681,
2126.789398727, 1.009731662,
2126.809830471, 1.004873687,
2126.830262314, 1.008011974,
2126.850693959, 1.011657985,
2126.871125703, 1.004109876,
2126.891557548, 1.006535668,
2126.952852783, 1.011271092,
2126.973284428, 1.004563843,
2126.993716174, 1.008601487,
2127.014148020, 1.009278694,
2127.055011512, 1.009086330,
2127.075443259, 1.010192981,
2127.095874906, 1.010418876,
2127.116306753, 1.003879920,
2127.136738500, 1.008598461,
2127.198033744, 1.010736401,
2127.218465592, 1.004772639,
2127.238897241, 1.009560959,
2127.259328989, 1.008206186,
2127.279760738, 1.003615890,
2127.300192487, 1.011847679,
2127.320624237, 1.006488286,
2127.341056087, 1.007311892,
2127.361487736, 1.009794076,
2127.381919487, 1.003484680,
2127.422782988, 1.010433001,
2127.443214838, 1.010179071,
2127.463646589, 1.006026414,
2127.484078241, 1.009737910,
2127.504510093, 1.008434979,
2127.524941844, 1.006202221,
2127.545373496, 1.010814586,
2127.565805349, 1.007325680,
2127.586237101, 1.010950512,
2127.606668954, 1.005424635,
2127.627100607, 1.003926820,
2127.688395867, 1.006173544,
2127.708827621, 1.007926831,
2127.729259475, 1.003931314,
2127.749691129, 1.008233056,
2127.770122984, 1.008213748,
2127.790554739, 1.007511699,
2127.810986494, 1.011479944,
2127.831418249, 1.006862789,
2127.892713517, 1.009414070,
2127.913145273, 1.006007169,
2127.933577030, 1.007882733,
2127.954008786, 1.008554201,
2127.974440543, 1.003760325,
2127.994872401, 1.013541943,
2128.015304058, 1.004240506,
2128.035735816, 1.010756636,
2128.056167674, 1.010636834,
2128.076599332, 1.004079894,
2128.097031091, 1.007134089,
2128.117462949, 1.007826264,
2128.158326467, 1.010371848,
2128.178758227, 1.006549949,
2128.199189886, 1.005750002,
2128.219621746, 1.011342531,
2128.240053507, 1.008300786,
2128.260485167, 1.007244260,
2128.280917028, 1.010201152,
2128.321780450, 1.007819231,
2128.342212311, 1.008048319,
2128.362644073, 1.007727027,
2128.423939359, 0.997181552,
2128.444371222, 1.010797315,
2128.485234648, 1.005372248,
2128.505666511, 1.010594137,
2128.526098275, 1.006166758,
2128.546530038, 1.008669783,
2128.566961802, 1.007263053,
2128.587393567, 1.007030383,
2128.607825331, 1.008695024,
2128.628257096, 1.010631339,
2128.648688861, 1.007830595,
2128.669120627, 1.006687022,
2128.709984258, 1.005732305,
2128.750847690, 1.009085469,
2128.771279557, 1.005276578,
2128.791711224, 1.010999253,
2128.812142991, 1.008437121,
2128.832574858, 1.004209811,
2128.853006526, 1.005442835,
2128.914301830, 1.005747370,
2128.934733699, 1.004581700,
2128.955165467, 1.011566533,
2128.975597236, 1.007157670,
2128.996029006, 1.007537479,
2129.016460775, 1.009031397,
2129.036892545, 1.010936918,
2129.057324315, 1.004238655,
2129.077756086, 1.006657061,
2129.098187956, 1.009717105,
2129.159483270, 1.005494502,
2129.179915041, 1.005909814,
2129.200346713, 1.011292724,
2129.220778585, 1.003641725,
2129.241210358, 1.008653439,
2129.261642130, 1.010440984,
2129.282073903, 1.003170275,
2129.302505676, 1.009047181,
2129.322937450, 1.005643339,
2129.343369223, 1.009076703,
2129.384232771, 1.007002423,
2129.404664546, 1.006761228,
2129.425096220, 1.007499409,
2129.445528095, 1.009798123,
2129.465959870, 1.006075807,
2129.486391746, 1.011155492,
2129.506823422, 1.005389952,
2129.527255198, 1.006578143,
2129.568118750, 1.004448102,
2129.649845959, 1.008193882,
2129.670277737, 1.005230970,
2129.690709515, 1.007116488,
2129.711141293, 1.010221423,
2129.731573071, 1.004665145,
2129.752004850, 1.009377688,
2129.772436629, 1.007621814,
2129.792868409, 1.003962568,
2129.813300188, 1.008572444,
2129.833732068, 1.011526778,
2129.874595629, 1.003883544,
2129.895027409, 1.008223902,
2129.915459090, 1.004360122,
2129.935890971, 1.009155634,
2129.956322753, 1.007983278,
2129.976754434, 1.004596559,
2129.997186316, 1.013706351,
2130.017617999, 1.002784555,
2130.038049881, 1.006489253,
2130.058481664, 1.010132686,
2130.078913347, 1.006752215,
2130.119777014, 1.007097549,
2130.140208697, 1.003108013,
2130.160640582, 1.009493245,
2130.181072366, 1.008377215,
2130.201504250, 1.009061378,
2130.221935935, 1.008480575,
2130.242367720, 1.009049605,
2130.283231291, 1.007983723,
2130.364958437, 1.001757150,
2130.385390324, 1.006800802,
2130.405822111, 1.011759108,
2130.426253899, 1.005440276,
2130.446685686, 1.010442209,
2130.467117474, 1.005702467,
2130.487549363, 1.007342816,
2130.507981051, 1.009239337,
2130.528412840, 1.006316670,
2130.548844729, 1.007902562,
2130.569276419, 1.010696027,
2130.610140098, 1.006695318,
2130.630571789, 1.008101640,
2130.651003679, 1.008633070,
2130.671435370, 1.005833709,
2130.691867161, 1.010242038,
2130.712299052, 1.006168906,
2130.732730744, 1.005852169,
2130.753162636, 1.009915031,
2130.773594428, 1.003707909,
2130.794026120, 1.012395523,
2130.875753392, 1.002558017,
2130.896185186, 1.009358476,
2130.916616980, 1.009065714,
2130.937048774, 1.007463623,
2130.957480569, 1.005757287,
2130.977912464, 1.010262672,
2130.998344259, 1.007758648,
2131.018775954, 1.006518274,
2131.039207850, 1.009204056,
2131.059639646, 1.007085663,
2131.100503239, 1.006348491,
2131.120935036, 1.003557416,
2131.141366833, 1.011343360,
2131.161798630, 1.007893986,
2131.182230427, 1.003316363,
2131.202662325, 1.012780565,
2131.223094024, 1.002907010,
2131.243525822, 1.006929393,
2131.263957621, 1.006842082,
2131.284389420, 1.006659636,
2131.304821319, 1.011115365,
2131.345684818, 1.006394718,
2131.366116718, 1.008328607,
2131.386548419, 1.010282379,
2131.406980219, 1.007163771,
2131.427412120, 1.008106763,
2131.447843822, 1.008668416,
2131.468275623, 1.004416650,
2131.488707525, 1.009396122,
2131.509139227, 1.005661070,
2131.529571129, 1.006570484,
2131.550002932, 1.010999206,
2131.590866538, 1.007221511,
2131.611298341, 1.008353275,
2131.631730145, 1.005130370,
2131.652162049, 1.011319635,
2131.672593753, 1.005446019,
2131.693025658, 1.005097427,
2131.713457463, 1.009315149,
2131.733889168, 1.005017590,
2131.754321073, 1.007738204,
2131.774752879, 1.007984908,
2131.795184585, 1.010553039,
2131.836048298, 1.007960596,
2131.856480205, 1.007434585,
2131.876911912, 1.007874290,
2131.917775527, 1.001770909,
2131.938207335, 1.010031911,
2131.999502760, 1.011090395,
2132.019934569, 1.009400464,
2132.040366379, 1.006617420,
2132.060798189, 1.007301395,
2132.081230098, 1.004415509,
2132.101661809, 1.008708758,
2132.122093619, 1.008320445,
2132.142525530, 1.006701110,
2132.162957241, 1.007168533,
2132.183389053, 1.006766110,
2132.203820964, 1.008251863,
2132.224252776, 1.006026132,
2132.244684589, 1.012006426,
2132.265116401, 1.004777179,
2132.285548214, 1.009654808,
2132.326411841, 1.001752627,
2132.346843654, 1.011717111,
2132.367275568, 1.006036838,
2132.387707283, 1.008247421,
2132.408139197, 1.007840390,
2132.428571012, 1.004562060,
2132.449002727, 1.008207311,
2132.469434643, 1.007613624,
2132.489866458, 1.003586489,
2132.571593624, 1.006933382,
2132.592025541, 1.010100404,
2132.612457359, 1.007681115,
2132.632889177, 1.006106969,
2132.653320995, 1.007182136,
2132.673752713, 1.003633323,
2132.694184632, 1.010703191,
2132.714616451, 1.003207742,
2132.735048270, 1.007273295,
2132.755480090, 1.012911277,
2132.816775550, 1.004994565,
2132.837207371, 1.006942286,
2132.857639292, 1.008145520,
2132.878071113, 1.005451837,
2132.898502834, 1.005746627,
2132.918934756, 1.006607110,
2132.939366579, 1.006438348,
2132.959798401, 1.006691498,
2132.980230224, 1.009588315,
2133.000662047, 1.007353029,
2133.021093970, 1.006206299,
2133.061957518, 1.003686049,
2133.082389442, 1.007373618,
2133.102821167, 1.011053121,
2133.123253092, 1.000707241,
2133.143684917, 1.008105613,
2133.164116642, 1.007562966,
2133.184548568, 1.005798954,
2133.204980394, 1.010243348,
2133.225412120, 1.004114624,
2133.245844047, 1.009848898,
2133.266275874, 1.006191909,
2133.307139529, 1.007003952,
2133.327571257, 1.008890093,
2133.348003185, 1.006718814,
2133.368435013, 1.005571559,
2133.388866742, 1.008838711,
2133.409298671, 1.005904897,
2133.429730500, 1.007051629,
2133.450162330, 1.008045775,
2133.470594160, 1.003785956,
2133.491025990, 1.009989684,
2133.572753414, 1.005623408,
2133.593185246, 1.008946776,
2133.634048910, 1.002998432,
2133.654480743, 1.010100184,
2133.674912676, 1.004563697,
2133.695344409, 1.007328071,
2133.736208177, 1.008992071,
2133.777071745, 1.005380188,
2133.797503680, 1.008792209,
2133.817935415, 1.006045569,
2133.838367251, 1.011639270,
2133.858799186, 1.002753533,
2133.879230922, 1.003251330,
2133.899662859, 1.009865458,
2133.920094695, 1.003331553,
2133.940526432, 1.005344211,
2134.083549400, 1.002351456,
2134.103981239, 1.007232967,
2134.124413079, 1.005430148,
2134.144844919, 1.010140617,
2134.165276759, 1.002306878,
2134.185708600, 1.010109276,
2134.226572282, 1.005556148,
2134.247004223, 1.009122474,
2134.267435965, 1.001666472,
2134.287867908, 1.009069199,
2134.308299750, 1.006765939,
2134.328731493, 1.003862862,
2134.349163436, 1.007593270,
2134.369595279, 1.004894930,
2134.430890811, 1.002973038,
2134.451322756, 1.007460997,
2134.471754501, 1.004919038,
2134.492186346, 1.006536874,
2134.553481884, 1.009774832,
2134.573913731, 1.005578890,
2134.594345578, 1.007062139,
2134.614777525, 1.003248231,
2134.635209372, 1.009705954,
2134.655641120, 1.007654294,
2134.676073068, 1.001335885,
2134.716936665, 1.004823310,
2134.778232213, 1.006289108,
2134.798664164, 1.009968033,
2134.819096014, 1.006993207,
2134.839527864, 1.003179182,
2134.859959715, 1.007952674,
2134.880391567, 1.005514532,
2134.900823518, 1.004718245,
2134.921255270, 1.008210589,
2134.941687122, 1.008306393,
2134.962119075, 1.004236781,
2134.982550828, 1.005411845,
2135.023414635, 1.004898830,
2135.043846388, 1.011038100,
2135.064278343, 1.002590850,
2135.084710197, 1.002998820,
2135.105141952, 1.008776717,
2135.125573907, 1.002834680,
2135.146005762, 1.010875971,
2135.166437718, 1.005561834,
2135.186869474, 1.003884276,
2135.207301330, 1.007576010,
2135.227733287, 1.003041193,
2135.268596902, 1.008509942,
2135.289028859, 1.006208919,
2135.309460617, 1.002980337,
2135.329892475, 1.005133454,
2135.350324334, 1.006761113,
2135.370756193, 1.005552092,
2135.391188152, 1.007692654,
2135.411620012, 1.004268113,
2135.432051772, 1.005949362,
2135.452483732, 1.008458003,
2135.472915593, 0.999653855,
2135.513779315, 1.009211674,
2135.534211176, 1.002885345,
2135.554643138, 1.008309439,
2135.575074900, 1.001850265,
2135.595506763, 1.007481930,
2135.615938726, 1.008327387,
2135.636370489, 1.004872481,
2135.656802352, 1.007104938,
2135.677234316, 1.005096699,
2135.697666080, 1.004431120,
2135.718098045, 1.002253813,
2135.758961674, 1.003411776,
2135.779393640, 1.006638736,
2135.799825506, 1.005069970,
2135.820257272, 1.002949211,
2135.840689238, 1.008174673,
2135.861121105, 1.005257452,
2135.881552972, 1.002603248,
2135.901984839, 1.008493743,
2135.922416707, 1.002578137,
2135.942848675, 1.004367585,
2136.004144181, 1.012265243,
2136.024576050, 1.004180164,
2136.045007920, 1.003166696,
2136.065439890, 1.004450883,
2136.085871661, 1.008058926,
2136.106303631, 1.004451173,
2136.126735502, 1.003602854,
2136.147167274, 1.009242526,
2136.167599245, 1.003958020,
2136.188031117, 1.009528891,
2136.208462890, 1.001522323,
2136.290190482, 1.003341947,
2136.310622356, 1.009052657,
2136.331054331, 1.003972906,
2136.392349956, 1.003747270,
2136.412781731, 1.008545723,
2136.433213607, 1.004561473,
2136.453645584, 1.003670133,
2136.514941215, 1.003354217,
2136.535373092, 1.006483456,
2136.555804970, 1.003903174,
2136.576236849, 1.005363570,
2136.596668727, 1.009384001,
2136.617100606, 1.000838859,
2136.637532486, 1.005972338,
2136.657964365, 1.006607330,
2136.678396245, 1.001502202,
2136.698828126, 1.009357981,
2136.760123769, 1.008499312,
2136.780555750, 1.002029100,
2136.800987533, 1.007800171,
2136.821419515, 1.007851990,
2136.841851398, 1.002968634,
2136.862283181, 1.004698756,
2136.882715164, 1.006281315,
2136.903147048, 1.006484075,
2136.923578832, 1.002575744,
2136.944010816, 1.007965361,
2137.005306472, 1.004426235,
2137.025738357, 0.999608594,
2137.046170343, 1.011126267,
2137.066602130, 1.001809175,
2137.087034017, 1.005111879,
2137.107466004, 1.007429333,
2137.127897791, 1.003898719,
2137.148329679, 1.005783881,
2137.168761667, 1.005550440,
2137.209625444, 1.007668729,
2137.250489223, 1.002143147,
2137.270921113, 1.003495791,
2137.291353003, 1.006052480,
2137.311784894, 1.005112933,
2137.332216785, 1.006607831,
2137.352648676, 1.006462559,
2137.373080567, 1.001708344,
2137.393512459, 1.008514808,
2137.413944352, 1.002060590,
2137.475240030, 1.000384005,
2137.495672024, 1.004606722,
2137.516103818, 1.002512455,
2137.536535812, 1.005225788,
2137.556967707, 1.008870580,
2137.577399502, 1.003225800,
2137.597831498, 1.004821074,
2137.618263393, 1.005923834,
2137.638695189, 1.003671611,
2137.659127186, 1.001459208,
2137.679559082, 1.007509818,
2137.720422877, 1.001883113,
2137.740854775, 1.004446984,
2137.761286773, 1.003990255,
2137.781718571, 1.007723578,
2137.802150470, 1.009272217,
2137.822582470, 1.001162801,
2137.843014269, 1.006531092,
2137.863446169, 1.005991186,
2137.883878169, 1.000454383,
2137.904310070, 1.009375546,
2137.924741971, 1.003370782,
2137.965605674, 1.005718494,
2137.986037676, 1.001545165,
2138.006469578, 1.005304628,
2138.026901381, 1.005352041,
2138.047333384, 1.005742316,
2138.067765287, 1.002451710,
2138.088197291, 1.006585640,
2138.108629095, 1.002243379,
2138.129060999, 1.007224672,
2138.149493004, 1.007000801,
2138.251652533, 1.008899778,
2138.272084440, 1.004351545,
2138.292516248, 1.004087151,
2138.312948255, 1.005396954,
2138.333380163, 1.000428874,
2138.353811971, 1.009832562,
2138.374243980, 1.002780180,
2138.394675889, 1.004012765,
2138.415107799, 1.006994668,
2138.455971618, 1.002357303,
2138.476403629, 1.003054578,
2138.496835440, 1.007771979,
2138.619426912, 1.001181530,
2138.639858925, 1.004590457,
2138.660290839, 1.006365713,
2138.742018397, 1.002170252,
2138.762450413, 1.010504232,
2138.782882328, 1.003280194,
