BJD - 2454833, Corrected Flux
2146.452725364, 0.990503482,
2146.473157675, 0.989989529,
2146.514021998, 0.988963838,
2146.534454308, 0.988277218,
2146.554886418, 0.990510899,
2146.575318627, 0.987513986,
2146.595750936, 0.987834632,
2146.616183044, 0.989795476,
2146.657047459, 0.988935697,
2146.677479666, 0.988307841,
2146.697911971, 0.987135977,
2146.718344077, 0.986444146,
2146.738776282, 0.987331251,
2146.759208587, 0.991729125,
2146.779640791, 0.984625395,
2146.800072894, 0.986828092,
2146.820505197, 0.986629615,
2146.840937400, 0.987149410,
2146.861369502, 0.987671885,
2146.881801803, 0.986804696,
2146.902234004, 0.984628105,
2146.922666104, 0.985944399,
2146.943098404, 0.985028357,
2146.963530603, 0.987033231,
2146.983962702, 0.984387237,
2147.004395000, 0.983836090,
2147.024827198, 0.984794047,
2147.045259295, 0.987515859,
2147.065691592, 0.985116321,
2147.086123788, 0.985901574,
2147.106555984, 0.985869447,
2147.126988179, 0.984076887,
2147.147420374, 0.980379308,
2147.167852668, 0.985830262,
2147.188284761, 0.986789955,
2147.208716954, 0.982157650,
2147.229149247, 0.984591452,
2147.249581439, 0.982751453,
2147.270013530, 0.982131523,
2147.290445821, 0.983800714,
2147.310878012, 0.985596692,
2147.331310102, 0.982338886,
2147.351742391, 0.983794968,
2147.372174480, 0.984497652,
2147.392606668, 0.982091726,
2147.413038956, 0.982220445,
2147.433471043, 0.982627279,
2147.494767602, 0.983924566,
2147.515199787, 0.983101849,
2147.535632072, 0.982425017,
2147.556064156, 0.983177162,
2147.576496340, 0.983308375,
2147.596928623, 0.983698519,
2147.617360805, 0.981026403,
2147.637792888, 0.982736068,
2147.658225169, 0.979741361,
2147.678657350, 0.980693661,
2147.699089531, 0.980290546,
2147.719521711, 0.980995339,
2147.739953891, 0.981319261,
2147.760386170, 0.982699759,
2147.780818248, 0.980733753,
2147.801250426, 0.979646046,
2147.821682704, 0.981455636,
2147.842114781, 0.979651628,
2147.862546957, 0.984319156,
2147.882979233, 0.981026361,
2147.903411308, 0.980615887,
2147.923843483, 0.978112628,
2147.944275757, 0.979704107,
2148.005572277, 0.983283703,
2148.026004350, 0.982169741,
2148.046436522, 0.979346316,
2148.066868793, 0.981927123,
2148.087300963, 0.983248777,
2148.107733034, 0.981859266,
2148.128165303, 0.981426414,
2148.148597373, 0.979926755,
2148.169029541, 0.980801970,
2148.189461809, 0.980992877,
2148.209893877, 0.979616492,
2148.230326044, 0.979408131,
2148.250758311, 0.980997900,
2148.271190377, 0.979139847,
2148.291622643, 0.981200717,
2148.312054808, 0.978859625,
2148.332486872, 0.981406154,
2148.352919136, 0.980165904,
2148.373351300, 0.981648127,
2148.393783363, 0.981771500,
2148.414215626, 0.979691261,
2148.434647788, 0.978824953,
2148.475512110, 0.979482578,
2148.495944271, 0.980137061,
2148.516376431, 0.981219353,
2148.536808590, 0.980526201,
2148.557240749, 0.981918632,
2148.577672908, 0.984550486,
2148.598105165, 0.980444669,
2148.618537223, 0.979241835,
2148.638969380, 0.979988822,
2148.659401636, 0.980377601,
2148.679833692, 0.979665324,
2148.700265848, 0.980918010,
2148.720698102, 0.981266728,
2148.741130157, 0.979361039,
2148.761562311, 0.980290680,
2148.781994564, 0.978772636,
2148.802426617, 0.980602252,
2148.822858769, 0.980428761,
2148.843291021, 0.981082349,
2148.863723072, 0.979398243,
2148.884155323, 0.980241709,
2148.904587374, 0.981221648,
2148.925019523, 0.975861985,
2148.945451772, 0.982892578,
2148.965883821, 0.981043440,
2148.986315970, 0.982155120,
2149.006748217, 0.979776028,
2149.027180365, 0.980427066,
2149.047612411, 0.980243099,
2149.068044658, 0.978476754,
2149.088476803, 0.977196855,
2149.108908849, 0.979833345,
2149.129341093, 0.978766070,
2149.149773237, 0.979991652,
2149.170205281, 0.977322125,
2149.190637524, 0.985070619,
2149.211069667, 0.978602158,
2149.231501709, 0.983901868,
2149.251933951, 0.980198493,
2149.272366092, 0.980089024,
2149.292798233, 0.980620361,
2149.313230373, 0.980011949,
2149.333662513, 0.981191460,
2149.354094652, 0.978594767,
2149.374526790, 0.982584056,
2149.394958928, 0.979206143,
2149.415391066, 0.977845573,
2149.456255340, 0.979460874,
2149.476687576, 0.979477490,
2149.497119712, 0.978737665,
2149.517551747, 0.980117477,
2149.537983982, 0.979851469,
2149.558416116, 0.980668786,
2149.578848149, 0.981322346,
2149.599280382, 0.981970121,
2149.619712415, 0.979563609,
2149.640144547, 0.980895822,
2149.660576779, 0.980451593,
2149.681008810, 0.979331848,
2149.701440940, 0.978813636,
2149.721873170, 0.979651431,
2149.742305200, 0.978291170,
2149.762737329, 0.980591124,
2149.783169558, 0.981584628,
2149.803601586, 0.980510296,
2149.824033713, 0.978420529,
2149.844465940, 0.979985156,
2149.864898067, 0.980867305,
2149.885330093, 0.979768447,
2149.905762319, 0.980925348,
2149.946626468, 0.985107584,
2149.967058692, 0.983844397,
2149.987490816, 0.979458281,
2150.007922839, 0.981553105,
2150.028355062, 0.978715739,
2150.048787184, 0.980551153,
2150.069219405, 0.981566289,
2150.089651426, 0.980091582,
2150.110083547, 0.978900622,
2150.130515767, 0.980804044,
2150.150947787, 0.979560597,
2150.171379906, 0.979336340,
2150.191812124, 0.984096467,
2150.212244142, 0.978512551,
2150.232676260, 0.980568109,
2150.253108477, 0.979910259,
2150.273540594, 0.979284047,
2150.293972610, 0.979895710,
2150.314404825, 0.980743433,
2150.334836940, 0.979658524,
2150.355268955, 0.979647033,
2150.375701169, 0.980206601,
2150.396133183, 0.980300842,
2150.436997509, 0.979308003,
2150.457429521, 0.980287912,
2150.498293844, 0.980812052,
2150.518725854, 0.980179743,
2150.539157964, 0.981411851,
2150.559590174, 0.981103152,
2150.580022183, 0.978463219,
2150.600454292, 0.981428622,
2150.620886500, 0.979232631,
2150.641318508, 0.978945248,
2150.682182821, 0.981399776,
2150.702614928, 0.979806614,
2150.723047033, 0.981213732,
2150.743479138, 0.980118245,
2150.763911243, 0.981256934,
2150.784343448, 0.980819232,
2150.804775451, 0.978541685,
2150.825207555, 0.979653484,
2150.845639757, 0.980880962,
2150.866071760, 0.980747062,
2150.886503861, 0.981001352,
2150.906936063, 0.979299971,
2150.927368063, 0.978858896,
2150.947800164, 0.979783577,
2150.988664363, 0.979636401,
2151.009096462, 0.982810526,
2151.029528560, 0.978502430,
2151.049960658, 0.979028257,
2151.070392755, 0.980199377,
2151.090824952, 0.979595053,
2151.111256948, 0.979790019,
2151.131689044, 0.978380683,
2151.152121239, 0.981640324,
2151.172553234, 0.979816927,
2151.192985329, 0.979260995,
2151.213417523, 0.979682448,
2151.233849516, 0.977376888,
2151.254281709, 0.981308035,
2151.274713801, 0.981184308,
2151.295145793, 0.980627910,
2151.315577985, 0.978965016,
2151.336010076, 0.980068565,
2151.356442066, 0.980582672,
2151.376874256, 0.979021203,
2151.397306345, 0.981742152,
2151.417738335, 0.978898614,
2151.438170523, 0.980337096,
2151.458602611, 0.980562235,
2151.479034599, 0.982197078,
2151.499466786, 0.981281943,
2151.519898872, 0.980988224,
2151.540330959, 0.982942299,
2151.560763044, 0.991231612,
2151.581195129, 0.981882483,
2151.601627214, 0.980469172,
2151.622059398, 0.979338043,
2151.642491381, 0.983068424,
2151.662923465, 0.983652672,
2151.683355648, 0.982190848,
2151.703787630, 0.980133696,
2151.724219711, 0.983284153,
2151.744651892, 0.983445484,
2151.785515954, 0.981013603,
2151.805948133, 0.983229229,
2151.826380113, 0.981255762,
2151.846812191, 0.981890289,
2151.867244270, 0.981025203,
2151.908108525, 0.983079733,
2151.928540502, 0.983432921,
2151.948972578, 0.984325758,
2151.969404754, 0.980581933,
2151.989836830, 0.984559298,
2152.010268804, 0.987942839,
2152.030700979, 0.984390364,
2152.051133053, 0.985605362,
2152.071565026, 0.982519671,
2152.091997199, 0.984364826,
2152.112429272, 0.984658237,
2152.132861244, 0.981729171,
2152.153293415, 0.981024008,
2152.173725487, 0.982483372,
2152.194157457, 0.982037443,
2152.214589627, 0.982944136,
2152.235021697, 0.983063946,
2152.255453666, 0.981572132,
2152.275885834, 0.986388181,
2152.296317903, 0.984583397,
2152.316749870, 0.984694991,
2152.337182038, 0.982015973,
2152.357614104, 0.984104738,
2152.378046171, 0.983811911,
2152.398478237, 0.985396589,
2152.418910302, 0.985034212,
2152.439342367, 0.985732182,
2152.459774531, 0.984753895,
2152.480206495, 0.982878348,
2152.500638658, 0.982658844,
2152.521070721, 0.984015073,
2152.541502684, 0.982662784,
2152.561934846, 0.984671432,
2152.582366907, 0.984487422,
2152.602798868, 0.985406754,
2152.623231029, 0.983824201,
2152.643662989, 0.984022806,
2152.664095048, 0.982849908,
2152.684527207, 0.984045196,
2152.704959166, 0.987236364,
2152.725391224, 0.983052062,
2152.745823381, 0.983996273,
2152.766255339, 0.985355276,
2152.786687395, 0.982682883,
2152.807119552, 0.985725541,
2152.827551608, 0.985153431,
2152.847983563, 0.985130789,
2152.868415718, 0.983895155,
2152.888847772, 0.986914535,
2152.909279726, 0.984791366,
2152.929711879, 0.984730000,
2152.950143932, 0.985533196,
2152.970575884, 0.985671008,
2152.991008036, 0.985506884,
2153.011440088, 0.984509739,
2153.031872039, 0.983505680,
2153.052304189, 0.985229654,
2153.072736239, 0.985838974,
2153.093168389, 0.986118345,
2153.113600338, 0.985967013,
2153.134032387, 0.985413735,
2153.154464535, 0.989525617,
2153.174896482, 0.985578668,
2153.195328530, 0.984789223,
2153.215760677, 0.983929870,
2153.236192623, 0.987148351,
2153.277056714, 0.986599062,
2153.297488859, 0.985645476,
2153.317920803, 0.986208158,
2153.338352847, 0.991488057,
2153.379216934, 0.987269490,
2153.399649076, 0.983496587,
2153.420081018, 0.985659171,
2153.440513059, 0.985348633,
2153.460945201, 0.985942864,
2153.481377141, 0.985152493,
2153.501809181, 0.985597911,
2153.522241321, 0.984553701,
2153.563105299, 0.986226950,
2153.583537437, 0.988026037,
2153.603969375, 0.985137173,
2153.624401412, 0.987401077,
2153.644833549, 0.986617970,
2153.665265586, 0.986721584,
2153.685697622, 0.988539064,
2153.706129657, 0.999754090,
2153.726561692, 0.988992155,
2153.746993726, 0.988516012,
2153.767425760, 0.987463252,
2153.787857794, 0.988177593,
2153.828721859, 0.986610893,
2153.890017955, 0.984962946,
2153.910449986, 0.986339835,
2153.930882116, 0.988419629,
2153.951314046, 0.990655982,
2153.971746075, 0.988327616,
2154.012610132, 0.986354928,
2154.033042160, 0.987219303,
2154.053474188, 0.986487365,
2154.073906215, 0.987223827,
2154.094338242, 0.988157469,
2154.135202293, 0.986654742,
2154.155634318, 0.986517617,
2154.176066343, 0.985697414,
2154.196498367, 0.990894057,
2154.216930391, 0.990704571,
2154.237362514, 0.986774689,
2154.257794437, 0.988024126,
2154.278226560, 0.990100641,
2154.298658582, 0.989021280,
2154.319090503, 0.987230596,
2154.339522624, 0.987209111,
2154.359954645, 0.989723928,
2154.380386565, 0.989260333,
2154.400818684, 0.988410017,
2154.421250704, 0.987445758,
2154.441682622, 0.988240155,
2154.482546758, 0.987856176,
2154.502978775, 0.989363664,
2154.523410793, 0.989683121,
2154.543842809, 0.987232451,
2154.564274825, 0.988847382,
2154.584706840, 0.990609516,
2154.605138855, 0.987265193,
2154.625570870, 0.987326551,
2154.646002984, 0.988573871,
2154.666434897, 0.988180934,
2154.686866911, 0.989310324,
2154.707299023, 0.987510237,
2154.727730935, 0.986136622,
2154.748162947, 0.989080812,
2154.768594959, 0.987577901,
2154.789026969, 0.989897769,
2154.809459080, 0.988336499,
2154.850322999, 0.989859595,
2154.870755108, 0.987635681,
2154.891187017, 0.985163156,
2154.911619025, 0.989708898,
2154.932051133, 0.990802292,
2154.952483040, 0.989271729,
2154.972915046, 0.988815568,
2154.993347153, 0.989721287,
2155.013779059, 0.988777127,
2155.034211064, 0.989224532,
2155.054643169, 0.987958696,
2155.075075173, 0.989009154,
2155.095507077, 0.986861801,
2155.115939181, 0.988847745,
2155.136371184, 0.987882381,
2155.156803086, 0.988063308,
2155.177235189, 0.985859307,
2155.197667191, 0.987878137,
2155.218099092, 0.988169313,
2155.238531192, 0.988450450,
2155.279395093, 0.988430188,
2155.299827192, 0.988271955,
2155.320259191, 0.989991500,
2155.340691190, 0.990171411,
2155.361123188, 0.987458053,
2155.381555185, 0.987729222,
2155.401987283, 0.988549097,
2155.422419179, 0.988257861,
2155.442851176, 0.986456272,
2155.463283272, 0.988053638,
2155.483715167, 0.988866758,
2155.504147162, 0.985610205,
2155.524579156, 0.987482459,
2155.545011150, 0.988076088,
2155.565443144, 0.987326546,
2155.585875237, 0.990030954,
2155.606307129, 0.988848108,
2155.626739122, 0.988359367,
2155.647171213, 0.988265251,
2155.667603105, 0.989428694,
2155.688035096, 0.986805240,
2155.708467186, 0.989971883,
2155.728899076, 0.988620599,
2155.749331065, 0.987246457,
2155.769763155, 0.989007854,
2155.790195043, 0.987610230,
2155.851491006, 0.989120329,
2155.871922993, 0.988251503,
2155.892355079, 0.987120936,
2155.933218951, 0.986838728,
2155.953651036, 0.987767873,
2155.974083021, 0.987366234,
2155.994515005, 0.986659837,
2156.014946988, 0.986486730,
2156.035378971, 0.989001729,
2156.055811054, 0.987957687,
2156.076242937, 0.987453045,
2156.117107000, 0.989023592,
2156.137538881, 0.987999975,
2156.157970861, 0.988003479,
2156.178402941, 0.990514341,
2156.198834821, 0.989158932,
2156.219266800, 0.988117055,
2156.239698879, 0.989453276,
2156.260130757, 0.986116326,
2156.280562735, 0.987340939,
2156.300994713, 0.989270120,
2156.321426689, 0.986062836,
2156.403154593, 0.987189008,
2156.423586668, 0.987600638,
2156.444018542, 0.986613487,
2156.464450516, 0.984606922,
2156.484882589, 0.987746234,
2156.505314462, 0.988530122,
2156.525746435, 0.987996373,
2156.546178507, 0.988038297,
2156.566610378, 0.987272378,
2156.607474420, 0.988595483,
2156.627906290, 0.991265986,
2156.648338361, 0.988075856,
2156.668770330, 0.987864503,
2156.689202199, 0.989800420,
2156.709634267, 0.988897544,
2156.730066235, 0.987825846,
2156.750498203, 0.987536843,
2156.770930171, 0.990240726,
2156.791362137, 0.991710215,
2156.811794103, 0.991514590,
2156.832226069, 0.988889205,
2156.852658035, 0.987759985,
2156.873090000, 0.988836777,
2156.893522065, 0.987762262,
2156.913953929, 0.993070890,
2156.934385892, 0.988293063,
2156.954817956, 0.988532745,
2156.975249818, 0.990896226,
2157.016113742, 0.988012367,
2157.036545704, 0.989510356,
2157.056977665, 0.992062481,
2157.077409626, 0.990814629,
2157.097841586, 0.989003912,
2157.118273546, 0.988484593,
2157.138705505, 0.992356564,
2157.159137464, 0.989382028,
2157.179569522, 0.988321205,
2157.200001381, 0.990072683,
2157.220433338, 0.985968582,
2157.240865395, 0.989551783,
2157.261297352, 0.986443182,
2157.302161264, 0.990136541,
2157.322593219, 0.993161363,
2157.343025074, 0.987664021,
2157.363457129, 0.987114164,
2157.383889083, 0.987814153,
2157.404320937, 0.991976542,
2157.445184943, 0.991902014,
2157.465616795, 0.988084285,
2157.506480798, 0.989256171,
2157.526912649, 0.990397822,
2157.547344700, 0.992619781,
2157.567776650, 0.993037624,
2157.588208600, 0.989724266,
2157.608640549, 0.991268763,
2157.629072498, 0.989428965,
2157.649504447, 0.991317369,
2157.669936394, 0.992834253,
2157.690368342, 0.991423764,
2157.710800289, 0.991714369,
2157.731232236, 0.990653999,
2157.751664182, 0.992805332,
2157.812960018, 0.990975680,
2157.833392063, 0.992262944,
2157.853823907, 0.990460329,
2157.874255851, 0.991525738,
2157.894687894, 0.993519636,
2157.915119737, 0.990682302,
2157.935551679, 0.988111014,
2157.955983721, 0.994795811,
2157.976415562, 0.991760779,
2157.996847504, 0.991198891,
2158.017279544, 0.992782089,
2158.037711385, 0.990020503,
2158.058143324, 0.990990287,
2158.078575364, 0.993258439,
2158.099007303, 0.988764161,
2158.119439141, 0.990624953,
2158.139871179, 0.992433506,
2158.160303117, 0.991502612,
2158.180734954, 0.991681543,
2158.201166991, 0.992169830,
2158.221598928, 0.991010691,
2158.242030764, 0.992825114,
2158.262462799, 0.990719947,
2158.282894734, 0.991771892,
2158.303326569, 0.992221724,
2158.323758603, 0.991635659,
2158.344190537, 0.991460936,
2158.364622571, 0.992940543,
2158.385054404, 0.993365377,
2158.405486336, 0.990967326,
2158.425918368, 0.992024863,
2158.446350200, 0.991311071,
2158.466782131, 0.991020101,
2158.487214162, 0.990873456,
2158.507645992, 0.991700634,
2158.528077922, 0.990498800,
2158.548509852, 0.991691853,
2158.568941781, 0.993670667,
2158.589373710, 0.992749974,
2158.609805738, 0.994168092,
2158.630237566, 0.992824173,
2158.650669493, 0.992377982,
2158.671101521, 0.994915054,
2158.691533347, 0.994717342,
2158.711965273, 0.994937066,
2158.732397299, 0.988374751,
2158.773261050, 0.992084621,
2158.793693074, 0.992166851,
2158.814124898, 0.991912329,
2158.834556822, 0.993851905,
2158.854988845, 0.993328489,
2158.875420668, 0.993716920,
2158.895852690, 0.991770581,
2158.916284612, 0.993025415,
2158.957148455, 0.993062198,
2158.977580376, 0.992058804,
2158.998012296, 0.993418627,
2159.018444216, 0.991510834,
2159.038876135, 0.994201351,
2159.059308054, 0.991170086,
2159.079740073, 0.991787810,
2159.100171891, 0.992526137,
2159.120603809, 0.992819024,
2159.141035826, 0.992847108,
2159.161467643, 0.993566405,
2159.181899560, 0.994275454,
2159.202331576, 0.991525168,
2159.222763392, 0.992790382,
2159.243195307, 0.993458930,
2159.263627222, 0.994273309,
2159.284059136, 0.993773916,
2159.304491050, 0.993876984,
2159.324922964, 0.992553482,
2159.345354877, 0.993613369,
2159.365786790, 0.993624318,
2159.386218702, 0.989499482,
2159.406650614, 0.993673286,
2159.427082526, 0.990956034,
2159.467946347, 0.993568446,
2159.508810268, 0.993746749,
2159.529242077, 0.992975321,
2159.549674086, 0.993986866,
2159.570105995, 0.993898670,
2159.590537803, 0.994151381,
2159.610969811, 0.993100368,
2159.631401718, 0.993567903,
2159.651833525, 0.993969483,
2159.672265532, 0.993867553,
2159.692697438, 0.997574134,
2159.713129244, 0.995335126,
2159.753993154, 0.988642957,
2159.774425058, 0.993460238,
2159.794856962, 0.997321187,
2159.815288866, 0.995512383,
2159.835720769, 0.994449490,
2159.856152672, 0.997001863,
2159.876584574, 0.994411972,
2159.897016476, 0.996589472,
2159.917448478, 0.993938657,
2159.958312180, 0.993510343,
2159.978744081, 0.996003700,
2159.999175980, 0.994158188,
2160.019607780, 0.996234860,
2160.040039779, 0.994504781,
2160.060471678, 0.995837691,
2160.080903676, 0.992944128,
2160.101335474, 0.993777299,
2160.121767371, 0.995022575,
2160.142199369, 0.997236108,
2160.162631165, 0.993051254,
2160.183063062, 0.996284900,
2160.203495057, 0.994830930,
2160.223926853, 0.992503019,
2160.244358748, 0.995847242,
2160.264790742, 0.995824275,
2160.285222637, 0.994605833,
2160.305654431, 0.996169693,
2160.326086424, 0.995580673,
2160.346518317, 0.994805538,
2160.366950110, 0.994606278,
2160.387382102, 0.994802722,
2160.407813994, 0.996580108,
2160.428245785, 0.996016197,
2160.448677776, 0.995631797,
2160.469109667, 0.995610757,
2160.489541457, 0.996189884,
2160.509973447, 0.997668426,
2160.530405336, 0.993449247,
2160.550837125, 0.994892402,
2160.571269113, 0.996912650,
2160.591701002, 0.995372850,
2160.612132889, 0.996671300,
2160.632564777, 0.998984833,
2160.652996664, 0.996347058,
2160.673428650, 0.994518755,
2160.693860437, 0.996414814,
2160.734724308, 0.995764469,
2160.755156093, 0.995655228,
2160.775587977, 0.996108416,
2160.796019861, 0.997623223,
2160.816451745, 0.996635005,
2160.836883628, 0.994834391,
2160.857315611, 0.996621589,
2160.877747393, 0.995633924,
2160.898179276, 0.997225671,
2160.918611257, 0.996242486,
2160.939043039, 0.996007987,
2160.959474919, 0.998706849,
2160.979906900, 0.995990104,
2161.000338680, 0.997635392,
2161.020770560, 0.995960233,
2161.041202539, 0.999406295,
2161.061634318, 0.998196980,
2161.082066197, 0.996662364,
2161.102498175, 0.999309440,
2161.143361830, 0.998608079,
2161.163793807, 0.996542161,
2161.184225683, 0.997334553,
2161.204657459, 0.997034825,
2161.225089435, 0.995169981,
2161.245521310, 1.000895356,
2161.265953085, 0.997086582,
2161.286385060, 0.999224640,
2161.306816934, 0.997544905,
2161.327248908, 0.996493045,
2161.347680681, 0.998973465,
2161.368112554, 0.999446796,
2161.388544526, 1.000474153,
2161.408976299, 0.995801095,
2161.429408171, 0.997306809,
2161.470271913, 0.998192503,
2161.490703783, 0.997957064,
2161.511135653, 0.996603161,
2161.531567523, 0.996978972,
2161.551999392, 1.001658181,
2161.572431262, 1.000002503,
2161.592863130, 0.997250904,
2161.613294998, 0.995710364,
2161.654158734, 0.998873032,
2161.674590601, 0.995106303,
2161.756318165, 0.998958790,
2161.776749930, 0.999553250,
2161.797181794, 0.999668150,
2161.817613759, 0.997347644,
2161.838045523, 0.999446203,
2161.858477486, 0.998622253,
2161.878909349, 0.999561119,
2161.899341112, 0.997691023,
2161.919773074, 0.997971886,
2161.940204936, 0.999154751,
2161.960636798, 0.997717516,
2161.981068659, 0.998761799,
2162.001500519, 0.997745883,
2162.021932380, 0.997020368,
2162.062796099, 1.000047800,
2162.083227958, 0.998506650,
2162.103659817, 0.997172748,
2162.124091676, 1.000013037,
2162.144523534, 1.000073890,
2162.164955491, 0.998968392,
2162.205819106, 1.000190320,
2162.246682818, 0.998734501,
2162.267114574, 0.999995989,
2162.287546529, 1.000791272,
2162.307978384, 0.998864748,
2162.328410138, 0.999150293,
2162.348842093, 0.998953647,
2162.369273946, 0.999186304,
2162.389705800, 0.998875297,
2162.410137653, 0.999656578,
2162.430569505, 0.998917056,
2162.451001458, 0.999770000,
2162.471433209, 0.998600393,
2162.491865061, 0.999497206,
2162.512297012, 1.001324624,
2162.532728863, 0.999937889,
2162.553160613, 0.998978876,
2162.573592563, 0.997881186,
2162.594024412, 0.999101451,
2162.614456161, 0.998609923,
2162.634888110, 0.999281168,
2162.655319958, 1.001822341,
2162.696183654, 1.000452536,
2162.716615501, 0.997883886,
2162.737047248, 0.999808466,
2162.757479194, 0.999407070,
2162.777911041, 1.001922964,
2162.798342886, 1.002723772,
2162.818774732, 1.000088043,
2162.839206577, 1.001042033,
2162.859638421, 0.998297033,
2162.880070265, 1.002032963,
2162.900502109, 1.001695064,
2162.920933952, 0.999417332,
2162.941365796, 0.998941867,
2162.961797638, 1.001887683,
2163.002661322, 0.998323489,
2163.023093164, 0.999844323,
2163.043525105, 1.000617137,
2163.063956846, 0.999273469,
2163.084388686, 1.001110680,
2163.104820626, 1.001383872,
2163.125252365, 0.996820323,
2163.206979720, 1.001263510,
2163.227411658, 1.001573640,
2163.247843395, 0.998375294,
2163.268275232, 1.001751452,
2163.288707169, 1.003737463,
2163.309138905, 0.999961755,
2163.329570741, 1.001914137,
2163.350002676, 1.001080958,
2163.370434511, 1.000596009,
2163.390866246, 1.002703017,
2163.411298180, 1.001935041,
2163.431730014, 1.002296763,
2163.452161748, 1.001912841,
2163.472593681, 1.001071331,
2163.493025514, 0.999679768,
2163.513457246, 1.004995228,
2163.533889178, 1.001489531,
2163.554321010, 0.999229480,
2163.574752941, 0.999396307,
2163.595184672, 1.002356166,
2163.615616503, 1.002097716,
2163.636048333, 1.000046616,
2163.697343821, 1.000089668,
2163.717775650, 1.003444475,
2163.758639306, 1.002350729,
2163.779071134, 1.005330216,
2163.799502961, 1.002273713,
2163.819934788, 1.001239001,
2163.840366614, 1.002944036,
2163.860798440, 0.998697513,
2163.881230366, 1.003034147,
2163.922093917, 1.001381117,
2163.942525841, 1.004660062,
2163.962957565, 1.008116827,
2163.983389389, 1.002635939,
2164.003821313, 1.002062228,
2164.024253036, 1.003696703,
2164.044684859, 1.004019173,
2164.065116781, 1.002387547,
2164.085548503, 1.004969141,
2164.105980325, 1.003664851,
2164.146843967, 1.003411697,
2164.167275888, 1.002615459,
2164.187707708, 1.002933436,
2164.208139528, 1.004833235,
2164.228571347, 1.002294569,
2164.249003166, 1.005028504,
2164.269434985, 1.003735289,
2164.289866903, 1.002973443,
2164.330730439, 1.004976905,
2164.351162356, 1.004794267,
2164.371594073, 1.000702003,
2164.412457706, 1.005409499,
2164.432889521, 1.004427532,
2164.453321337, 1.004213812,
2164.473753152, 1.003049214,
2164.494184967, 1.004218173,
2164.514616681, 1.003648634,
2164.535048595, 1.004314852,
2164.555480409, 1.003449961,
2164.575912222, 1.003983446,
2164.616775847, 1.005599850,
2164.637207659, 1.000706609,
2164.657639471, 1.005111626,
2164.678071283, 1.008131254,
2164.698503194, 1.002616286,
2164.718935004, 1.006187067,
2164.739366715, 1.007347288,
2164.759798625, 1.005403638,
2164.780230434, 1.006408622,
2164.800662144, 1.010086583,
2164.841525861, 1.005418717,
2164.861957569, 1.004657622,
2164.902821284, 1.004640219,
2164.923252991, 1.006772521,
2164.943684898, 1.004339876,
2164.964116705, 1.006798628,
2164.984548411, 1.007877994,
2165.004980316, 1.006293281,
2165.025412122, 1.007260726,
2165.045843926, 1.005019820,
2165.066275731, 1.005469320,
2165.086707535, 1.005023969,
2165.107139339, 1.005193686,
2165.127571143, 1.006615059,
2165.148002946, 1.007595377,
2165.168434749, 1.003867829,
2165.188866651, 1.006312944,
2165.209298353, 1.006830978,
2165.229730255, 1.004434321,
2165.250161956, 1.011757070,
2165.270593757, 1.006672693,
2165.291025658, 1.006870272,
2165.331889158, 1.008679732,
2165.352321058, 1.006815953,
2165.393184556, 1.008747797,
2165.413616454, 1.005647758,
2165.434048153, 1.007372920,
2165.454479950, 1.005095193,
2165.474911848, 1.007681728,
2165.495343545, 1.008806055,
2165.515775342, 1.005953375,
2165.536207238, 1.009357218,
2165.556639034, 1.007866214,
2165.577070730, 1.007177892,
2165.597502625, 1.010466951,
2165.638366115, 1.005369036,
2165.658798009, 1.008077698,
2165.679229803, 1.007454612,
2165.720093389, 1.007804518,
2165.740525182, 1.007493128,
2165.760957075, 1.009935194,
2165.781388767, 1.007877375,
2165.801820559, 1.009577919,
2165.822252450, 1.009810077,
2165.842684141, 1.005493650,
2165.863115932, 1.010418011,
2165.883547723, 1.009963156,
2165.903979513, 1.009278413,
2165.924411303, 1.009006636,
2165.944843092, 1.009826492,
2165.965274881, 1.009906459,
2165.985706670, 1.009486646,
2166.006138458, 1.009917498,
2166.026570246, 1.009711782,
2166.047002034, 1.010695317,
2166.067433921, 1.011266816,
2166.087865608, 1.009184831,
2166.108297394, 1.010621956,
2166.128729280, 1.008936005,
2166.149160966, 1.007311164,
2166.169592752, 1.010394889,
2166.190024637, 1.011493121,
2166.210456322, 1.006769351,
2166.230888106, 1.011448011,
2166.251319991, 1.010719518,
2166.292183558, 1.012538906,
2166.312615341, 1.009593698,
2166.333047024, 1.008866134,
2166.373910688, 1.009744390,
2166.394342470, 1.009141842,
2166.414774251, 1.009591375,
2166.435206032, 1.007962841,
2166.455637813, 1.012092536,
2166.476069594, 1.010120285,
2166.496501373, 1.009447023,
2166.516933153, 1.010215035,
2166.537365032, 1.009603510,
2166.557796712, 1.010333656,
2166.578228490, 1.008202197,
2166.619092047, 1.010036739,
2166.639523824, 1.010159365,
2166.659955601, 1.010554858,
2166.680387378, 1.008803232,
2166.700819155, 1.011639103,
2166.721250931, 1.010478649,
2166.741682707, 1.011728715,
2166.762114483, 1.012350688,
2166.782546258, 1.012130308,
2166.802978033, 1.012324811,
2166.823409907, 1.010864255,
2166.864273356, 1.009425430,
2166.884705229, 1.011340452,
2166.905137002, 1.009295161,
2166.925568675, 1.011716177,
2166.946000548, 1.010594415,
2166.966432320, 1.012012278,
2166.986863992, 1.011705740,
2167.007295863, 1.011985114,
2167.027727634, 1.011289090,
2167.048159305, 1.013061627,
2167.068591176, 1.011364041,
2167.109454616, 1.010617184,
2167.129886485, 1.013176108,
2167.150318254, 1.013265490,
2167.170749923, 1.011689209,
2167.191181792, 1.012624293,
2167.211613560, 1.013850791,
2167.232045327, 1.012491630,
2167.252477095, 1.018226955,
2167.272908862, 1.012848609,
2167.293340629, 1.009938908,
2167.313772395, 1.012158871,
2167.354636027, 1.012826426,
2167.375067693, 1.010790330,
2167.395499458, 1.014207124,
2167.415931323, 1.012987275,
2167.436362987, 1.007467733,
2167.456794751, 1.012363483,
2167.477226615, 1.015357864,
2167.497658279, 1.014325019,
2167.518090042, 1.013873632,
2167.538521905, 1.013976399,
2167.558953567, 1.011096980,
2167.599817191, 1.015579180,
2167.620248852, 1.014002240,
2167.640680614, 1.013954770,
2167.661112474, 1.012892952,
2167.681544135, 1.014738846,
2167.701975895, 1.014453628,
2167.722407755, 1.013987470,
2167.742839514, 1.012779822,
2167.763271174, 1.013247169,
2167.783703032, 1.014447494,
2167.804134791, 1.013474460,
2167.844998307, 1.015426008,
2167.865430065, 1.014681082,
2167.885861922, 1.016548276,
2167.906293579, 1.014042601,
2167.926725335, 1.014534975,
2167.947157191, 1.013246178,
2167.967588847, 1.010900903,
2167.988020603, 1.015979658,
2168.008452458, 1.013930848,
2168.028884113, 1.013905576,
2168.090179376, 1.015228725,
2168.110611129, 1.014141300,
2168.131042882, 1.017090365,
2168.151474635, 1.016054606,
2168.171906388, 1.014542952,
2168.192338140, 1.016124825,
2168.212769892, 1.017558874,
2168.233201644, 1.016880298,
2168.253633495, 1.015617664,
2168.274065146, 1.016389295,
2168.294496897, 1.013810028,
2168.335360598, 1.016034440,
2168.355792347, 1.017757617,
2168.376224197, 1.016475353,
2168.396655946, 1.013813040,
2168.417087794, 1.018838138,
2168.437519443, 1.016315022,
2168.457951191, 1.016011827,
2168.478383039, 1.016140633,
2168.498814686, 1.016396557,
2168.519246433, 1.018688481,
2168.539678280, 1.014755710,
2168.580541673, 1.017843313,
2168.600973519, 1.017367005,
2168.621405264, 1.014465134,
2168.641836909, 1.015228935,
2168.662268754, 1.020499371,
2168.682700499, 1.016977920,
2168.703132143, 1.022551353,
2168.723563987, 1.020333644,
2168.743995731, 1.023161382,
2168.764427374, 1.017193110,
2168.784859217, 1.017255165,
2168.825722602, 1.017688685,
2168.846154444, 1.018538837,
2168.866586086, 1.017845105,
2168.887017827, 1.019129342,
2168.907449668, 1.017874786,
2168.927881309, 1.014748620,
2168.948313149, 1.017744915,
2168.968744890, 1.017916104,
2168.989176529, 1.018429242,
2169.009608369, 1.021895906,
2169.030040108, 1.018463087,
2169.070903585, 1.020857083,
2169.091335324, 1.019806604,
2169.111767062, 1.017531434,
2169.132198799, 1.017736771,
2169.152630536, 1.021553566,
2169.173062274, 1.019928962,
2169.193494110, 1.019120432,
2169.213925746, 1.015216706,
2169.234357483, 1.013494655,
2169.254789318, 1.020525887,
2169.275220954, 1.017741938,
2169.316084524, 1.018285086,
2169.336516158, 1.018844427,
2169.356947892, 1.018810337,
2169.377379726, 1.018131863,
2169.397811360, 1.017447471,
2169.418243193, 1.019267069,
2169.438674926, 1.021752478,
2169.459106658, 1.018770143,
2169.479538391, 1.020409868,
2169.499970023, 1.015479431,
2169.520401854, 1.021907603,
2169.561265317, 1.019071454,
2169.581696948, 1.018474741,
2169.602128778, 1.021457557,
2169.622560508, 1.020708165,
2169.642992138, 1.017602929,
2169.663423968, 1.023303823,
2169.683855697, 1.019135330,
2169.704287326, 1.019317814,
2169.724719154, 1.020998473,
2169.745150883, 1.021846487,
2169.765582511, 1.020178883,
2169.806446066, 1.021494513,
2169.826877693, 1.021495091,
2169.847309519, 1.021327476,
2169.867741246, 1.018848495,
2169.888173072, 1.021818654,
2169.908604698, 1.022338237,
2169.929036423, 1.021599578,
2169.949468249, 1.020008224,
2169.969899874, 1.021130467,
2169.990331598, 1.023866183,
2170.010763423, 1.019960939,
2170.051626770, 1.022276638,
2170.092490317, 1.022186770,
2170.112921939, 1.022784595,
2170.133353762, 1.020562537,
2170.153785484, 1.023672586,
2170.174217106, 1.022717414,
2170.194648928, 1.024277304,
2170.215080649, 1.022013319,
2170.235512270, 1.024193508,
2170.255944091, 1.024594456,
2170.296807431, 1.023720844,
2170.317239251, 1.023526996,
2170.337670870, 1.021897520,
2170.358102589, 1.020733652,
2170.378534408, 1.022398098,
2170.398966127, 1.022431554,
2170.419397845, 1.024310724,
2170.439829563, 1.024089726,
2170.460261281, 1.023368636,
2170.480692998, 1.022869815,
2170.501124715, 1.023877619,
2170.521556432, 1.023582888,
2170.541988248, 1.024219217,
2170.562419865, 1.025114051,
2170.582851580, 1.024244175,
2170.603283396, 1.020964473,
2170.623715011, 1.022983652,
2170.644146726, 1.022541655,
2170.664578541, 1.023648058,
2170.685010155, 1.025700528,
2170.705441870, 1.023376413,
2170.725873683, 1.023741156,
2170.746305297, 1.023903538,
2170.787168823, 1.023664331,
2170.807600435, 1.021638948,
2170.828032148, 1.024481625,
2170.868895672, 1.025323086,
2170.889327383, 1.025262119,
2170.909759094, 1.023622771,
2170.930190805, 1.027328391,
2170.950622516, 1.026192870,
2170.971054226, 1.026592248,
2170.991485836, 1.024808352,
2171.032349355, 1.025137718,
2171.052780964, 1.024443616,
2171.073212773, 1.023589016,
2171.134507897, 1.025027708,
2171.154939605, 1.022511289,
2171.175371212, 1.025011851,
2171.195803019, 1.024731137,
2171.236666433, 1.022975605,
2171.277529845, 1.025391871,
2171.297961550, 1.025430909,
2171.318393255, 1.024891700,
2171.338824961, 1.025116653,
2171.359256765, 1.026264153,
2171.379688470, 1.026457264,
2171.400120074, 1.029129566,
2171.420551878, 1.024275937,
2171.440983581, 1.024321961,
2171.461415185, 1.028534987,
2171.481846987, 1.026563339,
2171.522710293, 1.024878603,
2171.543142095, 1.026190760,
2171.563573797, 1.026674574,
2171.584005398, 1.028501548,
2171.624868901, 1.026493077,
2171.645300501, 1.025652828,
2171.665732302, 1.025709782,
2171.686164002, 1.025031081,
2171.727027401, 1.025450375,
2171.747459100, 1.024219205,
2171.767890699, 1.026261569,
2171.788322498, 1.026493798,
2171.808754197, 1.027932589,
2171.829185895, 1.027786003,
2171.849617593, 1.027615948,
2171.870049290, 1.027469853,
2171.890480987, 1.025721135,
2171.910912685, 1.026469508,
2171.931344381, 1.028249941,
2171.951776178, 1.023901891,
2171.972207774, 1.031121938,
2172.013071265, 1.026680095,
2172.033502861, 1.028071502,
2172.053934556, 1.026157050,
2172.074366350, 1.028635054,
2172.094797945, 1.027125086,
2172.115229639, 1.030532229,
2172.135661433, 1.028390942,
2172.156093027, 1.028750365,
2172.176524720, 1.026568183,
2172.196956513, 1.025696031,
2172.217388206, 1.028650970,
2172.258251591, 1.027328782,
2172.278683283, 1.029916692,
2172.319546666, 1.029510442,
2172.339978357, 1.031044309,
2172.360410048, 1.029362728,
2172.380841738, 1.027636030,
2172.401273428, 1.031928829,
2172.421705118, 1.029031481,
2172.442136808, 1.028612447,
2172.462568498, 1.027480663,
2172.483000187, 1.025660695,
2172.503431876, 1.028083563,
2172.523863465, 1.029497540,
2172.544295253, 1.029964314,
2172.564726941, 1.028019990,
2172.585158629, 1.028748741,
2172.605590316, 1.030175971,
2172.626022004, 1.030458076,
2172.646453690, 1.029728789,
2172.666885377, 1.030079710,
2172.687317064, 1.027509660,
2172.707748850, 1.029673521,
2172.748612121, 1.029026746,
2172.769043907, 1.029819217,
2172.789475592, 1.027550972,
2172.809907176, 1.029676205,
2172.830338961, 1.030316723,
2172.850770645, 1.029241956,
2172.871202229, 1.030626993,
2172.891634013, 1.031054737,
2172.912065696, 1.028030105,
2172.932497280, 1.031261039,
2172.952929063, 1.029553660,
2172.973360745, 1.029037988,
2172.993792327, 1.031024946,
2173.014224110, 1.031593381,
2173.034655792, 1.029606919,
2173.055087473, 1.026165141,
2173.075519154, 1.029496504,
2173.116382516, 1.031110083,
2173.136814197, 1.030487546,
2173.157245877, 1.032817399,
2173.177677557, 1.031916237,
2173.198109236, 1.031976970,
2173.238972695, 1.029639374,
2173.259404274, 1.031467002,
2173.279835952, 1.030944951,
2173.300267731, 1.031588417,
2173.320699309, 1.032367984,
2173.341130986, 1.031152757,
2173.361562764, 1.032085272,
2173.381994341, 1.030600270,
2173.402426018, 1.031899141,
2173.422857795, 1.034252876,
2173.443289371, 1.031298208,
2173.504584399, 1.029377762,
2173.525016075, 1.028583279,
2173.545447850, 1.028747051,
2173.565879425, 1.032270368,
2173.586311199, 1.030196920,
2173.606742874, 1.037993961,
2173.627174548, 1.034348744,
2173.647606222, 1.034043220,
2173.668037895, 1.031334739,
2173.749764587, 1.032380847,
2173.770196359, 1.031390547,
2173.790627931, 1.031354245,
2173.811059603, 1.031489564,
2173.831491374, 1.031969178,
2173.851922946, 1.031951016,
2173.872354617, 1.032730797,
2173.892786287, 1.030731434,
2173.913217958, 1.031980165,
2173.933649528, 1.033259100,
2173.974512968, 1.031990845,
2173.994944737, 1.030035327,
2174.015376306, 1.032587571,
2174.035807975, 1.030802751,
2174.056239744, 1.032060966,
2174.076671412, 1.029138886,
2174.097102980, 1.032368272,
2174.117534748, 1.031931933,
2174.137966416, 1.030490182,
2174.158397983, 1.034598479,
2174.178829750, 1.030507181,
2174.219692984, 1.033937342,
2174.240124750, 1.034188839,
2174.260556416, 1.034130539,
2174.280987982, 1.032481362,
2174.301419747, 1.033313641,
2174.321851413, 1.037148170,
2174.342282978, 1.033682309,
2174.362714743, 1.032501618,
2174.383146407, 1.032185753,
2174.403577971, 1.031935893,
2174.424009735, 1.031899035,
2174.464873163, 1.033234933,
2174.485304726, 1.032485327,
2174.505736389, 1.033445088,
2174.526168052, 1.033082062,
2174.546599814, 1.034919809,
2174.567031376, 1.031726743,
2174.587463039, 1.032024130,
2174.607894700, 1.034563808,
2174.628326362, 1.033430680,
2174.648758123, 1.034090561,
2174.669189684, 1.034859333,
2174.689621345, 1.033323020,
2174.710053105, 1.035608555,
2174.730484666, 1.037465349,
2174.750916326, 1.030389674,
2174.771348085, 1.033626182,
2174.791779645, 1.034761649,
2174.812211304, 1.034760665,
2174.832643063, 1.034534190,
2174.853074622, 1.032462951,
2174.873506381, 1.035776370,
2174.893938039, 1.032511816,
2174.914369697, 1.033924119,
2174.955233012, 1.034277967,
2174.975664669, 1.032933774,
2174.996096326, 1.034683080,
2175.016527983, 1.037723303,
2175.036959640, 1.035930918,
2175.057391396, 1.033673034,
2175.077822952, 1.036062122,
2175.098254608, 1.036277298,
2175.118686363, 1.036015704,
2175.139117919, 1.034100674,
2175.159549574, 1.033509145,
2175.200412883, 1.036365427,
2175.220844538, 1.036338350,
2175.241276292, 1.036549127,
2175.261707846, 1.037491515,
2175.282139599, 1.033765946,
2175.302571253, 1.036831709,
2175.323002806, 1.036732152,
2175.343434559, 1.035932665,
2175.363866111, 1.036375156,
2175.384297764, 1.036945305,
2175.404729516, 1.037607880,
2175.466024471, 1.035442861,
2175.486456122, 1.037848904,
2175.506887673, 1.037019100,
2175.527319424, 1.034771090,
2175.547751074, 1.038006124,
2175.568182624, 1.037542098,
2175.588614374, 1.036419868,
2175.609046024, 1.037229082,
2175.629477574, 1.032420512,
2175.649909323, 1.038631329,
2175.670340972, 1.036055028,
2175.690772721, 1.036032700,
2175.711204269, 1.037567259,
2175.731635918, 1.035777821,
2175.752067666, 1.036586344,
2175.772499214, 1.035810926,
2175.792930861, 1.037209972,
2175.813362608, 1.037489289,
2175.833794156, 1.037914213,
2175.854225803, 1.038623055,
2175.874657549, 1.037267261,
2175.895089196, 1.039701531,
2175.915520742, 1.038563584,
2175.935952488, 1.039711602,
2175.956384134, 1.035278262,
2175.976815679, 1.038265903,
2175.997247424, 1.037277100,
2176.017678969, 1.035760346,
2176.038110614, 1.039913801,
2176.058542359, 1.037932379,
2176.078974003, 1.037157597,
2176.099405647, 1.039387125,
2176.119837291, 1.041831017,
2176.140268834, 1.045852914,
2176.181132221, 1.034940983,
2176.201563764, 1.038599520,
2176.221995507, 1.038943261,
2176.242427149, 1.041115581,
2176.262858691, 1.039637232,
2176.283290433, 1.037937193,
2176.303722075, 1.039841478,
2176.324153717, 1.039693673,
2176.344585358, 1.039758491,
2176.365016999, 1.037972567,
2176.385448640, 1.039372833,
2176.426311921, 1.042114600,
2176.446743561, 1.042445486,
2176.467175301, 1.041540438,
2176.487606841, 1.038191795,
2176.508038580, 1.041322827,
2176.528470219, 1.040044129,
2176.548901759, 1.036755280,
2176.569333497, 1.038705039,
2176.589765136, 1.041444485,
2176.610196674, 1.039783427,
2176.630628412, 1.041688140,
2176.671491588, 1.041695746,
2176.691923325, 1.038814443,
2176.712354962, 1.041140256,
2176.732786499, 1.041202717,
2176.753218236, 1.041268594,
2176.773649773, 1.039054810,
2176.794081409, 1.043925742,
2176.814513145, 1.041883919,
2176.834944781, 1.041758116,
2176.855376316, 1.040142942,
2176.875808052, 1.040665685,
2176.896239687, 1.040186730,
2176.916671322, 1.041414924,
2176.937102957, 1.039514791,
2176.957534591, 1.038602113,
2176.977966325, 1.039281543,
2176.998397859, 1.040021491,
2177.018829493, 1.041640706,
2177.039261227, 1.042103020,
2177.059692760, 1.042431139,
2177.080124393, 1.043869448,
2177.100556127, 1.044007290,
2177.120987659, 1.040553868,
2177.161851024, 1.042745030,
2177.182282556, 1.046079708,
2177.202714188, 1.043128299,
2177.223145919, 1.043123836,
2177.243577451, 1.041078645,
2177.264009082, 1.043612942,
2177.284440813, 1.043413311,
2177.304872444, 1.041090398,
2177.325304074, 1.043196596,
2177.345735705, 1.040894163,
2177.366167335, 1.041872910,
2177.407030594, 1.043516899,
2177.427462224, 1.041668737,
2177.447893953, 1.042303808,
2177.468325482, 1.043601995,
2177.488757111, 1.043365803,
2177.509188739, 1.041336059,
2177.529620368, 1.042201993,
2177.550051896, 1.045584181,
2177.570483624, 1.042949596,
2177.590915251, 1.043029065,
2177.611346779, 1.044988535,
2177.652210133, 1.042733768,
2177.672641760, 1.043399233,
2177.693073387, 1.042869049,
2177.713505013, 1.043151829,
2177.733936739, 1.045064444,
2177.754368265, 1.042512640,
2177.774799891, 1.043719957,
2177.795231617, 1.049083433,
2177.815663242, 1.044287079,
2177.836094767, 1.043275976,
2177.856526492, 1.044804073,
2177.897389641, 1.044119673,
2177.917821366, 1.043636450,
2177.938252990, 1.046659789,
2177.958684514, 1.044067493,
2177.999547861, 1.044311102,
2178.019979384, 1.044638412,
2178.040411107, 1.045771776,
2178.060842730, 1.044926658,
2178.081274252, 1.047859174,
2178.101705975, 1.044286177,
2178.122137597, 1.045239596,
2178.142569219, 1.042058015,
2178.163000841, 1.043693303,
2178.183432462, 1.042891564,
2178.203864084, 1.044769997,
2178.224295705, 1.044285377,
2178.244727326, 1.045601352,
2178.265158946, 1.045859703,
2178.285590567, 1.047440347,
2178.306022187, 1.043916837,
2178.326453807, 1.045026366,
2178.346885427, 1.046324591,
2178.367317047, 1.043683656,
2178.387748767, 1.041310250,
2178.408180286, 1.045799705,
2178.428611905, 1.045714327,
2178.449043624, 1.044346889,
2178.469475142, 1.045533989,
2178.489906761, 1.048260893,
2178.510338479, 1.045269744,
2178.530769997, 1.046235137,
2178.551201715, 1.050764046,
2178.571633333, 1.042378074,
2178.592064850, 1.045618523,
2178.632928185, 1.046687546,
2178.653359802, 1.046702561,
2178.673791418, 1.045098765,
2178.694223035, 1.042843818,
2178.714654651, 1.044134244,
2178.735086267, 1.046321607,
2178.755517883, 1.044971058,
2178.796381214, 1.046807855,
2178.816812729, 1.047079526,
2178.857676059, 1.046088636,
2178.878107573, 1.047442639,
2178.898539288, 1.049384231,
2178.918970802, 1.046961792,
2178.939402416, 1.044023608,
2178.959834130, 1.045920554,
2178.980265644, 1.048437096,
2179.000697257, 1.050148618,
2179.021128970, 1.048602131,
2179.041560483, 1.049210816,
2179.061992096, 1.045989260,
2179.082423809, 1.047388668,
2179.123286934, 1.048318202,
2179.143718646, 1.047113778,
2179.164150158, 1.047280891,
2179.184581769, 1.047481839,
2179.205013481, 1.049890746,
2179.225445092, 1.048467075,
2179.245876603, 1.047250835,
2179.266308314, 1.047367472,
2179.286739925, 1.047988881,
2179.307171635, 1.047518521,
2179.327603145, 1.046696206,
2179.368466465, 1.049144588,
2179.388897975, 1.048246627,
2179.409329585, 1.046606404,
2179.429761294, 1.046031128,
2179.450192803, 1.047456413,
2179.470624412, 1.046884788,
2179.491056121, 1.048651711,
2179.511487630, 1.049003464,
2179.531919238, 1.048923808,
2179.552350946, 1.050275791,
2179.572782454, 1.047170599,
2179.593214062, 1.049021655,
2179.613645770, 1.046568597,
2179.634077277, 1.046884133,
2179.654508984, 1.049978705,
2179.695372098, 1.048861546,
2179.715803805, 1.048722955,
2179.736235411, 1.048250557,
2179.756666918, 1.048698186,
2179.777098624, 1.051134144,
2179.797530230, 1.049804962,
2179.817961735, 1.048687004,
2179.838393441, 1.049070208,
2179.858825046, 1.047735561,
2179.879256551, 1.049273332,
2179.899688256, 1.048224232,
2179.920119861, 1.048614433,
2179.940551366, 1.050395746,
2179.960983070, 1.051684577,
2179.981414675, 1.052082567,
2180.001846379, 1.050015891,
2180.022277882, 1.049068069,
2180.042709486, 1.048189240,
2180.104004296, 1.049421719,
2180.124435999, 1.052988913,
2180.144867602, 1.049745715,
2180.165299104, 1.047107659,
2180.185730807, 1.049091618,
2180.206162409, 1.051224155,
2180.226593911, 1.053578087,
2180.247025613, 1.050085718,
2180.267457214, 1.051689971,
2180.287888716, 1.050358934,
2180.308320417, 1.050708083,
2180.349183519, 1.051112449,
2180.369615220, 1.050549080,
2180.410478421, 1.052528990,
2180.430910021, 1.050331386,
2180.451341521, 1.051273362,
2180.471773221, 1.047650026,
2180.492204821, 1.050852429,
2180.512636420, 1.049167026,
2180.533068019, 1.050012116,
2180.553499618, 1.052265077,
2180.573931217, 1.049971248,
2180.594362816, 1.051965583,
2180.614794415, 1.050139683,
2180.635226013, 1.050686936,
2180.655657711, 1.050462830,
2180.676089209, 1.051668046,
2180.696520807, 1.053530162,
2180.716952505, 1.052564647,
2180.737384003, 1.052370643,
2180.757815700, 1.051689867,
2180.778247297, 1.053806430,
2180.798678794, 1.054334354,
2180.819110491, 1.051941925,
2180.839542088, 1.051975573,
2180.859973584, 1.053812371,
2180.880405280, 1.050032807,
2180.900836876, 1.051429514,
2180.921268372, 1.053564883,
2180.941700068, 1.052295890,
2180.962131664, 1.053545575,
2180.982563259, 1.052031389,
2181.002994854, 1.052201468,
2181.023426450, 1.053291924,
2181.043858044, 1.052841432,
2181.064289639, 1.054394956,
2181.105152828, 1.054538276,
2181.125584422, 1.050868994,
2181.146016016, 1.050375724,
2181.166447610, 1.056861225,
2181.186879204, 1.054032521,
2181.207310798, 1.052693793,
2181.227742491, 1.055766526,
2181.248173984, 1.055163401,
2181.268605577, 1.053681470,
2181.289037270, 1.052807330,
2181.329900355, 1.055227056,
2181.370763540, 1.053052184,
2181.391195132, 1.053003589,
2181.411626824, 1.054127850,
2181.432058315, 1.053763364,
2181.452489907, 1.053158073,
2181.472921598, 1.057474522,
2181.493353189, 1.053387300,
2181.513784780, 1.052363200,
2181.534216371, 1.054411249,
2181.554647962, 1.055502458,
2181.575079552, 1.056426243,
2181.595511143, 1.053513117,
2181.615942733, 1.054862969,
2181.636374323, 1.056578056,
2181.656805913, 1.055688789,
2181.677237502, 1.058018470,
2181.697669192, 1.054330867,
2181.718100681, 1.055017688,
2181.738532270, 1.055962871,
2181.758963859, 1.052555675,
2181.779395448, 1.057443144,
2181.820258626, 1.054239376,
2181.840690214, 1.057247771,
2181.861121902, 1.054577610,
2181.881553390, 1.055280861,
2181.901984978, 1.056295919,
2181.922416666, 1.059221376,
2181.942848153, 1.057583790,
2181.983711428, 1.053586740,
2182.004142915, 1.055792649,
2182.024574502, 1.055258621,
2182.045006189, 1.055649466,
2182.065437775, 1.057242167,
2182.085869262, 1.056899040,
2182.106300948, 1.057132609,
2182.126732534, 1.054958458,
2182.147164020, 1.057811642,
2182.167595706, 1.059318158,
2182.188027292, 1.058218877,
2182.208458977, 1.055068557,
2182.228890462, 1.053923747,
2182.249322047, 1.056246912,
2182.269753733, 1.055584351,
2182.290185217, 1.057497679,
2182.310616802, 1.055347518,
2182.331048487, 1.057162214,
2182.351479971, 1.056519609,
2182.371911555, 1.059174136,
2182.392343239, 1.056609301,
2182.412774723, 1.056333778,
2182.433206307, 1.059545439,
2182.474069474, 1.059059383,
2182.494501057, 1.059961846,
2182.514932741, 1.054709449,
2182.535364224, 1.064166011,
2182.555795906, 1.055974404,
2182.576227489, 1.053811690,
2182.596658972, 1.058982816,
2182.617090654, 1.060168931,
2182.637522236, 1.057830593,
2182.657953718, 1.056459313,
2182.678385400, 1.057586789,
2182.698816982, 1.059572099,
2182.719248463, 1.058335587,
2182.739680145, 1.057691407,
2182.760111726, 1.058253688,
2182.800974889, 1.057745592,
2182.821406469, 1.058229730,
2182.841837950, 1.057372228,
2182.862269631, 1.057289445,
2182.882701211, 1.060397307,
2182.903132891, 1.058039907,
2182.923564371, 1.059443150,
2182.943995951, 1.058676814,
2182.964427631, 1.056873069,
2182.984859111, 1.059010062,
2183.005290690, 1.057447326,
2183.025722370, 1.059455663,
2183.046153949, 1.061319555,
2183.087017107, 1.058795556,
2183.107448686, 1.058736017,
2183.127880164, 1.062128811,
2183.148311843, 1.059349950,
2183.168743321, 1.057648495,
2183.189174899, 1.059010853,
2183.209606577, 1.058919120,
2183.230038055, 1.059887393,
2183.250469733, 1.060923281,
2183.291332788, 1.060146943,
2183.311764466, 1.059274222,
2183.332196043, 1.055898032,
2183.352627520, 1.058481908,
2183.373059197, 1.058654147,
2183.393490773, 1.059146360,
2183.413922350, 1.062369172,
2183.434353926, 1.058740225,
2183.454785503, 1.059329503,
2183.475217079, 1.058953408,
2183.495648655, 1.061541083,
2183.536511807, 1.059789590,
2183.556943482, 1.064229791,
2183.577374958, 1.060811156,
2183.597806633, 1.061399582,
2183.618238208, 1.060472787,
2183.638669683, 1.059009350,
2183.659101358, 1.060502633,
2183.679532933, 1.060894195,
2183.699964408, 1.062726865,
2183.720396082, 1.060002230,
2183.740827656, 1.059304636,
2183.781690805, 1.061403806,
2183.802122379, 1.063080638,
2183.822553853, 1.063462974,
2183.842985526, 1.061905363,
2183.863417100, 1.062068063,
2183.883848673, 1.062056024,
2183.904280246, 1.062657314,
2183.924711820, 1.060761457,
2183.945143393, 1.063879945,
2183.965574965, 1.062584615,
2184.006438111, 1.064595848,
2184.026869683, 1.061242011,
2184.047301255, 1.062227107,
2184.067732928, 1.062283738,
2184.088164400, 1.061545947,
2184.108595972, 1.061229857,
2184.129027643, 1.063165929,
2184.149459115, 1.064873717,
2184.169890686, 1.066082402,
2184.190322358, 1.060986034,
2184.210753829, 1.062229348,
2184.231185400, 1.066366791,
2184.272048542, 1.063215344,
2184.292480213, 1.063540530,
2184.312911783, 1.064633458,
2184.333343254, 1.063338512,
2184.353774924, 1.061466245,
2184.374206494, 1.062874091,
2184.394638064, 1.064045382,
2184.415069634, 1.061477579,
2184.435501204, 1.062543320,
2184.455932774, 1.062706869,
2184.476364343, 1.065987628,
2184.496795913, 1.062825454,
2184.517227482, 1.065591214,
2184.537659151, 1.064391387,
2184.558090620, 1.066430910,
2184.578522189, 1.065263992,
2184.598953858, 1.066913772,
2184.619385326, 1.063057895,
2184.639816995, 1.064234573,
2184.660248463, 1.063032718,
2184.680680032, 1.068645308,
2184.701111700, 1.071077778,
2184.721543168, 1.064224052,
2184.741974736, 1.064638712,
2184.762406403, 1.066915934,
2184.782837871, 1.067127118,
2184.803269438, 1.064660147,
2184.823701106, 1.063690544,
2184.844132573, 1.065294300,
2184.864564140, 1.068229360,
2184.884995807, 1.064492280,
2184.905427374, 1.066009982,
2184.925858841, 1.064868780,
2184.946290507, 1.066229744,
2184.966722074, 1.066304636,
2185.007585207, 1.063405315,
2185.028016773, 1.065374088,
2185.048448439, 1.068570958,
2185.068879905, 1.065341616,
2185.089311470, 1.067721119,
2185.109743136, 1.065649904,
2185.130174602, 1.067565798,
2185.150606167, 1.066087866,
2185.171037832, 1.065088354,
2185.191469298, 1.063980287,
2185.211900863, 1.066570551,
2185.252763992, 1.066401676,
2185.273195557, 1.066792928,
2185.293627222, 1.063338528,
2185.314058686, 1.065908865,
2185.334490350, 1.065520992,
2185.354921815, 1.068558578,
2185.375353479, 1.068062740,
2185.395785043, 1.066619140,
2185.416216607, 1.063846219,
2185.436648070, 1.069780678,
2185.457079734, 1.066980578,
2185.497942761, 1.067096396,
2185.518374424, 1.068117382,
2185.538805987, 1.066753958,
2185.559237450, 1.068041313,
2185.579669113, 1.066240159,
2185.600100676, 1.067804959,
2185.620532339, 1.068939066,
2185.640963802, 1.067599100,
2185.661395364, 1.066516639,
2185.702258489, 1.068116274,
2185.722690051, 1.068161159,
2185.743121713, 1.069252740,
2185.763553175, 1.068237191,
2185.783984737, 1.068911135,
2185.804416398, 1.067516856,
2185.845279421, 1.066285455,
2185.865711083, 1.072450048,
2185.886142644, 1.068668467,
2185.927005766, 1.071650752,
2185.947437327, 1.066874159,
2185.967868888, 1.068633139,
2185.988300448, 1.069005889,
2186.008732009, 1.066129182,
2186.029163569, 1.071462670,
2186.049595130, 1.067394726,
2186.070026590, 1.070692258,
2186.090458250, 1.068481859,
2186.110889810, 1.071348352,
2186.131321270, 1.068834071,
2186.151752930, 1.071658380,
2186.172184490, 1.070954945,
2186.192615949, 1.070975059,
2186.213047609, 1.069456534,
2186.233479168, 1.069797327,
2186.253910727, 1.070824923,
2186.274342287, 1.068539669,
2186.294773846, 1.068954490,
2186.315205505, 1.072737413,
2186.335636964, 1.070111894,
2186.356068522, 1.068483461,
2186.376500181, 1.070219916,
2186.396931640, 1.072103636,
2186.417363198, 1.070172799,
2186.437794856, 1.070995346,
2186.478657873, 1.072844953,
2186.499089531, 1.072689464,
2186.519521089, 1.072382623,
2186.539952546, 1.069643349,
2186.560384204, 1.070950885,
2186.580815762, 1.070577622,
2186.601247419, 1.071923191,
2186.621678877, 1.071605069,
2186.642110434, 1.071958140,
2186.662542091, 1.071140158,
2186.682973548, 1.072399243,
2186.723836662, 1.071476412,
2186.744268219, 1.073173440,
2186.764699776, 1.071391913,
2186.785131332, 1.071822878,
2186.805562889, 1.073989617,
2186.825994445, 1.073705087,
2186.846426002, 1.075227206,
2186.866857558, 1.071611358,
2186.887289114, 1.074331052,
2186.907720670, 1.072812093,
2186.928152226, 1.084370218,
2186.948583882, 1.072249455,
2186.969015437, 1.074732555,
2186.989446893, 1.072269255,
2187.009878549, 1.072800138,
2187.030310104, 1.072206131,
2187.050741559, 1.073816754,
2187.071173215, 1.072513766,
2187.112036225, 1.072765088,
2187.132467880, 1.075621745,
2187.152899435, 1.075515563,
2187.173330889, 1.076636084,
2187.214194099, 1.074692392,
2187.234625553, 1.075992214,
2187.255057207, 1.074878677,
2187.275488762, 1.071021718,
2187.295920416, 1.074633265,
2187.316351870, 1.074637007,
2187.336783424, 1.074775861,
2187.357215078, 1.075392099,
2187.377646532, 1.075033421,
2187.398078086, 1.075495533,
2187.418509739, 1.078450000,
2187.438941193, 1.075295657,
2187.459372746, 1.079830888,
2187.479804400, 1.073168555,
2187.500235853, 1.076163976,
2187.520667406, 1.074009932,
2187.541099059, 1.076254543,
2187.561530512, 1.077598077,
2187.581962165, 1.076474958,
2187.602393718, 1.077126935,
2187.622825171, 1.077359546,
2187.643256823, 1.078027441,
2187.663688376, 1.076985142,
2187.684119828, 1.077891312,
2187.704551481, 1.077138450,
2187.724983033, 1.077339171,
2187.745414485, 1.077561487,
2187.765846138, 1.076448112,
2187.786277690, 1.076323423,
2187.806709242, 1.076945551,
2187.827140793, 1.077421781,
2187.847572345, 1.078392292,
2187.868003997, 1.076821519,
2187.888435449, 1.078924079,
2187.908867000, 1.078573701,
2187.929298652, 1.081643895,
2187.949730203, 1.079874855,
2187.970161654, 1.076943331,
2187.990593305, 1.080964974,
2188.011024857, 1.077833144,
2188.031456307, 1.077902632,
2188.051887958, 1.079097822,
2188.072319509, 1.079386029,
2188.092750960, 1.079643690,
2188.113182611, 1.076256367,
2188.133614161, 1.080916749,
2188.154045612, 1.079242723,
2188.174477262, 1.080827779,
2188.194908713, 1.078583564,
2188.215340363, 1.081185311,
2188.235771913, 1.079742422,
2188.256203363, 1.077978294,
2188.276635013, 1.078266640,
2188.297066563, 1.080403996,
2188.317498113, 1.078970635,
2188.337929663, 1.082601748,
2188.358361213, 1.081902496,
2188.378792763, 1.079913789,
2188.399224312, 1.079665545,
2188.419655862, 1.077308551,
2188.440087411, 1.079653177,
2188.460519060, 1.082198914,
2188.480950510, 1.080422100,
2188.501382159, 1.081183379,
2188.521813708, 1.078392870,
2188.542245157, 1.079366895,
2188.562676806, 1.082105105,
2188.583108355, 1.080730204,
2188.603539804, 1.079890978,
2188.623971452, 1.081088704,
2188.644403001, 1.079753188,
2188.664834449, 1.081497790,
2188.685266098, 1.080748143,
2188.705697646, 1.083690192,
2188.726129095, 1.081298545,
2188.746560743, 1.081494649,
2188.766992291, 1.082411430,
2188.787423939, 1.080444932,
2188.807855387, 1.085049573,
2188.828286935, 1.081660587,
2188.848718483, 1.081470302,
2188.869150031, 1.079091688,
2188.889581579, 1.083474468,
2188.910013127, 1.082410192,
2188.930444674, 1.085523616,
2188.950876222, 1.080313228,
2188.971307869, 1.083685752,
2188.991739317, 1.084603288,
2189.012170864, 1.083438459,
2189.032602511, 1.081475406,
2189.053033958, 1.081784080,
2189.093897153, 1.084259373,
2189.114328600, 1.083592596,
2189.134760246, 1.083449100,
2189.196054887, 1.083874403,
2189.216486433, 1.082380025,
2189.236917880, 1.085406155,
2189.257349527, 1.082958420,
2189.277781073, 1.083282151,
2189.298212619, 1.083054156,
2189.318644166, 1.082724475,
2189.339075712, 1.086721177,
2189.359507258, 1.085453953,
2189.379938804, 1.085944124,
2189.400370350, 1.085780265,
2189.420801996, 1.087127263,
2189.441233542, 1.083815825,
2189.461664988, 1.085938484,
2189.482096634, 1.085633460,
2189.502528179, 1.084805535,
2189.522959625, 1.088166955,
2189.543391271, 1.086062177,
2189.563822816, 1.086558839,
2189.584254262, 1.087714098,
2189.604685907, 1.087639465,
2189.625117352, 1.087939286,
2189.645548898, 1.086144876,
2189.665980543, 1.086513739,
2189.686411988, 1.087224651,
2189.706843633, 1.087369159,
2189.727275178, 1.087235882,
2189.747706623, 1.087540752,
2189.768138268, 1.090846902,
2189.788569813, 1.086086658,
2189.809001358, 1.090475062,
2189.829432902, 1.090773156,
2189.849864447, 1.090856154,
2189.870295992, 1.088619802,
2189.890727536, 1.085181653,
2189.911159081, 1.086688801,
2189.931590625, 1.089331306,
2189.952022269, 1.089948757,
2189.972453714, 1.089634762,
2189.992885358, 1.085984014,
2190.013316902, 1.089368905,
2190.033748346, 1.091075807,
2190.054179990, 1.090496753,
2190.074611535, 1.089103755,
2190.095042979, 1.087380032,
2190.115474622, 1.089316574,
2190.135906166, 1.089146361,
2190.156337610, 1.086932106,
2190.176769254, 1.088104007,
2190.197200798, 1.090018497,
2190.217632241, 1.090075679,
2190.238063885, 1.090683371,
2190.258495328, 1.091981981,
2190.278926972, 1.088827726,
2190.299358515, 1.090036300,
2190.319789958, 1.088618042,
2190.340221602, 1.089444403,
2190.360653145, 1.091204925,
2190.381084688, 1.088788133,
2190.401516231, 1.088817127,
2190.421947775, 1.089583437,
2190.442379318, 1.089659137,
2190.462810861, 1.089885535,
2190.483242404, 1.087286024,
2190.503673947, 1.090834185,
2190.524105589, 1.090041976,
2190.544537032, 1.091382399,
2190.564968675, 1.090951424,
2190.585400218, 1.090376521,
2190.605831660, 1.092175072,
2190.646694845, 1.090926997,
2190.667126288, 1.088277757,
2190.687557930, 1.092984040,
2190.707989473, 1.091632019,
2190.728420915, 1.091774338,
2190.748852557, 1.089907617,
2190.769284100, 1.093027612,
2190.789715642, 1.092864073,
2190.810147184, 1.092567904,
2190.830578726, 1.092448420,
2190.851010368, 1.090594072,
2190.871441810, 1.092432264,
2190.891873352, 1.091663496,
2190.912304994, 1.093558546,
2190.932736436, 1.090056800,
2190.953167978, 1.093102614,
2190.973599620, 1.092626903,
2190.994031061, 1.095068467,
2191.014462603, 1.091029027,
2191.034894245, 1.095062482,
2191.055325686, 1.091487809,
2191.075757228, 1.094451063,
2191.096188869, 1.094556644,
2191.137051952, 1.092915646,
2191.157483494, 1.094118903,
2191.177914935, 1.091521359,
2191.198346576, 1.091972181,
2191.218778118, 1.091996945,
2191.239209559, 1.093710263,
2191.259641200, 1.091189724,
2191.280072741, 1.094070779,
2191.300504182, 1.093536258,
2191.320935823, 1.095048145,
2191.361798906, 1.097146143,
2191.382230446, 1.096852134,
2191.423093628, 1.094502891,
2191.443525169, 1.096621729,
2191.463956610, 1.094046576,
2191.484388251, 1.096765903,
2191.504819791, 1.094721145,
2191.525251232, 1.096835119,
2191.545682873, 1.092598051,
2191.566114413, 1.098572998,
2191.586545854, 1.096280691,
2191.627408935, 1.094070662,
2191.647840475, 1.094292836,
2191.668272116, 1.094503015,
2191.688703656, 1.096268458,
2191.709135196, 1.095021800,
2191.729566737, 1.095441498,
2191.749998177, 1.095004791,
2191.770429817, 1.098812238,
2191.790861357, 1.097801387,
2191.811292798, 1.096230202,
2191.831724438, 1.096695398,
2191.852155978, 1.095380592,
2191.872587518, 1.096676455,
2191.893019058, 1.098766640,
2191.913450598, 1.098514257,
2191.933882238, 1.096089094,
2191.954313678, 1.099412650,
2191.974745218, 1.096540862,
2191.995176858, 1.101733572,
2192.015608398, 1.094734068,
2192.036039837, 1.097424925,
2192.056471477, 1.096556450,
2192.076903017, 1.097759794,
2192.117766096, 1.097368067,
2192.138197636, 1.098314202,
2192.158629076, 1.100704460,
2192.179060715, 1.097419225,
2192.199492255, 1.097278094,
2192.219923894, 1.099148264,
2192.240355334, 1.100637589,
2192.260786874, 1.099289520,
2192.281218513, 1.096320361,
2192.301649952, 1.096649444,
2192.322081492, 1.099562911,
2192.342513131, 1.099197120,
2192.362944571, 1.097426453,
2192.383376110, 1.099367597,
2192.403807649, 1.100369869,
2192.424239189, 1.098536390,
2192.444670728, 1.104764933,
2192.465102267, 1.100786773,
2192.485533806, 1.099921905,
2192.505965445, 1.101377050,
2192.526396985, 1.100099240,
2192.546828424, 1.100235697,
2192.567260063, 1.095282392,
2192.608123041, 1.101840869,
2192.628554680, 1.099814751,
2192.648986219, 1.101394626,
2192.669417658, 1.098043190,
2192.689849297, 1.102416441,
2192.710280836, 1.102839813,
2192.730712475, 1.100082603,
2192.751143914, 1.102268739,
2192.771575453, 1.098959059,
2192.792007091, 1.103051711,
2192.812438530, 1.101172220,
2192.853301708, 1.104357798,
2192.873733147, 1.104117050,
2192.894164685, 1.102323888,
2192.914596324, 1.104025219,
2192.935027763, 1.100488319,
2192.955459302, 1.102115947,
2192.975890940, 1.100947717,
2192.996322379, 1.103853469,
2193.016754018, 1.102262038,
2193.037185556, 1.100262828,
2193.057617095, 1.102307629,
2193.098480172, 1.101081360,
2193.118911611, 1.104391487,
2193.139343249, 1.104851809,
2193.159774788, 1.101371425,
2193.180206226, 1.102701139,
2193.200637865, 1.101329149,
2193.221069403, 1.102665912,
2193.241501042, 1.103688868,
2193.261932480, 1.104133124,
2193.282364019, 1.105077201,
2193.302795657, 1.105283354,
2193.343658634, 1.102374529,
2193.364090272, 1.105570433,
2193.384521711, 1.103105888,
2193.404953249, 1.108311814,
2193.425384887, 1.107665688,
2193.445816326, 1.104289089,
2193.466247864, 1.104720047,
2193.486679502, 1.104139634,
2193.507111041, 1.105360058,
2193.527542579, 1.104875037,
2193.547974117, 1.101952206,
2193.588837194, 1.107490957,
2193.609268732, 1.105376989,
2193.629700270, 1.105350770,
2193.650131908, 1.112094297,
2193.670563347, 1.106245477,
2193.690994885, 1.107316380,
2193.711426523, 1.107382635,
2193.731857961, 1.108782521,
2193.752289499, 1.109330259,
2193.772721037, 1.107386680,
2193.793152576, 1.108100521,
2193.834015652, 1.104714095,
2193.854447190, 1.109156891,
2193.874878828, 1.104688034,
2193.895310266, 1.107563463,
2193.915741804, 1.109990209,
2193.936173443, 1.107462121,
2193.956604881, 1.109450170,
2193.977036419, 1.104932229,
2193.997468057, 1.108213761,
2194.017899495, 1.108585825,
2194.038331133, 1.108475138,
2194.079194209, 1.104943593,
2194.099625747, 1.109698765,
2194.120057285, 1.109933500,
2194.140488823, 1.106416821,
2194.160920462, 1.106838508,
2194.181351900, 1.109803310,
2194.201783438, 1.108350039,
2194.222215076, 1.108053296,
2194.242646514, 1.108199558,
2194.263078052, 1.105823047,
2194.283509690, 1.110604333,
2194.303941128, 1.107285420,
2194.324372766, 1.108694252,
2194.344804304, 1.107689342,
2194.406098818, 1.109173985,
2194.426530356, 1.108603864,
2194.446961994, 1.110803543,
2194.467393432, 1.108495302,
2194.487824970, 1.108183812,
2194.508256608, 1.114106025,
2194.569551223, 1.110207357,
2194.589982761, 1.108593249,
2194.610414299, 1.109987046,
2194.630845837, 1.111602325,
2194.651277375, 1.109272992,
2194.671709013, 1.108322125,
2194.692140451, 1.112332188,
2194.712571989, 1.108888658,
2194.733003627, 1.108950158,
2194.753435065, 1.108796712,
2194.773866704, 1.115205831,
2194.814729680, 1.107346449,
2194.835161318, 1.115308421,
2194.855592856, 1.111006507,
2194.876024294, 1.111842962,
2194.896455932, 1.108618812,
2194.937318909, 1.111288114,
2194.957750547, 1.111700704,
2194.978182085, 1.110843655,
2194.998613623, 1.109599126,
2195.019045161, 1.112877873,
2195.080339776, 1.110611863,
2195.100771314, 1.111621300,
2195.121202852, 1.113334577,
2195.141634391, 1.111975271,
2195.162065929, 1.111150308,
2195.182497467, 1.114555232,
2195.202929005, 1.111263887,
2195.223360544, 1.110611001,
2195.243792182, 1.112414070,
2195.264223620, 1.111966244,
2195.284655259, 1.111451896,
2195.305086797, 1.112830508,
2195.325518235, 1.114510613,
2195.345949874, 1.114422778,
2195.366381412, 1.113629479,
2195.386812850, 1.110380820,
2195.407244489, 1.114376050,
2195.427676027, 1.113296043,
2195.448107466, 1.112758690,
2195.468539104, 1.114648591,
2195.488970643, 1.116854785,
2195.509402281, 1.113172638,
2195.550265258, 1.113135094,
2195.570696897, 1.112638680,
2195.591128335, 1.114739963,
2195.611559874, 1.117287882,
2195.631991512, 1.112040757,
2195.652422951, 1.114098652,
2195.672854489, 1.114158291,
2195.693286128, 1.114597945,
2195.713717667, 1.112006853,
2195.734149205, 1.114609779,
2195.795443821, 1.112540449,
2195.815875360, 1.115309096,
2195.836306799, 1.114886069,
2195.856738438, 1.113879927,
2195.877169976, 1.115626451,
2195.897601415, 1.112462564,
2195.918033054, 1.113543868,
2195.938464593, 1.117630406,
2195.958896232, 1.111689340,
2195.979327671, 1.114820151,
2195.999759210, 1.116565298,
2196.040622287, 1.114918488,
2196.061053826, 1.113679390,
2196.081485465, 1.115517128,
2196.101916904, 1.117021437,
2196.122348444, 1.117351426,
2196.142780083, 1.114657293,
2196.183643061, 1.115621470,
2196.204074700, 1.112634059,
2196.224506239, 1.115558906,
2196.285800857, 1.118396485,
2196.306232396, 1.112596710,
2196.326663935, 1.116997147,
2196.347095475, 1.115528368,
2196.387958553, 1.115462885,
2196.408390093, 1.118993869,
2196.428821632, 1.117931125,
2196.449253172, 1.118550790,
2196.469684811, 1.118036466,
2196.530979430, 1.119029832,
2196.551410869, 1.120527898,
2196.571842409, 1.118389400,
2196.592274049, 1.116905120,
2196.612705488, 1.118112747,
2196.633137028, 1.120864940,
2196.653568668, 1.117500994,
2196.674000107, 1.120327127,
2196.694431747, 1.121327763,
2196.714863287, 1.122331627,
2196.735294827, 1.125170534,
2196.776157907, 1.119255838,
2196.796589447, 1.119247965,
2196.817020987, 1.122086651,
2196.837452527, 1.121497112,
2196.857884067, 1.123046811,
2196.878315707, 1.125067199,
2196.898747147, 1.121203183,
2196.919178787, 1.120750924,
2196.939610327, 1.119878081,
2196.960041768, 1.120600370,
2196.980473408, 1.117103275,
2197.041768029, 1.122968378,
2197.062199569, 1.121165919,
2197.082631010, 1.120872835,
2197.103062650, 1.121844918,
2197.123494191, 1.122414389,
2197.143925831, 1.126421794,
2197.164357272, 1.120630006,
2197.184788712, 1.127165836,
2197.205220353, 1.125093287,
2197.225651894, 1.117291759,
2197.266514975, 1.123731312,
2197.286946516, 1.124585719,
2197.327809598, 1.125086297,
2197.348241139, 1.124913888,
2197.368672780, 1.127462417,
2197.389104321, 1.125633786,
2197.409535762, 1.123281528,
2197.429967403, 1.123926682,
2197.450398944, 1.125204757,
2197.470830385, 1.127867417,
2197.593419833, 1.126187130,
2197.613851275, 1.127201515,
2197.634282816, 1.123166118,
2197.654714458, 1.127581108,
2197.675145899, 1.126432330,
2197.716009083, 1.123715544,
2197.756872066, 1.127149708,
2197.777303708, 1.128240648,
2197.797735150, 1.127305295,
2197.818166792, 1.130384068,
2197.838598234, 1.129203582,
2197.859029876, 1.129156997,
2197.879461418, 1.127049598,
2197.920324402, 1.127182456,
2197.940756044, 1.126446414,
2197.961187586, 1.125510539,
2198.002050671, 1.128303872,
2198.022482213, 1.128197471,
2198.042913756, 1.128151099,
2198.063345298, 1.127487660,
2198.083776841, 1.128777133,
2198.104208483, 1.127706984,
2198.124639926, 1.128583275,
2198.145071469, 1.126155537,
2198.165503111, 1.126753615,
2198.185934554, 1.130247018,
2198.206366097, 1.127168545,
2198.247229183, 1.129883654,
2198.267660826, 1.129601399,
2198.288092369, 1.131836621,
2198.308523812, 1.129884494,
2198.328955455, 1.130123472,
2198.349386998, 1.129876359,
2198.369818542, 1.128380307,
2198.390250085, 1.128572698,
2198.410681628, 1.131083511,
2198.431113172, 1.128170268,
2198.451544715, 1.129151281,
2198.492407802, 1.129810874,
2198.512839346, 1.134466472,
2198.533270889, 1.131756477,
2198.553702433, 1.130899212,
2198.574133977, 1.132432712,
2198.594565521, 1.132530898,
2198.614997165, 1.134013146,
2198.635428609, 1.133402446,
2198.655860153, 1.130925161,
2198.676291797, 1.132329599,
2198.696723241, 1.132633429,
2198.737586429, 1.129316465,
2198.758017873, 1.132139854,
2198.778449518, 1.132725594,
2198.798881062, 1.132332948,
2198.839744151, 1.132833861,
2198.860175696, 1.133385743,
2198.880607141, 1.132023016,
2198.901038785, 1.131561041,
2198.921470330, 1.131351607,
2198.941901975, 1.135748891,
2199.003196610, 1.134080352,
2199.023628155, 1.132482970,
2199.044059600, 1.134169384,
2199.064491245, 1.133636577,
2199.084922790, 1.133586142,
2199.105354336, 1.136554672,
2199.125785881, 1.133524946,
2199.146217427, 1.134327694,
2199.166648972, 1.134824239,
2199.187080518, 1.132909767,
2199.227943609, 1.131417913,
2199.248375155, 1.134176913,
2199.268806601, 1.138073825,
2199.289238247, 1.134708996,
2199.309669792, 1.135627818,
2199.330101439, 1.131107279,
2199.350532885, 1.133973084,
2199.391396077, 1.135000205,
2199.411827523, 1.135101542,
2199.432259070, 1.136135745,
2199.452690716, 1.137321384,
2199.473122163, 1.136376126,
2199.493553709, 1.134443567,
2199.513985356, 1.136193474,
2199.534416803, 1.135949865,
2199.554848449, 1.134184535,
2199.575279996, 1.134326914,
2199.595711543, 1.138548365,
2199.616143090, 1.136852888,
2199.636574637, 1.133653882,
2199.657006184, 1.136110036,
2199.677437731, 1.135783386,
2199.718300826, 1.137187008,
2199.738732473, 1.136980295,
2199.759163921, 1.136055046,
2199.779595568, 1.136437620,
2199.800027116, 1.137393018,
2199.820458564, 1.137710355,
2199.840890212, 1.137873762,
2199.861321659, 1.139273899,
2199.881753207, 1.135990602,
2199.902184855, 1.136220491,
2199.922616303, 1.137123522,
2199.963479500, 1.137298073,
2199.983910948, 1.139020468,
2200.004342596, 1.137696300,
2200.024774145, 1.138219128,
2200.045205593, 1.135602307,
2200.065637242, 1.137975827,
2200.086068790, 1.139320533,
2200.106500339, 1.136631228,
2200.126931888, 1.136674071,
2200.147363437, 1.136751214,
2200.167795086, 1.136672050,
2200.208658084, 1.139095783,
2200.229089733, 1.137467639,
2200.249521282, 1.138962882,
2200.269952732, 1.136596339,
2200.290384381, 1.140402416,
2200.310815931, 1.135411520,
2200.331247380, 1.137978820,
2200.351679030, 1.138837829,
2200.372110580, 1.138804416,
2200.392542230, 1.138640467,
2200.412973680, 1.129691061,
2200.453836880, 1.136676758,
2200.494699880, 1.138995630,
2200.515131430, 1.137842533,
2200.535562981, 1.138012842,
2200.555994531, 1.139165534,
2200.576426082, 1.137957030,
2200.596857632, 1.136953187,
2200.617289283, 1.138583200,
2200.637720734, 1.136630492,
2200.658152285, 1.139446223,
2200.699015387, 1.139576177,
2200.719446938, 1.141758005,
2200.739878589, 1.141417596,
2200.780741592, 1.139322911,
2200.801173243, 1.138278562,
2200.821604795, 1.139391248,
2200.842036347, 1.137335937,
2200.862467898, 1.141120590,
2200.882899450, 1.141106469,
2200.903331102, 1.139782300,
2200.944194106, 1.138147742,
2200.964625758, 1.140474722,
2200.985057210, 1.140189644,
2201.005488863, 1.137285433,
2201.025920415, 1.139204387,
2201.046351868, 1.140212736,
2201.066783520, 1.140252700,
2201.087215073, 1.138429494,
2201.107646526, 1.140918623,
2201.128078179, 1.139021040,
2201.148509732, 1.137378799,
2201.189372838, 1.141817034,
2201.209804391, 1.140321977,
2201.230235945, 1.141848372,
2201.250667498, 1.138230198,
2201.271099051, 1.136869348,
2201.291530605, 1.140688185,
2201.311962159, 1.143192389,
2201.332393713, 1.141488260,
2201.352825266, 1.139732222,
2201.393688374, 1.149001685,
2201.434551483, 1.143024725,
2201.454983137, 1.140095988,
2201.475414692, 1.140155452,
2201.495846146, 1.140130484,
2201.516277801, 1.139394836,
2201.536709356, 1.141920433,
2201.557140810, 1.141356697,
2201.577572465, 1.140879313,
2201.598004020, 1.138811886,
2201.618435475, 1.140039843,
2201.638867131, 1.140245308,
2201.659298686, 1.139547008,
2201.679730341, 1.141824919,
2201.700161797, 1.140824725,
2201.720593352, 1.141183273,
2201.741025008, 1.140483120,
2201.761456464, 1.138762431,
2201.781888020, 1.138392467,
2201.802319676, 1.140367303,
2201.822751132, 1.140014378,
2201.843182788, 1.138585491,
2201.863614344, 1.140063719,
2201.884045801, 1.140336283,
2201.924908914, 1.142878835,
2201.945340471, 1.141816384,
2201.965772127, 1.140856940,
2201.986203684, 1.141448996,
2202.006635141, 1.140381489,
2202.027066798, 1.140775125,
2202.047498355, 1.141010838,
2202.067929913, 1.139237559,
2202.088361470, 1.139504236,
2202.108793028, 1.138028133,
2202.129224685, 1.143495496,
2202.170087701, 1.138859995,
2202.190519359, 1.142497992,
2202.210950817, 1.140609667,
2202.231382375, 1.141881509,
2202.251814033, 1.138754112,
2202.272245491, 1.141919464,
2202.292677150, 1.142878573,
2202.313108708, 1.142556864,
2202.333540167, 1.140877848,
2202.353971826, 1.139845660,
2202.374403385, 1.139977139,
2202.415266503, 1.140724007,
2202.435698062, 1.143107001,
2202.456129721, 1.140675816,
2202.476561180, 1.143028436,
2202.496992740, 1.142179879,
2202.517424300, 1.141573726,
2202.537855859, 1.139976178,
2202.558287419, 1.144741762,
2202.578718979, 1.141639504,
2202.599150539, 1.143902755,
2202.619582099, 1.142239378,
2202.660445220, 1.141642504,
2202.680876880, 1.141281839,
2202.701308441, 1.140781309,
2202.721739902, 1.147263514,
2202.742171562, 1.140697241,
2202.762603123, 1.140653185,
2202.783034584, 1.141786153,
2202.803466246, 1.142174354,
2202.823897807, 1.142265177,
2202.844329268, 1.145279829,
2202.864760930, 1.142437126,
2202.926055615, 1.141548677,
2202.946487177, 1.143323808,
2202.966918839, 1.140727293,
2202.987350301, 1.143194447,
2203.007781863, 1.140402623,
2203.028213526, 1.143574865,
2203.048644988, 1.143720349,
2203.069076651, 1.142518567,
2203.089508213, 1.143470696,
2203.109939776, 1.143289076,
2203.150802902, 1.143071864,
2203.171234466, 1.144166087,
2203.191666029, 1.143161995,
2203.212097592, 1.144126302,
2203.232529156, 1.141513207,
2203.252960720, 1.142739562,
2203.273392283, 1.141076014,
2203.293823947, 1.139014746,
2203.314255411, 1.141845031,
2203.334686975, 1.143540206,
2203.355118640, 1.142765040,
2203.395981669, 1.143425214,
2203.416413333, 1.145773331,
2203.436844798, 1.145973002,
2203.457276363, 1.142437470,
2203.477708028, 1.143083042,
2203.498139493, 1.142683840,
2203.518571158, 1.144166308,
2203.539002724, 1.145540216,
2203.559434189, 1.141835888,
2203.579865855, 1.144996939,
2203.600297420, 1.144500413,
2203.641160552, 1.143136328,
2203.661592118, 1.148061583,
2203.682023784, 1.143219088,
2203.702455251, 1.142809374,
2203.722886817, 1.142226277,
2203.743318484, 1.145502815,
2203.763750051, 1.143356972,
2203.784181517, 1.145751063,
2203.804613184, 1.145477069,
2203.825044751, 1.147009010,
2203.845476219, 1.142502529,
2203.886339453, 1.143047750,
2203.906771021, 1.143062386,
2203.927202589, 1.143564544,
2203.947634057, 1.143102742,
2203.968065724, 1.143594887,
2203.988497293, 1.145420999,
2204.008928761, 1.142944997,
2204.029360429, 1.146084143,
2204.070223466, 1.144973476,
2204.090655135, 1.142084714,
2204.131518373, 1.142532017,
2204.151949842, 1.142049434,
2204.172381411, 1.145402996,
2204.192813081, 1.145493301,
2204.213244550, 1.141991737,
2204.233676120, 1.144338231,
2204.254107790, 1.143312404,
2204.274539359, 1.143839984,
2204.294970929, 1.143832603,
2204.315402500, 1.142015262,
2204.335834070, 1.144640322,
2204.376697211, 1.145410966,
2204.397128782, 1.143501884,
2204.417560352, 1.146306985,
2204.437991923, 1.146072837,
2204.458423495, 1.140991635,
2204.478855166, 1.145640481,
2204.499286637, 1.143897448,
2204.519718309, 1.146694816,
2204.540149780, 1.147836885,
2204.560581352, 1.142999290,
2204.581013024, 1.147200163,
2204.621876068, 1.142835395,
2204.642307740, 1.143957121,
2204.662739213, 1.144424464,
2204.683170885, 1.144941510,
2204.703602458, 1.144587884,
2204.724033931, 1.144256915,
2204.744465604, 1.144525402,
2204.764897177, 1.146274973,
2204.785328650, 1.143606412,
2204.805760324, 1.143752269,
2204.826191897, 1.145138939,
2204.867055045, 1.143547723,
2204.887486619, 1.142579593,
2204.907918293, 1.142982017,
2204.928349867, 1.144516156,
2204.948781342, 1.146356949,
2204.969213016, 1.147344113,
2204.989644591, 1.144500816,
2205.010076066, 1.145423507,
2205.030507741, 1.144914538,
2205.050939316, 1.145784280,
2205.071370791, 1.142375701,
2205.112234042, 1.143511225,
2205.132665718, 1.145552834,
2205.153097193, 1.145429268,
2205.173528769, 1.146457718,
2205.193960345, 1.144610019,
2205.214391922, 1.144993290,
2205.234823498, 1.145114182,
2205.255255074, 1.145427866,
2205.275686651, 1.148126209,
2205.296118328, 1.148110937,
2205.316549805, 1.144882176,
2205.357413059, 1.145909346,
2205.377844537, 1.146074502,
2205.398276114, 1.147621616,
2205.439139270, 1.147390758,
2205.459570848, 1.149059287,
2205.480002526, 1.144910299,
2205.500434104, 1.145165019,
2205.520865683, 1.146855815,
2205.541297261, 1.142206913,
2205.561728840, 1.144463114,
2205.623023577, 1.148570525,
2205.663886736, 1.147197479,
2205.684318315, 1.147131077,
2205.704749995, 1.144932575,
2205.725181475, 1.144074660,
2205.745613155, 1.144914535,
2205.766044735, 1.146414428,
2205.786476216, 1.144958919,
2205.806907896, 1.146480534,
2205.847770958, 1.144399047,
2205.868202639, 1.147723880,
2205.888634220, 1.142091820,
2205.909065801, 1.145445697,
2205.929497382, 1.141905202,
2205.949928864, 1.144235206,
2205.970360546, 1.143360897,
2205.990792128, 1.145734931,
2206.011223710, 1.144389959,
2206.031655292, 1.144934583,
2206.052086874, 1.143826413,
2206.113381622, 1.141297189,
2206.133813305, 1.148897340,
2206.154244888, 1.147122284,
2206.174676372, 1.145077214,
2206.195108055, 1.145171016,
2206.215539639, 1.143864834,
2206.235971122, 1.142322391,
2206.256402806, 1.141764625,
2206.276834390, 1.149003217,
2206.297266075, 1.151013393,
2206.338129143, 1.146685404,
2206.358560828, 1.147657010,
2206.378992313, 1.146017047,
2206.419855583, 1.148765351,
2206.440287069, 1.143260246,
2206.460718654, 1.145505387,
2206.481150340, 1.146857830,
2206.501581826, 1.146134327,
2206.522013512, 1.144290684,
2206.542445098, 1.147505694,
2206.583308270, 1.148163524,
2206.603739757, 1.145768985,
2206.624171344, 1.148032867,
2206.644603031, 1.144844697,
2206.665034518, 1.147889050,
2206.685466105, 1.146438729,
2206.705897793, 1.147291824,
2206.726329380, 1.149691781,
2206.746760968, 1.147700021,
2206.767192556, 1.146352058,
2206.787624144, 1.144407718,
2206.828487321, 1.146883252,
2206.848918909, 1.147002096,
2206.869350598, 1.147228431,
2206.889782087, 1.146520737,
2206.910213776, 1.148498682,
2206.930645365, 1.149669681,
2206.951076855, 1.149595247,
2206.971508544, 1.146822976,
2206.991940134, 1.146268926,
2207.012371624, 1.146347627,
2207.032803314, 1.149254788,
2207.073666395, 1.150741538,
2207.094098086, 1.149500176,
2207.114529676, 1.144721631,
2207.134961367, 1.147824828,
2207.155392858, 1.147384547,
2207.175824450, 1.151162813,
2207.196256141, 1.148620501,
2207.216687633, 1.149429245,
2207.237119224, 1.148302489,
2207.257550816, 1.147617289,
2207.277982509, 1.147634737,
2207.318845693, 1.147818307,
2207.339277186, 1.149262072,
2207.359708879, 1.150781544,
2207.380140472, 1.150133470,
2207.400571965, 1.150982222,
2207.421003658, 1.148185743,
2207.441435252, 1.146929523,
2207.461866745, 1.148952454,
2207.482298439, 1.148828999,
2207.502730033, 1.148367056,
2207.523161727, 1.147125648,
2207.564024816, 1.150638566,
2207.584456511, 1.147703053,
2207.604888006, 1.147993029,
2207.625319601, 1.150300349,
2207.645751296, 1.149630977,
2207.666182792, 1.150109981,
2207.686614387, 1.153835543,
2207.707046083, 1.148232990,
2207.727477579, 1.150513977,
2207.747909275, 1.152370849,
2207.768340871, 1.148322687,
2207.809204064, 1.151361483,
2207.829635661, 1.148488179,
2207.850067258, 1.155661158,
2207.870498855, 1.147229239,
2207.890930453, 1.148341881,
2207.911362050, 1.150223636,
2207.931793648, 1.149360516,
2207.952225246, 1.148787323,
2207.972656844, 1.148958428,
2207.993088442, 1.149874884,
2208.013520041, 1.148685925,
2208.054383238, 1.145904105,
2208.074814837, 1.150377159,
2208.095246536, 1.150520184,
2208.115678036, 1.148828194,
2208.136109735, 1.150038680,
2208.156541335, 1.148785248,
2208.176972835, 1.149898181,
2208.197404535, 1.150051659,
2208.217836135, 1.150917946,
2208.238267636, 1.149667527,
2208.258699336, 1.148474912,
2208.299562438, 1.147626126,
2208.340425741, 1.149241157,
2208.360857442, 1.150557251,
2208.381288944, 1.152064671,
2208.401720546, 1.151989061,
2208.422152248, 1.148886074,
2208.442583750, 1.149927899,
2208.463015353, 1.152606927,
2208.483447055, 1.151213453,
2208.503878658, 1.152910417,
2208.544741864, 1.149570316,
2208.565173468, 1.151361469,
2208.585605071, 1.152837694,
2208.606036675, 1.149601550,
2208.626468179, 1.151656287,
2208.646899883, 1.151009884,
2208.667331488, 1.151251076,
2208.687762992, 1.151784936,
2208.708194697, 1.151332633,
2208.728626302, 1.152075398,
2208.749058007, 1.152665247,
2208.789921118, 1.152018441,
2208.810352824, 1.152016528,
2208.830784329, 1.151192927,
2208.851215936, 1.152381573,
2208.871647642, 1.153544781,
2208.892079148, 1.153490541,
2208.912510855, 1.149364023,
2208.932942462, 1.153090452,
2208.953373969, 1.153018039,
2208.973805676, 1.153429834,
2208.994237283, 1.152852417,
2209.035100499, 1.153107636,
2209.055532107, 1.151413850,
2209.075963715, 1.154099053,
2209.096395323, 1.153186946,
2209.116826932, 1.150828864,
2209.137258641, 1.153346704,
2209.157690250, 1.154007861,
2209.178121759, 1.155272781,
2209.198553468, 1.155167625,
2209.218985078, 1.156040390,
2209.239416587, 1.154449147,
2209.280279808, 1.154053379,
2209.300711518, 1.154099029,
2209.321143128, 1.153327410,
2209.341574639, 1.153784812,
2209.362006350, 1.153258886,
2209.382437961, 1.153368875,
2209.402869473, 1.154183375,
2209.423301184, 1.154532531,
2209.443732796, 1.155068180,
2209.464164308, 1.154586079,
2209.484596020, 1.153900810,
2209.525459345, 1.155043836,
2209.545890857, 1.152375466,
2209.566322470, 1.158581459,
2209.586754183, 1.152626712,
2209.607185697, 1.154992366,
2209.627617310, 1.154978607,
2209.648049024, 1.155159312,
2209.668480638, 1.153500501,
2209.688912252, 1.157007266,
2209.709343866, 1.154972844,
2209.729775481, 1.154049028,
2209.770638711, 1.154342991,
2209.791070326, 1.153728149,
2209.811502041, 1.155636949,
2209.831933557, 1.155709712,
2209.852365172, 1.154910188,
2209.872796788, 1.155374476,
2209.893228405, 1.152176440,
2209.913660121, 1.157230993,
2209.934091638, 1.153626285,
2209.954523254, 1.155580378,
2209.974954971, 1.155475440,
2210.015818106, 1.155570692,
2210.036249824, 1.154928657,
2210.056681341, 1.152515990,
2210.077113059, 1.152038450,
2210.117976196, 1.154702383,
2210.138407915, 1.154202846,
2210.158839533, 1.157942836,
2210.179271153, 1.155309748,
2210.199702772, 1.158823392,
2210.220134391, 1.153472794,
2210.260997631, 1.155741689,
2210.281429251, 1.153782999,
2210.301860971, 1.156016089,
2210.322292492, 1.157058998,
2210.342724113, 1.153824388,
2210.363155834, 1.155714475,
2210.383587455, 1.154594675,
2210.404018976, 1.152577229,
2210.424450698, 1.153417921,
2210.444882319, 1.154995916,
2210.465314041, 1.157426469,
2210.485745564, 1.156432339,
2210.506177186, 1.155483495,
2210.526608809, 1.154927356,
2210.547040432, 1.154710078,
2210.587903778, 1.155072569,
2210.608335301, 1.153543936,
2210.628766925, 1.157982137,
2210.649198549, 1.156004318,
2210.669630173, 1.156391881,
2210.690061898, 1.156127994,
2210.710493422, 1.161004523,
2210.751356772, 1.155246241,
2210.771788297, 1.156841448,
2210.792219923, 1.155012130,
2210.812651648, 1.155714252,
2210.833083274, 1.157046083,
2210.853514900, 1.157750029,
2210.873946526, 1.158320590,
2210.894378153, 1.157688780,
2210.914809780, 1.157852240,
2210.935241407, 1.157037473,
2210.955673034, 1.156460544,
2210.996536289, 1.154763742,
2211.016967917, 1.158206073,
2211.037399645, 1.159334285,
2211.057831173, 1.154277632,
2211.078262901, 1.157439659,
2211.098694530, 1.155212541,
2211.119126059, 1.157672641,
2211.139557788, 1.159055024,
2211.159989418, 1.158699297,
2211.180420947, 1.154854088,
2211.200852677, 1.158118180,
2211.241715937, 1.158493946,
2211.262147568, 1.155580860,
2211.282579099, 1.159214071,
2211.303010829, 1.158126332,
2211.323442461, 1.156934450,
2211.343873992, 1.157267122,
2211.364305724, 1.159993244,
2211.384737355, 1.157170152,
2211.405168988, 1.158927234,
2211.425600620, 1.157481259,
2211.446032252, 1.155053499,
2211.486895518, 1.160647142,
2211.507327151, 1.155945979,
2211.527758884, 1.158004843,
2211.548190518, 1.159253411,
2211.568622051, 1.159000837,
2211.589053786, 1.157652225,
2211.609485420, 1.156518946,
2211.629917054, 1.157093067,
2211.650348689, 1.157183745,
2211.670780324, 1.160313997,
2211.691212059, 1.156985783,
2211.732075230, 1.158400748,
2211.752506966, 1.158843784,
2211.772938502, 1.160254143,
2211.793370139, 1.156131165,
2211.813801875, 1.160824684,
2211.834233412, 1.159003136,
2211.854665149, 1.156068838,
2211.875096786, 1.157854162,
2211.895528324, 1.159565379,
2211.915960062, 1.160374569,
2211.936391600, 1.157638908,
2211.977254976, 1.153791318,
2212.018118254, 1.158796793,
2212.038549893, 1.160059417,
2212.058981532, 1.159526527,
2212.099844812, 1.157924572,
2212.120276452, 1.157320491,
2212.140708092, 1.157503081,
2212.161139733, 1.159931226,
2212.181571373, 1.155711834,
2212.202003114, 1.156832532,
2212.222434656, 1.159226077,
2212.242866397, 1.157466556,
2212.263298039, 1.158504511,
2212.283729581, 1.155897620,
2212.304161323, 1.158787898,
2212.324592965, 1.158710537,
2212.345024508, 1.158204975,
2212.385887894, 1.158250914,
2212.406319637, 1.158450769,
2212.426751181, 1.158564601,
2212.467614569, 1.157635895,
2212.488046113, 1.157696943,
2212.508477757, 1.162297888,
2212.528909502, 1.157330348,
2212.549341047, 1.162023909,
2212.590204338, 1.159320037,
2212.610635984, 1.160218803,
2212.631067730, 1.156987843,
2212.651499276, 1.159702475,
2212.671930922, 1.159245736,
2212.712794316, 1.160125255,
2212.733225863, 1.160618032,
2212.753657611, 1.160287699,
2212.774089258, 1.158933989,
2212.794520806, 1.160269236,
2212.814952554, 1.160472936,
2212.835384203, 1.158261807,
2212.855815951, 1.161525773,
2212.876247500, 1.157054086,
2212.896679149, 1.159208233,
2212.917110899, 1.159574880,
2212.957974098, 1.159281533,
2212.978405848, 1.157594209,
2212.998837399, 1.158141216,
2213.019269149, 1.159095507,
2213.039700800, 1.159225062,
2213.060132351, 1.157432483,
2213.080564102, 1.160350876,
2213.100995754, 1.158837025,
2213.121427306, 1.157690972,
2213.141859058, 1.159125062,
2213.162290710, 1.158272073,
2213.203154015, 1.159720457,
2213.244017322, 1.159732917,
2213.264448975, 1.158874190,
