BJD - 2454833, Corrected Flux
2061.305669241, 0.976371723,
2061.326101499, 0.978178671,
2061.346533657, 0.975883311,
2061.366965714, 0.977162352,
2061.387397971, 0.976800325,
2061.407830127, 0.996160804,
2061.428262384, 0.993988777,
2061.489558849, 0.983129810,
2061.509990904, 0.982998498,
2061.530423057, 0.981340416,
2061.550855311, 0.981252044,
2061.571287464, 0.981678524,
2061.591719516, 0.981682379,
2061.612151769, 0.981391214,
2061.632583920, 0.980195732,
2061.653015972, 0.980389413,
2061.673448223, 0.978663347,
2061.693880373, 0.977971030,
2061.714312523, 0.977189261,
2061.734744672, 0.975209774,
2061.755176821, 0.973921799,
2061.775608970, 0.972219965,
2061.796041119, 0.971039207,
2061.816473266, 0.970496352,
2061.836905413, 0.968965046,
2061.857337560, 0.967839478,
2061.877769607, 0.968472202,
2061.898201853, 0.966999366,
2061.918633999, 0.967540757,
2061.939066144, 0.967329098,
2061.959498289, 0.964923867,
2061.979930433, 0.966396698,
2062.000362677, 0.967827179,
2062.020794720, 0.967211248,
2062.041226863, 0.967422005,
2062.061659106, 0.967147411,
2062.082091148, 0.966957308,
2062.102523290, 0.965587625,
2062.122955531, 0.966349711,
2062.143387672, 0.965726904,
2062.163819713, 0.965182965,
2062.225116131, 0.962150695,
2062.245548370, 0.961484058,
2062.265980508, 0.962658816,
2062.286412546, 0.961300825,
2062.306844783, 0.959038880,
2062.327276920, 0.961223877,
2062.347709157, 0.958313613,
2062.368141193, 0.955796308,
2062.388573329, 0.956923510,
2062.409005564, 0.957016436,
2062.429437599, 0.956894630,
2062.449869733, 0.957098378,
2062.470301867, 0.957203584,
2062.490734001, 0.955617789,
2062.511166134, 0.959321776,
2062.531598267, 0.958210363,
2062.552030399, 0.957974671,
2062.572462531, 0.957081103,
2062.592894662, 0.956492482,
2062.613326793, 0.955342660,
2062.633758924, 0.953151534,
2062.654191154, 0.952459881,
2062.674623184, 0.952749934,
2062.695055413, 0.952855547,
2062.715487542, 0.951397112,
2062.735919570, 0.949814849,
2062.756351798, 0.949693493,
2062.776783926, 0.947057460,
2062.797215953, 0.947113230,
2062.817648180, 0.947074722,
2062.838080306, 0.947222409,
2062.858512332, 0.946766945,
2062.878944558, 0.945789800,
2062.899376682, 0.946917682,
2062.919808707, 0.947563442,
2062.940240931, 0.947286988,
2062.960673055, 0.948782768,
2062.981105178, 0.949925878,
2063.001537301, 0.951683620,
2063.021969424, 0.951026873,
2063.042401546, 0.950082378,
2063.062833667, 0.950645106,
2063.083265788, 0.949969878,
2063.124130129, 0.947256202,
2063.144562149, 0.947442185,
2063.164994369, 0.946351712,
2063.185426488, 0.950412574,
2063.205858507, 0.973902510,
2063.226290725, 0.954971059,
2063.246722743, 0.950680921,
2063.267154860, 0.951127493,
2063.287587077, 0.949230439,
2063.308019093, 0.946030188,
2063.328451210, 0.947682397,
2063.348883425, 0.948156137,
2063.369315441, 0.946279604,
2063.389747555, 0.945465371,
2063.410179770, 0.943795339,
2063.430611784, 0.943944980,
2063.451043897, 0.946075847,
2063.471476111, 0.946538239,
2063.491908223, 0.947689881,
2063.512340335, 0.946518440,
2063.532772447, 0.951603092,
2063.553204559, 0.950209684,
2063.573636670, 0.945773297,
2063.594068781, 0.941040254,
2063.614500891, 0.944034026,
2063.696229427, 0.951553254,
2063.716661436, 0.952211538,
2063.737093543, 0.952803976,
2063.757525750, 0.953061433,
2063.777957757, 0.952438162,
2063.798389864, 0.953448794,
2063.818822070, 0.953259928,
2063.839254075, 0.953007565,
2063.859686181, 0.953356495,
2063.880118385, 0.955262791,
2063.900550390, 0.955211922,
2063.920982594, 0.957442814,
2063.941414697, 0.956895056,
2063.961846700, 0.958288412,
2063.982278903, 0.958863537,
2064.002711005, 0.959700571,
2064.023143007, 0.960228969,
2064.043575208, 0.961427704,
2064.064007309, 0.962043829,
2064.084439310, 0.963516167,
2064.104871510, 0.963325872,
2064.125303609, 0.963108807,
2064.554377608, 0.982826550,
2064.574809799, 0.982958445,
2064.595241889, 0.984122399,
2064.615673879, 0.982948749,
2064.636106068, 0.982090371,
2064.656538157, 0.983794553,
2064.758698596, 0.990679412,
2064.779130582, 0.991938897,
2064.799562768, 0.985764511,
2064.819994854, 0.991791713,
2064.840426939, 0.992447296,
2064.860859024, 0.995103104,
2064.922155276, 1.002810186,
2064.942587359, 1.003662401,
2064.963019442, 1.004731119,
2064.983451625, 1.005222107,
2065.003883607, 1.005595046,
2065.024315688, 1.006881024,
2065.044747869, 1.006078807,
2065.065179850, 1.007017886,
2065.085611931, 1.005668787,
2065.106044110, 1.006769379,
2065.126476090, 1.008646485,
2065.146908169, 1.006958260,
2065.167340348, 1.006954877,
2065.187772326, 1.007444749,
2065.208204504, 1.007406658,
2065.228636581, 1.008152365,
2065.249068558, 1.008032365,
2065.269500735, 1.008839254,
2065.289932811, 1.008190959,
2065.310364887, 1.008948009,
2065.330796963, 1.009342552,
2065.351229038, 1.012714707,
2065.371661112, 1.013824768,
2065.392093186, 1.014370332,
2065.412525260, 1.016849412,
2065.432957334, 1.015057317,
2065.453389406, 1.015391926,
2065.473821479, 1.020732426,
2065.494253451, 1.018391224,
2065.514685623, 1.017883130,
2065.535117695, 1.015761224,
2065.555549665, 1.017912496,
2065.575981836, 1.016023377,
2065.596413906, 1.013883707,
2065.657710114, 1.012111032,
2065.678142283, 1.014878480,
2065.698574251, 1.029534367,
2065.719006318, 1.014195948,
2065.739438486, 1.012890930,
2065.759870453, 1.012111184,
2065.780302519, 1.013185923,
2065.800734685, 1.013051934,
2065.821166751, 1.016106151,
2065.841598717, 1.015733615,
2065.862030881, 1.016016301,
2065.882462946, 1.015234502,
2065.902894910, 1.013206233,
2065.923327074, 1.013110078,
2065.943759137, 1.011867182,
2065.964191100, 1.009334980,
2065.984623262, 1.010457707,
2066.005055324, 1.010000966,
2066.025487286, 1.012848773,
2066.045919447, 1.011014732,
2066.066351508, 1.007219246,
2066.086783668, 1.007070296,
2066.148079748, 1.004690883,
2066.168511806, 1.005872571,
2066.188943865, 1.004325512,
2066.209375923, 1.005837345,
2066.229807981, 0.998531498,
2066.250240038, 1.000842075,
2066.270672095, 1.003797713,
2066.291104151, 1.007980494,
2066.311536207, 1.004152519,
2066.331968363, 0.999724987,
2066.393264527, 1.002625553,
2066.413696482, 1.001211332,
2066.434128535, 1.000480684,
2066.454560688, 1.000338387,
2066.474992642, 1.000054572,
2066.495424694, 1.001381853,
2066.515856846, 1.002614586,
2066.536288797, 1.000514126,
2066.556720949, 0.996702592,
2066.577153000, 0.992634345,
2066.597584950, 0.993219159,
2066.618017100, 0.993446737,
2066.638449150, 0.992803263,
2066.658881200, 0.992215334,
2066.679313249, 0.994028071,
2066.699745297, 0.992191317,
2066.720177345, 0.990623469,
2066.740609393, 0.992024528,
2066.761041440, 0.993133273,
2066.781473487, 0.990513294,
2066.801905633, 0.986691128,
2066.822337580, 0.987545326,
2066.863201671, 0.991207542,
2066.883633715, 0.989693544,
2066.904065760, 0.990005580,
2066.924497904, 0.989012451,
2066.944929848, 0.987719625,
2066.965361791, 0.987067159,
2066.985793934, 0.985187862,
2067.006225977, 0.984856084,
2067.026658119, 0.984660548,
2067.067522102, 0.984946581,
2067.087954243, 0.982424885,
2067.108386184, 0.983363450,
2067.128818224, 0.986238060,
2067.149250364, 0.983442714,
2067.169682403, 0.987034766,
2067.190114342, 0.984656204,
2067.210546481, 0.983556394,
2067.230978519, 0.986897918,
2067.251410457, 0.986537447,
2067.271842594, 0.982219392,
2067.292274632, 0.980154590,
2067.312706568, 0.982221862,
2067.353570740, 0.983384840,
2067.374002676, 0.983266729,
2067.394434811, 0.984212204,
2067.414866846, 0.982426637,
2067.435298780, 0.981514065,
2067.455730914, 0.980386279,
2067.476162948, 0.979354075,
2067.496595081, 0.977845324,
2067.517027013, 0.978348967,
2067.537459046, 0.979560260,
2067.557891177, 0.977362314,
2067.578323109, 0.978136447,
2067.598755140, 0.978968151,
2067.619187171, 0.976588726,
2067.639619302, 0.975740052,
2067.660051232, 0.976188186,
2067.680483261, 0.974050415,
2067.700915291, 0.973787188,
2067.721347320, 0.977364707,
2067.741779448, 0.978853761,
2067.762211376, 0.981018298,
2067.782643404, 0.977248431,
2067.803075531, 0.977246986,
2067.864371611, 0.974768363,
2067.884803536, 0.973155375,
2067.905235662, 0.972950578,
2067.925667687, 0.971850786,
2067.946099611, 0.971321896,
2067.966531736, 0.968945392,
2067.986963759, 0.969979313,
2068.007395783, 0.966688116,
2068.027827806, 0.969613074,
2068.048259829, 0.969225127,
2068.129987916, 0.965031421,
2068.150420036, 0.964657240,
2068.170851957, 0.964349130,
2068.191283977, 0.964278733,
2068.211716096, 0.965583944,
2068.232148015, 0.965059822,
2068.252580034, 0.965537594,
2068.273012152, 0.965379389,
2068.293444071, 0.963992919,
2068.313876088, 0.961240782,
2068.334308206, 0.960842788,
2068.354740122, 0.965822630,
2068.375172239, 0.962922070,
2068.395604155, 0.961038109,
2068.436468286, 0.956983398,
2068.456900201, 0.956351590,
2068.477332216, 0.955467658,
2068.497764330, 0.956081557,
2068.518196244, 0.955004088,
2068.538628257, 0.954314514,
2068.559060370, 0.954327814,
2068.599924295, 0.958600467,
2068.620356407, 0.956634960,
2068.640788419, 0.952536328,
2068.661220330, 0.956998412,
2068.681652441, 0.955309994,
2068.702084451, 0.951140063,
2068.722516361, 0.953193510,
2068.742948471, 0.953817752,
2068.763380480, 0.953936801,
2068.783812589, 0.952408425,
2068.845108613, 0.954302329,
2068.865540521, 0.954107005,
2068.885972528, 0.951370346,
2068.906404634, 0.953204347,
2068.926836540, 0.952550647,
2068.947268546, 0.954032549,
2068.967700652, 0.950694617,
2068.988132657, 0.949568878,
2069.008564562, 0.946768246,
2069.028996666, 0.946507578,
2069.049428670, 0.946715365,
2069.069860573, 0.948349732,
2069.090292677, 0.948805050,
2069.110724579, 0.949857127,
2069.131156582, 0.951026704,
2069.151588684, 0.954980623,
2069.172020686, 0.951297428,
2069.192452587, 0.954772996,
2069.212884688, 0.953891194,
2069.233316589, 0.954440605,
2069.253748689, 0.954082520,
2069.274180689, 0.953940161,
2069.315044687, 0.948748482,
2069.335476686, 0.956049499,
2069.355908584, 0.953800113,
2069.376340682, 0.951932801,
2069.396772680, 0.953471087,
2069.417204677, 0.952537570,
2069.437636674, 0.949271705,
2069.458068670, 0.946429168,
2069.478500666, 0.950525985,
2069.498932662, 0.949544075,
2069.519364657, 0.951254234,
2069.601092634, 0.952567444,
2069.641956621, 0.954083248,
2069.662388714, 0.955258247,
2069.682820706, 0.954521027,
2069.703252598, 0.954862582,
2069.744116681, 0.955549871,
2069.764548571, 0.954162882,
2069.784980662, 0.956594384,
2069.805412652, 0.961020973,
2069.825844542, 0.953847722,
2069.846276631, 0.951180396,
2069.866708520, 0.953873355,
2069.887140609, 0.952511901,
2069.907572597, 0.953581996,
2069.928004585, 0.959090315,
2069.948436473, 0.963402467,
2069.968868560, 0.980816083,
2069.989300547, 0.986524223,
2070.009732433, 1.006985856,
2070.091460474, 0.961297210,
2070.111892459, 0.962355484,
2070.132324543, 0.963441028,
2070.152756427, 0.963323441,
2070.173188410, 0.964182680,
2070.193620494, 0.964790687,
2070.214052376, 0.965643522,
2070.234484359, 0.965027623,
2070.254916441, 0.967311682,
2070.275348322, 0.967066696,
2070.295780303, 0.966181036,
2070.357076245, 0.971069449,
2070.377508325, 0.972215450,
2070.397940304, 0.976396698,
2070.459236240, 0.972368669,
2070.540964249, 0.976719170,
2070.561396126, 0.980817065,
2070.581828002, 0.981720187,
2070.602260078, 0.984185796,
2070.643123928, 0.983178696,
2070.663556003, 0.985635620,
2070.683987977, 0.985580296,
2070.704419851, 0.987076881,
2070.745283897, 0.989288604,
2070.765715870, 0.994417130,
2070.786147843, 0.991434435,
2070.867875729, 0.993357084,
2070.929171640, 0.999354750,
2070.949603709, 0.989970441,
2070.970035678, 1.001691612,
2071.051763452, 1.012016528,
2071.072195519, 1.009421296,
2071.092627486, 1.010390553,
2071.113059352, 1.011022691,
2071.174355250, 1.013369831,
2071.215219280, 1.006603143,
2071.235651245, 1.007894903,
2071.317379099, 1.009059671,
2071.378674986, 1.011840875,
2071.399106948, 1.012102828,
2071.419539009, 1.011691075,
2071.439970870, 1.012399984,
2071.460402830, 1.012906054,
2071.480834890, 1.012493934,
2071.501266750, 1.015722326,
2071.521698710, 1.014657421,
2071.542130769, 1.018821801,
2071.562562628, 1.016894451,
2071.603426644, 1.020845252,
2071.623858502, 1.017596129,
2071.644290459, 1.019478942,
2071.664722516, 1.020202928,
2071.685154373, 1.018263029,
2071.705586329, 1.020720331,
2071.726018385, 1.030713451,
2071.746450340, 1.037158236,
2071.766882296, 1.023802112,
2071.787314250, 1.018001086,
2071.807746205, 1.020112006,
2071.828178159, 1.013726259,
2071.848610112, 1.012332247,
2071.869042066, 1.014710513,
2071.889474119, 1.014310271,
2071.971201828, 1.008690276,
2072.052929631, 1.020605996,
2072.073361581, 1.026569511,
2072.093793530, 1.021486047,
2072.114225479, 1.018838702,
2072.155089377, 1.018534457,
2072.175521325, 1.016586121,
2072.236817267, 1.011936533,
2072.257249214, 1.009868256,
2072.277681060, 1.008931562,
2072.298113106, 1.008531580,
2072.318545052, 1.005285122,
2072.338976897, 1.004256870,
2072.359408942, 1.004632637,
2072.379840887, 1.010241202,
2072.441136718, 1.020472952,
2072.502432547, 1.013647715,
2072.522864389, 1.009185851,
2072.543296431, 1.007826892,
2072.563728372, 1.005604958,
2072.584160314, 1.002483854,
2072.625024195, 1.000412016,
2072.645456235, 1.001628270,
2072.665888075, 1.003794224,
2072.686320014, 1.003860485,
2072.706752053, 1.001822799,
2072.747615830, 1.003347392,
2072.788479805, 1.000468682,
2072.808911643, 0.998157443,
2072.829343680, 0.997923257,
2072.849775516, 0.995664245,
2072.870207452, 0.993798749,
2072.890639489, 0.994174560,
2072.911071324, 0.995527327,
2072.951935294, 0.996836158,
2072.972367129, 0.995160090,
2072.992799063, 0.996666380,
2073.033662930, 0.994784977,
2073.054094963, 0.995933730,
2073.074526896, 0.992142472,
2073.094958829, 0.987400121,
2073.115390761, 0.988949724,
2073.135822692, 0.988865507,
2073.156254624, 0.984285405,
2073.176686555, 0.984196213,
2073.197118485, 0.993254307,
2073.258414276, 1.000307274,
2073.278846205, 0.995510091,
2073.319710063, 0.989483032,
2073.340141991, 0.989113065,
2073.360574019, 0.989474613,
2073.381005847, 0.989465261,
2073.401437774, 0.989830645,
2073.421869701, 0.990529893,
2073.442301628, 0.987810585,
2073.462733654, 0.988612780,
2073.483165480, 0.988922487,
2073.503597406, 0.988310708,
2073.524029431, 0.988146779,
2073.544461256, 0.997320057,
2073.564893180, 0.983975788,
2073.585325204, 0.983223185,
2073.605757128, 0.984570061,
2073.626188952, 0.985189117,
2073.646620975, 0.981231107,
2073.667052898, 0.981495484,
2073.769212507, 0.980404017,
2073.789644428, 0.981785360,
2073.810076249, 0.980999251,
2073.830508269, 0.979810972,
2073.871372208, 0.983145404,
2073.912235946, 0.978839825,
2073.932667965, 0.978742306,
2073.993963718, 0.983710571,
2074.014395535, 0.983099345,
2074.034827452, 0.982149903,
2074.055259469, 0.980324314,
2074.075691385, 0.978200849,
2074.096123201, 0.978120080,
2074.116555216, 0.978577250,
2074.136987031, 0.977552715,
2074.157418946, 0.978287787,
2074.177850960, 0.978458320,
2074.239146702, 0.972144151,
2074.259578515, 0.970570389,
2074.280010428, 0.970434946,
2074.300442440, 0.970334293,
2074.320874252, 0.970582050,
2074.341306264, 0.971560568,
2074.361738175, 0.972446163,
2074.382169987, 0.972916246,
2074.402601997, 0.972173945,
2074.443465818, 0.972223359,
2074.463897728, 0.968862896,
2074.504761546, 0.967918547,
2074.525193455, 0.966666426,
2074.545625364, 0.961394678,
2074.566057272, 0.961298038,
2074.586489279, 0.964261194,
2074.606921087, 0.958928932,
2074.627352994, 0.959216830,
2074.709080719, 0.959897730,
2074.729512525, 0.961120931,
2074.749944530, 0.961270159,
2074.770376435, 0.961204521,
2074.790808239, 0.961456182,
2074.811240243, 0.958615166,
2074.831672147, 0.960710120,
2074.852103951, 0.962218693,
2074.872535954, 0.961002368,
2074.892967757, 0.963186962,
2074.913399659, 0.962547933,
2074.954263463, 0.962903462,
2074.974695365, 0.961780715,
2074.995127366, 0.960878537,
2075.015559267, 0.961074073,
2075.035991068, 0.961084036,
2075.056423068, 0.959353586,
2075.076854968, 0.958623857,
2075.097286767, 0.957527239,
2075.117718766, 0.959968522,
2075.138150665, 0.960286454,
2075.158582664, 0.958682680,
2075.179014462, 0.955082912,
2075.199446360, 0.954730264,
2075.219878358, 0.956957023,
2075.240310155, 0.955507268,
2075.260742052, 0.956591409,
2075.281174049, 0.957439247,
2075.301605845, 0.960660346,
2075.322037741, 0.959759176,
2075.342469737, 0.957848539,
2075.362901532, 0.959012371,
2075.383333427, 0.957201175,
2075.403765422, 0.956466648,
2075.465061104, 0.961415013,
2075.485492997, 0.961795785,
2075.505924790, 0.961302305,
2075.526356783, 0.960487187,
2075.546788675, 0.961337986,
2075.567220567, 0.959523641,
2075.587652459, 0.958109210,
2075.608084351, 0.960338672,
2075.628516242, 0.959335884,
2075.648948133, 0.962890936,
2075.710243803, 0.961530025,
2075.730675593, 0.963703495,
2075.751107582, 0.964669754,
2075.771539471, 0.970776022,
2075.791971259, 0.967913597,
2075.812403248, 0.966365964,
2075.832835136, 0.965326031,
2075.853267023, 0.966101978,
2075.873698910, 0.963419406,
2075.894130798, 0.963154676,
2075.955426456, 0.971447602,
2075.975858442, 0.968798439,
2075.996290327, 0.967167532,
2076.016722112, 0.966776331,
2076.057585982, 0.964846002,
2076.078017766, 0.965633282,
2076.098449750, 0.963819058,
2076.118881633, 0.964661427,
2076.139313416, 0.965141892,
2076.159745399, 0.964228807,
2076.180177281, 0.967139966,
2076.200609064, 0.968312903,
2076.221041045, 0.971940108,
2076.241472927, 0.969975000,
2076.261904808, 0.970183500,
2076.282336689, 0.977792573,
2076.302768570, 0.975194991,
2076.323200450, 0.976604672,
2076.343632330, 0.988826487,
2076.364064210, 0.982998415,
2076.384496089, 0.974366889,
2076.425359847, 0.977931571,
2076.445791725, 0.977632191,
2076.466223603, 0.976970286,
2076.486655481, 0.977373404,
2076.507087458, 0.977593428,
2076.527519235, 0.976718433,
2076.547951112, 0.977843343,
2076.568383089, 0.977946026,
2076.588814865, 0.979389787,
2076.609246741, 0.982799676,
2076.629678716, 0.979994813,
2076.670542367, 0.984202564,
2076.690974341, 0.986350628,
2076.711406116, 0.988342408,
2076.731837990, 0.992120160,
2076.752269963, 0.994510544,
2076.772701737, 0.993011853,
2076.793133710, 0.995509809,
2076.813565582, 0.997746756,
2076.833997455, 0.997945109,
2076.854429327, 0.993192051,
2076.874861199, 0.991775768,
2076.936156812, 1.002932724,
2076.956588683, 1.001644366,
2076.977020653, 1.002117036,
2076.997452423, 0.999362061,
2077.038316162, 1.002086159,
2077.058748031, 1.002716838,
2077.079179900, 1.003698394,
2077.099611768, 1.003964918,
2077.120043636, 1.007103937,
2077.140475404, 1.005053026,
2077.181339239, 1.007813446,
2077.201771206, 1.008072582,
2077.222202972, 1.017370322,
2077.242634839, 1.015653913,
2077.263066804, 1.015924510,
2077.283498570, 1.010043733,
2077.303930435, 1.011155137,
2077.324362400, 1.006136315,
2077.344794265, 1.014264507,
2077.426521621, 1.016499656,
2077.446953584, 1.017867715,
2077.467385447, 1.016586155,
2077.487817210, 1.017782497,
2077.508249172, 1.017110377,
2077.528681034, 1.016390564,
2077.549112795, 1.014508872,
2077.569544757, 1.020703858,
2077.671704159, 1.024587709,
2077.692135918, 1.022803299,
2077.712567778, 1.024828626,
2077.732999736, 1.026129297,
2077.753431495, 1.026895699,
2077.773863353, 1.023877800,
2077.794295211, 1.024437480,
2077.814727169, 1.024144656,
2077.835158927, 1.022890830,
2077.855590884, 1.018151983,
2077.937318209, 1.021384028,
2077.957750165, 1.019875415,
2077.978182020, 1.020937994,
2077.998613775, 1.021652430,
2078.019045729, 1.020018340,
2078.039477584, 1.021023260,
2078.059909338, 1.020784209,
2078.080341292, 1.021055602,
2078.100773145, 1.019540844,
2078.162068704, 1.022403245,
2078.182500556, 1.022344130,
2078.202932408, 1.021504856,
2078.223364260, 1.019714520,
2078.243796111, 1.019393514,
2078.264227962, 1.018524885,
2078.284659813, 1.015922290,
2078.509410152, 1.007043493,
2078.815887929, 1.006788507,
2078.836319872, 1.002350187,
2078.999774504, 0.996118126,
2079.061070024, 0.996166647,
2079.183661155, 0.998773046,
2079.204092992, 0.999363741,
2079.224524830, 0.999971884,
2079.265388503, 0.998828332,
2079.285820240, 0.999279608,
2079.326684012, 0.999037857,
2079.347115747, 0.999847135,
2079.387979517, 0.997551403,
2079.428843186, 0.995422832,
2079.449275020, 0.993426496,
2079.469706754, 0.995173765,
2079.490138688, 0.992607090,
2079.510570521, 0.994273626,
2079.531002354, 0.997879525,
2079.551434186, 0.999477939,
2079.571866019, 0.996510630,
2079.592297951, 0.996873526,
2079.633161514, 1.017000076,
2079.694457007, 1.013319581,
2079.714888937, 1.004885103,
2079.735320767, 1.002497579,
2079.755752497, 0.988043785,
2079.776184426, 1.002700488,
2079.796616256, 1.024735644,
2079.878343470, 1.002622296,
2079.898775397, 0.999665161,
2079.919207225, 0.996804892,
2079.939638952, 0.995379420,
2079.960070879, 0.995952259,
2079.980502706, 1.002642332,
2080.021366358, 1.000268442,
2080.041798184, 0.993162400,
2080.123525484, 0.993675778,
2080.143957309, 0.991127100,
2080.164389133, 0.989456472,
2080.184821057, 0.990733022,
2080.205252780, 0.989013796,
2080.225684603, 0.984819231,
2080.246116526, 0.984316669,
2080.266548249, 0.985936282,
2080.286980072, 0.984498201,
2080.307411994, 0.986503394,
2080.368707458, 0.976857035,
2080.389139180, 0.978365283,
2080.409571100, 0.982643150,
2080.430002921, 0.982162672,
2080.450434641, 0.980107924,
2080.470866561, 0.979017238,
2080.491298381, 0.977968513,
2080.511730200, 0.977932380,
2080.532162019, 0.978605281,
2080.552593838, 0.978005501,
2080.573025656, 0.977155478,
2080.593457475, 0.976157256,
2080.613889292, 0.975282695,
2080.634321110, 0.974039209,
2080.654753028, 0.973092994,
2080.675184745, 0.971553902,
2080.695616562, 0.973826716,
2080.716048378, 0.971083056,
2080.736480194, 0.968754343,
2080.756911910, 0.968260609,
2080.777343826, 0.969000632,
2080.797775642, 0.970105227,
2080.859071086, 0.967051554,
2080.879503001, 0.969684236,
2080.899934715, 0.968220102,
2080.920366529, 0.966202944,
2080.940798442, 0.965348556,
2080.961230156, 0.965225393,
2080.981661969, 0.966427696,
2081.002093881, 0.967672810,
2081.022525694, 0.969694601,
2081.042957406, 0.968526490,
2081.063389318, 0.967508583,
2081.083821130, 0.966646097,
2081.104252841, 0.967370284,
2081.124684752, 0.966249971,
2081.145116563, 0.965121818,
2081.165548273, 0.966968704,
2081.185980184, 0.965614757,
2081.206411994, 0.967480498,
2081.226843903, 0.962440141,
2081.247275613, 0.963057077,
2081.267707422, 0.965203045,
2081.349434756, 0.962596171,
2081.369866464, 0.961881988,
2081.390298272, 0.961786646,
2081.410730079, 0.962043538,
2081.431161886, 0.963415561,
2081.451593693, 0.962476242,
2081.472025499, 0.964860020,
2081.492457305, 0.963589137,
2081.512889111, 0.966470898,
2081.533320917, 0.963821325,
2081.553752722, 0.968319221,
2081.574184528, 0.964271625,
2081.594616432, 0.966492434,
2081.615048137, 0.965384586,
2081.635480041, 0.967644446,
2081.676343549, 0.966997109,
2081.696775453, 0.968914752,
2081.717207256, 0.953343601,
2081.737638959, 0.951593221,
2081.758070862, 0.963020107,
2081.778502664, 0.972955918,
2081.839798070, 0.963891676,
2081.880661673, 0.964047261,
2081.901093474, 0.966583143,
2081.921525274, 0.962555588,
2081.941957075, 0.968284700,
2081.962388875, 0.969246018,
2081.982820675, 0.969288109,
2082.003252474, 0.968474175,
2082.023684274, 0.968400288,
2082.044116172, 0.968784809,
2082.064547971, 0.968450135,
2082.084979670, 0.968479401,
2082.105411568, 0.968502024,
2082.125843266, 0.966349571,
2082.146275064, 0.964996479,
2082.166706961, 0.973044129,
2082.187138658, 0.971484156,
2082.207570455, 0.972108892,
2082.228002352, 0.976356200,
2082.268865845, 0.974463918,
2082.330161231, 0.969708303,
2082.350593126, 0.970747072,
2082.371024821, 0.970248479,
2082.391456616, 0.971824326,
2082.411888510, 0.974853889,
2082.432320304, 0.976304310,
2082.452752098, 0.976694499,
2082.473183892, 0.977224423,
2082.493615685, 0.977180549,
2082.514047578, 0.976926633,
2082.534479271, 0.976009029,
2082.554911063, 0.976620566,
2082.575342955, 0.977014044,
2082.595774647, 0.979234280,
2082.616206439, 0.975292084,
2082.636638330, 0.975236427,
2082.657070022, 0.976511642,
2082.677501813, 0.976616623,
2082.697933703, 0.976695227,
2082.718365394, 0.979193020,
2082.738797184, 0.975501230,
2082.759229074, 0.979709687,
2082.820524442, 0.988649732,
2082.840956131, 0.989527804,
2082.861388020, 0.990105804,
2082.881819808, 0.997037198,
2082.902251496, 0.996333651,
2082.922683384, 0.996167635,
2082.943115172, 0.995132361,
2082.963546859, 0.997679291,
2082.983978746, 0.996487277,
2083.004410533, 0.999356584,
2083.024842219, 0.999670778,
2083.045274106, 0.998999161,
2083.065705892, 0.998983642,
2083.086137578, 0.998149588,
2083.106569463, 0.997461909,
2083.147432934, 0.995322753,
2083.167864819, 0.999772217,
2083.188296603, 1.000087443,
2083.208728487, 0.992761663,
2083.229160171, 0.988262790,
2083.249591955, 1.007368685,
2083.310887305, 1.010946490,
2083.331319188, 1.013994642,
2083.351750970, 1.014398679,
2083.372182653, 1.015306471,
2083.392614535, 1.016648479,
2083.413046317, 1.015732069,
2083.433477998, 1.017177815,
2083.453909879, 1.019109557,
2083.474341660, 1.016896001,
2083.494773341, 1.026143987,
2083.515205222, 1.021991070,
2083.535637002, 1.020369244,
2083.556068882, 1.019398948,
2083.576500562, 1.019900438,
2083.596932341, 1.018509028,
2083.617364121, 1.017497010,
2083.637795900, 1.015677386,
2083.658227579, 1.015626838,
2083.678659457, 1.020676808,
2083.699091235, 1.013869579,
2083.719522913, 1.019296672,
2083.739954791, 1.025153547,
2083.801250123, 1.025329898,
2083.821681900, 1.026076275,
2083.842113676, 1.026390387,
2083.862545453, 1.028613371,
2083.882977229, 1.027503683,
2083.903409005, 1.027554137,
2083.923840880, 1.029622015,
2083.944272556, 1.026065693,
2083.964704431, 1.026997467,
2083.985136206, 1.025567418,
2084.005567880, 1.021762839,
2084.025999754, 1.021018848,
2084.046431529, 1.025727368,
2084.066863202, 1.024004894,
2084.087295076, 1.022576764,
2084.107726850, 1.021419823,
2084.128158523, 1.021535136,
2084.148590396, 1.014136164,
2084.169022168, 1.019333399,
2084.209885713, 1.018579119,
2084.291612799, 1.022379639,
2084.312044570, 1.022097784,
2084.332476340, 1.022836877,
2084.352908111, 1.022552164,
2084.373339881, 1.022766166,
2084.393771651, 1.020746908,
2084.414203421, 1.020597566,
2084.434635290, 1.021112532,
2084.455066960, 1.021484256,
2084.475498728, 1.019222839,
2084.495930597, 1.015274768,
2084.516362266, 1.013289720,
2084.536794034, 1.014950250,
2084.557225902, 1.013190282,
2084.577657570, 1.022929670,
2084.598089338, 1.015109628,
2084.618521205, 1.010660766,
2084.638952872, 1.013484089,
2084.659384639, 1.009197049,
2084.679816505, 1.007146184,
2084.700248172, 1.009170722,
2084.720680038, 1.013066064,
2084.781975335, 1.013284867,
2084.802407100, 1.013086054,
2084.822838865, 1.011503506,
2084.843270630, 1.013004986,
2084.863702394, 1.012738030,
2084.884134158, 1.008732766,
2084.904566023, 1.006822602,
2084.924997686, 1.005150022,
2084.945429450, 1.003454191,
2084.965861313, 1.005652156,
2085.006724739, 1.011154095,
2085.027156601, 1.006732110,
2085.047588264, 1.006592876,
2085.068020026, 1.005294711,
2085.088451888, 1.004628764,
2085.129315411, 1.002862956,
2085.149747072, 1.003541545,
2085.170178833, 1.001801156,
2085.190610694, 1.003240225,
2085.211042354, 1.003655851,
2085.231474114, 1.003410654,
2085.251905974, 1.004246799,
2085.272337734, 1.007830421,
2085.292769394, 1.006198411,
2085.313201253, 1.000804036,
2085.333633012, 1.006446290,
2085.354064671, 1.001391914,
2085.374496530, 1.007322205,
2085.394928288, 1.000202124,
2085.415359946, 1.001204366,
2085.435791804, 0.998318045,
2085.456223562, 0.995737241,
2085.517518833, 1.010697138,
2085.537950690, 1.009294122,
2085.558382347, 1.005154344,
2085.578814103, 1.001779924,
2085.599245959, 1.002004955,
2085.619677615, 0.999346274,
2085.640109370, 0.999109902,
2085.660541226, 1.004987812,
2085.680972881, 1.001336267,
2085.701404636, 1.000318148,
2085.762699899, 1.001750329,
2085.783131753, 1.005306994,
2085.803563507, 1.001655912,
2085.823995260, 1.000078084,
2085.844427014, 1.001107705,
2085.864858667, 0.998410327,
2085.885290520, 0.997887054,
2085.905722272, 0.995125239,
2085.926153925, 0.992811234,
2085.946585777, 0.993956305,
2085.967017529, 0.993925945,
2085.987449181, 0.995192786,
2086.007881032, 0.996182561,
2086.028312783, 0.997230810,
2086.048744435, 0.999705652,
2086.069176285, 1.001577031,
2086.089608036, 0.996780807,
2086.110039786, 0.999053971,
2086.130471537, 0.995720251,
2086.150903286, 0.992177230,
2086.171335036, 0.988432667,
2086.191766786, 0.992095644,
2086.253062133, 1.006087341,
2086.273493781, 0.991070416,
2086.293925630, 0.991045287,
2086.314357378, 0.990493574,
2086.334789026, 0.988952793,
2086.355220873, 0.988105791,
2086.375652621, 0.988032221,
2086.396084268, 0.985952604,
2086.416516115, 0.986005065,
2086.436947862, 0.984834509,
2086.457379509, 0.981838569,
2086.477811355, 0.981152879,
2086.498243101, 0.983081333,
2086.518674747, 0.982199695,
2086.539106593, 0.979160877,
2086.559538238, 0.979283501,
2086.579970084, 0.976984043,
2086.600401829, 0.978501092,
2086.641265318, 0.977922455,
2086.661697062, 0.982331214,
2086.682128806, 0.974275663,
2086.743424038, 0.977889383,
2086.763855781, 0.976458656,
2086.784287524, 0.975537009,
2086.804719267, 0.974000499,
2086.825151109, 0.973353574,
2086.845582752, 0.976260890,
2086.866014494, 0.974837944,
2086.886446336, 0.972306332,
2086.906877978, 0.971985732,
2086.927309819, 0.971504100,
2086.947741561, 0.970161014,
2086.968173202, 0.970781019,
2086.988605043, 0.974258563,
2087.009036783, 0.981559592,
2087.029468424, 0.971287180,
2087.049900264, 0.976160119,
2087.090763744, 0.971824240,
2087.131627223, 0.970593918,
2087.152058962, 0.982878845,
2087.172490701, 0.975810825,
2087.233785916, 0.977565572,
2087.254217655, 0.976174512,
2087.274649493, 0.974048550,
2087.295081130, 0.970510716,
2087.315512868, 0.970246884,
2087.335944705, 0.968855332,
2087.356376342, 0.968837057,
2087.376808079, 0.967509596,
2087.397239915, 0.966982886,
2087.417671552, 0.966984952,
2087.438103288, 0.966569747,
2087.458535124, 0.970142980,
2087.478966760, 0.966579070,
2087.499398495, 0.965248538,
2087.519830331, 0.966204388,
2087.560693701, 0.967469247,
2087.581125535, 0.970442751,
2087.601557170, 0.970135161,
2087.621989004, 0.970162538,
2087.642420738, 0.978485549,
2087.662852472, 0.967308244,
2087.724147672, 0.968843176,
2087.744579505, 0.970115098,
2087.765011138, 0.969748862,
2087.785442871, 0.972872578,
2087.805874703, 0.979803431,
2087.826306335, 0.970556770,
2087.846738067, 0.969364769,
2087.867169899, 0.970797693,
2087.887601531, 0.971506977,
2087.908033262, 0.969869020,
2087.928465093, 0.970489557,
2087.948896724, 0.968006227,
2087.969328455, 0.967260706,
2087.989760185, 0.971616822,
2088.010191916, 0.973191205,
2088.051055376, 0.981114855,
2088.071487106, 0.976566208,
2088.091918935, 0.976936913,
2088.112350664, 0.969527278,
2088.132782293, 0.974603183,
2088.153214122, 0.973870208,
2088.214509308, 0.970953311,
2088.234941036, 0.970586638,
2088.255372663, 0.971790275,
2088.275804491, 0.971598225,
2088.296236219, 0.977906121,
2088.316667846, 0.976236840,
2088.337099673, 0.973710967,
2088.357531400, 0.974691097,
2088.377963227, 0.974168892,
2088.398394853, 0.976036827,
2088.418826579, 0.975224093,
2088.439258405, 0.974357205,
2088.459690031, 0.972730008,
2088.480121757, 0.976734320,
2088.520985207, 0.984277636,
2088.541416932, 0.983679404,
2088.561848757, 0.977537983,
2088.582280482, 0.985402150,
2088.602712106, 0.987838100,
2088.623143931, 0.984585940,
2088.643575655, 0.985461697,
2088.684439102, 0.984084426,
2088.704870825, 0.983811319,
2088.725302549, 0.987304841,
2088.745734272, 0.985027834,
2088.766165894, 0.986191506,
2088.786597717, 0.986587718,
2088.807029440, 0.988949532,
2088.827461062, 0.990541965,
2088.847892884, 0.990129740,
2088.868324606, 0.990416577,
2088.909188049, 0.990870618,
2088.929619770, 0.992277049,
2088.990914933, 0.994394606,
2089.011346653, 0.994350635,
2089.031778373, 0.995694232,
2089.052210093, 0.999778279,
2089.072641913, 1.007624650,
2089.093073633, 1.002904549,
2089.113505252, 1.007711963,
2089.133937072, 1.004163055,
2089.195232228, 1.005713047,
2089.215663947, 1.005573644,
2089.236095565, 1.006609013,
2089.256527383, 1.006659426,
2089.276959101, 1.006577352,
2089.297390719, 1.007613112,
2089.317822537, 1.007879123,
2089.338254254, 1.009486265,
2089.358685871, 1.009712156,
2089.399549305, 1.011962971,
2089.419981121, 1.011579691,
2089.440412838, 1.011667501,
2089.460844454, 1.014882788,
2089.481276270, 1.016907064,
2089.522139701, 1.020032456,
2089.542571417, 1.022720079,
2089.563003132, 1.020084263,
2089.583434847, 1.023546559,
2089.603866562, 1.021602049,
2089.624298277, 1.024480663,
2089.706025133, 1.025750836,
2089.726456947, 1.024632546,
2089.746888561, 1.023716562,
2089.767320374, 1.022580207,
2089.787752087, 1.022791134,
2089.808183700, 1.022784172,
2089.828615513, 1.022523501,
2089.849047225, 1.023009816,
2089.869478838, 1.023574221,
2089.889910650, 1.024636949,
2089.910342362, 1.024929608,
2089.930774074, 1.024360994,
2089.951205785, 1.026515781,
2089.971637497, 1.028368846,
2089.992069208, 1.029059697,
2090.012500919, 1.031101617,
2090.032932630, 1.031109096,
2090.053364341, 1.028633092,
2090.073796052, 1.029900514,
2090.094227762, 1.029883811,
2090.114659572, 1.029651637,
2090.135091182, 1.030357080,
2090.175954701, 1.029462622,
2090.196386311, 1.029688811,
2090.216818020, 1.032461544,
2090.237249829, 1.032854492,
2090.257681438, 1.029289989,
2090.278113147, 1.029309733,
2090.298544955, 1.025824458,
2090.318976563, 1.030823463,
2090.339408272, 1.029966849,
2090.359840080, 1.029824823,
2090.421135202, 1.029289757,
2090.441566810, 1.026057836,
2090.461998616, 1.025270905,
2090.482430323, 1.025905986,
2090.502862030, 1.026712242,
2090.523293737, 1.026700664,
2090.543725443, 1.025790575,
2090.564157149, 1.024474675,
2090.584588855, 1.022780964,
2090.605020561, 1.021701417,
2090.625452266, 1.022769027,
2090.645884072, 1.022369138,
2090.666315677, 1.021180643,
2090.686747382, 1.019956262,
2090.707179187, 1.019468352,
2090.727610792, 1.018626014,
2090.748042496, 1.019160525,
2090.768474300, 1.017635563,
2090.788905905, 1.018681286,
2090.809337708, 1.017092123,
2090.829769412, 1.017352410,
2090.850201016, 1.016424807,
2090.891064423, 1.016890530,
2090.911496126, 1.017394358,
2090.931927929, 1.016114767,
2090.952359531, 1.017492579,
2090.972791234, 1.021476940,
2090.993223036, 1.016467959,
2091.013654739, 1.017980747,
2091.034086341, 1.016701437,
2091.054518142, 1.018538593,
2091.074949844, 1.013195926,
2091.095381546, 1.016745752,
2091.156676749, 1.015919960,
2091.177108350, 1.012943342,
2091.197540050, 1.013716610,
2091.217971851, 1.015242121,
2091.238403451, 1.011863624,
2091.258835151, 1.012512416,
2091.279266951, 1.012029129,
2091.299698551, 1.010354861,
2091.320130251, 1.010134496,
2091.340562050, 1.008748102,
2091.360993649, 1.007565896,
2091.381425348, 1.006743048,
2091.401857147, 1.006040139,
2091.422288746, 1.005069047,
2091.442720544, 1.006026071,
2091.463152243, 1.007293648,
2091.483583941, 1.006151691,
2091.504015639, 1.005484405,
2091.524447337, 1.005702563,
2091.544879035, 1.005692574,
2091.565310732, 1.004253206,
2091.585742430, 1.003975911,
2091.647037521, 1.007260289,
2091.667469117, 1.009363709,
2091.687900914, 1.009489700,
2091.708332610, 1.009706924,
2091.728764206, 1.002962962,
2091.749196002, 0.999421739,
2091.769627698, 1.004312128,
2091.790059494, 0.996081923,
2091.810491089, 1.004530826,
2091.830922784, 1.003016424,
2091.892217869, 1.006201983,
2091.912649664, 1.006197185,
2091.933081258, 1.004033140,
2091.953512953, 1.002828109,
2091.973944747, 1.001193792,
2091.994376441, 1.000758232,
2092.014808035, 0.999724104,
2092.035239828, 0.997874278,
2092.055671522, 0.998855446,
2092.076103115, 0.998585670,
2092.096534909, 0.997480683,
2092.116966601, 0.997601093,
2092.137398394, 0.996860616,
2092.157829987, 0.995967875,
2092.178261679, 0.996460662,
2092.219125064, 0.996145237,
2092.239556756, 0.995931953,
2092.259988448, 0.993535201,
2092.300851731, 0.993175456,
2092.321283522, 0.993125550,
2092.341715214, 0.993036265,
2092.362146905, 0.993423717,
2092.382578595, 0.992734881,
2092.403010286, 0.993227100,
2092.423442076, 0.994506924,
2092.443873667, 0.994045153,
2092.464305357, 0.993839044,
2092.484737147, 0.991522392,
2092.505168838, 0.993695468,
2092.546032217, 0.992862886,
2092.566463906, 0.990450264,
2092.627758973, 0.989292025,
2092.648190562, 0.987541712,
2092.668622351, 0.987388176,
2092.689054039, 0.987722475,
2092.709485628, 0.987871051,
2092.729917416, 0.988092690,
2092.750349104, 0.987805738,
2092.770780892, 0.985320795,
2092.791212479, 0.985859787,
2092.811644167, 0.986320895,
2092.832075954, 0.985850432,
2092.852507541, 0.987305237,
2092.872939228, 0.985179352,
2092.893371015, 0.984384741,
2092.913802602, 0.981477530,
2092.934234288, 0.980403989,
2092.954666075, 0.979240358,
2092.975097761, 0.979427385,
2092.995529347, 0.980969821,
2093.015961133, 0.978577165,
2093.036392719, 0.980054557,
2093.056824405, 0.978444687,
2093.077256190, 0.977477330,
2093.097687775, 0.985016889,
2093.118119560, 0.992123706,
2093.138551245, 0.981701501,
2093.158982830, 0.977823736,
2093.179414615, 0.976749444,
2093.220277884, 0.975499457,
2093.240709668, 0.973867116,
2093.261141352, 0.975429437,
2093.281572936, 0.975067052,
2093.302004720, 0.976095681,
2093.322436404, 0.978367126,
2093.342868087, 0.976676654,
2093.363299770, 0.977054839,
2093.383731453, 0.977466375,
2093.404163236, 0.975643167,
2093.424594819, 0.974943629,
2093.465458285, 0.973310362,
2093.506321549, 0.973714682,
2093.526753331, 0.973947708,
2093.628911639, 0.976924185,
2093.649343421, 0.973432428,
2093.669775102, 0.971259364,
2093.690206683, 0.970172179,
2093.710638463, 0.972415739,
2093.731070144, 0.973409255,
2093.751501825, 0.973157462,
2093.771933505, 0.973161850,
2093.792365085, 0.974097869,
2093.812796865, 0.974696856,
2093.833228545, 0.974183864,
2093.853660224, 0.974727371,
2093.874091904, 0.976426489,
2093.894523583, 0.977685318,
2093.914955263, 0.975552924,
2093.935386942, 0.974408901,
2093.955818621, 0.973299349,
2093.976250300, 0.973538983,
2093.996681979, 0.975268465,
2094.017113657, 0.975314705,
2094.037545435, 0.974237666,
2094.057977114, 0.972057505,
2094.078408692, 0.973894196,
2094.098840470, 0.973332736,
2094.119272148, 0.972995459,
2094.139703725, 0.973689770,
2094.160135503, 0.973526839,
2094.180567180, 0.972148046,
2094.200998757, 0.973498165,
2094.221430534, 0.974988912,
2094.241862212, 0.977671218,
2094.262293788, 0.980469746,
2094.282725565, 0.977799923,
2094.303157242, 0.978492827,
2094.323589018, 0.978960192,
2094.344020594, 0.978371449,
2094.364452270, 0.979640583,
2094.384883946, 0.977098741,
2094.405315622, 0.979016783,
2094.425747298, 0.978250776,
2094.446178973, 0.977336374,
2094.466610649, 0.976642487,
2094.487042324, 0.975593844,
2094.507473999, 0.974075361,
2094.589200698, 0.978245576,
2094.609632373, 0.977581247,
2094.630064147, 0.976937545,
2094.650495721, 0.977201740,
2094.670927495, 0.977422263,
2094.691359169, 0.979947976,
2094.711790742, 0.981417481,
2094.732222516, 0.982224822,
2094.752654190, 0.983625590,
2094.773085763, 0.985498704,
2094.793517536, 0.987768440,
2094.813949209, 0.987775405,
2094.834380782, 0.988050880,
2094.854812555, 0.988356298,
2094.875244227, 0.989351425,
2094.895675900, 0.992195536,
2094.916107572, 0.992581711,
2094.936539244, 0.992778011,
2094.956971016, 0.991976226,
2094.977402588, 0.993442072,
2094.997834260, 0.997295132,
2095.018266032, 0.995009091,
2095.038697703, 0.993298263,
2095.059129275, 0.995338749,
2095.079561046, 0.997702401,
2095.099992717, 0.997258997,
2095.120424288, 0.994919011,
2095.140856059, 0.996593071,
2095.161287630, 0.995061510,
2095.181719300, 0.997755405,
2095.222582641, 0.999524963,
2095.243014411, 1.002009295,
2095.263446081, 1.006063189,
2095.324741091, 1.006087089,
2095.345172660, 1.004693946,
2095.365604430, 1.007432421,
2095.426899437, 1.007321999,
2095.447331106, 1.007025850,
2095.467762775, 1.011144044,
2095.488194443, 1.016645142,
2095.508626112, 1.017508910,
2095.569921117, 1.020293900,
2095.590352885, 1.018878091,
2095.610784552, 1.017891570,
2095.631216120, 1.017775929,
2095.651647888, 1.027347713,
2095.672079555, 1.040163064,
2095.692511122, 1.032894976,
2095.712942890, 1.057867032,
2095.733374557, 1.045139483,
2095.753806124, 1.036183588,
2095.774237891, 1.033885048,
2095.794669557, 1.031960798,
2095.815101124, 1.031521442,
2095.835532890, 1.032155943,
2095.855964556, 1.028745328,
2095.876396223, 1.029614100,
2095.896827889, 1.031342225,
2095.917259555, 1.030334025,
2095.937691220, 1.030966414,
2095.958122886, 1.033677513,
2095.978554552, 1.028297704,
2095.998986217, 1.027820055,
2096.019417882, 1.029216652,
2096.039849548, 1.029782373,
2096.060281313, 1.029167293,
2096.080712878, 1.028101159,
2096.101144542, 1.030078914,
2096.121576307, 1.032023172,
2096.142007872, 1.031597369,
2096.162439636, 1.033188913,
2096.182871300, 1.032102257,
2096.203302865, 1.032694916,
2096.223734629, 1.035587483,
2096.244166293, 1.035014061,
2096.264597856, 1.029798159,
2096.305461284, 1.029913944,
2096.346324610, 1.032153438,
2096.366756274, 1.028103293,
2096.387187937, 1.031473567,
2096.407619600, 1.029853990,
2096.428051263, 1.029904197,
2096.448483025, 1.022558441,
2096.468914588, 1.025692742,
2096.550641237, 1.026615147,
2096.571072999, 1.025306372,
2096.591504561, 1.024405537,
2096.611936223, 1.023646328,
2096.632367985, 1.024274932,
2096.652799546, 1.025220341,
2096.673231208, 1.026119680,
2096.693662969, 1.026052884,
2096.714094530, 1.032848394,
2096.734526291, 1.030319070,
2096.754957952, 1.025988963,
2096.775389513, 1.024524421,
2096.795821274, 1.024062716,
2096.816252934, 1.021708057,
2096.836684495, 1.021775011,
2096.857116255, 1.021259343,
2096.877547915, 1.021793621,
2096.897979576, 1.020932753,
2096.918411235, 1.020196049,
2096.938842895, 1.018626705,
2096.959274555, 1.017099667,
2096.979706215, 1.017178161,
2097.000137874, 1.017003591,
2097.020569634, 1.016394181,
2097.061432852, 1.014500199,
2097.102296271, 1.017164918,
2097.122727829, 1.016642795,
2097.143159588, 1.014879101,
2097.163591247, 1.013698745,
2097.184022805, 1.014904776,
2097.204454564, 1.011540587,
2097.224886222, 1.015798668,
2097.245317780, 1.023698965,
2097.286181096, 1.017388004,
2097.306612754, 1.020725438,
2097.327044512, 1.010026649,
2097.347476070, 1.007998589,
2097.367907827, 1.007094769,
2097.388339485, 1.011623936,
2097.408771142, 1.012331643,
2097.429202799, 1.013911807,
2097.449634456, 1.012662254,
2097.470066113, 1.006735771,
2097.551792840, 1.008882528,
2097.572224397, 1.009005729,
2097.592656053, 1.009820622,
2097.613087809, 1.011697338,
2097.633519365, 1.010481536,
2097.653951121, 1.011143668,
2097.674382777, 1.011091950,
2097.694814333, 1.010568791,
2097.715246089, 1.009986831,
2097.735677744, 1.011820656,
2097.756109300, 1.011348386,
2097.776541055, 1.009002720,
2097.796972710, 1.006851112,
2097.817404266, 1.007220603,
2097.837836021, 1.006946563,
2097.858267676, 1.007076241,
2097.878699330, 1.006274105,
2097.899130985, 1.004868028,
2097.919562640, 1.004213885,
2097.939994294, 1.005001425,
2097.960425949, 1.004070694,
2097.980857603, 1.002745552,
2098.021720911, 1.001542920,
2098.042152565, 1.000911300,
2098.062584219, 1.001944158,
2098.103447527, 1.004166607,
2098.123879280, 1.003959080,
2098.144310834, 1.003484685,
2098.164742487, 0.997903494,
2098.185174241, 1.001973785,
2098.266900753, 0.998286449,
2098.287332505, 0.997298593,
2098.307764158, 0.996519967,
2098.328195711, 0.996974211,
2098.348627463, 0.996534221,
2098.369059116, 0.995684461,
2098.389490768, 0.994855553,
2098.409922420, 0.993726954,
2098.430354072, 0.994019315,
2098.450785724, 0.993608514,
2098.471217376, 0.991758700,
2098.491649028, 0.995749992,
2098.512080780, 0.995055413,
2098.532512331, 0.994594033,
2098.552943983, 0.994715849,
2098.573375734, 0.995773586,
2098.593807385, 0.996404038,
2098.614238937, 0.996034934,
2098.634670688, 0.993689587,
2098.655102239, 0.992028637,
2098.675533890, 0.992386584,
2098.695965640, 0.991796642,
2098.716397191, 0.990460551,
2098.736828842, 0.989918744,
2098.757260592, 0.986894820,
2098.777692143, 0.986196708,
2098.798123893, 0.985527213,
2098.818555543, 0.984726726,
2098.838987093, 0.985646970,
2098.859418843, 0.983316382,
2098.879850493, 0.983363193,
2098.900282043, 0.991025842,
2098.920713793, 0.983629452,
2098.941145443, 0.981944145,
2098.961577092, 0.982282990,
2098.982008742, 0.983172646,
2099.002440391, 0.982551778,
2099.022872040, 0.981971041,
2099.043303790, 0.981219515,
2099.063735339, 0.980915467,
2099.084167088, 0.981042497,
2099.104598737, 0.979713422,
2099.125030285, 0.978424954,
2099.145462034, 0.979790871,
2099.165893683, 0.977470009,
2099.186325231, 0.976916898,
2099.206756980, 0.976858994,
2099.227188628, 0.976434387,
2099.247620176, 0.979038616,
2099.268051925, 0.976337466,
2099.288483573, 0.980612035,
2099.308915121, 0.979999358,
2099.329346869, 0.974476657,
2099.349778517, 0.977410215,
2099.370210164, 0.981468598,
2099.390641812, 0.975694039,
2099.411073459, 0.981393504,
2099.431505107, 0.978572778,
2099.492800049, 0.982238030,
2099.513231696, 0.979092921,
2099.533663343, 0.978153910,
2099.594958384, 0.977753316,
2099.615390030, 0.978329628,
2099.635821577, 0.975480530,
2099.656253323, 0.977345934,
2099.676684970, 0.976591776,
2099.697116516, 0.975865078,
2099.717548263, 0.978611035,
2099.737979909, 0.975606354,
2099.778843201, 0.975393046,
2099.799274847, 0.969829795,
2099.819706392, 0.972652640,
2099.860569784, 0.976112588,
2099.881001529, 0.977380052,
2099.901433075, 0.977022262,
2099.921864720, 0.974275797,
2099.983159656, 0.980634523,
2100.003591401, 0.979168852,
2100.044454591, 0.975165228,
2100.064886236, 0.974915907,
2100.085317881, 0.976696597,
2100.105749525, 0.975016073,
2100.126181270, 0.975088421,
2100.146612814, 0.979916386,
2100.167044559, 0.981403851,
2100.187476203, 0.976970020,
2100.207907747, 0.975038976,
2100.228339492, 0.972443309,
2100.248771136, 0.973305390,
2100.269202680, 0.974055902,
2100.289634424, 0.973452108,
2100.310066068, 0.973120706,
2100.330497611, 0.972298782,
2100.371360999, 0.972536217,
2100.391792542, 0.972282012,
2100.412224286, 0.973233734,
2100.432655929, 0.974974812,
2100.453087672, 0.975744638,
2100.473519216, 0.976702764,
2100.493950859, 0.977786787,
2100.514382602, 0.976961296,
2100.534814145, 0.976605648,
2100.555245788, 0.977542411,
2100.575677531, 0.977122902,
2100.596109174, 0.976871990,
2100.616540716, 0.978295763,
2100.636972459, 0.978294961,
2100.657404101, 0.977938650,
2100.677835644, 0.978230703,
2100.698267386, 0.978482909,
2100.718699029, 0.978932945,
2100.739130771, 0.979247026,
2100.759562313, 0.979644133,
2100.779993955, 0.981047788,
2100.800425597, 0.981427104,
2100.820857239, 0.981594648,
2100.841288781, 0.983314733,
2100.861720523, 0.983897511,
2100.882152164, 0.986436454,
2100.902583706, 0.987632035,
2100.923015448, 0.990804533,
2100.943447089, 0.990227644,
2100.963878731, 0.990953948,
2100.984310372, 0.991458536,
2101.004742013, 0.991949556,
2101.025173755, 0.993983748,
2101.045605296, 0.994450760,
2101.086468678, 0.995482374,
2101.106900319, 0.996235369,
2101.127331860, 0.997439565,
2101.147763600, 0.999414395,
2101.168195241, 0.998064401,
2101.188626782, 0.996931666,
2101.209058522, 0.997682942,
2101.229490163, 0.999589515,
2101.249921903, 1.000029300,
2101.270353444, 0.999586002,
2101.290785084, 1.001395011,
2101.311216824, 1.001726912,
2101.331648364, 1.004085472,
2101.352080005, 1.007185876,
2101.372511745, 1.009595101,
2101.392943285, 1.015226505,
2101.454238204, 1.015275969,
2101.474669844, 1.015489660,
2101.515533123, 1.015752978,
2101.535964863, 1.016573208,
2101.556396402, 1.020879173,
2101.576828041, 1.018876868,
2101.597259781, 1.019023094,
2101.617691320, 1.020334784,
2101.638122959, 1.020602881,
2101.658554698, 1.023692081,
2101.678986337, 1.024212634,
2101.699417876, 1.027815995,
2101.719849615, 1.024672154,
2101.740281254, 1.023257961,
2101.760712793, 1.025402522,
2101.781144531, 1.023050124,
2101.801576170, 1.027482780,
2101.822007909, 1.028386202,
2101.842439447, 1.029902603,
2101.862871086, 1.030799550,
2101.883302824, 1.032372139,
2101.903734363, 1.033925214,
2101.924166001, 1.035276145,
2101.944597739, 1.036000016,
2101.965029277, 1.035696935,
2101.985460915, 1.033970698,
2102.005892653, 1.036206039,
2102.026324191, 1.036782019,
2102.046755929, 1.036107475,
2102.067187567, 1.035784008,
2102.087619205, 1.034139342,
2102.108050843, 1.034760781,
2102.128482480, 1.035824454,
2102.148914118, 1.036984045,
2102.169345755, 1.035279722,
2102.189777393, 1.033857562,
2102.210208930, 1.038168452,
2102.230640668, 1.061725451,
2102.251072305, 1.091397738,
2102.271503842, 1.074086626,
2102.291935580, 1.109113354,
2102.312367217, 1.061280278,
2102.332798954, 1.053291516,
2102.353230491, 1.045552279,
2102.373662128, 1.042476728,
2102.394093865, 1.041203846,
2102.434957039, 1.040613733,
2102.455388775, 1.039302250,
2102.475820312, 1.037222910,
2102.496251949, 1.036536174,
2102.516683685, 1.037068091,
2102.537115222, 1.035638745,
2102.557546858, 1.035824181,
2102.577978595, 1.035194868,
2102.598410231, 1.036702521,
2102.618841867, 1.034134228,
2102.639273503, 1.032395000,
2102.659705140, 1.031086704,
2102.680136776, 1.030214479,
2102.700568412, 1.030787303,
2102.721000048, 1.028632076,
2102.741431784, 1.029128908,
2102.761863320, 1.029741009,
2102.782294956, 1.031130304,
2102.802726592, 1.031765493,
2102.823158227, 1.031222349,
2102.843589963, 1.031687232,
2102.864021599, 1.030048313,
2102.884453134, 1.029365610,
2102.904884870, 1.027479978,
2102.925316405, 1.030106638,
2102.945748041, 1.030549978,
2102.966179776, 1.027882293,
2102.986611312, 1.025892630,
2103.007042947, 1.025367282,
2103.027474682, 1.021543741,
2103.047906218, 1.022112873,
2103.068337853, 1.021333544,
2103.088769588, 1.022178976,
2103.109201223, 1.022383029,
2103.129632858, 1.017272149,
2103.150064493, 1.016490307,
2103.170496128, 1.013541664,
2103.190927763, 1.013058577,
2103.211359397, 1.011831938,
2103.231791032, 1.012121898,
2103.252222667, 1.013149769,
2103.272654302, 1.014209795,
2103.293085936, 1.016376893,
2103.313517671, 1.017235381,
2103.333949206, 1.014083399,
2103.354380840, 1.013843337,
2103.415675843, 1.014518846,
2103.436107477, 1.013501696,
2103.456539012, 1.012011643,
2103.476970746, 1.015061137,
2104.089919753, 1.037317153,
2104.110351486, 1.036932282,
2104.130783118, 1.036890182,
2104.151214851, 1.036750182,
2104.171646384, 1.038673662,
2104.212509650, 1.039943272,
2104.232941282, 1.038163006,
2104.253372915, 1.039643310,
2104.273804548, 1.038484587,
2104.294236180, 1.038249062,
2104.314667813, 1.038946129,
2104.335099545, 1.038686635,
2104.375962710, 1.036940536,
2104.396394443, 1.036283256,
2104.416825975, 1.035653556,
2104.437257707, 1.036284216,
2104.457689340, 1.035346211,
2104.478120872, 1.034363296,
2104.498552604, 1.035542634,
2104.518984236, 1.034290839,
2104.539415769, 1.031766600,
2104.559847501, 1.030556160,
2104.580279133, 1.033278737,
2104.621142397, 1.030488158,
2104.641574029, 1.031093588,
2104.662005761, 1.030000304,
2104.682437293, 1.031804565,
2104.702868925, 1.032777911,
2104.723300657, 1.032936070,
2104.743732189, 1.032679400,
2104.764163820, 1.031575344,
2104.805027184, 1.033574805,
2104.825458716, 1.031870180,
2104.866322079, 1.025791368,
2104.886753711, 1.024524821,
2104.907185342, 1.022660928,
2104.927616974, 1.021914214,
2104.948048605, 1.023284573,
2104.968480237, 1.022981321,
2104.988911768, 1.021813267,
2105.009343500, 1.024638029,
2105.029775131, 1.023722422,
2105.050206663, 1.024351230,
2105.070638394, 1.022295580,
2105.111501557, 1.017141012,
2105.131933288, 1.018096857,
2105.152364919, 1.017349160,
2105.172796651, 1.020328582,
2105.193228182, 1.018398391,
2105.213659813, 1.018440746,
2105.234091544, 1.017568140,
2105.254523075, 1.021705222,
2105.274954706, 1.019597516,
2105.295386438, 1.021417438,
2105.315818069, 1.023411916,
2105.397544593, 1.015082842,
2105.417976224, 1.013276128,
2105.438407854, 1.014367270,
2105.458839585, 1.014241626,
2105.479271116, 1.014889700,
2105.499702747, 1.015253930,
2105.520134478, 1.013807056,
2105.540566009, 1.011936513,
2105.560997639, 1.011870704,
2105.581429370, 1.011490233,
2105.601860901, 1.012006783,
2105.622292632, 1.013843060,
2105.642724262, 1.014542673,
2105.663155793, 1.015084619,
2105.683587524, 1.014945544,
2105.704019054, 1.014438173,
2105.724450685, 1.015109092,
2105.744882416, 1.015453750,
2105.765313946, 1.017498804,
2105.785745577, 1.015004926,
2105.806177307, 1.013715768,
2105.847040568, 1.017742131,
2105.867472199, 1.014338880,
2105.887903829, 1.014119405,
2105.908335460, 1.013783303,
2105.928767090, 1.016692635,
2105.949198720, 1.015275102,
2105.969630451, 1.013698868,
2105.990061981, 1.014886206,
2106.010493611, 1.013422280,
2106.030925342, 1.010549251,
2106.051356872, 1.013226384,
2106.092220233, 1.014125278,
2106.112651763, 1.014213988,
2106.133083493, 1.015028091,
2106.153515123, 1.014979700,
2106.173946654, 1.015773819,
2106.194378384, 1.015763015,
2106.235241544, 1.014351923,
2106.255673274, 1.016790397,
2106.276104904, 1.017109897,
2106.296536535, 1.014459862,
2106.337399795, 1.012099099,
2106.357831425, 1.012120077,
2106.378263055, 1.012289301,
2106.398694685, 1.010315006,
2106.419126315, 1.010080624,
2106.439557945, 1.006430731,
2106.459989575, 1.009214168,
2106.480421205, 1.010399152,
2106.500852835, 1.010960118,
2106.521284465, 1.014141750,
2106.541716195, 1.017178201,
2106.582579455, 1.014000037,
2106.643874345, 1.017672459,
2106.664305974, 1.016779538,
2106.684737504, 1.017189128,
2106.705169234, 1.017334909,
2106.725600864, 1.015958168,
2106.746032394, 1.019052373,
2106.766464124, 1.018794364,
2106.786895754, 1.020036820,
2106.848190643, 1.015997478,
2106.868622373, 1.016453835,
2106.889053903, 1.018791013,
2106.909485533, 1.020043994,
2106.929917262, 1.021064172,
2106.950348792, 1.021591764,
2106.970780422, 1.022689884,
2106.991212152, 1.026058830,
2107.011643781, 1.024222436,
2107.032075411, 1.024999179,
2107.072938571, 1.025977606,
2107.093370300, 1.027124196,
2107.113801930, 1.030013942,
2107.134233460, 1.030505530,
2107.154665190, 1.033397095,
2107.175096819, 1.033228672,
2107.195528349, 1.034976232,
2107.215960079, 1.033622887,
2107.236391708, 1.036649661,
2107.256823438, 1.042012843,
2107.277254968, 1.038029612,
2107.338549857, 1.039921839,
2107.358981487, 1.038207438,
2107.379413216, 1.039515394,
2107.399844746, 1.039955084,
2107.420276376, 1.040005310,
2107.440708105, 1.041678853,
2107.461139735, 1.042456043,
2107.481571365, 1.043961121,
2107.502002994, 1.045433203,
2107.522434624, 1.046441148,
2107.542866254, 1.046884821,
2107.563297883, 1.048721561,
2107.583729513, 1.049897508,
2107.604161243, 1.049017072,
2107.645024402, 1.050159154,
2107.665456132, 1.052693464,
2107.685887661, 1.052048379,
2107.706319391, 1.053945340,
2107.726750921, 1.054527096,
2107.747182550, 1.053161206,
2107.767614280, 1.052340929,
2107.808477439, 1.057728749,
2107.828909169, 1.059545147,
2107.849340699, 1.057536631,
2107.869772328, 1.057592664,
2107.890204058, 1.057722924,
2107.910635588, 1.059288957,
2107.931067218, 1.060121376,
2107.951498947, 1.058815450,
2107.971930477, 1.059042810,
2107.992362207, 1.061105801,
2108.012793836, 1.066512359,
2108.074088726, 1.069948294,
2108.094520355, 1.068726320,
2108.114951985, 1.069911155,
2108.135383615, 1.068429710,
2108.155815245, 1.068281915,
2108.176246974, 1.067278881,
2108.196678504, 1.064772871,
2108.217110234, 1.066870258,
2108.237541864, 1.078895982,
2108.257973394, 1.078287220,
2108.319268283, 1.073832338,
2108.339700013, 1.072000281,
2108.360131643, 1.071925802,
2108.380563172, 1.070859971,
2108.400994902, 1.069976373,
2108.421426532, 1.068483553,
2108.441858162, 1.067375324,
2108.462289792, 1.065805268,
2108.482721322, 1.069991580,
2108.503153052, 1.068135224,
2108.544016311, 1.071903302,
2108.564447941, 1.071442726,
2108.584879571, 1.071416966,
2108.605311201, 1.070449247,
2108.625742831, 1.069368681,
2108.646174461, 1.068338299,
2108.666606191, 1.065212283,
2108.687037821, 1.067210034,
2108.707469351, 1.063586056,
2108.727901081, 1.061413844,
2108.748332711, 1.063689005,
2108.789195971, 1.063311679,
2108.809627601, 1.064411813,
2108.830059132, 1.067638107,
2108.870922492, 1.064432436,
2108.891354222, 1.060250838,
2108.911785752, 1.057336087,
2108.932217382, 1.064566159,
2108.952649112, 1.063237933,
2108.973080643, 1.063704722,
2108.993512273, 1.060835557,
2109.034375533, 1.061604552,
2109.075238894, 1.065467018,
2109.095670424, 1.060421838,
2109.116102154, 1.056668093,
2109.136533685, 1.054253940,
2109.156965315, 1.056706397,
2109.177397045, 1.054492863,
2109.197828576, 1.052543799,
2109.218260206, 1.058821748,
2109.238691937, 1.050413725,
2109.299986828, 1.052211345,
2109.320418458, 1.049794885,
2109.340850189, 1.050101084,
2109.361281719, 1.049269369,
2109.381713350, 1.048907683,
2109.402145080, 1.050006615,
2109.422576611, 1.049919619,
2109.443008242, 1.047976053,
2109.463439972, 1.047726660,
2109.483871503, 1.048729373,
2109.524734864, 1.049701991,
2109.545166395, 1.048269825,
2109.565598126, 1.045237581,
2109.586029756, 1.044245966,
2109.626893018, 1.042832915,
2109.647324649, 1.042822943,
2109.667756280, 1.040998955,
2109.688187911, 1.040227161,
2109.708619541, 1.038940898,
2109.729051172, 1.037259323,
2109.769914434, 1.037979888,
2109.790346065, 1.037785275,
2109.810777796, 1.038062177,
2109.831209327, 1.037391633,
2109.851641058, 1.036475940,
2109.872072589, 1.036547481,
2109.892504220, 1.034324332,
2109.912935952, 1.032671920,
2109.953799114, 1.035066634,
2109.974230845, 1.036833428,
2110.015094108, 1.040200716,
2110.035525739, 1.044379617,
2110.055957270, 1.041658715,
2110.076389002, 1.039105948,
2110.096820633, 1.040303710,
2110.117252164, 1.037018836,
2110.137683896, 1.034921522,
2110.158115527, 1.033576182,
2110.178547159, 1.027384172,
2110.198978790, 1.032239372,
2110.219410422, 1.033676842,
2110.280705317, 1.036350449,
2110.301137048, 1.035509895,
2110.321568680, 1.033714160,
2110.342000212, 1.033146343,
2110.362431944, 1.034731812,
2110.382863575, 1.034939972,
2110.403295207, 1.037437152,
2110.423726839, 1.031479408,
2110.444158471, 1.031180777,
2110.464590103, 1.032110488,
2110.505453267, 1.032684455,
2110.525884999, 1.033935441,
2110.546316631, 1.034902756,
2110.566748163, 1.033829822,
2110.607611527, 1.040002565,
2110.628043259, 1.031432484,
2110.648474791, 1.028099598,
2110.668906424, 1.029482750,
2110.689338156, 1.034629927,
2110.709769688, 1.029283546,
2110.771064585, 1.023431490,
2110.791496218, 1.023646577,
2110.811927950, 1.025643015,
2110.832359483, 1.026460880,
2110.852791215, 1.029781659,
2110.873222848, 1.027911216,
2110.893654481, 1.028600648,
2110.914086113, 1.029089194,
2110.934517746, 1.027347672,
2110.954949379, 1.026159314,
2110.975381012, 1.023855574,
2110.995812644, 1.023851462,
2111.016244277, 1.023257680,
2111.036676010, 1.023250968,
2111.057107543, 1.021493367,
2111.077539276, 1.023048893,
2111.097970909, 1.027011087,
2111.118402442, 1.045372526,
2111.138834175, 1.048067681,
2111.159265708, 1.034551093,
2111.179697342, 1.032128373,
2111.200129075, 1.022883645,
2111.261423975, 1.019219988,
2111.281855508, 1.018835541,
2111.302287241, 1.018995438,
2111.322718875, 1.018217686,
2111.343150408, 1.018746952,
2111.363582142, 1.019637019,
2111.384013775, 1.018035822,
2111.404445409, 1.019854599,
2111.424877043, 1.020667971,
2111.445308676, 1.019383623,
2111.486171944, 1.019811315,
2111.506603578, 1.018462008,
2111.527035312, 1.019875490,
2111.547466946, 1.016422682,
2111.567898480, 1.014492310,
2111.588330214, 1.015044471,
2111.608761848, 1.015380471,
2111.629193382, 1.015809889,
2111.649625116, 1.016874406,
2111.670056750, 1.016597106,
2111.690488484, 1.016579752,
2111.731351653, 1.015704600,
2111.751783387, 1.013927232,
2111.772214922, 1.015592925,
2111.792646556, 1.017322733,
2111.813078191, 1.017071939,
2111.833509825, 1.016395922,
2111.853941460, 1.021477060,
2111.874373095, 1.020613332,
2111.894804729, 1.020274478,
2111.915236464, 1.018209324,
2111.935667999, 1.018755320,
2111.976531369, 1.019050577,
2111.996962904, 1.019255921,
2112.017394539, 1.017463949,
2112.037826274, 1.017565725,
2112.058257909, 1.017080807,
2112.078689544, 1.015963575,
2112.099121179, 1.014475504,
2112.119552814, 1.012075923,
2112.139984450, 1.012525106,
2112.160416085, 1.011762020,
2112.180847720, 1.013763837,
2112.221710991, 1.017551930,
2112.242142627, 1.018009591,
2112.262574362, 1.017799681,
2112.283005898, 1.016684721,
2112.303437634, 1.015090583,
2112.323869269, 1.015757315,
2112.364732541, 1.015830185,
2112.385164177, 1.014126328,
2112.405595713, 1.015837267,
2112.466890621, 1.016902269,
2112.487322357, 1.016584240,
2112.507753994, 1.015926618,
2112.528185630, 1.012922661,
2112.548617266, 1.014816093,
2112.569048903, 1.012793228,
2112.589480539, 1.012354225,
2112.609912176, 1.013221928,
2112.630343812, 1.012084272,
2112.650775449, 1.006931954,
2112.671207086, 1.007810893,
2112.732501996, 1.019710431,
2112.752933733, 1.017605689,
2112.773365370, 1.013165930,
2112.793796907, 1.015641173,
2112.814228644, 1.013098175,
2112.834660281, 1.013192731,
2112.855091818, 1.016924574,
2112.875523556, 1.013324674,
2112.895955193, 1.018437957,
2112.957250105, 1.017784205,
2112.977681843, 1.016226657,
2112.998113381, 1.016242193,
2113.018545018, 1.016443818,
2113.038976756, 1.015434701,
2113.079839932, 1.016257608,
2113.100271670, 1.014644023,
2113.120703208, 1.016877773,
2113.161566584, 1.023769507,
2113.243293037, 1.026270232,
2113.263724775, 1.029013717,
2113.284156414, 1.030356249,
2113.304588052, 1.031294667,
2113.325019691, 1.031892095,
2113.365883068, 1.031319028,
2113.386314607, 1.033103620,
2113.406746246, 1.033083722,
2113.427177985, 1.034549538,
2113.447609524, 1.033616278,
2113.468041163, 1.035257326,
2113.488472902, 1.033994036,
2113.508904441, 1.034740346,
2113.529336181, 1.038184507,
2113.549767820, 1.037241093,
2113.570199359, 1.041576703,
2113.590631099, 1.038843574,
2113.611062738, 1.038976166,
2113.631494278, 1.041249878,
2113.651926018, 1.041764217,
2113.692789197, 1.045056940,
2113.713220937, 1.047086462,
2113.733652577, 1.047596618,
2113.754084317, 1.053240383,
2113.774515857, 1.052821091,
2113.815379137, 1.049531292,
2113.835810878, 1.050817170,
2113.856242418, 1.052541345,
2113.876674158, 1.056650268,
2113.897105699, 1.054925296,
2113.937969080, 1.056500197,
2113.958400621, 1.056788903,
2113.978832362, 1.057131290,
2113.999264002, 1.057776968,
2114.019695543, 1.058188348,
2114.040127284, 1.056776042,
2114.060558925, 1.058302222,
2114.080990467, 1.061925925,
2114.101422208, 1.057702187,
2114.121853849, 1.059904760,
2114.142285590, 1.060051915,
2114.183148773, 1.065117659,
2114.224012057, 1.066533557,
2114.244443698, 1.068484220,
2114.264875440, 1.067411925,
2114.285306982, 1.067210838,
2114.305738724, 1.066138484,
2114.326170366, 1.067320024,
2114.346602008, 1.066817387,
2114.367033650, 1.068401722,
2114.387465292, 1.066884068,
2114.428328577, 1.068839512,
2114.448760220, 1.068845776,
2114.469191862, 1.068602108,
2114.510055148, 1.067386374,
2114.530486890, 1.068153725,
2114.550918433, 1.066021387,
2114.571350076, 1.066925077,
2114.591781819, 1.066150912,
2114.612213362, 1.069185764,
2114.632645005, 1.066096214,
2114.673508292, 1.069861247,
2114.693939935, 1.071579372,
2114.714371679, 1.070941735,
2114.734803223, 1.070335707,
2114.755234966, 1.068465859,
2114.775666610, 1.067466595,
2114.796098154, 1.067817616,
2114.816529898, 1.066968664,
2114.836961542, 1.068811647,
2114.857393086, 1.067423450,
2114.939119763, 1.061818427,
2114.959551407, 1.065580051,
2114.979983152, 1.064042724,
2115.000414696, 1.060395900,
2115.020846341, 1.062904373,
2115.041278086, 1.062229362,
2115.061709731, 1.059604401,
2115.082141276, 1.060782586,
2115.102573021, 1.060222671,
2115.123004666, 1.060769483,
2115.184299602, 1.062536103,
2115.204731247, 1.061264508,
2115.225162893, 1.060368783,
2115.245594538, 1.060378504,
2115.266026184, 1.058196431,
2115.286457830, 1.057888874,
2115.306889576, 1.057988546,
2115.327321122, 1.061510861,
2115.347752768, 1.058377037,
2115.368184514, 1.055699341,
2115.409047707, 1.054181335,
2115.429479453, 1.051826022,
2115.449910999, 1.051256793,
2115.470342646, 1.049129559,
2115.490774393, 1.048224193,
2115.511205939, 1.056437992,
2115.531637686, 1.052871735,
2115.552069333, 1.053221231,
2115.572500980, 1.050783227,
2115.592932627, 1.049829494,
2115.654227569, 1.047217632,
2115.674659217, 1.049326139,
2115.695090864, 1.047076746,
2115.715522612, 1.045394831,
2115.735954160, 1.044157677,
2115.756385908, 1.042237528,
2115.776817556, 1.042752350,
2115.797249104, 1.041918094,
2115.817680852, 1.040383329,
2115.838112500, 1.042189023,
2115.858544048, 1.035919785,
2115.899407445, 1.042336952,
2115.919839094, 1.039424482,
2115.940270742, 1.037605701,
2115.960702291, 1.039538379,
2115.981134040, 1.040950452,
2116.001565689, 1.038356162,
2116.021997238, 1.039503381,
2116.042428987, 1.037054669,
2116.062860636, 1.035821008,
2116.083292286, 1.038293463,
2116.144587334, 1.041254134,
2116.165018884, 1.039517049,
2116.185450534, 1.040616534,
2116.205882284, 1.039595981,
2116.226313934, 1.039620061,
2116.246745484, 1.037596237,
2116.267177234, 1.035819392,
2116.287608884, 1.034725428,
2116.308040535, 1.033598636,
2116.328472185, 1.034515060,
2116.348903836, 1.033059392,
2116.389767137, 1.033205148,
2116.410198788, 1.032448790,
2116.430630539, 1.030619535,
2116.451062090, 1.029282453,
2116.471493741, 1.030907693,
2116.491925493, 1.032065906,
2116.512357044, 1.029690314,
2116.532788796, 1.028109605,
2116.553220447, 1.035986642,
2116.594083751, 1.033524093,
2116.634946954, 1.032024644,
2116.655378707, 1.032232980,
2116.675810259, 1.030294704,
2116.696242011, 1.029097481,
2116.716673663, 1.029866571,
2116.737105216, 1.026952325,
2116.757536968, 1.028043243,
2116.777968621, 1.027236584,
2116.798400274, 1.029018028,
2116.818831927, 1.030744597,
2116.839263580, 1.012244246,
2116.900558539, 1.024378151,
2116.920990293, 1.023992343,
2116.941421946, 1.026102826,
2116.961853500, 1.024933168,
2116.982285254, 1.023074898,
2117.002716908, 1.023106711,
2117.023148462, 1.022945808,
2117.043580216, 1.022992416,
2117.064011870, 1.023105043,
2117.145738587, 1.021150848,
2117.166170142, 1.020290922,
2117.186601797, 1.019036209,
2117.207033452, 1.018216370,
2117.227465107, 1.019141540,
2117.247896762, 1.019384282,
2117.268328417, 1.015876944,
2117.288760073, 1.015272457,
2117.309191828, 1.015385964,
2117.329623384, 1.013092129,
2117.390918351, 1.014950684,
2117.411350007, 1.011769844,
2117.452213419, 1.013533330,
2117.472645075, 1.015791171,
2117.493076732, 1.016717792,
2117.513508388, 1.017678784,
2117.533940045, 1.019660317,
2117.554371702, 1.018620661,
2117.574803359, 1.016818429,
2117.595235116, 1.016247979,
2117.615666673, 1.015157352,
2117.636098330, 1.020243069,
2117.656530087, 1.022647419,
2117.676961645, 1.016906029,
2117.697393402, 1.017833167,
2117.717825060, 1.017328257,
2117.738256618, 1.018134499,
2117.758688376, 1.019258812,
2117.779120034, 1.017432738,
2117.799551592, 1.017839565,
2117.819983350, 1.017763536,
2117.881278325, 1.014284873,
2117.901709984, 1.014324042,
2117.922141643, 1.016231938,
2117.942573302, 1.034582373,
2117.963004961, 1.031921422,
2117.983436620, 1.035964068,
2118.003868279, 1.024309063,
2118.024299939, 1.023127380,
2118.044731598, 1.020858244,
2118.065163258, 1.021316872,
2118.106026677, 1.017236015,
2118.126458237, 1.016967449,
2118.167321658, 1.018521511,
2118.187753218, 1.018130408,
2118.208184979, 1.016504205,
2118.228616639, 1.016947181,
2118.249048200, 1.017651449,
2118.269479961, 1.016787316,
2118.289911621, 1.017553459,
2118.310343383, 1.017986112,
2118.351206605, 1.017337790,
2118.371638366, 1.019638952,
2118.392069928, 1.017808418,
2118.412501590, 1.018503648,
2118.432933351, 1.020297676,
2118.453364913, 1.019973790,
2118.473796675, 1.019976975,
2118.494228337, 1.019287046,
2118.514659900, 1.020334772,
2118.535091662, 1.018924457,
2118.555523325, 1.018706545,
2118.596386650, 1.019143430,
2118.678113302, 1.020097963,
2118.698544966, 1.023461694,
2118.718976629, 1.018372754,
2118.739408293, 1.016920009,
2118.759839956, 1.018135971,
2118.780271620, 1.013503786,
2118.800703284, 1.017074383,
2118.841566613, 1.015849853,
2118.861998377, 1.015007576,
2118.882430041, 1.017141710,
2118.902861606, 1.016726758,
2118.923293371, 1.018233819,
2118.943725036, 1.017337515,
2118.964156601, 1.017398370,
2118.984588366, 1.020299133,
2119.005020031, 1.031490933,
2119.025451597, 1.032517094,
2119.045883362, 1.029844820,
2119.127610025, 1.022824922,
2119.148041792, 1.021237304,
2119.168473358, 1.021574103,
2119.188905024, 1.023662745,
2119.209336791, 1.023292048,
2119.229768358, 1.023108056,
2119.250200124, 1.026806374,
2119.291063458, 1.026947232,
2119.352358360, 1.027984850,
2119.372790128, 1.028115306,
2119.393221796, 1.030975582,
2119.413653564, 1.030959049,
2119.454516800, 1.034857613,
2119.474948568, 1.034098202,
2119.495380136, 1.034226170,
2119.515811805, 1.034123402,
2119.536243574, 1.032800986,
2119.577106811, 1.036554064,
2119.597538580, 1.036604904,
2119.638401919, 1.039215030,
2119.658833588, 1.038211891,
2119.679265158, 1.041234575,
2119.699696928, 1.041875670,
2119.720128598, 1.041522070,
2119.740560268, 1.041431383,
2119.760991938, 1.041586941,
2119.781423608, 1.041672701,
2119.822286949, 1.046889093,
2119.842718620, 1.047978770,
2119.863150391, 1.051398187,
2119.883582062, 1.052792443,
2119.904013633, 1.056654871,
2119.944876975, 1.054960014,
2119.965308647, 1.055723157,
2119.985740418, 1.054426089,
2120.006171990, 1.054497709,
2120.026603762, 1.052276755,
2120.067467006, 1.057646292,
2120.087898779, 1.057081822,
2120.108330451, 1.058184955,
2120.128762024, 1.058707271,
2120.149193797, 1.059100351,
2120.169625470, 1.059219614,
2120.190057243, 1.058230916,
2120.210488816, 1.057817407,
2120.230920489, 1.059019750,
2120.251352263, 1.059702980,
2120.271783836, 1.059188556,
2120.312647284, 1.065223363,
2120.333078858, 1.066416744,
2120.353510532, 1.067211449,
2120.373942307, 1.066242898,
2120.394373881, 1.067150164,
2120.414805656, 1.067495505,
2120.435237331, 1.066723005,
2120.455669006, 1.065993734,
2120.476100681, 1.067533728,
2120.496532356, 1.064450504,
2120.516964031, 1.062923596,
2120.557827382, 1.066958056,
2120.578259158, 1.067046707,
2120.598690734, 1.066939876,
2120.619122410, 1.065676235,
2120.639554186, 1.064132535,
2120.659985763, 1.064160020,
2120.680417439, 1.061005350,
2120.700849216, 1.059832848,
2120.721280793, 1.062409726,
2120.741712470, 1.060674339,
2120.803007602, 1.068582913,
2120.823439279, 1.067700085,
2120.843870857, 1.066855536,
2120.864302635, 1.066547339,
2120.884734313, 1.064753902,
2120.905165891, 1.062766747,
2120.925597669, 1.063332663,
2120.946029348, 1.064681587,
2120.966461126, 1.061453004,
2120.986892705, 1.061870460,
2121.007324384, 1.057225976,
2121.109482881, 1.068173133,
2121.129914460, 1.069037048,
2121.150346240, 1.068452357,
2121.170777920, 1.066537416,
2121.191209601, 1.063427003,
2121.211641281, 1.062587653,
2121.232072962, 1.060586528,
2121.252504642, 1.061598732,
2121.272936323, 1.062436304,
2121.293368004, 1.062281237,
2121.313799686, 1.062297357,
2121.334231367, 1.060946841,
2121.354663148, 1.060833159,
2121.375094730, 1.060216462,
2121.395526412, 1.058680970,
2121.415958194, 1.058020570,
2121.436389776, 1.058013546,
2121.456821458, 1.057336608,
2121.477253241, 1.058267551,
2121.497684823, 1.058294497,
2121.538548289, 1.056007670,
2121.558979872, 1.055220692,
2121.579411655, 1.054888968,
2121.599843338, 1.055025698,
2121.620275022, 1.053081662,
2121.640706706, 1.051285901,
2121.661138389, 1.050739845,
2121.681570073, 1.048742687,
2121.702001758, 1.047539436,
2121.722433442, 1.047777240,
2121.742865226, 1.048462374,
2121.783728496, 1.050289869,
2121.804160281, 1.050706542,
2121.824591966, 1.049892778,
2121.845023551, 1.050522755,
2121.865455337, 1.048791466,
2121.885887022, 1.050086314,
2121.906318608, 1.048089072,
2121.926750394, 1.048373123,
2121.947182080, 1.046777694,
2121.967613766, 1.047655000,
2121.988045452, 1.046707478,
2122.049340513, 1.032044825,
2122.069772100, 1.040126156,
2122.090203887, 1.039585296,
2122.131067362, 1.041280130,
2122.151498949, 1.040959531,
2122.171930637, 1.040972055,
2122.192362425, 1.040208535,
2122.212794013, 1.040813052,
2122.233225702, 1.040766530,
2122.274089179, 1.023060450,
2122.294520768, 1.048577785,
2122.335384246, 1.043160755,
2122.355815935, 1.042805651,
2122.376247625, 1.058242427,
2122.396679314, 1.051450916,
2122.417111004, 1.045758414,
2122.437542694, 1.043435181,
2122.457974385, 1.039512455,
2122.478406175, 1.040401410,
2122.519269556, 1.038457486,
2122.539701247, 1.037179183,
2122.560132838, 1.035096820,
2122.580564629, 1.034148756,
2122.600996320, 1.035582967,
2122.621427912, 1.036287728,
2122.641859704, 1.034113922,
2122.662291295, 1.035183581,
2122.682723087, 1.034046714,
2122.703154780, 1.035851533,
2122.723586372, 1.036097056,
2122.784881450, 1.047139108,
2122.805313243, 1.041474221,
2122.825744936, 1.037487090,
2122.846176630, 1.036027229,
2122.866608323, 1.034005860,
2122.887040017, 1.032036407,
2122.907471811, 1.031266969,
2122.927903505, 1.031400817,
2122.948335099, 1.033299906,
2122.968766894, 1.031680233,
2123.030061978, 1.026473024,
2123.050493673, 1.025184414,
2123.070925468, 1.025310196,
2123.091357064, 1.026738722,
2123.111788759, 1.025942879,
2123.132220555, 1.026218327,
2123.152652151, 1.024914910,
2123.173083847, 1.024429276,
2123.193515644, 1.024519821,
2123.213947240, 1.025067613,
2123.275242331, 1.023588740,
2123.295674128, 1.022695772,
2123.316105725, 1.022083168,
2123.336537423, 1.020584990,
2123.356969220, 1.020243427,
2123.377400818, 1.019614753,
2123.397832516, 1.019271103,
2123.418264315, 1.019083762,
2123.438695913, 1.018645297,
2123.459127712, 1.016543438,
2123.499991110, 1.017979583,
2123.520422809, 1.016851829,
2123.540854508, 1.017899766,
2123.561286208, 1.016657723,
2123.581717907, 1.015987788,
2123.602149607, 1.015232353,
2123.622581407, 1.016086786,
2123.643013107, 1.015651947,
2123.663444708, 1.018992058,
2123.683876508, 1.018553750,
2123.704308209, 1.018825889,
2123.745171611, 1.020154855,
2123.765603313, 1.019186311,
2123.786034914, 1.019493377,
2123.806466716, 1.019744180,
2123.826898418, 1.020156082,
2123.847330220, 1.018643004,
2123.867761822, 1.019541343,
2123.888193524, 1.019651712,
2123.908625227, 1.018446545,
2123.929056930, 1.016651229,
2123.949488633, 1.038837618,
2123.990352039, 1.020159338,
2124.010783843, 1.019193202,
2124.031215446, 1.017878079,
2124.051647150, 1.015563874,
2124.072078954, 1.016726470,
2124.092510559, 1.015857530,
2124.112942263, 1.018734611,
2124.133374068, 1.018156849,
2124.153805772, 1.017742078,
2124.174237377, 1.017453650,
2124.194669183, 1.018212865,
2124.255964299, 1.017830199,
2124.276396005, 1.017228834,
2124.296827811, 1.017789794,
2124.317259418, 1.016176084,
2124.337691124, 1.015095592,
2124.358122931, 1.013865121,
2124.378554538, 1.015704749,
2124.398986345, 1.015820366,
2124.419418052, 1.015326988,
2124.439849659, 1.019834736,
2124.480713175, 1.017516034,
2124.501144783, 1.017463804,
2124.521576591, 1.015998161,
2124.542008300, 1.014471409,
2124.562440008, 1.015556469,
2124.582871717, 1.015774201,
2124.603303426, 1.015732426,
2124.623735135, 1.017519295,
2124.644166844, 1.017089515,
2124.664598554, 1.018808747,
2124.685030264, 1.018539824,
2124.746325394, 1.016310636,
2124.766757104, 1.017470196,
2124.787188915, 1.017384991,
2124.807620626, 1.015898191,
2124.828052237, 1.016652845,
2124.848484048, 1.016540497,
2124.868915760, 1.014440706,
2124.889347371, 1.013828656,
2124.909779183, 1.013585647,
2124.930210895, 1.013129899,
2124.991506033, 1.014463783,
2125.011937845, 1.014366666,
2125.032369458, 1.015117224,
2125.052801172, 1.016883072,
2125.073232985, 1.018238901,
2125.093664599, 1.019579539,
2125.114096313, 1.019996635,
2125.134528127, 1.020258236,
2125.154959741, 1.020772994,
2125.175391555, 1.020535997,
2125.195823270, 1.021708172,
2125.216254885, 1.020250582,
2125.236686700, 1.020348029,
2125.257118415, 1.021173473,
2125.277550130, 1.022677641,
2125.297981846, 1.021002571,
2125.318413562, 1.022571034,
2125.338845277, 1.021109461,
2125.379708710, 1.023278102,
2125.400140427, 1.023315243,
2125.420572143, 1.029849537,
2125.461435578, 1.025803277,
2125.481867295, 1.026043426,
2125.502299113, 1.027164830,
2125.522730830, 1.028051008,
2125.543162448, 1.030898653,
2125.563594267, 1.034975986,
2125.584025985, 1.034308371,
2125.604457604, 1.034709124,
2125.624889422, 1.035621361,
2125.645321141, 1.034901384,
2125.665752761, 1.037580998,
2125.706616300, 1.036996069,
2125.727048119, 1.038395211,
2125.747479739, 1.039000530,
2125.767911460, 1.041394161,
2125.788343280, 1.042264153,
2125.808774901, 1.041890712,
2125.829206622, 1.041969035,
2125.849638443, 1.042269737,
2125.870070064, 1.042536558,
2125.890501885, 1.043318014,
2125.910933607, 1.043465836,
2125.951797051, 1.046209426,
2125.972228673, 1.046973413,
2125.992660496, 1.048701650,
2126.013092218, 1.051654541,
2126.053955564, 1.052892892,
2126.074387388, 1.054289940,
2126.094819111, 1.055798062,
2126.115250835, 1.056108487,
2126.135682559, 1.057340722,
2126.156114283, 1.056443426,
2126.196977732, 1.058714274,
2126.217409457, 1.059888293,
2126.237841282, 1.059771811,
2126.258272907, 1.059614796,
2126.278704732, 1.060508650,
2126.299136458, 1.062589363,
2126.319568084, 1.061034027,
2126.339999910, 1.064317029,
2126.360431636, 1.059637693,
2126.380863263, 1.058324422,
2126.401295089, 1.062585321,
2126.442158443, 1.062491833,
2126.462590270, 1.064871188,
2126.483021998, 1.067048759,
2126.503453826, 1.067466777,
2126.523885454, 1.069068601,
2126.544317182, 1.068192089,
2126.564749010, 1.071088210,
2126.585180739, 1.068113248,
2126.605612367, 1.068382542,
2126.626044096, 1.064707893,
2126.646475926, 1.068374572,
2126.687339385, 1.071950713,
2126.707771015, 1.071618384,
2126.728202845, 1.071032067,
2126.748634575, 1.072355475,
2126.769066206, 1.071267607,
2126.789498036, 1.068600257,
2126.809929767, 1.068704385,
2126.830361598, 1.066081831,
2126.850793230, 1.066036986,
2126.871224961, 1.065642699,
2126.891656793, 1.069781416,
2126.952951990, 1.071919047,
2126.973383623, 1.073485123,
2126.993815355, 1.072853228,
2127.014247188, 1.074088536,
2127.034678822, 1.072797291,
2127.055110655, 1.070889253,
2127.075542389, 1.071396265,
2127.116405857, 1.067956493,
2127.136837592, 1.068878268,
2127.198132796, 1.071501617,
2127.218564632, 1.069318719,
2127.238996267, 1.068622917,
2127.259428003, 1.068258181,
2127.279859739, 1.067141020,
2127.300291475, 1.066181346,
2127.320723211, 1.063899201,
2127.341155048, 1.065457436,
2127.361586685, 1.062030680,
2127.382018422, 1.061011634,
2127.422881897, 1.064415375,
2127.443313735, 1.063463663,
2127.463745472, 1.064097022,
2127.484177111, 1.063997037,
2127.504608949, 1.063990297,
2127.525040688, 1.064096719,
2127.545472327, 1.060639069,
2127.565904166, 1.059148452,
2127.586335905, 1.059339321,
2127.606767745, 1.057352283,
2127.688494605, 1.056463447,
2127.708926346, 1.057444701,
2127.729358187, 1.056725820,
2127.749789828, 1.055997297,
2127.770221669, 1.054050956,
2127.790653411, 1.052947854,
2127.811085152, 1.051947423,
2127.831516894, 1.051295539,
2127.851948637, 1.048979402,
2127.872380379, 1.053215723,
2127.913243865, 1.052443768,
2127.933675608, 1.050763774,
2127.974539095, 1.049379257,
2128.015402583, 1.050149866,
2128.035834327, 1.049290936,
2128.056266172, 1.047669869,
2128.076697817, 1.044956119,
2128.097129561, 1.045866797,
2128.117561407, 1.041204458,
2128.158424898, 1.043314687,
2128.178856644, 1.042743010,
2128.199288290, 1.042271057,
2128.219720136, 1.040313057,
2128.240151883, 1.040256613,
2128.260583530, 1.041460294,
2128.281015377, 1.037249485,
2128.301447124, 1.038198533,
2128.321878772, 1.037431242,
2128.342310619, 1.036069763,
2128.362742367, 1.039462613,
2128.424037613, 1.030935959,
2128.444469462, 1.037953203,
2128.464901211, 1.041843781,
2128.485332860, 1.042027905,
2128.505764710, 1.042161778,
2128.526196460, 1.041673379,
2128.546628210, 1.041374861,
2128.567059960, 1.039464058,
2128.587491711, 1.039819932,
2128.607923462, 1.039450073,
2128.628355213, 1.039157854,
2128.648786964, 1.037781194,
2128.669218716, 1.037784509,
2128.689650468, 1.036737499,
2128.710082319, 1.036417912,
2128.730513972, 1.036949020,
2128.750945724, 1.035462869,
2128.771377577, 1.034813553,
2128.791809230, 1.035344424,
2128.812240983, 1.032757839,
2128.832672837, 1.029900892,
2128.853104490, 1.022483240,
2128.914399753, 1.036943333,
2128.934831607, 1.035439291,
2128.955263362, 1.034642306,
2128.996126873, 1.028607257,
2129.016558628, 1.030475650,
2129.036990384, 1.027443298,
2129.057422140, 1.029001415,
2129.077853896, 1.027697071,
2129.098285753, 1.029971802,
2129.159581024, 1.027496624,
2129.180012782, 1.026782551,
2129.200444439, 1.025678974,
2129.220876297, 1.025550523,
2129.241308056, 1.023142213,
2129.261739814, 1.021834041,
2129.282171573, 1.021130493,
2129.302603332, 1.021495996,
2129.323035091, 1.020234371,
2129.343466851, 1.022373044,
2129.384330370, 1.023217314,
2129.404762130, 1.023361570,
2129.425193791, 1.021916935,
2129.445625652, 1.020263354,
2129.466057413, 1.030786160,
2129.486489274, 1.036328285,
2129.506920935, 1.075152306,
2129.527352697, 1.047603286,
2129.547784559, 1.049888280,
2129.568216221, 1.034226732,
2129.588647983, 1.026894239,
2129.649943372, 1.020511042,
2129.670375136, 1.018289766,
2129.690806899, 1.017618978,
2129.711238663, 1.015016054,
2129.731670427, 1.017975213,
2129.752102192, 1.016814765,
2129.772533956, 1.015323087,
2129.792965721, 1.014736598,
2129.813397486, 1.014606345,
2129.833829352, 1.014893324,
2129.874692883, 1.017336940,
2129.895124649, 1.017154754,
2129.915556316, 1.020914981,
2129.935988183, 1.016846303,
2129.956419949, 1.017111778,
2129.976851617, 1.015681690,
2129.997283484, 1.014595576,
2130.017715152, 1.015586560,
2130.038147020, 1.013642941,
2130.058578788, 1.012642838,
2130.079010456, 1.012005719,
2130.119874094, 1.011679640,
2130.140305763, 1.010730736,
2130.160737632, 1.011334038,
2130.181169402, 1.011405376,
2130.201601272, 1.012803659,
2130.222032942, 1.016765569,
2130.242464713, 1.016573555,
2130.262896583, 1.017910187,
2130.283328254, 1.021579504,
2130.303760025, 1.021648187,
2130.324191897, 1.026601882,
2130.365055341, 1.015039379,
2130.385487213, 1.015028587,
2130.405918985, 1.015401127,
2130.426350758, 1.014407831,
2130.446782531, 1.016197719,
2130.467214304, 1.015983957,
2130.487646178, 1.022061892,
2130.508077852, 1.019085451,
2130.528509626, 1.020364723,
2130.569373174, 1.022085563,
2130.630668499, 1.013357436,
2130.651100375, 1.013232087,
2130.671532051, 1.013230937,
2130.691963827, 1.013591829,
2130.712395703, 1.013424505,
2130.732827380, 1.018044542,
2130.753259257, 1.020571850,
2130.773691034, 1.020086902,
2130.794122711, 1.021335805,
2130.814554589, 1.019146382,
2130.875849924, 1.016553044,
2130.896281702, 1.018219347,
2130.916713481, 1.015857760,
2130.937145260, 1.015506454,
2130.957577040, 1.017752813,
2130.978008920, 1.015865946,
2130.998440700, 1.014920093,
2131.018872380, 1.015776462,
2131.039304260, 1.016626281,
2131.059736041, 1.018400326,
2131.121031385, 1.013069160,
2131.141463167, 1.013391528,
2131.161894949, 1.013114661,
2131.182326732, 1.012925209,
2131.202758614, 1.015093862,
2131.223190297, 1.018495575,
2131.243622080, 1.018619211,
2131.264053864, 1.018892277,
2131.284485647, 1.019574155,
2131.304917531, 1.021011202,
2131.366212885, 1.148426045,
2131.386644570, 1.078912275,
2131.407076355, 1.058444964,
2131.427508241, 1.045871354,
2131.447939927, 1.039786955,
2131.468371713, 1.033384173,
2131.488803599, 1.030712572,
2131.509235286, 1.028408385,
2131.529667173, 1.027453359,
2131.550098960, 1.027645781,
2131.590962535, 1.028802034,
2131.611394323, 1.026486828,
2131.631826111, 1.026272560,
2131.652258000, 1.026102419,
2131.672689689, 1.026391635,
2131.693121578, 1.028222690,
2131.713553367, 1.031023980,
2131.733985057, 1.031066896,
2131.754416947, 1.032442627,
2131.774848737, 1.033733271,
2131.795280427, 1.036324767,
2131.856576000, 1.037094647,
2131.877007692, 1.038087580,
2131.897439483, 1.038797273,
2131.917871275, 1.040566931,
2131.938303068, 1.040432039,
2131.958734860, 1.041463898,
2131.979166653, 1.041986500,
2131.999598446, 1.045172994,
2132.020030240, 1.048686710,
2132.060893828, 1.046168497,
2132.081325722, 1.047034201,
2132.101757416, 1.045598724,
2132.122189211, 1.046181158,
2132.142621106, 1.045767798,
2132.163052801, 1.048661496,
2132.183484597, 1.051090916,
2132.203916493, 1.051941546,
2132.224348289, 1.052995817,
2132.244780086, 1.056591099,
2132.265211882, 1.055428062,
2132.285643679, 1.056794353,
2132.326507274, 1.059238001,
2132.346939072, 1.058093531,
2132.367370970, 1.058683427,
2132.387802669, 1.057989196,
2132.408234567, 1.057464893,
2132.428666366, 1.058032168,
2132.449098066, 1.059300061,
2132.469529965, 1.060888618,
2132.489961765, 1.061458098,
2132.510393465, 1.060769178,
2132.530825365, 1.062522372,
2132.571688867, 1.062940748,
2132.592120768, 1.062767355,
2132.612552569, 1.063486879,
2132.632984371, 1.063542259,
2132.653416173, 1.065208071,
2132.673847876, 1.065034510,
2132.694279778, 1.068879263,
2132.714711581, 1.067470531,
2132.735143384, 1.069308467,
2132.755575188, 1.070556328,
2132.776006991, 1.070846330,
2132.837302404, 1.068613472,
2132.857734309, 1.068447041,
2132.878166114, 1.067672407,
2132.898597820, 1.068705749,
2132.919029725, 1.067965266,
2132.939461531, 1.068107731,
2132.959893338, 1.067999155,
2132.980325144, 1.066637334,
2133.000756951, 1.067195714,
2133.021188858, 1.070138231,
2133.102915990, 1.070739866,
2133.123347898, 1.071757129,
2133.143779707, 1.070744262,
2133.164211416, 1.072726546,
2133.184643325, 1.078114554,
2133.205075135, 1.070948369,
2133.225506845, 1.069436171,
2133.245938755, 1.069660877,
2133.266370566, 1.069719264,
2133.307234188, 1.067791515,
2133.327665899, 1.068119631,
2133.348097811, 1.067144620,
2133.388961335, 1.065796824,
2133.409393248, 1.063009674,
2133.429825061, 1.062814245,
2133.450256874, 1.062009500,
2133.470688688, 1.060630581,
2133.491120501, 1.060702508,
2133.511552415, 1.060319978,
2133.552415944, 1.060276404,
2133.572847859, 1.061351732,
2133.593279674, 1.061695209,
2133.613711390, 1.059349664,
2133.634143306, 1.061311545,
2133.654575122, 1.062084945,
2133.675007038, 1.062211381,
2133.695438755, 1.060658009,
2133.715870572, 1.059402053,
2133.736302489, 1.056999280,
2133.756734206, 1.054154899,
2133.777166024, 1.053169689,
2133.797597942, 1.052511000,
2133.818029661, 1.052240987,
2133.838461480, 1.050901361,
2133.858893399, 1.050899618,
2133.879325118, 1.050741330,
2133.899757038, 1.049492620,
2133.920188857, 1.048920149,
2133.940620578, 1.049009144,
2133.961052498, 1.046967705,
2133.981484219, 1.045821885,
2134.001916140, 1.047431034,
2134.063211605, 1.043084162,
2134.083643427, 1.042475549,
2134.144938896, 1.045319356,
2134.165370719, 1.045632900,
2134.185802543, 1.044657589,
2134.206234367, 1.042762779,
2134.226666191, 1.040806649,
2134.247098116, 1.040835215,
2134.267529841, 1.041327656,
2134.287961766, 1.040151360,
2134.308393592, 1.039793647,
2134.328825318, 1.041457938,
2134.369689070, 1.039711220,
2134.390120797, 1.040577763,
2134.410552724, 1.039362304,
2134.430984551, 1.036000582,
2134.451416479, 1.030732299,
2134.471848207, 1.041302839,
2134.492280035, 1.035666151,
2134.553575522, 1.037943577,
2134.574007351, 1.037285727,
2134.594439181, 1.037177247,
2134.614871111, 1.038509143,
2134.635302941, 1.036090261,
2134.655734672, 1.037597325,
2134.676166603, 1.035496474,
2134.696598334, 1.029510098,
2134.717030166, 1.033823904,
2134.737462098, 1.033212442,
2134.798757595, 1.031894175,
2134.819189428, 1.029941198,
2134.839621261, 1.029792947,
2134.860053095, 1.030201774,
2134.880484929, 1.028986023,
2134.900916863, 1.027434608,
2134.921348598, 1.028183093,
2134.941780433, 1.026679824,
2134.962212368, 1.026397396,
2134.982644104, 1.033827355,
2135.043939612, 1.032526893,
2135.064371549, 1.033643329,
2135.084803386, 1.032866222,
2135.105235124, 1.030149642,
2135.125667061, 1.029554002,
2135.146098899, 1.026487268,
2135.166530838, 1.026239863,
2135.186962576, 1.026327025,
2135.207394415, 1.025430925,
2135.227826354, 1.023631672,
2135.268689934, 1.025791836,
2135.309553614, 1.023424882,
2135.329985455, 1.022256107,
2135.350417296, 1.021732090,
2135.370849138, 1.018693874,
2135.391281079, 1.017592223,
2135.411712921, 1.016225845,
2135.432144664, 1.014785794,
2135.452576606, 1.011372646,
2135.473008449, 1.012958501,
2135.534303980, 1.018441090,
2135.554735924, 1.016498260,
2135.575167669, 1.017122135,
2135.595599514, 1.017468874,
2135.616031459, 1.017157641,
2135.636463204, 1.015609672,
2135.656895050, 1.014128301,
2135.677326996, 1.014354210,
2135.697758743, 1.024514932,
2135.718190689, 1.019804583,
2135.779486231, 1.016036652,
2135.799918079, 1.015207831,
2135.820349828, 1.014602219,
2135.840781776, 1.011953707,
2135.861213625, 1.008858048,
2135.881645475, 1.010450792,
2135.902077324, 1.014021633,
2135.922509174, 1.015109864,
2135.942941124, 1.013483125,
2135.963372875, 1.012332252,
2135.983804726, 1.011913529,
2136.004236577, 1.011989583,
2136.024668428, 1.013661098,
2136.045100280, 1.014476558,
2136.065532232, 1.014188415,
2136.085963985, 1.014140384,
2136.106395937, 1.013579992,
2136.126827790, 1.014199841,
2136.147259544, 1.014248141,
2136.167691497, 1.013061250,
2136.188123351, 1.012715716,
2136.208555106, 1.010692307,
2136.249418915, 1.013149676,
2136.269850871, 1.012861522,
2136.290282626, 1.014148566,
2136.310714482, 1.012284472,
2136.331146439, 1.010282210,
2136.351578195, 1.011032687,
2136.372010052, 1.012052747,
2136.392442009, 1.006220884,
2136.433305625, 1.008677911,
2136.453737583, 1.004723711,
2136.515033160, 1.014911199,
2136.535465019, 1.016318295,
2136.555896879, 1.015531229,
2136.576328739, 1.015955295,
2136.596760599, 1.015010061,
2136.617192460, 1.016094070,
2136.637624321, 1.015033710,
2136.658056183, 1.014038654,
2136.678488045, 1.013979055,
2136.698919907, 1.013468873,
2136.760215495, 1.014091180,
2136.780647458, 1.013391652,
2136.801079222, 1.016100185,
2136.821511186, 1.013687795,
2136.841943050, 1.013605032,
2136.862374815, 1.012471165,
2136.882806780, 1.012071179,
2136.903238646, 1.013524615,
2136.923670411, 1.013980698,
2136.944102377, 1.014679451,
2137.005397977, 1.014733469,
2137.025829845, 1.017062130,
2137.046261812, 1.021201708,
2137.066693580, 1.017745801,
2137.087125449, 1.014666291,
2137.107557417, 1.014099161,
2137.127989186, 1.012475694,
2137.148421055, 1.011792230,
2137.168853025, 1.015353880,
2137.189284895, 1.014074333,
2137.250580507, 1.012924116,
2137.271012378, 1.013065924,
2137.291444250, 1.010433893,
2137.311876122, 1.011833134,
2137.332307994, 1.011376751,
2137.352739867, 1.011302631,
2137.373171740, 1.012009014,
2137.393603613, 1.013703669,
2137.414035487, 1.016101514,
2137.434467461, 1.014913399,
2137.495763084, 1.020262319,
2137.516194860, 1.021620618,
2137.536626835, 1.018826936,
2137.557058711, 1.019676137,
2137.577490488, 1.019954156,
2137.597922464, 1.018803526,
2137.618354341, 1.020079001,
2137.659218096, 1.020178906,
2137.679649974, 1.021293398,
2137.720513731, 1.021928450,
2137.740945610, 1.022492645,
2137.761377589, 1.020784446,
2137.781809369, 1.022047368,
2137.802241249, 1.023321083,
2137.822673229, 1.023958095,
2137.843105010, 1.025236635,
2137.863536891, 1.025975442,
2137.883968872, 1.030960564,
2137.904400754, 1.032004848,
2137.924832636, 1.034299799,
2137.965696301, 1.035711274,
2137.986128284, 1.035372156,
2138.006560168, 1.035324219,
2138.026991951, 1.034766018,
2138.047423935, 1.035799588,
2138.067855820, 1.036417496,
2138.088287804, 1.036757782,
2138.108719589, 1.036229133,
2138.129151475, 1.036404310,
2138.149583461, 1.038122563,
2138.170015247, 1.033363390,
2138.231310907, 1.041450736,
2138.251742895, 1.044284874,
2138.272174782, 1.045237189,
2138.292606571, 1.045123710,
2138.313038559, 1.046752974,
2138.333470448, 1.050084759,
2138.353902237, 1.050883726,
2138.374334227, 1.051771128,
2138.394766116, 1.052043742,
2138.415198006, 1.054774144,
2138.435629897, 1.056798448,
2138.456061788, 1.056185310,
2138.476493779, 1.057248744,
2138.496925571, 1.056450189,
2138.517357463, 1.054497628,
2138.537789455, 1.054212382,
2138.558221348, 1.057800989,
2138.578653141, 1.056761456,
2138.599085134, 1.053799727,
2138.619516928, 1.056696305,
2138.639948922, 1.058574384,
2138.660380816, 1.056533095,
2138.721676501, 1.060759065,
2138.742108297, 1.061179513,
2138.762540293, 1.063027020,
2138.782972189, 1.065960290,
