BJD - 2454833, Corrected Flux
2061.305694326, 0.994107183,
2061.326126591, 0.993527030,
2061.346558755, 0.993512061,
2061.366990820, 0.993668484,
2061.387423084, 0.993619891,
2061.407855247, 0.992781146,
2061.428287510, 0.992971213,
2061.489583996, 0.993586602,
2061.510016057, 0.993736774,
2061.530448217, 0.993588586,
2061.550880478, 0.993131345,
2061.571312638, 0.991981111,
2061.591744697, 0.992880441,
2061.612176956, 0.992670930,
2061.632609115, 0.992534460,
2061.653041172, 0.992365528,
2061.673473430, 0.992718667,
2061.693905587, 0.992004380,
2061.714337744, 0.992129935,
2061.734769901, 0.992360254,
2061.755202057, 0.991769850,
2061.775634212, 0.992309265,
2061.796066367, 0.992462248,
2061.816498521, 0.991995396,
2061.836930675, 0.992099622,
2061.857362830, 0.991650049,
2061.877794883, 0.991863029,
2061.898227135, 0.992003043,
2061.918659288, 0.991230027,
2061.939091440, 0.992146482,
2061.959523591, 0.991805749,
2061.979955743, 0.991602068,
2062.000387993, 0.992423815,
2062.020820043, 0.991670017,
2062.041252193, 0.991627052,
2062.061684442, 0.990943293,
2062.082116491, 0.991413901,
2062.102548640, 0.991446099,
2062.122980888, 0.991617165,
2062.143413036, 0.991662664,
2062.163845083, 0.991301187,
2062.225141522, 0.991059913,
2062.245573767, 0.991183543,
2062.266005912, 0.991196503,
2062.286437957, 0.990890149,
2062.306870201, 0.991324747,
2062.327302344, 0.991247019,
2062.347734588, 0.990822079,
2062.368166631, 0.991177056,
2062.388598773, 0.990761803,
2062.409031015, 0.991381931,
2062.429463056, 0.991296046,
2062.449895197, 0.991282799,
2062.470327339, 0.990949604,
2062.490759479, 0.990494252,
2062.511191618, 0.990655893,
2062.531623758, 0.990756530,
2062.552055897, 0.991086620,
2062.572488035, 0.991359521,
2062.613352311, 0.990621854,
2062.633784448, 0.990889912,
2062.654216685, 0.990625817,
2062.674648721, 0.990638776,
2062.695080957, 0.990853662,
2062.715513093, 0.990740845,
2062.735945128, 0.990528010,
2062.756377362, 0.990558661,
2062.776809497, 0.990877327,
2062.797241531, 0.991098505,
2062.817673764, 0.991516329,
2062.838105897, 0.990817007,
2062.858537930, 0.990495096,
2062.878970161, 0.990699851,
2062.899402293, 0.990252950,
2062.919834325, 0.990398609,
2062.940266555, 0.990502961,
2062.960698686, 0.990202354,
2062.981130816, 0.990650765,
2063.001562945, 0.990523642,
2063.021995074, 0.990374690,
2063.042427203, 0.990330930,
2063.062859331, 0.990621815,
2063.083291459, 0.989942609,
2063.103723686, 0.990283729,
2063.124155813, 0.989903272,
2063.144587840, 0.990383161,
2063.165020066, 0.990457334,
2063.185452191, 0.989838764,
2063.205884217, 0.990106363,
2063.226316441, 0.990095374,
2063.246748466, 0.989752200,
2063.267180590, 0.989669545,
2063.287612813, 0.990075821,
2063.308044836, 0.989040911,
2063.328476959, 0.989893783,
2063.348909181, 0.989733526,
2063.369341203, 0.989809124,
2063.389773325, 0.989985474,
2063.410205545, 0.989233232,
2063.430637566, 0.989611614,
2063.451069686, 0.989435010,
2063.471501906, 0.989198964,
2063.491934025, 0.989194861,
2063.512366144, 0.989157825,
2063.532798262, 0.989379240,
2063.553230381, 0.989856403,
2063.573662498, 0.988630839,
2063.594094615, 0.988921034,
2063.614526732, 0.989053136,
2063.696255295, 0.989409471,
2063.716687310, 0.989549980,
2063.737119424, 0.989537910,
2063.757551637, 0.989368445,
2063.777983651, 0.989428036,
2063.798415764, 0.989467648,
2063.818847976, 0.989407104,
2063.839279989, 0.989636948,
2063.859712100, 0.989269008,
2063.880144312, 0.989298101,
2063.900576322, 0.989045910,
2063.921008533, 0.989475202,
2063.941440643, 0.989563512,
2063.961872652, 0.989398998,
2063.982304861, 0.989812033,
2064.002736970, 0.989464867,
2064.023168978, 0.989530264,
2064.043601186, 0.989607007,
2064.064033294, 0.989604009,
2064.084465301, 0.989418190,
2064.104897507, 0.989455150,
2064.554403747, 0.989421517,
2064.574835945, 0.989775129,
2064.595268041, 0.989472960,
2064.615700037, 0.989361884,
2064.636132233, 0.989900364,
2064.656564328, 0.989191856,
2064.738292606, 0.989164580,
2064.758724799, 0.989654833,
2064.779156792, 0.990060767,
2064.799588984, 0.988554174,
2064.820021076, 0.989690717,
2064.840453168, 0.989353031,
2064.860885259, 0.989571470,
2064.922181530, 0.989843296,
2064.942613620, 0.990256647,
2064.963045709, 0.990090545,
2064.983477898, 0.990317438,
2065.003909886, 0.990016303,
2065.024341974, 0.990668651,
2065.044774162, 0.990062656,
2065.065206149, 0.990109206,
2065.085638235, 0.990496713,
2065.106070421, 0.989951887,
2065.126502407, 0.990443467,
2065.146934493, 0.990007180,
2065.167366678, 0.990098379,
2065.187798662, 0.990260834,
2065.208230847, 0.990184220,
2065.228662930, 0.990059691,
2065.249094914, 0.990483253,
2065.269527097, 0.990480384,
2065.289959179, 0.989974792,
2065.310391261, 0.990278728,
2065.330823343, 0.990182449,
2065.351255424, 0.990533850,
2065.371687505, 0.990007947,
2065.392119586, 0.990132064,
2065.412551666, 0.990435605,
2065.432983746, 0.990412130,
2065.453415825, 0.990161619,
2065.473847904, 0.990004606,
2065.494279883, 0.990281094,
2065.535144138, 0.989928253,
2065.555576115, 0.991166194,
2065.576008292, 0.990676508,
2065.657736595, 0.990151723,
2065.678168770, 0.989595001,
2065.698600744, 0.990214101,
2065.719032818, 0.990248830,
2065.739464992, 0.990653707,
2065.759896965, 0.990315920,
2065.780329038, 0.990101940,
2065.800761210, 0.990065762,
2065.821193282, 0.989779104,
2065.841625254, 0.990319433,
2065.882489496, 0.990055720,
2065.902921466, 0.990044672,
2065.923353636, 0.990717656,
2065.943785705, 0.990992212,
2065.964217675, 0.990358038,
2065.984649843, 0.990400605,
2066.005081911, 0.990122926,
2066.025513879, 0.991034998,
2066.045946047, 0.990547261,
2066.066378114, 0.990357565,
2066.086810280, 0.990466179,
2066.148106378, 0.989980330,
2066.168538443, 0.990693577,
2066.188970508, 0.990091956,
2066.209402572, 0.990770226,
2066.229834636, 0.989651277,
2066.250266699, 0.990006390,
2066.270698762, 0.989923823,
2066.291130825, 0.991159011,
2066.311562887, 0.990455985,
2066.331995049, 0.989490362,
2066.393291232, 0.990899463,
2066.413723192, 0.990769302,
2066.434155252, 0.990394550,
2066.454587411, 0.991035206,
2066.475019370, 0.990758604,
2066.495451429, 0.990493930,
2066.515883587, 0.990216342,
2066.536315545, 0.990970606,
2066.556747703, 0.990973581,
2066.577179760, 0.990177940,
2066.597611716, 0.990499851,
2066.618043872, 0.990685054,
2066.638475928, 0.991241167,
2066.658907984, 0.990715953,
2066.679340038, 0.991369625,
2066.699772093, 0.991188144,
2066.720204147, 0.990724554,
2066.740636201, 0.991616059,
2066.761068254, 0.990624917,
2066.781500308, 0.990441908,
2066.801932460, 0.990030255,
2066.822364413, 0.990353002,
2066.863228516, 0.990569677,
2066.883660567, 0.990550140,
2066.904092618, 0.990120353,
2066.924524767, 0.990575122,
2066.944956718, 0.990577647,
2066.965388667, 0.990995498,
2066.985820816, 0.990335638,
2067.006252864, 0.990751204,
2067.026685013, 0.990453528,
2067.047116961, 0.990547481,
2067.067549008, 0.991244895,
2067.087981155, 0.990911140,
2067.108413102, 0.990699024,
2067.128845148, 0.991112281,
2067.149277294, 0.990683937,
2067.169709340, 0.991373710,
2067.190141284, 0.991033980,
2067.210573429, 0.990809318,
2067.231005473, 0.991304648,
2067.251437417, 0.991304121,
2067.271869561, 0.990592252,
2067.292301604, 0.990259123,
2067.312733546, 0.991142203,
2067.353597731, 0.990841457,
2067.374029672, 0.990653981,
2067.394461813, 0.990412869,
2067.414893854, 0.991374944,
2067.435325795, 0.990345418,
2067.455757935, 0.991416383,
2067.476189974, 0.990514578,
2067.496622113, 0.990542628,
2067.517054052, 0.990438730,
2067.537486090, 0.990898130,
2067.557918228, 0.990703854,
2067.578350166, 0.990273563,
2067.598782203, 0.990935580,
2067.619214239, 0.991272069,
2067.639646376, 0.990965385,
2067.660078312, 0.990478024,
2067.680510348, 0.990259480,
2067.700942383, 0.991175066,
2067.721374418, 0.990973277,
2067.741806552, 0.990966793,
2067.762238486, 0.990929918,
2067.782670520, 0.990952423,
2067.803102653, 0.990892855,
2067.864398750, 0.991368954,
2067.884830682, 0.990898233,
2067.905262814, 0.991869969,
2067.925694845, 0.991064726,
2067.946126775, 0.991277645,
2067.966558905, 0.991067657,
2067.986990935, 0.991418173,
2068.007422964, 0.990836873,
2068.048287022, 0.991347436,
2068.130015133, 0.990887176,
2068.150447259, 0.991712104,
2068.170879185, 0.990959048,
2068.191311211, 0.991090128,
2068.211743336, 0.990970614,
2068.232175262, 0.990946803,
2068.252607286, 0.990978851,
2068.273039411, 0.991011187,
2068.293471335, 0.991225744,
2068.313903358, 0.990937800,
2068.334335482, 0.991107579,
2068.354767404, 0.991412189,
2068.375199527, 0.991247111,
2068.395631449, 0.991279291,
2068.416063470, 0.991111125,
2068.436495591, 0.990824221,
2068.456927512, 0.991103865,
2068.477359533, 0.990998070,
2068.497791653, 0.991390289,
2068.518223572, 0.990827335,
2068.538655592, 0.991324269,
2068.559087711, 0.991127141,
2068.579519729, 0.991554993,
2068.599951647, 0.992237877,
2068.620383765, 0.991531744,
2068.640815783, 0.990984329,
2068.661247699, 0.991751392,
2068.681679816, 0.990740790,
2068.702111833, 0.990442778,
2068.722543748, 0.991181482,
2068.742975864, 0.991643003,
2068.763407879, 0.990973239,
2068.783839993, 0.991153300,
2068.845136035, 0.990808192,
2068.865567948, 0.991068337,
2068.885999961, 0.991244064,
2068.906432073, 0.990963364,
2068.926863986, 0.991018787,
2068.947295997, 0.990899573,
2068.967728108, 0.991102184,
2068.988160120, 0.991036571,
2069.008592030, 0.990473688,
2069.029024140, 0.990341318,
2069.049456150, 0.991122204,
2069.069888059, 0.991239329,
2069.090320168, 0.991032018,
2069.110752077, 0.991115881,
2069.131184085, 0.991158898,
2069.151616193, 0.991283609,
2069.172048200, 0.990589330,
2069.192480107, 0.991515944,
2069.212912214, 0.991304294,
2069.233344120, 0.991416187,
2069.253776226, 0.991960344,
2069.274208232, 0.991171303,
2069.315072241, 0.990892992,
2069.335504246, 0.991317460,
2069.355936150, 0.991192239,
2069.376368254, 0.991136989,
2069.396800257, 0.991766375,
2069.417232260, 0.991471738,
2069.437664262, 0.991390787,
2069.458096265, 0.990845973,
2069.478528266, 0.991709990,
2069.498960268, 0.991460843,
2069.519392269, 0.991597405,
2069.580688270, 0.991341939,
2069.601120269, 0.991151245,
2069.621552368, 0.991565753,
2069.641984267, 0.991236448,
2069.662416365, 0.991513138,
2069.682848363, 0.991937474,
2069.723712358, 0.991086210,
2069.744144355, 0.991057972,
2069.764576251, 0.992315671,
2069.785008348, 0.991954441,
2069.805440343, 0.991424947,
2069.825872239, 0.991471043,
2069.846304334, 0.990887642,
2069.866736228, 0.991848314,
2069.887168323, 0.990806894,
2069.907600316, 0.991317755,
2069.928032310, 0.991883756,
2069.948464203, 0.991320772,
2069.989328288, 0.992153424,
2070.009760180, 0.994244670,
2070.091488245, 0.992054499,
2070.111920235, 0.991094279,
2070.132352324, 0.993660354,
2070.152784214, 0.992353764,
2070.173216203, 0.992190366,
2070.193648292, 0.992565029,
2070.214080180, 0.991855302,
2070.234512168, 0.992136825,
2070.254944255, 0.993142870,
2070.275376142, 0.992287416,
2070.295808129, 0.991502133,
2070.336672102, 0.992254550,
2070.357104087, 0.992115138,
2070.377536173, 0.992427050,
2070.397968158, 0.992887727,
2070.418400043, 0.992017759,
2070.438832127, 0.991667587,
2070.459264111, 0.991858375,
2070.479695994, 0.991329559,
2070.500128077, 0.991344993,
2070.540992142, 0.991823377,
2070.561424024, 0.991959740,
2070.581855906, 0.992059269,
2070.602287987, 0.991368866,
2070.622719968, 0.992467737,
2070.643151848, 0.991494822,
2070.663583929, 0.992085750,
2070.684015908, 0.992215299,
2070.704447788, 0.992115642,
2070.724879867, 0.992446315,
2070.745311846, 0.992303137,
2070.765743824, 0.992702285,
2070.786175802, 0.992973928,
2070.806607780, 0.991547329,
2070.847471734, 0.992327402,
2070.867903710, 0.992190566,
2070.888335686, 0.991939865,
2070.908767762, 0.991827091,
2070.929199638, 0.992428418,
2070.949631712, 0.991805927,
2070.970063687, 0.992418559,
2071.031359609, 0.991966188,
2071.051791482, 0.993939448,
2071.072223555, 0.992223011,
2071.092655527, 0.992664808,
2071.113087400, 0.992871646,
2071.133519471, 0.993532953,
2071.153951443, 0.993018725,
2071.174383314, 0.993380599,
2071.194815384, 0.992903988,
2071.215247355, 0.991502682,
2071.235679325, 0.992218572,
2071.296975232, 0.991531926,
2071.317407201, 0.991803425,
2071.337839169, 0.992448970,
2071.378703104, 0.992286693,
2071.399135071, 0.992194484,
2071.439999004, 0.992553856,
2071.460430970, 0.992283799,
2071.480863035, 0.991854534,
2071.501294901, 0.992223622,
2071.521726866, 0.992144848,
2071.542158930, 0.992462705,
2071.562590794, 0.992746836,
2071.583022758, 0.992297161,
2071.603454822, 0.992914972,
2071.623886685, 0.991865576,
2071.644318648, 0.992554959,
2071.664750710, 0.992496853,
2071.685182572, 0.992295748,
2071.705614533, 0.992596671,
2071.746478556, 0.992552899,
2071.766910516, 0.992448909,
2071.787342476, 0.992631595,
2071.828206395, 0.991860546,
2071.869070313, 0.991070251,
2071.889502372, 0.991989412,
2071.909934230, 0.991520671,
2071.930366188, 0.991031111,
2071.950798245, 0.991358145,
2071.971230102, 0.991650332,
2072.093821836, 0.992424144,
2072.114253791, 0.992606774,
2072.134685745, 0.992724249,
2072.155117699, 0.993079913,
2072.175549652, 0.992885221,
2072.195981605, 0.993104236,
2072.236845610, 0.992290656,
2072.257277562, 0.991779559,
2072.277709414, 0.992057124,
2072.298141465, 0.990932504,
2072.318573416, 0.991210610,
2072.339005267, 0.991709910,
2072.359437317, 0.991697750,
2072.379869267, 0.992088819,
2072.400301116, 0.993037442,
2072.420733166, 0.992721487,
2072.441165114, 0.992561594,
2072.502460959, 0.992326094,
2072.522892806, 0.992149217,
2072.543324853, 0.992317089,
2072.563756800, 0.992495715,
2072.584188746, 0.992855610,
2072.604620692, 0.992119931,
2072.625052638, 0.992491896,
2072.645484683, 0.992052505,
2072.665916528, 0.991927575,
2072.686348473, 0.992909501,
2072.706780517, 0.993365989,
2072.747644304, 0.992508548,
2072.768076348, 0.992735595,
2072.788508291, 0.992476133,
2072.808940133, 0.992739605,
2072.829372175, 0.992935574,
2072.849804017, 0.993099557,
2072.870235958, 0.992699661,
2072.890668000, 0.992882587,
2072.911099840, 0.992794896,
2072.931531781, 0.993202578,
2072.951963821, 0.992836795,
2072.972395661, 0.992569129,
2072.992827600, 0.992544458,
2073.013259639, 0.993057320,
2073.033691478, 0.992310614,
2073.054123516, 0.992616467,
2073.074555454, 0.992670164,
2073.094987391, 0.992170264,
2073.115419329, 0.992545761,
2073.135851266, 0.992120691,
2073.156283202, 0.991929906,
2073.176715138, 0.993229747,
2073.258442880, 0.992519165,
2073.278874814, 0.993889677,
2073.299306849, 0.992331887,
2073.319738682, 0.992912134,
2073.340170616, 0.992146631,
2073.360602649, 0.992857746,
2073.381034482, 0.992940964,
2073.401466414, 0.992572904,
2073.421898346, 0.992882189,
2073.442330278, 0.992249713,
2073.462762309, 0.993283816,
2073.483194140, 0.992701082,
2073.503626071, 0.993241355,
2073.524058102, 0.993255586,
2073.544489932, 0.992637901,
2073.564921861, 0.992490882,
2073.585353891, 0.992862477,
2073.605785820, 0.991927169,
2073.626217648, 0.992868199,
2073.646649677, 0.992939507,
2073.667081605, 0.992913545,
2073.687513432, 0.990605695,
2073.748809213, 0.993135962,
2073.769241239, 0.993037257,
2073.789673165, 0.992403944,
2073.810104991, 0.992937473,
2073.830537016, 0.992860815,
2073.850968941, 0.993626422,
2073.871400965, 0.993121714,
2073.891832790, 0.992443040,
2073.912264713, 0.992459903,
2073.932696737, 0.992476103,
2073.993992506, 0.993372509,
2074.014424328, 0.993319758,
2074.034856250, 0.993718888,
2074.055288271, 0.993449037,
2074.075720192, 0.993497127,
2074.096152013, 0.993418891,
2074.116584034, 0.993298406,
2074.137015854, 0.993312202,
2074.157447774, 0.994213471,
2074.239175549, 0.993188426,
2074.259607367, 0.993535235,
2074.280039285, 0.993251133,
2074.300471303, 0.992890102,
2074.320903120, 0.993778971,
2074.341335137, 0.993099239,
2074.361767053, 0.993154631,
2074.382198869, 0.993033245,
2074.402630885, 0.993132473,
2074.423062800, 0.992552471,
2074.443494715, 0.993367266,
2074.463926630, 0.992774804,
2074.484358544, 0.992652549,
2074.504790458, 0.993902911,
2074.525222372, 0.992987405,
2074.545654286, 0.992851620,
2074.566086199, 0.992978340,
2074.586518211, 0.992830412,
2074.606950024, 0.992657457,
2074.627381936, 0.992779200,
2074.647813948, 0.993025386,
2074.709109681, 0.993743722,
2074.729541491, 0.993210208,
2074.749973501, 0.993442805,
2074.770405411, 0.993825168,
2074.790837221, 0.993453891,
2074.811269229, 0.992402900,
2074.831701138, 0.993421639,
2074.852132947, 0.993301410,
2074.872564955, 0.993063642,
2074.892996763, 0.993881030,
2074.913428670, 0.993086542,
2074.954292484, 0.993667423,
2074.974724390, 0.993169101,
2074.995156396, 0.993336124,
2075.015588302, 0.993326246,
2075.036020107, 0.993729023,
2075.076884017, 0.993417743,
2075.097315822, 0.993591099,
2075.117747826, 0.993625862,
2075.138179730, 0.994081917,
2075.158611733, 0.993914840,
2075.179043536, 0.992947824,
2075.199475439, 0.993097515,
2075.219907441, 0.993305792,
2075.240339243, 0.993392686,
2075.260771145, 0.993566756,
2075.281203147, 0.993963246,
2075.301634948, 0.993900049,
2075.322066849, 0.993783955,
2075.362930649, 0.993423751,
2075.383362549, 0.993171929,
2075.403794549, 0.992411262,
2075.465090245, 0.994015327,
2075.485522144, 0.993260322,
2075.505953941, 0.993427417,
2075.526385939, 0.993621740,
2075.546817836, 0.993158940,
2075.567249733, 0.993793747,
2075.587681630, 0.993890408,
2075.608113526, 0.993542271,
2075.628545422, 0.993657269,
2075.648977317, 0.993885647,
2075.710273002, 0.994147028,
2075.730704796, 0.993676964,
2075.751136790, 0.994026164,
2075.771568684, 0.993527929,
2075.792000477, 0.993289510,
2075.812432470, 0.993533816,
2075.832864363, 0.993342343,
2075.853296255, 0.993731017,
2075.873728147, 0.993609775,
2075.894160039, 0.993582792,
2075.955455712, 0.993837748,
2075.975887703, 0.993887386,
2075.996319593, 0.994035773,
2076.016751382, 0.997576981,
2076.037183372, 0.993909842,
2076.057615261, 0.994069658,
2076.078047050, 0.993619326,
2076.098479038, 0.994011557,
2076.139342714, 0.994335756,
2076.159774702, 0.993898070,
2076.180206589, 0.994120967,
2076.200638376, 0.994060406,
2076.221070362, 0.993528561,
2076.241502249, 0.993955473,
2076.261934135, 0.993843831,
2076.282366020, 0.993765299,
2076.302797905, 0.994182229,
2076.323229790, 0.994257091,
2076.343661675, 0.994893759,
2076.364093559, 0.995524548,
2076.384525443, 0.994521814,
2076.425389210, 0.994069861,
2076.445821093, 0.994253063,
2076.466252976, 0.994152286,
2076.486684858, 0.994023005,
2076.507116841, 0.994306214,
2076.527548622, 0.994282556,
2076.547980504, 0.994040090,
2076.568412485, 0.994025719,
2076.588844266, 0.993982774,
2076.609276146, 0.994200520,
2076.670571786, 0.994299303,
2076.691003765, 0.994165913,
2076.711435544, 0.994003283,
2076.731867423, 0.994725779,
2076.752299401, 0.993930670,
2076.772731179, 0.994115054,
2076.793163156, 0.994561508,
2076.834026911, 0.994234022,
2076.854458788, 0.993928129,
2076.874890664, 0.993775735,
2076.915754516, 0.994066664,
2076.936186291, 0.994460350,
2076.977050141, 0.994393685,
2076.997481916, 0.994528260,
2077.017913790, 0.994076740,
2077.038345664, 0.994570578,
2077.058777537, 0.994685528,
2077.079209411, 0.994575253,
2077.099641284, 0.994351022,
2077.120073156, 0.994380062,
2077.140504929, 0.994003588,
2077.160936901, 0.994593718,
2077.181368772, 0.994159227,
2077.201800744, 0.994546801,
2077.222232515, 0.995326049,
2077.242664386, 0.994542115,
2077.263096356, 0.994950288,
2077.283528126, 0.993843526,
2077.303959996, 0.993483905,
2077.324391965, 0.993287399,
2077.344823835, 0.994487381,
2077.365255604, 0.993644995,
2077.426551209, 0.994257474,
2077.446983176, 0.994470823,
2077.467415044, 0.994881517,
2077.487846811, 0.994580123,
2077.508278777, 0.994110063,
2077.528710644, 0.994599068,
2077.549142410, 0.994189842,
2077.569574376, 0.995165330,
2077.590006241, 0.995224197,
2077.671733800, 0.994599687,
2077.692165564, 0.994654692,
2077.712597428, 0.994808988,
2077.733029391, 0.994998697,
2077.753461154, 0.995052882,
2077.773893017, 0.994031499,
2077.794324880, 0.994374720,
2077.814756842, 0.994710205,
2077.835188603, 0.995075276,
2077.855620565, 0.993874551,
2077.937347908, 0.995311879,
2077.957779868, 0.994891675,
2077.978211728, 0.995286030,
2077.998643487, 0.995539642,
2078.019075446, 0.995188575,
2078.039507305, 0.995292146,
2078.059939063, 0.994962267,
2078.080371021, 0.994805710,
2078.100802879, 0.995348924,
2078.162098451, 0.995036600,
2078.182530308, 0.995200122,
2078.202962164, 0.995242336,
2078.223394020, 0.995099613,
2078.243825876, 0.995097785,
2078.264257731, 0.994511520,
2078.284689587, 0.995083187,
2078.366417104, 0.995841561,
2078.407280711, 0.992846487,
2078.448144517, 0.997462968,
2078.509439973, 0.995045980,
2078.672894877, 0.995905045,
2078.693326726, 0.996774847,
2078.734190424, 0.995771060,
2078.754622272, 0.994053177,
2078.795485968, 0.995203744,
2078.815917815, 0.995170795,
2078.836349762, 0.995377118,
2078.897645302, 0.995010178,
2078.918077048, 0.994628352,
2078.938508893, 0.994916955,
2078.979372583, 0.994775022,
2078.999804428, 0.994319130,
2079.020236372, 0.995215885,
2079.040668117, 0.995264246,
2079.061099960, 0.995292554,
2079.081531904, 0.994847379,
2079.142827433, 0.995280126,
2079.163259275, 0.995160332,
2079.183691117, 0.995000995,
2079.204122959, 0.995597475,
2079.224554800, 0.995216547,
2079.244986641, 0.995247093,
2079.265418482, 0.995910661,
2079.306282163, 0.995762507,
2079.326714003, 0.994893606,
2079.347145743, 0.995188994,
2079.367577682, 0.995756380,
2079.388009521, 0.993872051,
2079.408441260, 0.996001152,
2079.428873199, 0.994922025,
2079.449305037, 0.994742255,
2079.469736775, 0.995704470,
2079.490168713, 0.995075447,
2079.510600550, 0.994741792,
2079.531032387, 0.995710798,
2079.551464224, 0.995474499,
2079.571896060, 0.994883014,
2079.592327997, 0.994618137,
2079.612759732, 0.995695259,
2079.633191568, 0.995897495,
2079.653623503, 0.996378126,
2079.674055339, 0.994337705,
2079.694487073, 0.994943502,
2079.714919008, 0.993945416,
2079.735350842, 0.995774076,
2079.755782576, 0.995402278,
2079.776214509, 0.995726467,
2079.878373573, 0.995322469,
2079.898805505, 0.995692607,
2079.919237337, 0.994835230,
2079.939669068, 0.995073303,
2079.960100999, 0.995698237,
2079.980532830, 0.996553402,
2080.000964660, 0.996875172,
2080.021396490, 0.996486078,
2080.041828320, 0.995959999,
2080.123555637, 0.995617809,
2080.143987465, 0.995573386,
2080.164419294, 0.995862951,
2080.205282949, 0.996210059,
2080.225714776, 0.995414665,
2080.246146703, 0.995418694,
2080.266578430, 0.995697458,
2080.287010257, 0.995829332,
2080.307442183, 0.996382415,
2080.368737660, 0.997021964,
2080.389169385, 0.996031042,
2080.409601309, 0.995887566,
2080.430033134, 0.995182677,
2080.450464858, 0.996015490,
2080.470896782, 0.995854314,
2080.491328606, 0.995687342,
2080.532192252, 0.995766850,
2080.552624075, 0.996072380,
2080.573055897, 0.995096933,
2080.593487720, 0.995787808,
2080.613919542, 0.996010310,
2080.634351363, 0.995837364,
2080.654783285, 0.995792178,
2080.675215006, 0.996152182,
2080.695646826, 0.996166018,
2080.716078647, 0.995481285,
2080.736510467, 0.996219071,
2080.756942187, 0.995134668,
2080.777374107, 0.995990580,
2080.797805927, 0.996394627,
2080.879533301, 0.996014980,
2080.899965020, 0.995673353,
2080.920396837, 0.996116604,
2080.940828755, 0.995794906,
2080.961260472, 0.995884503,
2080.981692289, 0.996261509,
2081.002124206, 0.996301364,
2081.022556022, 0.996896011,
2081.042987738, 0.996454052,
2081.063419654, 0.996144404,
2081.083851469, 0.995827188,
2081.104283185, 0.996279897,
2081.124715100, 0.995977901,
2081.145146915, 0.995760956,
2081.165578629, 0.996166285,
2081.186010543, 0.995923298,
2081.206442357, 0.996168724,
2081.226874271, 0.996557843,
2081.247305984, 0.997038547,
2081.267737797, 0.996819786,
2081.288169710, 0.997137275,
2081.349465147, 0.996239527,
2081.369896858, 0.995849718,
2081.390328670, 0.996369486,
2081.410760481, 0.996005446,
2081.431192292, 0.996076724,
2081.451624102, 0.995834260,
2081.472055913, 0.996305474,
2081.492487723, 0.995748221,
2081.512919533, 0.996277071,
2081.533351342, 0.995960938,
2081.553783151, 0.996788543,
2081.574214960, 0.996677766,
2081.594646869, 0.996340165,
2081.615078578, 0.996743874,
2081.635510486, 0.997496910,
2081.655942294, 0.996517739,
2081.676374001, 0.995758106,
2081.696805908, 0.997648394,
2081.717237716, 0.994797004,
2081.737669422, 0.997021284,
2081.758101329, 0.999444526,
2081.839828552, 0.996443764,
2081.860260358, 0.995966779,
2081.880692163, 0.997166333,
2081.901123967, 0.996850371,
2081.921555772, 0.995989850,
2081.941987576, 0.996752036,
2081.962419380, 0.996306683,
2081.982851183, 0.996610938,
2082.003282987, 0.996831893,
2082.023714790, 0.996966987,
2082.044146692, 0.996802364,
2082.064578495, 0.996825527,
2082.085010197, 0.996731862,
2082.105442099, 0.996574097,
2082.125873801, 0.996819031,
2082.146305602, 0.995806170,
2082.166737503, 0.997228948,
2082.187169204, 0.997518250,
2082.207601005, 0.997558419,
2082.228032905, 0.998372599,
2082.248464605, 0.997628583,
2082.268896405, 0.998805304,
2082.330191803, 0.996306865,
2082.350623702, 0.997159262,
2082.371055401, 0.997314769,
2082.391487199, 0.997527991,
2082.411919097, 0.997935135,
2082.432350895, 0.997709638,
2082.452782692, 0.997633188,
2082.473214489, 0.997384287,
2082.493646286, 0.997521493,
2082.514078183, 0.997915769,
2082.534509879, 0.997713549,
2082.554941676, 0.997303436,
2082.575373571, 0.997404527,
2082.595805267, 0.997161360,
2082.616237063, 0.996890666,
2082.636668958, 0.996895255,
2082.657100653, 0.997163686,
2082.677532447, 0.996891873,
2082.697964341, 0.996841825,
2082.718396036, 0.996672501,
2082.738827829, 0.995917016,
2082.820555102, 0.997857065,
2082.840986794, 0.998027529,
2082.861418687, 0.997720183,
2082.881850479, 0.997522319,
2082.902282170, 0.997797651,
2082.922714062, 0.997939974,
2082.943145853, 0.997415807,
2082.963577544, 0.997961734,
2082.984009435, 0.996798380,
2083.004441225, 0.997572559,
2083.024872915, 0.997440069,
2083.045304805, 0.997039503,
2083.065736595, 0.997589975,
2083.086168284, 0.997150930,
2083.106600174, 0.997204682,
2083.127031962, 0.997663154,
2083.147463651, 0.996765162,
2083.167895539, 0.997305880,
2083.188327328, 0.997209392,
2083.208759215, 0.996001842,
2083.229190903, 0.996280451,
2083.310918051, 0.997725042,
2083.331349937, 0.997730292,
2083.351781723, 0.997857581,
2083.372213409, 0.998021994,
2083.392645295, 0.997640940,
2083.413077080, 0.997340573,
2083.433508765, 0.997775884,
2083.453940650, 0.998148718,
2083.474372435, 0.996860157,
2083.494804119, 0.997687562,
2083.515236003, 0.997036931,
2083.535667787, 0.997715739,
2083.556099670, 0.996534089,
2083.576531353, 0.997798416,
2083.596963136, 0.997270325,
2083.617394919, 0.996944531,
2083.637826702, 0.996627190,
2083.658258384, 0.997568405,
2083.678690266, 0.997477375,
2083.699122048, 0.996116582,
2083.719553729, 0.997906169,
2083.739985611, 0.998037080,
2083.801280953, 0.998569635,
2083.821712733, 0.998230371,
2083.842144513, 0.997883718,
2083.862576293, 0.997929843,
2083.883008072, 0.998236354,
2083.903439852, 0.997747981,
2083.923871731, 0.997899843,
2083.944303410, 0.997708772,
2083.964735288, 0.997719534,
2083.985167066, 0.997321283,
2084.005598744, 0.997739618,
2084.026030622, 0.997632931,
2084.046462400, 0.998390901,
2084.066894077, 0.998447086,
2084.087325954, 0.997749350,
2084.107757731, 0.997936885,
2084.128189407, 0.998799455,
2084.148621284, 0.997587009,
2084.169053060, 0.998149574,
2084.189484835, 0.997573468,
2084.209916611, 0.998224465,
2084.230348386, 0.999563863,
2084.291643711, 0.998723212,
2084.312075485, 0.998892208,
2084.332507259, 0.998660897,
2084.352939033, 0.998912825,
2084.373370807, 0.998643488,
2084.393802580, 0.998646115,
2084.434666226, 0.998643040,
2084.455097898, 0.998529704,
2084.475529671, 0.997994000,
2084.495961543, 0.997909244,
2084.516393215, 0.998101198,
2084.536824986, 0.998306478,
2084.557256858, 0.998102125,
2084.577688529, 0.997815529,
2084.598120300, 0.997958305,
2084.618552170, 0.997979699,
2084.638983841, 0.998288337,
2084.659415611, 0.997443517,
2084.679847481, 0.998754891,
2084.700279150, 0.998698086,
2084.782006327, 0.998574864,
2084.802438095, 0.998551147,
2084.822869864, 0.998367302,
2084.843301632, 0.998446374,
2084.863733399, 0.999387385,
2084.884165167, 0.998615756,
2084.904597034, 0.998313090,
2084.925028701, 0.997530190,
2084.945460468, 0.997484531,
2084.965892334, 0.998413102,
2085.006755767, 0.999143440,
2085.027187633, 0.999034043,
2085.047619298, 1.000168650,
2085.068051064, 0.999225152,
2085.088482929, 0.998942541,
2085.108914594, 0.998736324,
2085.149778123, 0.999108733,
2085.170209887, 0.998736560,
2085.190641751, 0.998786277,
2085.211073414, 0.998839468,
2085.231505178, 0.998461283,
2085.251937041, 0.998997459,
2085.272368804, 0.999111840,
2085.292800467, 0.998716420,
2085.313232329, 0.997890301,
2085.333664092, 0.998211198,
2085.354095754, 0.997828788,
2085.374527615, 0.999747613,
2085.394959377, 0.998621355,
2085.415391038, 0.998778136,
2085.517549942, 0.999762789,
2085.537981801, 0.999366093,
2085.558413461, 0.999430700,
2085.578845221, 0.999466022,
2085.599277080, 0.999239355,
2085.619708739, 0.998989961,
2085.640140498, 0.998671413,
2085.660572356, 0.999242241,
2085.681004015, 0.999048002,
2085.701435773, 0.999139558,
2085.762731045, 0.999651129,
2085.783162902, 0.999093368,
2085.803594659, 0.999036519,
2085.824026416, 0.998821861,
2085.844458172, 0.998844097,
2085.864889829, 0.999262044,
2085.885321685, 0.998825052,
2085.905753440, 0.998784602,
2085.926185096, 0.998433625,
2085.946616951, 0.998358682,
2085.967048706, 0.999003870,
2085.987480361, 0.998846204,
2086.007912216, 0.999137536,
2086.028343970, 0.999941451,
2086.048775624, 0.999663813,
2086.069207478, 0.999035474,
2086.089639232, 0.999660730,
2086.110070985, 1.000139328,
2086.130502738, 0.999146426,
2086.150934491, 0.999009948,
2086.171366244, 0.999146763,
2086.191797997, 0.999654170,
2086.253093353, 0.999123834,
2086.273525005, 0.999625247,
2086.293956856, 0.999242636,
2086.314388607, 0.999644073,
2086.334820258, 0.999076572,
2086.355252109, 0.999403584,
2086.375683859, 0.999604386,
2086.396115510, 0.999788394,
2086.416547360, 0.999717874,
2086.436979109, 0.999703289,
2086.457410759, 0.998634240,
2086.477842608, 0.999452327,
2086.498274358, 0.999729486,
2086.518706007, 0.999471367,
2086.539137855, 0.999331354,
2086.559569504, 0.999585898,
2086.580001352, 0.999435289,
2086.600433100, 0.999447870,
2086.620864848, 0.999929155,
2086.641296595, 0.999451513,
2086.661728343, 1.000065089,
2086.743455330, 1.000170168,
2086.763887076, 1.000141996,
2086.784318822, 0.999870813,
2086.804750568, 0.999779647,
2086.825182414, 0.999547428,
2086.845614059, 0.999846246,
2086.866045804, 1.000452469,
2086.886477649, 1.000186330,
2086.906909294, 0.999916787,
2086.927341138, 1.000205888,
2086.947772882, 0.999613657,
2086.968204527, 0.999800265,
2087.009068114, 1.000068136,
2087.029499757, 0.999394877,
2087.049931600, 0.999900603,
2087.070363343, 0.999881730,
2087.090795086, 0.999801661,
2087.111226829, 0.999513038,
2087.131658571, 0.999744197,
2087.152090313, 1.001061903,
2087.233817279, 1.000342403,
2087.254249020, 1.000143292,
2087.274680861, 1.000157316,
2087.295112501, 0.999962841,
2087.315544242, 0.999824572,
2087.335976082, 0.999762439,
2087.356407722, 1.000229457,
2087.376839461, 1.000048941,
2087.397271301, 0.999450698,
2087.417702940, 0.999748246,
2087.438134679, 0.999896056,
2087.458566518, 1.000507357,
2087.478998157, 0.999712856,
2087.499429895, 0.999986934,
2087.519861733, 0.999931086,
2087.540293371, 1.000226528,
2087.560725109, 1.000147974,
2087.581156946, 1.000194375,
2087.601588584, 0.999827380,
2087.622020421, 0.999889266,
2087.642452158, 1.000808275,
2087.662883894, 0.999808084,
2087.724179103, 0.999555061,
2087.744610939, 0.999826953,
2087.765042574, 0.999465986,
2087.785474310, 1.000269602,
2087.805906145, 0.999615841,
2087.826337780, 0.999923256,
2087.846769515, 0.999973608,
2087.867201349, 0.999819460,
2087.887632984, 1.000583767,
2087.908064718, 0.999377851,
2087.928496552, 1.000529881,
2087.948928185, 1.000794296,
2087.969359919, 1.000168801,
2087.989791652, 1.000569309,
2088.010223385, 1.000520432,
2088.030655218, 1.001637135,
2088.051086851, 1.001367513,
2088.071518583, 1.001339009,
2088.091950416, 1.000858343,
2088.112382148, 1.000777916,
2088.214540805, 1.000547541,
2088.234972535, 1.000708053,
2088.255404166, 1.000494193,
2088.275835996, 1.000644818,
2088.296267726, 1.000320599,
2088.316699356, 1.000551866,
2088.337131186, 1.000945636,
2088.357562916, 1.000942977,
2088.377994745, 1.000537545,
2088.398426374, 1.001008890,
2088.418858103, 1.000993295,
2088.439289932, 1.000561897,
2088.459721560, 1.000157006,
2088.500585117, 1.001180470,
2088.521016744, 1.001362974,
2088.541448472, 1.001433593,
2088.561880300, 1.000404184,
2088.582312027, 1.001319602,
2088.602743654, 1.001957885,
2088.623175481, 1.001204803,
2088.643607208, 1.001475706,
2088.684470660, 1.001081705,
2088.704902386, 1.000899444,
2088.725334112, 1.000730670,
2088.745765838, 1.000707777,
2088.766197463, 1.000899629,
2088.786629289, 1.000832880,
2088.807061014, 1.001193316,
2088.827492639, 1.001483572,
2088.847924463, 1.001131038,
2088.868356188, 1.001044489,
2088.888787812, 1.001224028,
2088.909219636, 1.001474633,
2088.929651360, 1.000466400,
2088.990946530, 1.000760371,
2089.011378253, 1.001455324,
2089.031809976, 1.000793982,
2089.052241699, 1.001569981,
2089.072673521, 1.002385946,
2089.093105243, 1.001468353,
2089.113536865, 1.002042774,
2089.133968687, 1.001759754,
2089.195263852, 1.000813081,
2089.215695573, 1.000968848,
2089.236127193, 1.000925564,
2089.256559014, 1.000626671,
2089.276990735, 1.001170928,
2089.297422355, 1.001439922,
2089.317854175, 1.001120085,
2089.338285895, 1.001314561,
2089.358717514, 1.001452011,
2089.379149334, 1.000756528,
2089.399580953, 1.001651951,
2089.420012772, 1.001053999,
2089.440444491, 1.001224929,
2089.460876110, 1.001850074,
2089.481307928, 1.002190545,
2089.501739647, 1.001518889,
2089.522171365, 1.001301161,
2089.542603083, 1.002008816,
2089.563034800, 1.001124630,
2089.583466518, 1.001386820,
2089.603898235, 1.001121926,
2089.624329952, 1.001964971,
2089.706056819, 1.001648408,
2089.726488635, 1.001279682,
2089.746920251, 1.000714379,
2089.767352067, 1.001297874,
2089.787783783, 1.001168013,
2089.808215398, 1.001543828,
2089.828647213, 1.001654504,
2089.849078928, 1.001212432,
2089.869510543, 1.001229002,
2089.889942358, 1.001748625,
2089.910374072, 1.002191671,
2089.930805786, 1.001351787,
2089.951237500, 1.001519546,
2089.971669214, 1.002324892,
2089.992100928, 1.001110662,
2090.012532642, 1.001839565,
2090.032964355, 1.001840964,
2090.053396068, 1.001928476,
2090.073827781, 1.001913923,
2090.094259494, 1.001248899,
2090.114691306, 1.001743161,
2090.135122919, 1.001565950,
2090.155554631, 1.001655236,
2090.175986442, 1.001974823,
2090.196418054, 1.001877442,
2090.216849766, 1.002046725,
2090.237281577, 1.001691416,
2090.257713189, 1.001305628,
2090.278144900, 1.001300189,
2090.298576711, 1.001079096,
2090.339440032, 1.001833905,
2090.359871842, 1.002736031,
2090.421166972, 1.001856283,
2090.441598581, 1.001360018,
2090.462030391, 1.002004710,
2090.482462100, 1.001847625,
2090.502893809, 1.001597421,
2090.523325518, 1.001805306,
2090.543757226, 1.001413616,
2090.564188935, 1.002031653,
2090.584620643, 1.001156737,
2090.605052351, 1.001512112,
2090.625484059, 1.001684837,
2090.645915867, 1.001543298,
2090.666347474, 1.001135937,
2090.686779182, 1.001695647,
2090.707210989, 1.001731707,
2090.727642596, 1.001888672,
2090.768506109, 1.001801671,
2090.788937715, 1.001958456,
2090.809369522, 1.001683546,
2090.829801228, 1.002401964,
2090.850232834, 1.001462822,
2090.870664639, 1.001469796,
2090.911527950, 1.001873073,
2090.931959755, 1.002011049,
2090.952391360, 1.001800838,
2090.972823065, 1.002656863,
2090.993254870, 1.001823033,
2091.013686574, 1.003032679,
2091.034118179, 1.001837799,
2091.074981686, 1.001635080,
2091.095413390, 1.002668261,
2091.156708600, 1.001962681,
2091.177140203, 1.002461302,
2091.197571906, 1.001229688,
2091.218003709, 1.001662470,
2091.238435311, 1.001903907,
2091.258867013, 1.002198798,
2091.279298816, 1.001946580,
2091.299730418, 1.001699795,
2091.320162119, 1.001915872,
2091.340593921, 1.001254494,
2091.361025522, 1.001799168,
2091.381457224, 1.001771284,
2091.401889025, 1.001672060,
2091.422320625, 1.001833576,
2091.442752426, 1.001398850,
2091.463184127, 1.002055742,
2091.483615827, 1.001380286,
2091.504047527, 1.001607321,
2091.524479227, 1.001830421,
2091.544910927, 1.001876882,
2091.585774326, 1.001549390,
2091.647069424, 1.002050395,
2091.687932821, 1.004206402,
2091.708364520, 1.003017667,
2091.728796118, 1.001912375,
2091.749227916, 1.001276614,
2091.769659614, 1.002371615,
2091.790091412, 1.001062126,
2091.892249798, 1.001912266,
2091.912681595, 1.002540586,
2091.933113191, 1.001983932,
2091.953544888, 1.001842822,
2091.973976684, 1.002269614,
2091.994408380, 1.001837962,
2092.014839976, 1.001847042,
2092.035271771, 1.002052226,
2092.055703467, 1.001806338,
2092.076135062, 1.002104623,
2092.096566858, 1.002255733,
2092.116998553, 1.001679885,
2092.137430347, 1.002495313,
2092.157861942, 1.002557498,
2092.178293637, 1.002104864,
2092.198725431, 1.002300998,
2092.219157025, 1.002117730,
2092.239588719, 1.002294781,
2092.260020413, 1.002176579,
2092.280452107, 1.002182611,
2092.300883700, 1.002095431,
2092.321315493, 1.002307122,
2092.341747187, 1.002306593,
2092.362178880, 1.002114881,
2092.382610573, 1.002225604,
2092.403042265, 1.002626735,
2092.423474058, 1.002803875,
2092.443905650, 1.002633696,
2092.464337342, 1.002153971,
2092.484769134, 1.002485600,
2092.505200827, 1.002355768,
2092.546064210, 1.002146156,
2092.566495901, 1.002382644,
2092.627790974, 1.001934932,
2092.648222565, 1.002524845,
2092.668654356, 1.002402854,
2092.689086046, 1.002639594,
2092.709517636, 1.002115550,
2092.729949426, 1.001874607,
2092.750381116, 1.002247427,
2092.770812906, 1.002238107,
2092.791244496, 1.002370800,
2092.811676185, 1.001876298,
2092.832107974, 1.002359986,
2092.852539564, 1.001883503,
2092.872971252, 1.002236108,
2092.893403041, 1.002435512,
2092.913834630, 1.001747645,
2092.934266318, 1.002159439,
2092.954698107, 1.002172868,
2092.975129795, 1.002063460,
2092.995561383, 1.002276607,
2093.015993170, 1.001764971,
2093.036424758, 1.001915952,
2093.056856446, 1.002093055,
2093.077288233, 1.002443399,
2093.097719820, 1.002271743,
2093.118151607, 1.002333090,
2093.138583294, 1.002595159,
2093.159014881, 1.002966670,
2093.199878354, 1.002123259,
2093.220309940, 1.002542704,
2093.240741726, 1.002424411,
2093.261173412, 1.002352787,
2093.281604998, 1.002285213,
2093.302036783, 1.001752194,
2093.322468469, 1.002479826,
2093.342900154, 1.002969265,
2093.363331839, 1.002248470,
2093.383763524, 1.003254822,
2093.404195309, 1.001916105,
2093.424626894, 1.002289978,
2093.445058578, 1.002274894,
2093.465490362, 1.002080607,
2093.506353631, 1.002391018,
2093.526785414, 1.001847579,
2093.547217098, 1.001953205,
2093.608512149, 1.004182234,
2093.628943732, 1.002910985,
2093.649375515, 1.002961924,
2093.669807198, 1.001822235,
2093.690238780, 1.002146069,
2093.710670563, 1.002134488,
2093.731102245, 1.002715698,
2093.751533927, 1.001853000,
2093.771965609, 1.001781410,
2093.792397191, 1.002363662,
2093.812828973, 1.002098583,
2093.833260655, 1.002766619,
2093.853692336, 1.002129253,
2093.874124017, 1.002029051,
2093.894555699, 1.002163175,
2093.914987380, 1.002224499,
2093.935419060, 1.002304263,
2093.955850741, 1.002126636,
2093.976282422, 1.002484840,
2093.996714102, 1.002309793,
2094.017145782, 1.002202072,
2094.037577562, 1.002319172,
2094.058009242, 1.002413758,
2094.078440822, 1.002291628,
2094.098872602, 1.002209289,
2094.119304281, 1.002541508,
2094.139735861, 1.002033482,
2094.160167640, 1.002617049,
2094.180599319, 1.002276191,
2094.201030898, 1.001649615,
2094.221462677, 1.002195464,
2094.241894355, 1.002516830,
2094.262325934, 1.002152714,
2094.282757712, 1.002149176,
2094.303189390, 1.002608082,
2094.323621168, 1.002371938,
2094.344052746, 1.002534234,
2094.364484424, 1.002104765,
2094.384916102, 1.002649993,
2094.405347779, 1.002855806,
2094.425779456, 1.002532847,
2094.446211134, 1.002740702,
2094.466642811, 1.002577627,
2094.487074487, 1.001987921,
2094.507506164, 1.001831930,
2094.568801294, 1.002369354,
2094.589232870, 1.002472176,
2094.609664546, 1.003904705,
2094.630096322, 1.001881899,
2094.650527897, 1.002864414,
2094.670959673, 1.002740295,
2094.691391348, 1.002602654,
2094.711822924, 1.001751207,
2094.732254699, 1.002175984,
2094.752686374, 1.001967566,
2094.773117949, 1.002546579,
2094.793549723, 1.002204127,
2094.834412973, 1.002468613,
2094.875276421, 1.002997256,
2094.895708095, 1.002892410,
2094.916139769, 1.002527605,
2094.957003216, 1.002316082,
2094.977434790, 1.002914917,
2094.997866463, 1.002881290,
2095.018298236, 1.002579554,
2095.038729909, 1.002601257,
2095.059161483, 1.002567452,
2095.079593255, 1.002302485,
2095.100024928, 1.001932553,
2095.120456500, 1.001854185,
2095.161319845, 1.001650813,
2095.181751517, 1.002207136,
2095.202183289, 1.002074008,
2095.243046632, 1.001752639,
2095.263478304, 1.002254361,
2095.324773318, 1.001689865,
2095.345204889, 1.001518317,
2095.365636660, 1.001914221,
2095.386068331, 1.002122516,
2095.406500001, 1.001654837,
2095.426931672, 1.001748514,
2095.447363342, 1.001272574,
2095.467795012, 1.001661470,
2095.488226682, 1.002695561,
2095.569953361, 1.002235555,
2095.590385131, 1.003053032,
2095.610816800, 1.002696540,
2095.631248369, 1.002846945,
2095.651680138, 1.003297507,
2095.672111807, 1.002341078,
2095.692543376, 1.002551478,
2095.712975144, 1.002829189,
2095.733406813, 1.002939594,
2095.753838381, 1.003173574,
2095.774270149, 1.002840022,
2095.794701817, 1.002946781,
2095.815133385, 1.003428760,
2095.835565153, 1.003305303,
2095.855996821, 1.002553697,
2095.876428488, 1.001919119,
2095.896860156, 1.003459192,
2095.917291823, 1.002743103,
2095.937723490, 1.002785501,
2095.958155157, 1.003109137,
2095.978586824, 1.002841465,
2095.999018491, 1.003128820,
2096.019450158, 1.002788353,
2096.039881824, 1.003162306,
2096.060313591, 1.002577274,
2096.080745157, 1.002549535,
2096.101176823, 1.002662778,
2096.121608589, 1.002777859,
2096.142040155, 1.003296773,
2096.162471921, 1.002981296,
2096.182903586, 1.002488642,
2096.203335152, 1.002915251,
2096.223766917, 1.002621807,
2096.244198583, 1.002786123,
2096.264630148, 1.002239933,
2096.285061913, 1.002860855,
2096.305493578, 1.002971841,
2096.325925142, 1.002242071,
2096.346356907, 1.003279707,
2096.366788571, 1.002162160,
2096.407651900, 1.003149795,
2096.428083564, 1.002570836,
2096.448515328, 1.002154302,
2096.468946892, 1.001830488,
2096.550673546, 1.002744003,
2096.571105310, 1.002825058,
2096.591536873, 1.003207797,
2096.611968536, 1.004982421,
2096.632400299, 1.003423298,
2096.652831862, 1.003249956,
2096.673263524, 1.002886003,
2096.693695287, 1.003187412,
2096.714126849, 1.003437787,
2096.734558611, 1.003101788,
2096.754990274, 1.002976015,
2096.775421836, 1.003138932,
2096.795853598, 1.003405168,
2096.816285260, 1.003383546,
2096.836716821, 1.003345490,
2096.857148583, 1.003435611,
2096.877580244, 1.002630100,
2096.898011906, 1.002704507,
2096.918443567, 1.003227012,
2096.938875228, 1.002931260,
2096.959306889, 1.002584126,
2096.979738550, 1.002879933,
2097.000170210, 1.002954377,
2097.020601971, 1.002664118,
2097.041033632, 1.002909531,
2097.061465192, 1.002974949,
2097.102328612, 1.003049048,
2097.122760172, 1.003125967,
2097.143191932, 1.002713238,
2097.163623592, 1.002825277,
2097.184055152, 1.002560288,
2097.204486911, 1.002186205,
2097.224918571, 1.002025753,
2097.245350130, 1.003546546,
2097.265781889, 1.002307952,
2097.286213449, 1.002158125,
2097.306645108, 1.003151236,
2097.327076866, 1.002522712,
2097.347508425, 1.002781328,
2097.388371842, 1.003372851,
2097.408803501, 1.003661036,
2097.429235159, 1.003614498,
2097.449666817, 1.003319870,
2097.551825207, 1.003720030,
2097.572256764, 1.004022682,
2097.592688422, 1.003796435,
2097.613120179, 1.003426351,
2097.633551736, 1.004018092,
2097.653983493, 1.003786149,
2097.674415150, 1.003602275,
2097.694846707, 1.003428438,
2097.715278464, 1.003670154,
2097.735710120, 1.003717936,
2097.756141677, 1.003598526,
2097.776573433, 1.003592459,
2097.797005090, 1.003745643,
2097.817436646, 1.003760544,
2097.837868402, 1.003394827,
2097.858300058, 1.003378058,
2097.878731714, 1.003620911,
2097.899163370, 1.003568000,
2097.919595025, 1.003565301,
2097.940026681, 1.003629718,
2097.960458336, 1.003434868,
2097.980889991, 1.004028080,
2098.021753302, 1.003241917,
2098.042184957, 1.003036267,
2098.062616612, 1.003057100,
2098.083048267, 1.003429863,
2098.103479921, 1.003554257,
2098.123911676, 1.003358791,
2098.144343230, 1.002999554,
2098.164774885, 1.002474131,
2098.185206639, 1.003638278,
2098.266933155, 1.003601705,
2098.287364909, 1.003640575,
2098.307796562, 1.004058797,
2098.328228116, 1.003697463,
2098.348659869, 1.003648702,
2098.369091523, 1.003940310,
2098.389523176, 1.003839516,
2098.409954829, 1.003771158,
2098.430386482, 1.003954576,
2098.450818135, 1.003363640,
2098.471249788, 1.004527596,
2098.491681440, 1.003563137,
2098.512113193, 1.003699596,
2098.532544745, 1.003167357,
2098.552976398, 1.004089941,
2098.573408150, 1.004091832,
2098.593839802, 1.003550052,
2098.614271354, 1.003525020,
2098.634703106, 1.003125015,
2098.655134658, 1.004124190,
2098.675566310, 1.003635272,
2098.695998062, 1.003559204,
2098.716429613, 1.003789042,
2098.736861265, 1.004510594,
2098.757293016, 1.003503775,
2098.777724567, 1.003434733,
2098.798156319, 1.003632085,
2098.818587970, 1.003282876,
2098.839019521, 1.003758204,
2098.859451272, 1.003563511,
2098.879882922, 1.003941055,
2098.900314473, 1.004064902,
2098.920746224, 1.003524286,
2098.941177874, 1.003850165,
2098.961609525, 1.004025136,
2098.982041175, 1.004064577,
2099.002472825, 1.004008228,
2099.022904475, 1.004166704,
2099.043336225, 1.003615745,
2099.063767775, 1.004008535,
2099.084199525, 1.003780117,
2099.104631175, 1.003763399,
2099.125062724, 1.003470904,
2099.145494474, 1.004400801,
2099.165926123, 1.003737989,
2099.186357673, 1.003565310,
2099.206789422, 1.004513645,
2099.227221071, 1.003882163,
2099.247652620, 1.004905719,
2099.268084369, 1.004031839,
2099.288516018, 1.004171267,
2099.308947567, 1.004492246,
2099.329379316, 1.004358138,
2099.349810964, 1.004228118,
2099.370242613, 1.005032453,
2099.390674261, 1.004620996,
2099.411105909, 1.003878207,
2099.431537557, 1.004095220,
2099.492832502, 1.005703510,
2099.513264150, 1.004628341,
2099.533695797, 1.004414603,
2099.554127445, 1.004155243,
2099.574559093, 1.004392307,
2099.594990840, 1.004313738,
2099.615422487, 1.004497948,
2099.635854035, 1.004241820,
2099.656285782, 1.004557661,
2099.676717429, 1.004367670,
2099.697148976, 1.004955970,
2099.717580723, 1.005377772,
2099.738012370, 1.004686463,
2099.758443917, 1.004839219,
2099.778875663, 1.004914606,
2099.799307310, 1.004350671,
2099.819738857, 1.004688266,
2099.840170603, 1.005808689,
2099.881033996, 1.005214591,
2099.901465542, 1.004636492,
2099.983192125, 1.004302889,
2100.003623871, 1.004032768,
2100.024055417, 1.004830271,
2100.044487062, 1.004552019,
2100.064918708, 1.004499559,
2100.085350353, 1.004008721,
2100.105781999, 1.004203501,
2100.126213744, 1.004576902,
2100.146645289, 1.004721084,
2100.167077034, 1.004477596,
2100.187508679, 1.004075841,
2100.207940224, 1.004331891,
2100.228371968, 1.004972731,
2100.248803613, 1.004686182,
2100.269235158, 1.003964888,
2100.289666902, 1.004356429,
2100.310098547, 1.004489088,
2100.330530091, 1.004540022,
2100.350961836, 1.004092260,
2100.371393480, 1.004472224,
2100.391825024, 1.004062970,
2100.412256768, 1.004495235,
2100.432688412, 1.004641458,
2100.453120156, 1.004573757,
2100.473551699, 1.004592948,
2100.493983343, 1.005269940,
2100.514415087, 1.004328125,
2100.534846630, 1.005034626,
2100.555278274, 1.004817273,
2100.575710017, 1.004390931,
2100.596141661, 1.004460779,
2100.616573204, 1.005038809,
2100.637004947, 1.005092219,
2100.657436590, 1.004049867,
2100.677868133, 1.004502066,
2100.698299876, 1.004684461,
2100.718731519, 1.005478629,
2100.739163262, 1.004786340,
2100.759594804, 1.004600845,
2100.780026447, 1.005325732,
2100.800458089, 1.005174766,
2100.820889732, 1.004676171,
2100.841321274, 1.005130487,
2100.861753017, 1.005188232,
2100.882184659, 1.004558805,
2100.902616201, 1.004661843,
2100.923047943, 1.004918212,
2100.943479585, 1.004741565,
2100.963911227, 1.004745719,
2100.984342869, 1.005589081,
2101.004774510, 1.004659052,
2101.025206252, 1.005616161,
2101.045637794, 1.004993169,
2101.066069435, 1.005024121,
2101.086501177, 1.005066382,
2101.106932818, 1.005091071,
2101.127364359, 1.005317116,
2101.147796101, 1.005222966,
2101.168227742, 1.004999767,
2101.188659283, 1.004775568,
2101.209091024, 1.005352834,
2101.229522665, 1.005650946,
2101.249954406, 1.005253033,
2101.270385946, 1.005337738,
2101.290817587, 1.005718061,
2101.311249328, 1.005231173,
2101.331680868, 1.005537510,
2101.352112509, 1.005712186,
2101.372544249, 1.005612304,
2101.454270711, 1.005960601,
2101.474702351, 1.005839464,
2101.495133991, 1.005493702,
2101.515565630, 1.005550996,
2101.535997370, 1.005607405,
2101.556428910, 1.005808697,
2101.576860550, 1.005231421,
2101.597292290, 1.005883521,
2101.617723829, 1.006062415,
2101.638155469, 1.005976996,
2101.658587208, 1.007075958,
2101.679018848, 1.006590022,
2101.699450387, 1.007404160,
2101.719882126, 1.007219058,
2101.740313765, 1.006759477,
2101.760745304, 1.006506265,
2101.781177043, 1.006303200,
2101.801608682, 1.006313908,
2101.822040421, 1.006659950,
2101.842471960, 1.006515736,
2101.862903599, 1.006337259,
2101.883335338, 1.006569488,
2101.903766876, 1.006754702,
2101.924198515, 1.006715775,
2101.944630253, 1.006959136,
2101.965061792, 1.006734461,
2101.985493430, 1.006612262,
2102.005925169, 1.006918933,
2102.026356707, 1.006617463,
2102.046788445, 1.007100019,
2102.067220083, 1.007294404,
2102.087651721, 1.006713480,
2102.108083359, 1.006477523,
2102.128514997, 1.006723818,
2102.148946635, 1.006987930,
2102.169378273, 1.006466368,
2102.189809911, 1.006874909,
2102.210241448, 1.007128956,
2102.230673186, 1.007116964,
2102.251104824, 1.007472124,
2102.271536361, 1.007052959,
2102.291968099, 1.007008382,
2102.312399736, 1.007665427,
2102.332831473, 1.007424025,
2102.353263011, 1.007129419,
2102.373694648, 1.007323113,
2102.394126385, 1.007017836,
2102.414557922, 1.007783444,
2102.434989559, 1.007507218,
2102.455421296, 1.007141059,
2102.475852833, 1.007444206,
2102.496284470, 1.007000696,
2102.516716206, 1.007450697,
2102.537147743, 1.007797506,
2102.557579380, 1.007246179,
2102.578011116, 1.007510461,
2102.598442753, 1.006945852,
2102.618874389, 1.007527721,
2102.639306026, 1.006712953,
2102.659737662, 1.007092397,
2102.680169298, 1.007017197,
2102.700600935, 1.007203018,
2102.721032571, 1.006579045,
2102.741464307, 1.006800677,
2102.761895843, 1.006926447,
2102.782327479, 1.006757281,
2102.802759115, 1.007480676,
2102.843622487, 1.007141306,
2102.864054123, 1.006764681,
2102.884485658, 1.006905810,
2102.904917394, 1.006859036,
2102.925348930, 1.006412267,
2102.945780565, 1.006401150,
2102.966212301, 1.006302095,
2102.986643836, 1.006959125,
2103.007075472, 1.007410421,
2103.027507207, 1.006700155,
2103.047938743, 1.006295295,
2103.068370378, 1.006886391,
2103.088802113, 1.006494878,
2103.109233748, 1.006968732,
2103.129665383, 1.006581500,
2103.150097018, 1.006179182,
2103.170528653, 1.006223084,
2103.190960288, 1.006270149,
2103.211391923, 1.005865382,
2103.231823558, 1.005810698,
2103.252255193, 1.006842040,
2103.272686827, 1.006286273,
2103.293118462, 1.006175831,
2103.313550197, 1.006499797,
2103.333981731, 1.006523541,
2103.354413366, 1.006831223,
2103.415708369, 1.007159924,
2103.436140004, 1.006716056,
2103.456571538, 1.007125863,
2103.477003272, 1.006854778,
2104.130815643, 1.008039427,
2104.151247376, 1.008228040,
2104.171678909, 1.007204593,
2104.192110541, 1.008165277,
2104.212542174, 1.007608157,
2104.232973807, 1.007260691,
2104.253405439, 1.007349448,
2104.273837072, 1.007432194,
2104.294268704, 1.008050575,
2104.314700336, 1.007685633,
2104.335132069, 1.007494194,
2104.396426966, 1.007789982,
2104.416858498, 1.008020841,
2104.437290230, 1.007456186,
2104.457721862, 1.007541560,
2104.478153395, 1.007736357,
2104.498585127, 1.007884230,
2104.519016759, 1.007435921,
2104.539448291, 1.007504534,
2104.559880023, 1.007403847,
2104.580311655, 1.007650786,
2104.641606550, 1.008039782,
2104.662038282, 1.007585419,
2104.682469814, 1.007870005,
2104.702901445, 1.007549876,
2104.723333177, 1.007599192,
2104.743764709, 1.007138122,
2104.764196340, 1.007893012,
2104.784628072, 1.006939099,
2104.805059703, 1.007430318,
2104.825491235, 1.006908076,
2104.886786229, 1.007914695,
2104.907217861, 1.007526602,
2104.927649492, 1.007362666,
2104.948081123, 1.007236749,
2104.968512754, 1.007080751,
2104.988944286, 1.007422843,
2105.009376017, 1.007229955,
2105.029807648, 1.007289336,
2105.050239179, 1.007286496,
2105.070670910, 1.007253377,
2105.131965804, 1.007850468,
2105.152397434, 1.007678206,
2105.172829165, 1.007717064,
2105.193260696, 1.007815621,
2105.213692327, 1.007843815,
2105.234124058, 1.007593759,
2105.254555589, 1.007488762,
2105.274987220, 1.007464102,
2105.295418951, 1.007554626,
2105.315850581, 1.007261319,
2105.377145473, 1.008043173,
2105.418008735, 1.007611522,
2105.438440365, 1.008196702,
2105.458872096, 1.007494810,
2105.479303626, 1.007893986,
2105.499735257, 1.007701698,
2105.520166987, 1.007692889,
2105.540598518, 1.007734900,
2105.581461878, 1.008062572,
2105.601893409, 1.008717930,
2105.622325139, 1.007840652,
2105.642756770, 1.007887636,
2105.663188300, 1.007878462,
2105.683620030, 1.007559125,
2105.704051560, 1.008254092,
2105.724483191, 1.007884884,
2105.744914921, 1.007670282,
2105.765346451, 1.007506524,
2105.785778081, 1.007698498,
2105.806209811, 1.007795276,
2105.867504701, 1.007768996,
2105.887936331, 1.008375305,
2105.908367961, 1.007828943,
2105.928799592, 1.008499732,
2105.949231221, 1.007878220,
2105.969662951, 1.007812019,
2105.990094481, 1.007538073,
2106.010526111, 1.007969875,
2106.030957841, 1.008520945,
2106.051389371, 1.007693110,
2106.112684260, 1.008087200,
2106.133115990, 1.008219418,
2106.153547620, 1.007739071,
2106.173979150, 1.008063560,
2106.194410879, 1.007957395,
2106.214842509, 1.008311984,
2106.255705769, 1.007824274,
2106.276137398, 1.007646794,
2106.296569028, 1.008288235,
2106.357863917, 1.008515472,
2106.378295546, 1.007835101,
2106.398727176, 1.008688388,
2106.439590435, 1.009070931,
2106.460022064, 1.008014549,
2106.480453694, 1.007802172,
2106.500885323, 1.007859552,
2106.521316953, 1.007861710,
2106.541748682, 1.007749897,
2106.603043570, 1.007891534,
2106.623475100, 1.008525687,
2106.643906829, 1.008141839,
2106.664338458, 1.007840360,
2106.684769988, 1.008251569,
2106.705201717, 1.008317968,
2106.725633346, 1.008191893,
2106.746064875, 1.008111391,
2106.766496605, 1.008492768,
2106.786928234, 1.008037932,
2106.848223122, 1.008201880,
2106.868654851, 1.007962038,
2106.889086380, 1.008117806,
2106.909518009, 1.007879136,
2106.929949739, 1.008230812,
2106.950381268, 1.007953058,
2106.970812897, 1.008189417,
2106.991244626, 1.007961875,
2107.011676255, 1.007941334,
2107.032107884, 1.007887558,
2107.093402772, 1.007843772,
2107.113834401, 1.008395366,
2107.134265930, 1.007846551,
2107.154697659, 1.008446005,
2107.175129288, 1.008212041,
2107.195560817, 1.008257444,
2107.215992546, 1.008352406,
2107.236424175, 1.008181965,
2107.256855904, 1.007709970,
2107.277287433, 1.009572355,
2107.359013949, 1.008808712,
2107.399877207, 1.008449053,
2107.420308836, 1.008494595,
2107.440740565, 1.008237048,
2107.461172194, 1.008427773,
2107.481603823, 1.008219694,
2107.502035452, 1.008506269,
2107.542898710, 1.008180391,
2107.563330339, 1.008536573,
2107.583761968, 1.008262439,
2107.604193697, 1.007994733,
2107.624625226, 1.008304241,
2107.645056855, 1.008127003,
2107.665488584, 1.008513455,
2107.685920113, 1.008190598,
2107.706351841, 1.008002752,
2107.726783370, 1.007473773,
2107.747214999, 1.008710790,
2107.767646728, 1.008150418,
2107.828941615, 1.008634752,
2107.849373144, 1.008241453,
2107.869804773, 1.008387124,
2107.890236502, 1.008538832,
2107.910668031, 1.008165365,
2107.931099660, 1.008236416,
2107.951531388, 1.008146262,
2107.971962917, 1.008479062,
2107.992394646, 1.008658700,
2108.012826275, 1.008037550,
2108.074121162, 1.008313795,
2108.094552791, 1.008921119,
2108.114984420, 1.008581961,
2108.135416049, 1.008316056,
2108.155847678, 1.008538544,
2108.176279407, 1.008748350,
2108.196710935, 1.008624709,
2108.217142664, 1.008152217,
2108.237574293, 1.008205833,
2108.258005822, 1.007981427,
2108.298869180, 1.008444270,
2108.319300709, 1.008763022,
2108.339732438, 1.008437623,
2108.360164067, 1.008557552,
2108.380595596, 1.008469562,
2108.401027325, 1.008595713,
2108.421458954, 1.008988654,
2108.441890583, 1.008850134,
2108.462322212, 1.008279847,
2108.482753741, 1.008412741,
2108.503185470, 1.008637538,
2108.564480357, 1.008359821,
2108.584911986, 1.008470383,
2108.605343615, 1.008698301,
2108.625775244, 1.008406616,
2108.646206873, 1.008577819,
2108.666638602, 1.009141884,
2108.687070231, 1.008163830,
2108.707501760, 1.008355109,
2108.727933490, 1.008827926,
2108.748365119, 1.008383303,
2108.789228377, 1.008416150,
2108.809660006, 1.008551238,
2108.830091535, 1.008699325,
2108.850523264, 1.008693403,
2108.870954893, 1.008624165,
2108.891386623, 1.008385591,
2108.911818152, 1.008936952,
2108.932249781, 1.008311597,
2108.952681510, 1.008582234,
2108.993544669, 1.008672251,
2109.034407927, 1.008845519,
2109.054839556, 1.008246653,
2109.075271286, 1.008278632,
2109.095702815, 1.008879174,
2109.116134544, 1.008368384,
2109.136566073, 1.009277652,
2109.156997703, 1.008738563,
2109.177429432, 1.008570273,
2109.197860962, 1.008633624,
2109.218292591, 1.007672542,
2109.238724320, 1.005963868,
2109.300019208, 1.009125500,
2109.320450838, 1.009436049,
2109.340882567, 1.008392296,
2109.361314097, 1.008744393,
2109.381745726, 1.008763762,
2109.402177456, 1.008868430,
2109.422608985, 1.008407803,
2109.443040615, 1.009227996,
2109.463472344, 1.009170063,
2109.483903874, 1.008951936,
2109.524767233, 1.008743076,
2109.545198763, 1.008350580,
2109.565630493, 1.008815723,
2109.586062122, 1.008768487,
2109.606493652, 1.008503792,
2109.626925382, 1.009197191,
2109.647357011, 1.008922364,
2109.667788641, 1.008979346,
2109.688220271, 1.008675457,
2109.708651901, 1.009025474,
2109.729083530, 1.008892392,
2109.769946790, 1.009306427,
2109.790378420, 1.008943620,
2109.810810150, 1.008759301,
2109.831241680, 1.008958174,
2109.851673410, 1.008412127,
2109.872104939, 1.008919890,
2109.892536569, 1.009124625,
2109.912968299, 1.009593734,
2109.933399829, 1.008797812,
2109.953831459, 1.009162180,
2109.974263190, 1.008997136,
2110.015126450, 1.009126258,
2110.035558080, 1.008724324,
2110.055989610, 1.009019637,
2110.076421340, 1.008845585,
2110.096852970, 1.008987547,
2110.117284501, 1.008761345,
2110.137716231, 1.008829046,
2110.158147861, 1.008371161,
2110.178579491, 1.009689947,
2110.199011122, 1.008923820,
2110.219442752, 1.009101478,
2110.280737643, 1.009202513,
2110.301169374, 1.009243713,
2110.321601004, 1.008941920,
2110.342032535, 1.009034616,
2110.362464265, 1.009295687,
2110.403327526, 1.008641230,
2110.423759157, 1.009442536,
2110.444190787, 1.009585582,
2110.464622418, 1.009023760,
2110.505485580, 1.009109242,
2110.525917310, 1.009252491,
2110.546348941, 1.009294746,
2110.566780472, 1.009438855,
2110.587212203, 1.009153895,
2110.607643834, 1.009408243,
2110.628075564, 1.009056061,
2110.648507095, 1.009863645,
2110.668938726, 1.009411853,
2110.689370457, 1.010646079,
2110.709801988, 1.008607322,
2110.791528513, 1.008928494,
2110.811960244, 1.008877920,
2110.832391775, 1.008659797,
2110.852823506, 1.009292771,
2110.873255138, 1.010274567,
2110.893686769, 1.009164014,
2110.914118400, 1.008595444,
2110.934550032, 1.008930756,
2110.995844926, 1.009346016,
2111.016276558, 1.009338670,
2111.036708289, 1.009526841,
2111.057139821, 1.009475771,
2111.077571552, 1.009643322,
2111.098003184, 1.009582973,
2111.118434716, 1.009424494,
2111.138866447, 1.009152576,
2111.159297979, 1.009656086,
2111.179729611, 1.009451726,
2111.200161343, 1.009110699,
2111.261456238, 1.009412090,
2111.281887770, 1.008876987,
2111.302319502, 1.009214931,
2111.322751134, 1.009340405,
2111.343182667, 1.010073831,
2111.363614399, 1.009697590,
2111.384046031, 1.009927908,
2111.404477663, 1.009632183,
2111.424909295, 1.009584195,
2111.445340928, 1.009561315,
2111.506635825, 1.009827479,
2111.527067557, 1.008974066,
2111.547499190, 1.008917808,
2111.567930722, 1.009057886,
2111.588362455, 1.009246145,
2111.608794087, 1.009974445,
2111.629225620, 1.009950015,
2111.649657353, 1.009320357,
2111.670088985, 1.009055673,
2111.690520718, 1.009425951,
2111.751815617, 1.009420752,
2111.772247149, 1.009472943,
2111.792678782, 1.009529526,
2111.813110416, 1.009859755,
2111.833542049, 1.009857070,
2111.853973682, 1.010151908,
2111.874405315, 1.009724517,
2111.894836948, 1.009677631,
2111.915268681, 1.008987510,
2111.935700215, 1.009165812,
2112.037858482, 1.008793824,
2112.058290115, 1.009028227,
2112.078721749, 1.009294245,
2112.099153382, 1.009200668,
2112.119585016, 1.009308241,
2112.140016650, 1.009210391,
2112.160448284, 1.008845377,
2112.180879918, 1.009025349,
2112.242174819, 1.009161393,
2112.262606553, 1.008881867,
2112.283038087, 1.009074699,
2112.303469822, 1.008879273,
2112.323901456, 1.009015639,
2112.344332990, 1.009497212,
2112.364764724, 1.009468362,
2112.385196359, 1.009258815,
2112.405627893, 1.009240863,
2112.426059627, 1.009112874,
2112.487354531, 1.009265991,
2112.507786166, 1.008776745,
2112.528217800, 1.009227413,
2112.548649435, 1.009005200,
2112.569081070, 1.009290079,
2112.589512705, 1.009446583,
2112.609944339, 1.009470283,
2112.630375974, 1.009089341,
2112.650807609, 1.009715863,
2112.671239244, 1.008756512,
2112.712102615, 1.008928078,
2112.732534150, 1.008985998,
2112.752965885, 1.009261571,
2112.773397520, 1.009196213,
2112.793829056, 1.009401102,
2112.814260791, 1.009109634,
2112.834692427, 1.009680263,
2112.855123962, 1.008721214,
2112.875555698, 1.008910106,
2112.895987333, 1.009262579,
2112.916419069, 1.008635574,
2112.977713976, 1.009344831,
2112.998145512, 1.009341567,
2113.018577148, 1.009085413,
2113.039008884, 1.009103391,
2113.059440420, 1.009326934,
2113.079872057, 1.009148067,
2113.100303793, 1.009213545,
2113.120735329, 1.009231319,
2113.161598702, 1.009425589,
2113.243325148, 1.009112695,
2113.263756885, 1.009118364,
2113.284188521, 1.009016281,
2113.304620158, 1.008626712,
2113.325051795, 1.008574086,
2113.345483432, 1.008755014,
2113.365915169, 1.008719578,
2113.386346706, 1.008649031,
2113.427210080, 1.009412283,
2113.447641617, 1.009040490,
2113.468073255, 1.009224072,
2113.488504992, 1.010004387,
2113.508936529, 1.009277432,
2113.529368267, 1.008832539,
2113.549799904, 1.009243879,
2113.570231442, 1.008697395,
2113.590663179, 1.009128405,
2113.611094817, 1.009045947,
2113.631526355, 1.008978271,
2113.651958093, 1.009234621,
2113.692821269, 1.009223094,
2113.713253007, 1.009453693,
2113.733684645, 1.009172654,
2113.754116383, 1.008840527,
2113.774547921, 1.008716689,
2113.794979559, 1.008775409,
2113.815411198, 1.009122588,
2113.835842936, 1.009135293,
2113.856274475, 1.009153086,
2113.876706213, 1.008890976,
2113.897137752, 1.008980453,
2113.938001129, 1.009495766,
2113.958432668, 1.009057482,
2113.978864407, 1.009338158,
2113.999296046, 1.008626044,
2114.019727585, 1.008743151,
2114.040159324, 1.009099049,
2114.060590963, 1.008922719,
2114.081022503, 1.009323349,
2114.101454242, 1.009800571,
2114.142317621, 1.008812010,
2114.183180800, 1.010088191,
2114.203612539, 1.009139711,
2114.224044079, 1.009338096,
2114.244475719, 1.008912111,
2114.264907459, 1.009231800,
2114.285338999, 1.009039509,
2114.305770739, 1.009199632,
2114.326202379, 1.009166199,
2114.346634019, 1.008742277,
2114.367065659, 1.008932576,
2114.387497299, 1.009111826,
2114.428360580, 1.009180569,
2114.448792221, 1.008866310,
2114.469223861, 1.008891557,
2114.489655502, 1.009102881,
2114.510087143, 1.009303558,
2114.530518883, 1.009089975,
2114.550950424, 1.008736508,
2114.571382065, 1.008983296,
2114.591813806, 1.008977956,
2114.612245347, 1.009278160,
2114.632676989, 1.008823089,
2114.693971913, 1.008930376,
2114.714403654, 1.009079287,
2114.734835196, 1.008579801,
2114.755266937, 1.008640248,
2114.775698579, 1.009339530,
2114.796130121, 1.009026457,
2114.816561862, 1.009273799,
2114.836993504, 1.009515271,
2114.857425046, 1.009160829,
2114.877856789, 1.009739235,
2114.939151715, 1.008824125,
2114.959583358, 1.008845970,
2115.000446643, 1.009124766,
2115.020878285, 1.009627672,
2115.041310028, 1.009335024,
2115.061741671, 1.009722961,
2115.082173214, 1.009263984,
2115.102604957, 1.009469557,
2115.184331529, 1.008750929,
2115.204763173, 1.009330828,
2115.225194816, 1.009038695,
2115.245626460, 1.009402254,
2115.266058103, 1.009681375,
2115.286489747, 1.009249415,
2115.306921491, 1.008735206,
2115.327353035, 1.009064003,
2115.347784678, 1.009185845,
2115.368216422, 1.009142941,
2115.409079611, 1.009116034,
2115.429511355, 1.009218418,
2115.449942899, 1.008987266,
2115.470374544, 1.009296496,
2115.490806288, 1.009107052,
2115.511237833, 1.009329934,
2115.531669578, 1.009565322,
2115.552101222, 1.009198556,
2115.572532867, 1.009109790,
2115.592964512, 1.009207781,
2115.613396157, 1.009192805,
2115.654259448, 1.009387291,
2115.674691093, 1.009001034,
2115.695122738, 1.009467533,
2115.715554484, 1.009281958,
2115.735986029, 1.009148366,
2115.756417775, 1.009605748,
2115.776849421, 1.009610283,
2115.797280966, 1.009761159,
2115.817712712, 1.009414725,
2115.838144358, 1.009071008,
2115.858575904, 1.009318700,
2115.919870943, 1.009831064,
2115.940302590, 1.009069666,
2115.960734136, 1.009033629,
2115.981165883, 1.009723426,
2116.001597529, 1.009436584,
2116.022029076, 1.009196840,
2116.042460823, 1.009585655,
2116.062892470, 1.009303251,
2116.083324117, 1.009210124,
2116.103755764, 1.009103918,
2116.144619159, 1.009326914,
2116.165050706, 1.009924785,
2116.185482354, 1.009359004,
2116.205914101, 1.009549212,
2116.226345749, 1.009670191,
2116.246777297, 1.009267620,
2116.267209045, 1.009461139,
2116.287640693, 1.009500741,
2116.308072341, 1.009213980,
2116.328503989, 1.009335763,
2116.348935637, 1.008936748,
2116.389798934, 1.009124198,
2116.410230583, 1.009786630,
2116.430662331, 1.008950486,
2116.451093880, 1.009552017,
2116.471525529, 1.009390849,
2116.491957278, 1.009381610,
2116.512388827, 1.009485280,
2116.532820576, 1.009415608,
2116.553252225, 1.009496691,
2116.573683775, 1.009584569,
2116.594115524, 1.009506957,
2116.634978723, 1.009581805,
2116.655410473, 1.009355802,
2116.675842023, 1.009203773,
2116.696273773, 1.009493935,
2116.716705423, 1.009048933,
2116.737136973, 1.009017938,
2116.757568723, 1.010339096,
2116.778000373, 1.009337305,
2116.798432024, 1.009098108,
2116.818863674, 1.009474345,
2116.839295325, 1.008344693,
2116.900590277, 1.009563283,
2116.921022028, 1.010138020,
2116.941453679, 1.009314172,
2116.961885230, 1.009541575,
2116.982316982, 1.009608199,
2117.002748633, 1.009419373,
2117.023180185, 1.009512014,
2117.043611936, 1.009476216,
2117.064043588, 1.009852474,
2117.145770296, 1.009290438,
2117.166201848, 1.009455105,
2117.186633500, 1.009633217,
2117.207065153, 1.009491005,
2117.227496805, 1.009660236,
2117.247928458, 1.008704044,
2117.268360111, 1.009436392,
2117.288791764, 1.009641098,
2117.309223517, 1.010089908,
2117.329655070, 1.009751837,
2117.390950029, 1.009162083,
2117.411381683, 1.009426677,
2117.431813436, 1.009558092,
2117.452245090, 1.009900906,
2117.472676744, 1.010237302,
2117.493108398, 1.009748354,
2117.513540052, 1.009613722,
2117.533971706, 1.009407787,
2117.554403360, 1.009623317,
2117.574835015, 1.010343545,
2117.595266769, 1.009996258,
2117.615698324, 1.009646148,
2117.636129978, 1.009849900,
2117.656561733, 1.009686673,
2117.676993288, 1.009609497,
2117.697425043, 1.009490163,
2117.717856698, 1.009791790,
2117.738288253, 1.009592060,
2117.758720009, 1.009087682,
2117.779151664, 1.009892371,
2117.799583220, 1.010831249,
2117.820014975, 1.009669763,
2117.881309943, 1.009455995,
2117.901741599, 1.010237360,
2117.922173255, 1.009732763,
2117.942604911, 1.009548261,
2117.963036568, 1.009423972,
2117.983468224, 1.010023185,
2118.003899881, 1.010283971,
2118.024331538, 1.009943290,
2118.044763195, 1.009613036,
2118.065194852, 1.009612357,
2118.106058266, 1.009811901,
2118.126489823, 1.010122093,
2118.146921581, 1.010005470,
2118.167353238, 1.009643176,
2118.187784796, 1.009902244,
2118.208216554, 1.009694068,
2118.228648212, 1.009799156,
2118.249079770, 1.009447117,
2118.269511528, 1.010208782,
2118.289943186, 1.009671897,
2118.310374945, 1.009595435,
2118.351238162, 1.009765019,
2118.371669920, 1.009684903,
2118.392101479, 1.009379562,
2118.412533138, 1.009686360,
2118.432964897, 1.009736728,
2118.453396457, 1.009476967,
2118.473828216, 1.010061488,
2118.494259875, 1.009418722,
2118.514691435, 1.009572558,
2118.535123195, 1.009477531,
2118.555554854, 1.009712453,
2118.596418174, 1.009385520,
2118.678144816, 1.009303534,
2118.698576476, 1.009436358,
2118.719008137, 1.009748197,
2118.739439798, 1.009597080,
2118.759871459, 1.009302242,
2118.780303120, 1.009562624,
2118.800734781, 1.009813905,
2118.841598104, 1.009446626,
2118.862029866, 1.009928286,
2118.882461527, 1.009263363,
2118.902893089, 1.009566936,
2118.923324851, 1.009553887,
2118.943756513, 1.008767115,
2118.964188076, 1.009847768,
2118.984619838, 1.010024723,
2119.005051500, 1.009726319,
2119.025483063, 1.009978033,
2119.045914826, 1.009736701,
2119.107209815, 1.010434551,
2119.127641478, 1.009713959,
2119.148073241, 1.009681552,
2119.168504805, 1.009317838,
2119.188936468, 1.009839981,
2119.209368232, 1.009538050,
2119.229799796, 1.009605658,
2119.250231560, 1.009433737,
2119.270663224, 1.009168989,
2119.291094888, 1.009527387,
2119.352389781, 1.010087062,
2119.372821546, 1.009825148,
2119.393253211, 1.010003527,
2119.413684976, 1.009481767,
2119.434116541, 1.010000936,
2119.454548206, 1.009736280,
2119.474979972, 1.009704754,
2119.495411537, 1.010000725,
2119.536274969, 1.009905423,
2119.577138201, 1.009734299,
2119.597569967, 1.010029429,
2119.618001533, 1.009941394,
2119.638433300, 1.010074920,
2119.658864966, 1.010012472,
2119.679296533, 1.009783031,
2119.699728300, 1.009935441,
2119.720159967, 1.010059858,
2119.740591634, 1.010153812,
2119.761023301, 1.009933288,
2119.781454968, 1.009723033,
2119.822318303, 1.010292470,
2119.842749971, 1.010286741,
2119.863181739, 1.010252992,
2119.883613407, 1.010052695,
2119.904044975, 1.010370224,
2119.924476644, 1.010168710,
2119.965339981, 1.010194605,
2119.985771749, 1.010045422,
2120.006203318, 1.010056167,
2120.026635087, 1.010412211,
2120.067498325, 1.010341780,
2120.087930095, 1.010690044,
2120.108361764, 1.010262935,
2120.128793334, 1.010123410,
2120.149225104, 1.010398701,
2120.169656774, 1.010698211,
2120.190088544, 1.010084106,
2120.210520114, 1.010117886,
2120.230951784, 1.010137394,
2120.251383555, 1.010219113,
2120.271815125, 1.010378463,
2120.312678567, 1.010384760,
2120.333110138, 1.010006678,
2120.353541809, 1.010321037,
2120.373973580, 1.010004970,
2120.394405152, 1.010753480,
2120.414836923, 1.010034316,
2120.435268595, 1.010139560,
2120.455700267, 1.010385442,
2120.476131939, 1.010004941,
2120.496563611, 1.010186677,
2120.516995284, 1.010147959,
2120.557858629, 1.010415632,
2120.578290401, 1.010351979,
2120.598721974, 1.009908305,
2120.619153647, 1.009947317,
2120.639585420, 1.010177634,
2120.660016994, 1.010354127,
2120.680448667, 1.009979031,
2120.700880441, 1.010028792,
2120.721312014, 1.010149787,
2120.741743688, 1.010043793,
2120.762175462, 1.010061773,
2120.803038811, 1.009939040,
2120.823470485, 1.010151102,
2120.843902060, 1.010311746,
2120.864333834, 1.010265140,
2120.884765509, 1.010254559,
2120.905197084, 1.010192664,
2120.925628859, 1.010169633,
2120.946060535, 1.009887533,
2120.966492310, 1.010299273,
2120.986923886, 1.010398319,
2121.007355562, 1.010344305,
2121.068650590, 1.009918423,
2121.089082366, 1.009102748,
2121.109514042, 1.009850859,
2121.129945619, 1.009979389,
2121.150377396, 1.009745298,
2121.170809073, 1.010632742,
2121.191240750, 1.010210642,
2121.232104105, 1.010204836,
2121.252535782, 1.010523430,
2121.272967460, 1.009968000,
2121.293399138, 1.009754088,
2121.313830816, 1.009517346,
2121.354694272, 1.010134555,
2121.375125850, 1.009941770,
2121.395557529, 1.010371517,
2121.415989308, 1.010289333,
2121.436420887, 1.010036764,
2121.456852566, 1.010452967,
2121.477284345, 1.010007419,
2121.497715924, 1.010376611,
2121.538579383, 1.010120685,
2121.559010963, 1.010435827,
2121.579442743, 1.009890500,
2121.599874423, 1.010551977,
2121.640737784, 1.010182792,
2121.661169464, 1.010319327,
2121.681601145, 1.010155126,
2121.722464507, 1.010538867,
2121.742896288, 1.010469843,
2121.783759551, 1.010648874,
2121.804191333, 1.010572248,
2121.824623014, 1.010110771,
2121.845054596, 1.010404693,
2121.865486378, 1.010298450,
2121.885918061, 1.010812735,
2121.906349643, 1.011084980,
2121.926781426, 1.010478980,
2121.947213109, 1.010242688,
2121.967644791, 1.010444875,
2121.988076475, 1.010431172,
2122.049371525, 1.010615608,
2122.069803108, 1.010471096,
2122.090234892, 1.010327491,
2122.131098360, 1.010522473,
2122.151529945, 1.010585917,
2122.171961629, 1.010430528,
2122.192393414, 1.010624534,
2122.212824999, 1.010370504,
2122.233256684, 1.010198859,
2122.274120154, 1.009842018,
2122.294551740, 1.011092884,
2122.314983525, 1.010420032,
2122.335415211, 1.010540067,
2122.355846897, 1.010537871,
2122.376278583, 1.010411542,
2122.396710269, 1.010542401,
2122.417141956, 1.010635193,
2122.437573642, 1.010638326,
2122.458005329, 1.010395998,
2122.478437116, 1.010559465,
2122.519300490, 1.010182039,
2122.539732178, 1.010729183,
2122.560163765, 1.010018614,
2122.580595553, 1.010375650,
2122.601027241, 1.010381434,
2122.621458829, 1.010653646,
2122.641890617, 1.010705759,
2122.662322206, 1.010715006,
2122.682753994, 1.010599407,
2122.703185683, 1.010716560,
2122.723617272, 1.010587161,
2122.784912340, 1.010403862,
2122.805344129, 1.010632651,
2122.825775819, 1.010499910,
2122.846207509, 1.009927602,
2122.866639199, 1.010985355,
2122.887070889, 1.010517617,
2122.907502679, 1.010664555,
2122.927934370, 1.010928482,
2122.948365961, 1.010804451,
2122.968797752, 1.010906229,
2123.030092825, 1.010925233,
2123.050524517, 1.010612107,
2123.070956309, 1.010507519,
2123.111819593, 1.010552045,
2123.132251385, 1.010367755,
2123.152682977, 1.010419404,
2123.173114670, 1.010571640,
2123.193546463, 1.010578586,
2123.213978056, 1.010113848,
2123.275273136, 1.010373377,
2123.295704929, 1.010535092,
2123.316136523, 1.010719613,
2123.336568217, 1.010779045,
2123.357000011, 1.010399792,
2123.377431606, 1.009965851,
2123.397863300, 1.010734325,
2123.418295095, 1.010081307,
2123.438726690, 1.009924561,
2123.459158485, 1.010818138,
2123.500021875, 1.010194127,
2123.520453571, 1.010068208,
2123.540885267, 1.010003171,
2123.561316963, 1.010825257,
2123.581748659, 1.010443227,
2123.602180355, 1.010055660,
2123.622612151, 1.009978003,
2123.643043848, 1.010636419,
2123.663475445, 1.010347218,
2123.683907242, 1.009995980,
2123.704338939, 1.010607772,
2123.745202334, 1.010277747,
2123.765634031, 1.010161097,
2123.786065629, 1.010088909,
2123.806497427, 1.010705975,
2123.826929125, 1.010922624,
2123.847360924, 1.010511402,
2123.867792522, 1.010250223,
2123.888224221, 1.010365598,
2123.908655920, 1.010467310,
2123.929087619, 1.010488259,
2123.949519319, 1.010522957,
2123.990382718, 1.010601721,
2124.010814517, 1.010408178,
2124.031246117, 1.010479133,
2124.051677818, 1.010632816,
2124.072109618, 1.010712206,
2124.092541219, 1.010064955,
2124.112972919, 1.010492361,
2124.133404720, 1.010698221,
2124.153836421, 1.010402386,
2124.174268023, 1.010535744,
2124.194699824, 1.010389099,
2124.235563228, 1.009929071,
2124.255994930, 1.010757320,
2124.276426632, 1.010248107,
2124.296858434, 1.010481861,
2124.317290037, 1.010494185,
2124.337721739, 1.010570484,
2124.358153542, 1.010269616,
2124.378585146, 1.010451653,
2124.399016949, 1.010347567,
2124.419448652, 1.010820822,
2124.439880256, 1.010841684,
2124.480743764, 1.010296873,
2124.501175368, 1.010233272,
2124.521607173, 1.010420061,
2124.542038877, 1.010834513,
2124.562470582, 1.010661551,
2124.582902287, 1.010595569,
2124.603333992, 1.010666885,
2124.623765697, 1.010595599,
2124.644197403, 1.010860902,
2124.664629109, 1.010958530,
2124.685060815, 1.010482509,
2124.746355934, 1.010536698,
2124.766787640, 1.010378990,
2124.787219447, 1.010613603,
2124.807651154, 1.010042337,
2124.828082761, 1.010326478,
2124.848514569, 1.010347985,
2124.868946276, 1.010832187,
2124.889377884, 1.010636555,
2124.909809692, 1.010716219,
2124.930241401, 1.010429972,
2124.991536526, 1.010087821,
2125.011968335, 1.010677165,
2125.032399944, 1.010874983,
2125.052831654, 1.010599938,
2125.073263463, 1.010517967,
2125.093695073, 1.010623628,
2125.114126783, 1.010250579,
2125.134558593, 1.010427286,
2125.154990203, 1.010814652,
2125.195853725, 1.010610568,
2125.216285335, 1.010156928,
2125.236717147, 1.010405041,
2125.257148858, 1.009829185,
2125.298012281, 1.010722438,
2125.318443993, 1.010608693,
2125.338875705, 1.010596742,
2125.359307417, 1.010081361,
2125.379739130, 1.010504791,
2125.420602555, 1.009796393,
2125.461465982, 1.010320281,
2125.481897695, 1.010123022,
2125.502329509, 1.010258952,
2125.522761222, 1.010296624,
2125.543192836, 1.010493337,
2125.563624651, 1.010346690,
2125.584056365, 1.010580459,
2125.604487980, 1.010674168,
2125.624919795, 1.010099803,
2125.645351510, 1.010641744,
2125.665783125, 1.010644346,
2125.706646656, 1.010257172,
2125.727078472, 1.010316687,
2125.747510088, 1.010432021,
2125.767941804, 1.010530714,
2125.788373620, 1.010083389,
2125.808805237, 1.010535335,
2125.829236954, 1.010986635,
2125.849668771, 1.010932592,
2125.870100388, 1.010284529,
2125.890532206, 1.010394165,
2125.910963923, 1.010573070,
2125.951827359, 1.010449012,
2125.972258977, 1.010206310,
2125.992690796, 1.010182666,
2126.013122515, 1.010385439,
2126.033554233, 1.010418678,
2126.053985852, 1.010348358,
2126.074417672, 1.010281575,
2126.094849391, 1.010453536,
2126.115281111, 1.010298256,
2126.135712831, 1.009258857,
2126.156144551, 1.010603791,
2126.197007992, 1.010385598,
2126.217439712, 1.009937024,
2126.237871533, 1.010137919,
2126.258303154, 1.010561014,
2126.278734976, 1.010551501,
2126.299166697, 1.010319879,
2126.319598319, 1.010220180,
2126.340030141, 1.010699849,
2126.360461863, 1.010052792,
2126.380893485, 1.010044749,
2126.401325308, 1.010620076,
2126.442188654, 1.010398238,
2126.462620477, 1.010294850,
2126.483052200, 1.010404956,
2126.503484024, 1.010347220,
2126.523915648, 1.010731163,
2126.544347372, 1.010279442,
2126.564779196, 1.010338857,
2126.585210920, 1.010603182,
2126.605642545, 1.010502594,
2126.626074270, 1.009806979,
2126.646506095, 1.010401271,
2126.687369546, 1.010286188,
2126.707801171, 1.010010403,
2126.728232997, 1.010398858,
2126.748664723, 1.010006974,
2126.769096350, 1.010604837,
2126.789528176, 1.010404210,
2126.809959903, 1.010453262,
2126.830391730, 1.010690268,
2126.850823357, 1.009877967,
2126.871255085, 1.010270022,
2126.891686912, 1.010789969,
2126.952982096, 1.010368589,
2126.973413725, 1.010343348,
2126.993845453, 1.010155671,
2127.014277282, 1.011088845,
2127.034708912, 1.010293940,
2127.055140741, 1.010392381,
2127.075572470, 1.010980751,
2127.096004100, 1.010461553,
2127.116435930, 1.010792177,
2127.136867660, 1.010177502,
2127.198162852, 1.010510724,
2127.218594683, 1.010386076,
2127.239026314, 1.010659950,
2127.259458046, 1.010578377,
2127.279889778, 1.009997220,
2127.300321510, 1.010201808,
2127.320753242, 1.010385088,
2127.341185074, 1.010004718,
2127.361616707, 1.010333976,
2127.382048439, 1.010068989,
2127.422911906, 1.010448159,
2127.443343739, 1.010455408,
2127.463775473, 1.010373502,
2127.484207107, 1.010483010,
2127.504638941, 1.010500090,
2127.525070675, 1.009868458,
2127.545502310, 1.009966229,
2127.565934145, 1.010215467,
2127.586365880, 1.010281602,
2127.606797715, 1.010216760,
2127.627229350, 1.009576052,
2127.688524558, 1.010537880,
2127.708956294, 1.010261449,
2127.729388131, 1.009902656,
2127.770251605, 1.009958531,
2127.790683342, 1.009535370,
2127.811115079, 1.010612146,
2127.831546817, 1.009901607,
2127.851978555, 1.010170713,
2127.892842031, 1.009261901,
2127.913273770, 1.009487493,
2127.933705509, 1.009949863,
2127.954137248, 1.010084545,
2127.974568987, 1.010272463,
2127.995000826, 1.009978439,
2128.015432466, 1.009760341,
2128.035864206, 1.009492026,
2128.056296046, 1.009854616,
2128.076727686, 1.010119812,
2128.097159427, 1.009528960,
2128.117591268, 1.009756776,
2128.158454750, 1.010507741,
2128.178886492, 1.009558467,
2128.219749975, 1.009785006,
2128.240181718, 1.009680235,
2128.260613360, 1.009783607,
2128.281045203, 1.009913477,
2128.301476945, 1.010201896,
2128.321908589, 1.010145093,
2128.342340432, 1.009540527,
2128.362772175, 1.009685884,
2128.424067408, 1.009797022,
2128.444499252, 1.009864810,
2128.464930997, 1.009573053,
2128.485362642, 1.009909625,
2128.505794487, 1.009855806,
2128.526226232, 1.009773715,
2128.546657978, 1.009967247,
2128.567089724, 1.009779437,
2128.587521470, 1.010089070,
2128.628384963, 1.009739311,
2128.648816710, 1.009665128,
2128.669248457, 1.010057455,
2128.710112051, 1.009265781,
2128.730543699, 1.009616448,
2128.750975447, 1.009585425,
2128.771407295, 1.009544007,
2128.791838944, 1.009499555,
2128.812270692, 1.009893038,
2128.832702541, 1.010548982,
2128.853134190, 1.009919287,
2128.914429439, 1.009271066,
2128.934861289, 1.010206682,
2128.955293040, 1.009749054,
2128.975724790, 1.009504345,
2128.996156541, 1.010457148,
2129.016588292, 1.010019318,
2129.037020043, 1.009277224,
2129.057451795, 1.009537769,
2129.077883547, 1.009340576,
2129.098315399, 1.009340612,
2129.159610656, 1.010043908,
2129.180042409, 1.009447946,
2129.200474062, 1.009793773,
2129.220905915, 1.009436309,
2129.241337669, 1.009475289,
2129.261769423, 1.009842904,
2129.282201177, 1.010201758,
2129.302632932, 1.009439821,
2129.323064686, 1.009659149,
2129.343496441, 1.009122919,
2129.384359951, 1.009608181,
2129.404791707, 1.009483543,
2129.425223363, 1.009546345,
2129.445655219, 1.010261405,
2129.466086975, 1.009249699,
2129.486518832, 1.009413938,
2129.506950489, 1.009652672,
2129.527382246, 1.009173084,
2129.547814103, 1.009411979,
2129.568245760, 1.009806249,
2129.588677518, 1.009928821,
2129.649972893, 1.009627927,
2129.670404652, 1.009220864,
2129.690836411, 1.009366802,
2129.711268170, 1.010120413,
2129.731699929, 1.009504832,
2129.772563449, 1.009438219,
2129.792995209, 1.009345914,
2129.813426970, 1.009133338,
2129.833858830, 1.009604734,
2129.874722353, 1.009288891,
2129.895154114, 1.009350693,
2129.915585776, 1.009721931,
2129.936017638, 1.009358947,
2129.956449400, 1.009403110,
2129.976881062, 1.009882779,
2129.997312925, 1.009068466,
2130.017744588, 1.009173251,
2130.038176451, 1.008776286,
2130.058608214, 1.009165107,
2130.079039878, 1.009143613,
2130.119903506, 1.009177505,
2130.140335171, 1.008978649,
2130.160767035, 1.008913470,
2130.181198800, 1.009120223,
2130.201630665, 1.008917490,
2130.222062331, 1.008423611,
2130.242494096, 1.009177886,
2130.262925962, 1.008585149,
2130.283357628, 1.008941326,
2130.303789395, 1.009074672,
2130.324221262, 1.008619557,
2130.365084696, 1.009077163,
2130.385516563, 1.008803962,
2130.405948331, 1.008948567,
2130.426380099, 1.009035523,
2130.446811867, 1.008925423,
2130.467243635, 1.008344736,
2130.487675504, 1.008377608,
2130.508107173, 1.008367374,
2130.528538942, 1.008323915,
2130.548970812, 1.008471124,
2130.569402481, 1.008267144,
2130.630697792, 1.008622223,
2130.651129663, 1.008611774,
2130.671561334, 1.008605047,
2130.691993105, 1.008270211,
2130.712424977, 1.007880216,
2130.732856648, 1.008045587,
2130.753288520, 1.008503396,
2130.773720293, 1.008743928,
2130.794151965, 1.008312064,
2130.814583838, 1.009477406,
2130.875879158, 1.008406989,
2130.896310932, 1.007943160,
2130.916742706, 1.008372488,
2130.937174480, 1.008656855,
2130.957606255, 1.008708846,
2130.978038130, 1.008778885,
2130.998469905, 1.008350938,
2131.018901580, 1.007952004,
2131.039333456, 1.008030999,
2131.059765231, 1.008052947,
2131.121060561, 1.007909273,
2131.141492338, 1.008563684,
2131.182355892, 1.008239551,
2131.202787770, 1.008055449,
2131.223219448, 1.008030506,
2131.243651226, 1.008116273,
2131.264083005, 1.007861818,
2131.284514783, 1.008447726,
2131.304946662, 1.008154041,
2131.366242001, 1.008329819,
2131.386673681, 1.008484994,
2131.407105462, 1.008528481,
2131.427537342, 1.008446196,
2131.447969023, 1.008332679,
2131.468400804, 1.008721986,
2131.488832686, 1.008375720,
2131.509264367, 1.008347178,
2131.529696249, 1.008562118,
2131.550128031, 1.007949456,
2131.590991597, 1.008449645,
2131.611423380, 1.009074619,
2131.631855163, 1.008407503,
2131.652287046, 1.008015994,
2131.672718730, 1.009301965,
2131.693150614, 1.007960876,
2131.713582398, 1.008472722,
2131.734014083, 1.008729243,
2131.754445968, 1.008342448,
2131.774877753, 1.008083380,
2131.795309438, 1.007705438,
2131.856604996, 1.008413894,
2131.877036683, 1.008035472,
2131.897468469, 1.008614428,
2131.917900256, 1.008051045,
2131.938332044, 1.008693174,
2131.958763831, 1.008102198,
2131.979195619, 1.008161786,
2131.999627407, 1.008357634,
2132.020059195, 1.008233273,
2132.040490984, 1.007995510,
2132.060922773, 1.008368013,
2132.081354662, 1.008645716,
2132.101786352, 1.008220508,
2132.142650031, 1.008294478,
2132.163081722, 1.008021028,
2132.183513512, 1.008697910,
2132.203945403, 1.008438236,
2132.224377194, 1.008496711,
2132.265240777, 1.007978644,
2132.285672569, 1.008292790,
2132.326536153, 1.008056988,
2132.346967946, 1.008250021,
2132.367399839, 1.007991118,
2132.387831532, 1.007704319,
2132.408263426, 1.008124063,
2132.428695220, 1.008416313,
2132.449126914, 1.008125001,
2132.469558808, 1.008323230,
2132.489990603, 1.008214450,
2132.510422298, 1.008049121,
2132.530854193, 1.008494767,
2132.571717684, 1.008244140,
2132.592149580, 1.008276078,
2132.612581376, 1.007944269,
2132.633013173, 1.008085336,
2132.653444970, 1.008278347,
2132.673876667, 1.007769581,
2132.694308564, 1.008517256,
2132.714740362, 1.008172568,
2132.735172160, 1.008154616,
2132.755603958, 1.008017118,
2132.776035757, 1.007686843,
2132.837331154, 1.007806980,
2132.857763054, 1.007861720,
2132.878194854, 1.007772688,
2132.898626554, 1.007754025,
2132.919058454, 1.008412471,
2132.939490255, 1.007885583,
2132.959922056, 1.007603829,
2132.980353858, 1.008030993,
2133.000785659, 1.007544276,
2133.021217561, 1.008082022,
2133.082512968, 1.007875246,
2133.102944671, 1.008186894,
2133.123376575, 1.007981079,
2133.143808378, 1.008102647,
2133.164240082, 1.007699255,
2133.184671986, 1.007538428,
2133.205103791, 1.008032299,
2133.225535495, 1.008044150,
2133.245967400, 1.008015715,
2133.266399206, 1.008715838,
2133.307262817, 1.008468650,
2133.327694523, 1.008055954,
2133.348126430, 1.008504672,
2133.368558236, 1.008388462,
2133.388989943, 1.008045881,
2133.409421851, 1.008169067,
2133.429853658, 1.008584865,
2133.450285466, 1.008197231,
2133.470717274, 1.008198397,
2133.491149083, 1.008290561,
2133.511580991, 1.007815621,
2133.552444510, 1.008997610,
2133.572876419, 1.008400638,
2133.593308229, 1.008444208,
2133.613739939, 1.008355428,
2133.634171850, 1.008171180,
2133.654603660, 1.008449633,
2133.675035571, 1.008100230,
2133.695467283, 1.008382207,
2133.715899094, 1.008832410,
2133.736331006, 1.008295108,
2133.756762718, 1.008568070,
2133.777194531, 1.008624947,
2133.797626444, 1.008268901,
2133.818058157, 1.008686871,
2133.858921884, 1.008873517,
2133.879353598, 1.008523886,
2133.899785512, 1.008878508,
2133.920217326, 1.008743113,
2133.940649041, 1.008092515,
2133.961080956, 1.008532314,
2133.981512672, 1.008485339,
2134.001944587, 1.007954684,
2134.063240036, 1.008550227,
2134.083671853, 1.008654357,
2134.104103670, 1.008144755,
2134.124535487, 1.008696993,
2134.144967305, 1.008643610,
2134.165399123, 1.008405547,
2134.185830941, 1.008261802,
2134.206262760, 1.009032047,
2134.226694579, 1.008677670,
2134.247126498, 1.008580766,
2134.267558218, 1.008697241,
2134.287990137, 1.008569871,
2134.308421958, 1.008582458,
2134.328853678, 1.008928629,
2134.349285599, 1.008841093,
2134.369717420, 1.008506490,
2134.390149141, 1.008500580,
2134.410581062, 1.008976551,
2134.431012884, 1.008651499,
2134.451444806, 1.008613189,
2134.471876529, 1.008615545,
2134.492308352, 1.008280725,
2134.553603822, 1.008638038,
2134.574035645, 1.009073897,
2134.594467470, 1.008525833,
2134.614899394, 1.008472309,
2134.635331219, 1.008754568,
2134.655762944, 1.009155348,
2134.676194870, 1.008275036,
2134.696626595, 1.008751398,
2134.778353902, 1.008754087,
2134.798785829, 1.008656104,
2134.819217656, 1.008987951,
2134.839649484, 1.008521412,
2134.860081312, 1.008436003,
2134.880513141, 1.009056194,
2134.900945070, 1.008707885,
2134.921376799, 1.008720008,
2134.941808628, 1.009204308,
2134.962240558, 1.008247308,
2134.982672288, 1.008995103,
2135.043967779, 1.008111322,
2135.064399711, 1.008212162,
2135.084831542, 1.008390324,
2135.105263274, 1.008418434,
2135.125695206, 1.008802716,
2135.146127038, 1.008715589,
2135.166558971, 1.008947207,
2135.186990704, 1.009049176,
2135.207422537, 1.008489337,
2135.227854471, 1.008949494,
2135.289149974, 1.008435780,
2135.309581709, 1.008583592,
2135.330013544, 1.008716511,
2135.350445379, 1.008764758,
2135.370877215, 1.008878476,
2135.391309151, 1.008692222,
2135.411740988, 1.008803036,
2135.432172724, 1.008525833,
2135.452604661, 1.009484344,
2135.473036499, 1.008648576,
2135.534332012, 1.008358088,
2135.554763951, 1.008589342,
2135.575195690, 1.008377405,
2135.595627529, 1.008334677,
2135.616059468, 1.008661226,
2135.636491208, 1.008500786,
2135.656923048, 1.008299683,
2135.677354989, 1.008588564,
2135.697786730, 1.008403917,
2135.718218670, 1.008356841,
2135.779514195, 1.009110451,
2135.799946038, 1.008488522,
2135.820377780, 1.008521782,
2135.840809723, 1.008143456,
2135.861241567, 1.008648782,
2135.881673410, 1.008840584,
2135.902105254, 1.008406205,
2135.922537098, 1.008534036,
2135.983832632, 1.008527363,
2136.004264478, 1.008422809,
2136.045128170, 1.008239145,
2136.065560116, 1.008543918,
2136.085991863, 1.008699641,
2136.106423810, 1.008820836,
2136.126855657, 1.008740292,
2136.147287405, 1.008828017,
2136.167719353, 1.008694668,
2136.188151201, 1.008893437,
2136.208582949, 1.008384492,
2136.249446748, 1.008684996,
2136.269878697, 1.008712568,
2136.290310447, 1.008892213,
2136.310742297, 1.008469279,
2136.331174247, 1.008989005,
2136.351605998, 1.008680488,
2136.372037849, 1.008619939,
2136.392469801, 1.008848509,
2136.412901553, 1.009052651,
2136.433333405, 1.009282683,
2136.453765357, 1.009543308,
2136.515060916, 1.008627280,
2136.535492770, 1.009023656,
2136.555924624, 1.008545712,
2136.576356478, 1.008737049,
2136.596788333, 1.009043352,
2136.617220188, 1.008716099,
2136.637652043, 1.008329470,
2136.658083899, 1.008813785,
2136.678515755, 1.008216666,
2136.698947611, 1.009092839,
2136.760243181, 1.009061764,
2136.780675139, 1.008814894,
2136.801106897, 1.009042336,
2136.821538855, 1.008872907,
2136.841970714, 1.008493381,
2136.862402472, 1.008902448,
2136.882834432, 1.009069100,
2136.903266291, 1.009036552,
2136.923698051, 1.009206708,
2136.944130011, 1.008874700,
2137.005425593, 1.008731239,
2137.025857455, 1.008448549,
2137.046289416, 1.008397021,
2137.066721178, 1.008380770,
2137.087153041, 1.008451665,
2137.107585004, 1.008679508,
2137.128016767, 1.009114484,
2137.148448630, 1.009332076,
2137.189312458, 1.008587319,
2137.250608052, 1.008635252,
2137.271039917, 1.008615503,
2137.291471783, 1.009397186,
2137.311903649, 1.008226076,
2137.332335515, 1.008758729,
2137.352767382, 1.008616055,
2137.373199249, 1.008938830,
2137.393631116, 1.009126119,
2137.414062984, 1.008431826,
2137.434494952, 1.008981524,
2137.495790558, 1.008419956,
2137.516222327, 1.008253965,
2137.536654297, 1.008307912,
2137.557086167, 1.008525580,
2137.577517937, 1.009048946,
2137.597949908, 1.008674881,
2137.618381779, 1.009224339,
2137.638813550, 1.008549335,
2137.659245521, 1.008629225,
2137.679677393, 1.008376270,
2137.720541138, 1.008525639,
2137.740973011, 1.008392463,
2137.761404985, 1.008291700,
2137.781836758, 1.009104288,
2137.802268632, 1.009044686,
2137.822700606, 1.008688475,
2137.843132381, 1.008426329,
2137.863564256, 1.008676687,
2137.883996231, 1.008713322,
2137.904428107, 1.008676631,
2137.924859983, 1.008579072,
2137.965723636, 1.008525956,
2137.986155613, 1.008144619,
2138.006587490, 1.008557131,
2138.027019268, 1.008896782,
2138.047451246, 1.008733275,
2138.067883124, 1.008889638,
2138.088315103, 1.008993820,
2138.108746882, 1.008691355,
2138.129178761, 1.008448926,
2138.149610741, 1.008138019,
2138.170042521, 1.008976585,
2138.251770144, 1.008293646,
2138.272202026, 1.008452708,
2138.292633808, 1.008439146,
2138.313065790, 1.008486308,
2138.333497673, 1.008685630,
2138.374361440, 1.008314694,
2138.394793323, 1.008070793,
2138.415225207, 1.008770762,
2138.435657092, 1.008271407,
2138.456088977, 1.008102090,
2138.476520962, 1.008125555,
2138.496952747, 1.008178286,
2138.517384633, 1.008643582,
2138.537816619, 1.009038853,
2138.558248505, 1.008784709,
2138.578680292, 1.008774754,
2138.599112280, 1.008840319,
2138.619544067, 1.008826854,
2138.639976055, 1.009359648,
2138.660407943, 1.008715694,
2138.721703610, 1.008636014,
2138.742135399, 1.008769764,
2138.762567389, 1.008588620,
2138.782999279, 1.008509676,
