BJD - 2454833, Corrected Flux
2146.452731179, 0.993265863,
2146.514027818, 0.993279480,
2146.534460129, 0.992836319,
2146.554892241, 0.992902593,
2146.575324452, 0.992600298,
2146.595756762, 0.993046062,
2146.616188872, 0.992370065,
2146.636621081, 0.992365193,
2146.657053289, 0.992815512,
2146.677485498, 0.992093821,
2146.697917805, 0.992456152,
2146.718349912, 0.992246043,
2146.738782119, 0.992398873,
2146.759214425, 0.992540818,
2146.779646630, 0.992176377,
2146.800078735, 0.992329345,
2146.820511040, 0.992347515,
2146.840943244, 0.992235900,
2146.861375347, 0.992068820,
2146.881807650, 0.992089195,
2146.902239853, 0.991596395,
2146.922671954, 0.991985346,
2146.943104256, 0.992087724,
2146.963536457, 0.992159652,
2146.983968557, 0.991470746,
2147.004400857, 0.991630220,
2147.024833056, 0.991558708,
2147.045265154, 0.991906509,
2147.065697453, 0.992023114,
2147.086129650, 0.992008286,
2147.106561847, 0.991467230,
2147.126994044, 0.992018564,
2147.147426240, 0.991389178,
2147.167858536, 0.991729520,
2147.188290631, 0.991486919,
2147.208722825, 0.991209166,
2147.229155119, 0.991611843,
2147.249587313, 0.991296876,
2147.270019405, 0.990980643,
2147.290451698, 0.991502322,
2147.310883890, 0.991487252,
2147.331315981, 0.990962657,
2147.351748272, 0.990989488,
2147.372180363, 0.991525348,
2147.392612552, 0.991258282,
2147.413044842, 0.990721580,
2147.433476930, 0.990591292,
2147.494773494, 0.990909282,
2147.515205681, 0.991115321,
2147.535637967, 0.991161096,
2147.556070052, 0.990432404,
2147.576502237, 0.990498202,
2147.596934522, 0.990668266,
2147.617366706, 0.990702265,
2147.637798790, 0.990540750,
2147.658231073, 0.990328204,
2147.678663255, 0.990491267,
2147.699095437, 0.990212350,
2147.719527619, 0.990398637,
2147.739959800, 0.990305732,
2147.760392081, 0.990504964,
2147.780824160, 0.992165304,
2147.801256340, 0.990086128,
2147.821688619, 0.990318430,
2147.842120697, 0.990050039,
2147.862552875, 0.990614391,
2147.882985153, 0.990448428,
2147.903417229, 0.990059114,
2147.923849405, 0.990293118,
2147.944281681, 0.990422914,
2147.985145932, 0.990119615,
2148.005578206, 0.990255464,
2148.026010279, 0.990241014,
2148.046442453, 0.990241322,
2148.066874725, 0.991261050,
2148.087306898, 0.990337462,
2148.107738969, 0.990382084,
2148.128171240, 0.989904892,
2148.148603311, 0.990091392,
2148.169035481, 0.990322287,
2148.189467751, 0.989815405,
2148.209899820, 0.989799513,
2148.230331989, 0.989902772,
2148.250764257, 0.990160995,
2148.271196324, 0.989935873,
2148.291628592, 0.991074989,
2148.312060758, 0.989958384,
2148.332492824, 0.989877248,
2148.352925090, 0.989914930,
2148.373357255, 0.989821079,
2148.393789319, 0.990090711,
2148.414221583, 0.989788481,
2148.434653746, 0.989995815,
2148.475518072, 0.990125247,
2148.495950234, 0.990037605,
2148.516382395, 0.989958380,
2148.536814557, 0.990046183,
2148.557246717, 0.989767038,
2148.598111136, 0.989953092,
2148.618543195, 0.989983907,
2148.638975353, 0.989716432,
2148.659407611, 0.989741716,
2148.679839668, 0.989961869,
2148.700271825, 0.989630128,
2148.720704081, 0.990177402,
2148.741136137, 0.989593878,
2148.761568293, 0.989928166,
2148.782000547, 0.989777431,
2148.802432602, 0.990079358,
2148.822864755, 0.989750785,
2148.843297009, 0.990236647,
2148.884161314, 0.989645642,
2148.904593365, 0.989829575,
2148.925025517, 0.989596898,
2148.945457767, 0.989916565,
2148.965889817, 0.989583866,
2148.986321967, 0.989699289,
2149.006754216, 0.989642181,
2149.027186365, 0.989679938,
2149.047618413, 0.990112439,
2149.068050661, 0.989747504,
2149.088482808, 0.989570197,
2149.108914855, 0.989598924,
2149.129347101, 0.989684024,
2149.149779246, 0.989436403,
2149.170211292, 0.989742604,
2149.190643536, 0.990151341,
2149.211075680, 0.989767883,
2149.231507724, 0.989741849,
2149.251939967, 0.989921200,
2149.272372110, 0.990103088,
2149.292804252, 0.989718703,
2149.313236393, 0.989821051,
2149.333668534, 0.990141475,
2149.354100675, 0.989785457,
2149.374532815, 0.990102360,
2149.394964955, 0.989734731,
2149.456261370, 0.989873820,
2149.476693608, 0.989771073,
2149.497125745, 0.989880839,
2149.517557781, 0.989957002,
2149.537990017, 0.989887527,
2149.558422153, 0.990041386,
2149.578854188, 0.989909221,
2149.599286422, 0.990043158,
2149.619718456, 0.990300062,
2149.640150590, 0.989887932,
2149.660582823, 0.989501215,
2149.681014855, 0.989834088,
2149.701446987, 0.989778933,
2149.721879219, 0.989699495,
2149.742311250, 0.989791020,
2149.762743380, 0.989628629,
2149.783175610, 0.989560431,
2149.803607640, 0.989924406,
2149.824039769, 0.990066236,
2149.844471997, 0.989895462,
2149.864904125, 0.989858344,
2149.885336152, 0.989767126,
2149.905768380, 0.989870835,
2149.946632532, 0.990096863,
2149.967064757, 0.990006486,
2149.987496882, 0.989777893,
2150.007928907, 0.989998626,
2150.028361131, 0.990119874,
2150.048793254, 0.989552650,
2150.069225477, 0.990142936,
2150.089657500, 0.990090247,
2150.110089622, 0.989798707,
2150.130521843, 0.989886699,
2150.150953864, 0.989733389,
2150.171385985, 0.989776194,
2150.191818205, 0.990152349,
2150.212250224, 0.989990465,
2150.232682343, 0.989822615,
2150.253114561, 0.990025791,
2150.273546680, 0.991411727,
2150.293978697, 0.990077249,
2150.314410914, 0.990074808,
2150.334843030, 0.989778176,
2150.355275047, 0.990016927,
2150.375707262, 0.990008072,
2150.396139277, 0.990076742,
2150.416571391, 0.990038339,
2150.437003605, 0.989463466,
2150.457435619, 0.990156424,
2150.477867732, 0.989793512,
2150.498299944, 0.989738544,
2150.518731956, 0.989896859,
2150.539164068, 0.990035789,
2150.559596279, 0.989906870,
2150.580028289, 0.989998479,
2150.600460400, 0.989718122,
2150.620892609, 0.989980030,
2150.682188935, 0.990210367,
2150.702621042, 0.989788363,
2150.743485256, 0.989831946,
2150.763917362, 0.989885928,
2150.784349568, 0.990341384,
2150.804781572, 0.989689488,
2150.845645881, 0.989850976,
2150.866077885, 0.989851377,
2150.886509988, 0.990006760,
2150.906942191, 0.989950510,
2150.927374193, 0.989738443,
2150.947806294, 0.989685750,
2150.988670496, 0.989891577,
2151.009102596, 0.989885903,
2151.029534696, 0.989753069,
2151.049966795, 0.989884359,
2151.070398894, 0.989868631,
2151.090831092, 0.990137027,
2151.131695187, 0.989458189,
2151.152127384, 0.989660199,
2151.172559380, 0.989610070,
2151.192991475, 0.989561580,
2151.213423671, 0.989661440,
2151.233855665, 0.989536308,
2151.254287860, 0.989534289,
2151.274719953, 0.989707077,
2151.295151947, 0.990324763,
2151.315584140, 0.990200741,
2151.336016232, 0.990221581,
2151.356448224, 0.990139704,
2151.376880415, 0.989902507,
2151.397312506, 0.989724693,
2151.417744496, 0.990206736,
2151.438176686, 0.989927402,
2151.479040764, 0.990044550,
2151.499472953, 0.990316029,
2151.519905041, 0.990259513,
2151.540337128, 0.990188436,
2151.560769215, 0.990479876,
2151.581201301, 0.990133660,
2151.601633387, 0.989851398,
2151.622065573, 0.990074046,
2151.642497558, 0.990627387,
2151.662929642, 0.990246757,
2151.683361826, 0.990441197,
2151.703793810, 0.990438318,
2151.724225893, 0.990468168,
2151.744658076, 0.990078335,
2151.785522139, 0.990164622,
2151.805954320, 0.990481168,
2151.826386301, 0.990386553,
2151.846818381, 0.990793681,
2151.867250461, 0.990633670,
2151.908114719, 0.990740319,
2151.928546697, 0.990389327,
2151.948978774, 0.990453702,
2151.969410951, 0.990552224,
2151.989843028, 0.990860783,
2152.030707180, 0.990970654,
2152.051139255, 0.990563158,
2152.092003404, 0.990778731,
2152.112435478, 0.990995810,
2152.132867452, 0.991106146,
2152.153299625, 0.990808547,
2152.173731697, 0.990778830,
2152.194163669, 0.991001789,
2152.214595840, 0.991337598,
2152.255459882, 0.990676586,
2152.275892051, 0.991392603,
2152.296324121, 0.990855220,
2152.316756090, 0.991182788,
2152.337188259, 0.990992275,
2152.357620327, 0.990834369,
2152.378052394, 0.991133498,
2152.398484461, 0.991564531,
2152.418916528, 0.991486176,
2152.439348594, 0.991086767,
2152.459780760, 0.990932465,
2152.480212725, 0.991022291,
2152.500644889, 0.991262620,
2152.521076954, 0.991327093,
2152.561941081, 0.991347804,
2152.582373144, 0.990852298,
2152.602805106, 0.991602240,
2152.623237267, 0.991593436,
2152.643669229, 0.991261820,
2152.664101290, 0.990994746,
2152.684533450, 0.991386997,
2152.704965410, 0.991765569,
2152.725397470, 0.991308418,
2152.745829628, 0.991544278,
2152.786693645, 0.991238081,
2152.807125802, 0.991756589,
2152.827557859, 0.991477205,
2152.847989816, 0.991664589,
2152.868421972, 0.991577098,
2152.909285983, 0.991693381,
2152.950150192, 0.991748177,
2152.970582145, 0.991719150,
2152.991014298, 0.991604485,
2153.011446351, 0.991560114,
2153.031878303, 0.991696578,
2153.052310455, 0.991756149,
2153.072742506, 0.991973271,
2153.093174658, 0.991842146,
2153.134038658, 0.991821523,
2153.154470807, 0.991963503,
2153.174902756, 0.991836501,
2153.215766953, 0.991919617,
2153.236198900, 0.991846449,
2153.256630947, 0.991614862,
2153.277062994, 0.992008144,
2153.297495140, 0.991746265,
2153.317927085, 0.992182294,
2153.338359131, 0.991969962,
2153.379223220, 0.992192250,
2153.399655363, 0.991203774,
2153.420087307, 0.992106243,
2153.440519349, 0.992044812,
2153.460951492, 0.991777925,
2153.481383434, 0.991991713,
2153.501815475, 0.993299240,
2153.522247616, 0.992199527,
2153.542679556, 0.992373688,
2153.563111596, 0.991940102,
2153.583543736, 0.992483915,
2153.603975675, 0.991906284,
2153.624407713, 0.992068960,
2153.644839852, 0.992323304,
2153.665271889, 0.992177723,
2153.685703926, 0.992299159,
2153.706135963, 0.992222179,
2153.726567999, 0.992363847,
2153.747000035, 0.992104536,
2153.767432070, 0.992455637,
2153.787864105, 0.992622567,
2153.808296239, 0.992434500,
2153.828728173, 0.992521934,
2153.890024272, 0.992098429,
2153.910456304, 0.992431988,
2153.930888436, 0.992381630,
2153.951320366, 0.992411185,
2153.992184527, 0.992349739,
2154.012616457, 0.992333906,
2154.033048486, 0.992565062,
2154.053480515, 0.992306425,
2154.073912543, 0.992397920,
2154.094344571, 0.992106729,
2154.114776598, 0.992170616,
2154.135208625, 0.992641987,
2154.155640652, 0.992424551,
2154.176072677, 0.992974337,
2154.216936728, 0.992979900,
2154.237368853, 0.992452535,
2154.257800777, 0.992737977,
2154.278232900, 0.992859324,
2154.298664924, 0.992551928,
2154.319096846, 0.992812633,
2154.339528968, 0.992759403,
2154.359960990, 0.993285550,
2154.380392912, 0.992848770,
2154.400825032, 0.992952343,
2154.421257053, 0.992718429,
2154.441688972, 0.992743136,
2154.482553111, 0.993140486,
2154.502985130, 0.993077833,
2154.523417148, 0.993009562,
2154.543849165, 0.992913674,
2154.564281182, 0.992846311,
2154.584713199, 0.993034790,
2154.605145215, 0.992925746,
2154.625577231, 0.992831654,
2154.646009346, 0.992965843,
2154.666441261, 0.992745132,
2154.686873275, 0.992947158,
2154.707305389, 0.993085484,
2154.727737303, 0.992603369,
2154.748169316, 0.992519169,
2154.768601328, 0.992892996,
2154.789033340, 0.993136622,
2154.809465452, 0.992891124,
2154.829897363, 0.992873304,
2154.850329374, 0.994682093,
2154.870761484, 0.993068218,
2154.891193394, 0.992783544,
2154.911625403, 0.993557796,
2154.932057512, 0.993119659,
2154.952489420, 0.993169213,
2154.972921428, 0.993303809,
2154.993353536, 0.993071495,
2155.013785443, 0.992944342,
2155.034217449, 0.992720073,
2155.054649556, 0.993099256,
2155.075081561, 0.993256984,
2155.095513466, 0.993008893,
2155.115945571, 0.992764874,
2155.136377575, 0.992871200,
2155.156809479, 0.993005481,
2155.177241583, 0.992904938,
2155.197673586, 0.992873624,
2155.218105488, 0.992890927,
2155.238537590, 0.993014347,
2155.258969592, 0.993210295,
2155.279401492, 0.993121842,
2155.299833593, 0.993449199,
2155.320265593, 0.993234398,
2155.340697593, 0.993163188,
2155.361129592, 0.993258741,
2155.381561591, 0.993129530,
2155.401993690, 0.993015597,
2155.422425588, 0.993027608,
2155.442857585, 0.992842907,
2155.463289682, 0.992950766,
2155.483721578, 0.993093644,
2155.504153575, 0.992803978,
2155.524585570, 0.992796535,
2155.545017565, 0.992556551,
2155.565449560, 0.992736360,
2155.585881655, 0.992990887,
2155.606313548, 0.992962465,
2155.626745541, 0.993002983,
2155.647177634, 0.992539485,
2155.667609527, 0.992506587,
2155.688041519, 0.992849749,
2155.708473611, 0.993186493,
2155.728905502, 0.992968151,
2155.769769583, 0.992874996,
2155.790201472, 0.993151736,
2155.851497439, 0.992825258,
2155.871929427, 0.992738812,
2155.892361514, 0.992717679,
2155.933225388, 0.992718144,
2155.953657474, 0.992895022,
2155.974089460, 0.992282135,
2155.994521445, 0.992588267,
2156.014953430, 0.992662462,
2156.035385414, 0.992899341,
2156.055817498, 0.992943240,
2156.076249382, 0.992801015,
2156.096681365, 0.992691999,
2156.117113447, 0.992655525,
2156.137545330, 0.992919517,
2156.157977311, 0.992663840,
2156.178409392, 0.993060662,
2156.198841273, 0.992876705,
2156.219273254, 0.992805752,
2156.239705334, 0.992939497,
2156.260137213, 0.992524412,
2156.301001170, 0.992624295,
2156.321433148, 0.992638375,
2156.403161057, 0.992827898,
2156.423593132, 0.992993349,
2156.444025008, 0.992737727,
2156.464456983, 0.992605535,
2156.484889057, 0.993139228,
2156.505320932, 0.993002141,
2156.525752905, 0.992662922,
2156.566616851, 0.993095796,
2156.587048924, 0.993216402,
2156.627912767, 0.992773607,
2156.648344838, 0.992785393,
2156.668776809, 0.992665348,
2156.689208678, 0.993237963,
2156.709640748, 0.993132546,
2156.730072717, 0.993283354,
2156.750504686, 0.992879916,
2156.770936654, 0.993192486,
2156.791368622, 0.993430251,
2156.811800590, 0.993217915,
2156.832232557, 0.992996658,
2156.852664524, 0.992833473,
2156.893528556, 0.992736195,
2156.913960421, 0.993536708,
2156.934392386, 0.992883474,
2156.954824450, 0.993179640,
2156.975256314, 0.992457732,
2156.995688277, 0.993267325,
2157.016120240, 0.993060499,
2157.036552203, 0.992994447,
2157.056984165, 0.993063394,
2157.077416127, 0.993006225,
2157.097848088, 0.992743548,
2157.118280049, 0.993105630,
2157.138712010, 0.993108102,
2157.159143970, 0.993083911,
2157.179576029, 0.993175046,
2157.200007888, 0.993827723,
2157.220439847, 0.993046273,
2157.240871905, 0.993172984,
2157.261303863, 0.992776006,
2157.302167777, 0.993425835,
2157.343031590, 0.993374327,
2157.363463645, 0.993407702,
2157.383895601, 0.993140374,
2157.404327455, 0.993263762,
2157.424759509, 0.993708005,
2157.445191463, 0.993539230,
2157.465623317, 0.993214555,
2157.486055370, 0.993929395,
2157.506487323, 0.993189491,
2157.526919175, 0.993708176,
2157.547351226, 0.993516440,
2157.567783178, 0.993656891,
2157.588215128, 0.993626045,
2157.608647079, 0.993724183,
2157.629079029, 0.993382300,
2157.649510978, 0.993596256,
2157.669942928, 0.993493506,
2157.690374876, 0.993753356,
2157.710806824, 0.993476954,
2157.731238772, 0.993371594,
2157.751670719, 0.993376940,
2157.812966559, 0.993340509,
2157.833398605, 0.993698170,
2157.853830450, 0.993318215,
2157.874262395, 0.995417851,
2157.894694439, 0.993271198,
2157.915126283, 0.993835204,
2157.935558226, 0.993545605,
2157.955990269, 0.993544310,
2157.976422112, 0.994029214,
2157.996854054, 0.993510505,
2158.017286096, 0.993600726,
2158.037717937, 0.993499977,
2158.058149878, 0.993514842,
2158.078581919, 0.993995464,
2158.099013858, 0.993476568,
2158.119445698, 0.993716796,
2158.139877737, 0.993785749,
2158.160309676, 0.994129488,
2158.180741514, 0.993880915,
2158.201173553, 0.993814607,
2158.221605490, 0.993594196,
2158.242037327, 0.994702089,
2158.262469363, 0.993702082,
2158.282901300, 0.993720275,
2158.303333135, 0.993840234,
2158.323765171, 0.993678941,
2158.364629140, 0.993947032,
2158.385060974, 0.993560977,
2158.405492908, 0.993969215,
2158.425924941, 0.993920672,
2158.446356774, 0.993941551,
2158.466788706, 0.993845812,
2158.487220738, 0.993669868,
2158.507652569, 0.993962754,
2158.528084500, 0.993797645,
2158.548516431, 0.994571732,
2158.568948362, 0.994186415,
2158.589380291, 0.994084537,
2158.609812320, 0.994423111,
2158.630244150, 0.994416256,
2158.650676078, 0.994102331,
2158.671108106, 0.994272981,
2158.691539934, 0.994041828,
2158.711971861, 0.994243115,
2158.793699666, 0.994064154,
2158.814131491, 0.994345961,
2158.834563416, 0.994088594,
2158.854995440, 0.994187173,
2158.875427264, 0.994140697,
2158.916291210, 0.994372298,
2158.936723133, 0.994459251,
2158.957155055, 0.993837236,
2158.977586977, 0.994273373,
2158.998018898, 0.994018509,
2159.018450819, 0.994091451,
2159.038882740, 0.994266178,
2159.059314660, 0.994084675,
2159.079746679, 0.994578854,
2159.100178499, 0.994049264,
2159.120610417, 0.994248643,
2159.161474254, 0.994290559,
2159.181906171, 0.994510487,
2159.202338188, 0.994335224,
2159.222770005, 0.994595609,
2159.243201921, 0.994661413,
2159.263633837, 0.994401834,
2159.284065753, 0.994206470,
2159.304497668, 0.994570560,
2159.324929582, 0.994566802,
2159.345361497, 0.994444722,
2159.365793411, 0.994506903,
2159.386225324, 0.994372080,
2159.406657237, 0.994531036,
2159.427089149, 0.994388765,
2159.447521161, 0.994420369,
2159.467952973, 0.994240046,
2159.508816895, 0.994307198,
2159.529248706, 0.995372442,
2159.549680716, 0.994389113,
2159.570112626, 0.994424929,
2159.590544435, 0.994511752,
2159.610976444, 0.994518632,
2159.631408352, 0.994701704,
2159.651840160, 0.994764202,
2159.672272167, 0.994728183,
2159.692704075, 0.994706572,
2159.713135882, 0.994720904,
2159.753999793, 0.994449607,
2159.774431699, 0.994306584,
2159.794863604, 0.994433959,
2159.815295509, 0.994967829,
2159.835727413, 0.994575684,
2159.856159317, 0.994598735,
2159.897023123, 0.994683373,
2159.917455126, 0.994505850,
2159.937886928, 0.994915284,
2159.958318830, 0.994629248,
2159.999182632, 0.994959844,
2160.019614433, 0.996441593,
2160.040046433, 0.994776943,
2160.060478333, 0.995071462,
2160.080910332, 0.994470994,
2160.101342131, 0.994569945,
2160.121774029, 0.994550646,
2160.142206028, 0.994431069,
2160.162637825, 0.994672082,
2160.183069722, 0.994679872,
2160.203501719, 0.994757503,
2160.223933516, 0.994847054,
2160.244365412, 0.994636095,
2160.264797407, 0.994683771,
2160.285229303, 0.994631212,
2160.305661097, 0.994717432,
2160.326093092, 0.994405646,
2160.346524986, 0.995090027,
2160.366956780, 0.994569408,
2160.407820666, 0.994822457,
2160.428252458, 0.995062696,
2160.448684450, 0.995247277,
2160.469116341, 0.994728437,
2160.489548132, 0.994713315,
2160.509980123, 0.994802716,
2160.530412014, 0.994972974,
2160.550843804, 0.994802173,
2160.571275793, 0.995060458,
2160.591707682, 0.994844234,
2160.612139571, 0.994953363,
2160.632571459, 0.994940940,
2160.653003347, 0.995013612,
2160.673435335, 0.994964338,
2160.693867122, 0.995407268,
2160.734730995, 0.995613656,
2160.755162781, 0.995339791,
2160.775594666, 0.994847880,
2160.796026551, 0.995251522,
2160.816458436, 0.994899393,
2160.836890320, 0.995121183,
2160.857322304, 0.994977169,
2160.877754088, 0.995326218,
2160.898185971, 0.995453802,
2160.918617954, 0.994882230,
2160.939049736, 0.995141080,
2160.959481617, 0.995273297,
2160.979913599, 0.995256759,
2161.000345380, 0.994841653,
2161.020777261, 0.995316171,
2161.041209241, 0.995438305,
2161.061641021, 0.995196974,
2161.082072900, 0.995154404,
2161.102504880, 0.995395166,
2161.122936758, 0.994941032,
2161.143368537, 0.995893448,
2161.163800514, 0.995056425,
2161.184232392, 0.995970118,
2161.204664169, 0.995406989,
2161.245528022, 0.995648916,
2161.265959797, 0.995461427,
2161.286391773, 0.995429159,
2161.306823648, 0.995452400,
2161.327255623, 0.995586514,
2161.347687397, 0.995460080,
2161.368119271, 0.995227064,
2161.388551244, 0.995897472,
2161.408983018, 0.995414256,
2161.470278634, 0.996184177,
2161.490710506, 0.995788560,
2161.511142377, 0.995874349,
2161.531574248, 0.995600433,
2161.552006118, 0.995815297,
2161.572437988, 0.995572760,
2161.592869858, 0.996104451,
2161.613301727, 0.995782416,
2161.633733595, 0.995260579,
2161.654165464, 0.995496353,
2161.674597331, 0.996896888,
2161.735892933, 0.995669154,
2161.756324900, 0.995872667,
2161.776756665, 0.995816727,
2161.797188531, 0.996029239,
2161.817620496, 0.995760793,
2161.838052261, 0.995835622,
2161.858484225, 0.996554700,
2161.878916089, 0.996088430,
2161.899347853, 0.995903513,
2161.919779816, 0.996165771,
2161.940211679, 0.996246241,
2161.960643541, 0.995925199,
2161.981075404, 0.996029296,
2162.001507265, 0.995880938,
2162.021939126, 0.996224278,
2162.042370987, 0.996061907,
2162.062802848, 0.996476451,
2162.083234708, 0.996378974,
2162.103666568, 0.995809621,
2162.124098427, 0.996032614,
2162.144530286, 0.996362520,
2162.164962245, 0.996470069,
2162.205825860, 0.996698378,
2162.226257718, 0.996531405,
2162.246689575, 0.996153982,
2162.267121331, 0.996621735,
2162.287553287, 0.996560342,
2162.307985143, 0.996461439,
2162.328416899, 0.996417093,
2162.348848854, 0.996414909,
2162.369280708, 0.996879159,
2162.389712563, 0.996533050,
2162.410144417, 0.996593420,
2162.430576270, 0.996499952,
2162.451008223, 0.996504278,
2162.471439976, 0.996596552,
2162.491871828, 0.996552991,
2162.512303780, 0.996352110,
2162.532735632, 0.996776442,
2162.553167383, 0.996686067,
2162.573599334, 0.996822478,
2162.594031184, 0.996697755,
2162.614462934, 0.996621419,
2162.634894884, 0.996795125,
2162.655326733, 0.996796349,
2162.696190430, 0.996842467,
2162.716622278, 0.996348900,
2162.737054026, 0.996721649,
2162.757485974, 0.996597403,
2162.777917820, 0.996931984,
2162.798349667, 0.997046509,
2162.818781513, 0.996582603,
2162.839213359, 0.996484411,
2162.859645204, 0.996449201,
2162.880077049, 0.996937755,
2162.900508894, 0.997083057,
2162.920940738, 0.996438723,
2162.941372582, 0.996815239,
2162.961804426, 0.996786130,
2162.982236269, 0.996908914,
2163.002668112, 0.997140163,
2163.023099954, 0.996920896,
2163.043531896, 0.997335312,
2163.063963638, 0.997134119,
2163.084395479, 0.997054961,
2163.104827420, 0.997301204,
2163.125259160, 0.996598318,
2163.206986518, 0.997499132,
2163.227418457, 0.997121184,
2163.247850195, 0.997313660,
2163.268282033, 0.997038219,
2163.288713970, 0.997321206,
2163.309145707, 0.997701330,
2163.329577544, 0.997454582,
2163.350009480, 0.997480369,
2163.390873052, 0.997438167,
2163.411304987, 0.997801511,
2163.431736822, 0.997467388,
2163.452168556, 0.997177713,
2163.472600490, 0.997722786,
2163.493032324, 0.997532397,
2163.513464057, 0.997859212,
2163.533895990, 0.997630562,
2163.554327823, 1.007945468,
2163.574759755, 0.997610149,
2163.595191487, 0.997677975,
2163.615623318, 0.998068843,
2163.697350640, 0.997496171,
2163.717782469, 0.997885241,
2163.738214299, 0.997666689,
2163.758646127, 0.998211643,
2163.779077956, 0.997700852,
2163.799509784, 0.997833052,
2163.819941612, 0.998129630,
2163.840373439, 0.997722568,
2163.860805266, 0.997805161,
2163.881237192, 0.997870887,
2163.922100745, 0.997917494,
2163.942532670, 0.998120321,
2163.962964395, 0.997806378,
2163.983396220, 0.998344807,
2164.003828144, 0.998335941,
2164.024259868, 0.998333727,
2164.044691692, 0.998782459,
2164.065123615, 0.998519511,
2164.085555338, 0.998254986,
2164.105987160, 0.998163947,
2164.126419082, 0.998507765,
2164.146850804, 0.998610130,
2164.167282725, 0.997969144,
2164.187714547, 0.998060910,
2164.208146367, 0.998552362,
2164.228578187, 0.997975737,
2164.249010007, 0.998219803,
2164.269441827, 0.998595119,
2164.289873746, 0.998021236,
2164.310305465, 0.998263042,
2164.330737283, 0.998395126,
2164.351169201, 0.998204549,
2164.371600919, 0.997740058,
2164.412464553, 0.998952096,
2164.432896370, 0.998649483,
2164.453328186, 0.998265892,
2164.473760002, 0.998561932,
2164.494191818, 0.998546312,
2164.514623533, 0.998552659,
2164.535055448, 0.998616712,
2164.555487262, 0.998791988,
2164.575919076, 0.998535371,
2164.596350890, 0.999051914,
2164.616782703, 0.998840303,
2164.637214516, 0.998422239,
2164.657646329, 0.998825760,
2164.678078141, 0.998814936,
2164.698510053, 0.998619249,
2164.718941864, 0.998703927,
2164.739373575, 0.998871901,
2164.759805486, 0.998907002,
2164.780237296, 0.998644291,
2164.800669006, 0.998736969,
2164.821100916, 0.998809598,
2164.841532726, 0.998850734,
2164.861964435, 0.998462405,
2164.902828151, 0.999283827,
2164.923259859, 0.999263696,
2164.943691767, 0.998992321,
2164.964123574, 0.999269533,
2164.984555281, 0.999088430,
2165.025418993, 0.999156916,
2165.045850799, 0.999298945,
2165.066282604, 0.999036418,
2165.086714409, 0.998773396,
2165.107146214, 0.998918681,
2165.148009822, 0.999400801,
2165.168441626, 0.998826657,
2165.188873529, 0.999840596,
2165.209305232, 0.999383748,
2165.229737134, 0.999172132,
2165.250168837, 0.999294228,
2165.270600638, 0.999377136,
2165.291032540, 0.999235296,
2165.311464241, 0.999288840,
2165.331896041, 0.999474611,
2165.352327942, 0.999487903,
2165.393191442, 0.999513171,
2165.413623341, 0.999400985,
2165.434055040, 0.999632651,
2165.454486838, 0.999554421,
2165.474918736, 0.999372713,
2165.495350434, 0.999695390,
2165.515782232, 0.999273683,
2165.536214129, 0.999678534,
2165.556645926, 1.000082788,
2165.577077622, 0.999787342,
2165.597509518, 1.000039653,
2165.638373010, 0.999682627,
2165.658804905, 1.000093056,
2165.679236699, 0.999985465,
2165.699668394, 1.000117833,
2165.720100288, 0.999905672,
2165.740532081, 0.999663460,
2165.760963974, 1.000066678,
2165.781395667, 1.000005268,
2165.801827460, 1.000172917,
2165.822259352, 0.999881104,
2165.842691044, 0.999808613,
2165.863122836, 0.999973620,
2165.883554627, 0.999984516,
2165.924418208, 1.000016927,
2165.944849998, 1.000082733,
2165.965281788, 1.000165623,
2165.985713577, 1.000164775,
2166.006145366, 1.000336061,
2166.026577155, 1.000283606,
2166.047008943, 1.000609666,
2166.067440831, 1.000639944,
2166.087872519, 1.000352793,
2166.108304306, 1.000492995,
2166.128736193, 1.000559661,
2166.149167880, 1.000895662,
2166.169599666, 1.000610304,
2166.190031552, 1.000699876,
2166.210463238, 1.000370549,
2166.230895023, 1.000348482,
2166.251326908, 1.000440776,
2166.271758592, 1.000171748,
2166.292190477, 1.000459487,
2166.312622261, 1.000514180,
2166.333053944, 1.000598008,
2166.373917610, 1.000942916,
2166.394349392, 1.000695506,
2166.414781175, 1.000932325,
2166.435212956, 1.000529037,
2166.455644738, 1.000385139,
2166.476076519, 1.000428328,
2166.496508300, 1.000881509,
2166.516940080, 1.000702440,
2166.537371960, 1.000757400,
2166.557803640, 1.000590285,
2166.578235419, 1.001118544,
2166.598667298, 1.000997072,
2166.619098977, 1.000984367,
2166.639530755, 1.000516135,
2166.659962533, 1.001020985,
2166.680394311, 1.001483041,
2166.700826088, 1.000826145,
2166.721257865, 1.001160937,
2166.741689642, 1.001086961,
2166.762121418, 1.001093390,
2166.782553194, 1.001367910,
2166.802984970, 1.001246850,
2166.823416845, 1.001172830,
2166.864280294, 1.001046212,
2166.884712169, 1.001182002,
2166.905143943, 1.001064209,
2166.925575616, 1.001187321,
2166.946007489, 1.001584349,
2166.966439262, 1.001353707,
2166.986870935, 1.001069983,
2167.007302807, 1.001539299,
2167.027734579, 1.001348333,
2167.048166250, 1.001492888,
2167.109461563, 1.001360366,
2167.129893433, 1.001305539,
2167.150325203, 1.001605240,
2167.170756872, 1.001322326,
2167.191188742, 1.001254438,
2167.211620511, 1.001530686,
2167.232052279, 1.001764448,
2167.252484047, 1.001409503,
2167.272915815, 1.001838309,
2167.293347583, 1.001546226,
2167.354642983, 1.001805974,
2167.375074649, 1.001607790,
2167.395506415, 1.002525564,
2167.415938280, 1.001862387,
2167.436369946, 1.001853250,
2167.456801710, 1.001637440,
2167.477233575, 1.001837974,
2167.497665239, 1.001782497,
2167.518097003, 1.001972770,
2167.538528866, 1.001887098,
2167.558960530, 1.002322439,
2167.599824155, 1.002328866,
2167.620255817, 1.002272985,
2167.640687579, 1.002238162,
2167.661119440, 1.002217718,
2167.681551102, 1.002313842,
2167.701982862, 1.001951562,
2167.722414723, 1.002329801,
2167.742846483, 1.002123198,
2167.763278143, 1.002607509,
2167.783710002, 1.002285319,
2167.804141761, 1.002551411,
2167.845005279, 1.002440988,
2167.865437037, 1.002146305,
2167.885868895, 1.002494920,
2167.906300553, 1.002187807,
2167.947164167, 1.003007442,
2167.967595823, 1.002776232,
2167.988027579, 1.002537589,
2168.008459435, 1.002629331,
2168.049322846, 1.002597840,
2168.090186356, 1.002327923,
2168.110618110, 1.002638421,
2168.131049864, 1.002587242,
2168.151481617, 1.003372158,
2168.171913371, 1.003104404,
2168.192345124, 1.003607906,
2168.212776876, 1.003137883,
2168.233208628, 1.003139298,
2168.253640480, 1.002989668,
2168.274072132, 1.003181258,
2168.335367585, 1.003352072,
2168.355799335, 1.003330488,
2168.376231186, 1.003060377,
2168.396662935, 1.003015981,
2168.417094785, 1.003158926,
2168.437526434, 1.002597551,
2168.457958183, 1.003037540,
2168.478390031, 1.002705060,
2168.498821679, 1.002644963,
2168.519253427, 1.002800420,
2168.539685274, 1.002893027,
2168.580548668, 1.003292691,
2168.600980515, 1.003079026,
2168.621412261, 1.003282015,
2168.641843907, 1.003498053,
2168.662275752, 1.003397426,
2168.682707497, 1.003106443,
2168.703139142, 1.003599911,
2168.723570987, 1.003530428,
2168.744002731, 1.003288329,
2168.764434375, 1.002983045,
2168.784866219, 1.003483870,
2168.825729605, 1.003968895,
2168.846161448, 1.003567840,
2168.866593090, 1.004031350,
2168.887024832, 1.003955427,
2168.907456674, 1.003654275,
2168.927888315, 1.003342839,
2168.948320156, 1.003632015,
2168.968751897, 1.003481937,
2168.989183537, 1.003414325,
2169.009615377, 1.003926478,
2169.030047117, 1.003620495,
2169.070910596, 1.004169996,
2169.091342335, 1.003676343,
2169.111774073, 1.003772468,
2169.132205811, 1.004231146,
2169.152637549, 1.004158209,
2169.173069287, 1.003626865,
2169.193501124, 1.003910273,
2169.213932761, 1.003549068,
2169.234364498, 1.003833896,
2169.254796334, 1.004067053,
2169.275227970, 1.004244837,
2169.316091541, 1.004452819,
2169.336523176, 1.004521088,
2169.356954911, 1.003823904,
2169.377386746, 1.003895157,
2169.397818380, 1.004075108,
2169.418250214, 1.004108501,
2169.438681947, 1.004356869,
2169.459113680, 1.004138642,
2169.479545413, 1.004147618,
2169.499977046, 1.004011620,
2169.520408878, 1.004776243,
2169.581703973, 1.004069550,
2169.602135804, 1.004182271,
2169.622567535, 1.004706548,
2169.642999165, 1.004493099,
2169.663430995, 1.004611489,
2169.683862725, 1.004059425,
2169.704294355, 1.004140133,
2169.724726184, 1.004453010,
2169.745157913, 1.005727902,
2169.765589541, 1.004748627,
2169.826884725, 1.004712892,
2169.847316552, 1.005036482,
2169.867748279, 1.004748766,
2169.888180106, 1.004690106,
2169.908611732, 1.005005264,
2169.929043459, 1.005176529,
2169.949475284, 1.004664193,
2169.969906910, 1.004904778,
2169.990338635, 1.004929866,
2170.010770460, 1.004886099,
2170.051633809, 1.005020709,
2170.072065633, 1.005292316,
2170.092497356, 1.005028489,
2170.112928980, 1.005342075,
2170.133360803, 1.004784763,
2170.153792526, 1.005685052,
2170.174224148, 1.005026134,
2170.194655970, 1.005251917,
2170.215087692, 1.005060555,
2170.235519314, 1.005110044,
2170.255951135, 1.005264415,
2170.296814477, 1.005319105,
2170.317246297, 1.005184528,
2170.337677917, 1.005354009,
2170.358109636, 1.004841215,
2170.378541456, 1.005452288,
2170.398973175, 1.004767876,
2170.419404894, 1.005491212,
2170.439836612, 1.005386552,
2170.460268331, 1.005327072,
2170.480700049, 1.005453067,
2170.501131766, 1.005698059,
2170.521563483, 1.006022372,
2170.541995301, 1.006111423,
2170.562426917, 1.005965397,
2170.582858634, 1.005512961,
2170.623722066, 1.005362767,
2170.644153781, 1.005316906,
2170.664585596, 1.005563301,
2170.685017211, 1.005565945,
2170.705448926, 1.005651686,
2170.725880740, 1.004989396,
2170.787175882, 1.005583871,
2170.807607495, 1.005782940,
2170.848471020, 1.005654309,
2170.868902732, 1.006182501,
2170.889334444, 1.006185720,
2170.909766156, 1.005762134,
2170.930197867, 1.006136344,
2170.950629578, 1.006616146,
2170.971061289, 1.006279970,
2170.991492900, 1.005753249,
2171.032356420, 1.005840508,
2171.052788030, 1.006208845,
2171.073219839, 1.006132240,
2171.093651548, 1.006151350,
2171.114083157, 1.005992351,
2171.134514965, 1.005882321,
2171.154946673, 1.005968156,
2171.175378281, 1.006293608,
2171.195810088, 1.006299202,
2171.216241796, 1.005769191,
2171.236673503, 1.006164175,
2171.277536916, 1.006230196,
2171.297968622, 1.006304274,
2171.318400328, 1.006122859,
2171.338832033, 1.006257851,
2171.359263839, 1.006193552,
2171.379695544, 1.006752582,
2171.400127148, 1.006653919,
2171.420558953, 1.006292968,
2171.440990657, 1.006517083,
2171.461422260, 1.006430980,
2171.481854064, 1.006787960,
2171.522717370, 1.006036336,
2171.543149173, 1.006606676,
2171.563580875, 1.006381257,
2171.584012477, 1.006583685,
2171.604444279, 1.005993031,
2171.624875980, 1.006136849,
2171.645307581, 1.006556792,
2171.665739383, 1.006554098,
2171.686171083, 1.005964289,
2171.706602683, 1.006689354,
2171.727034484, 1.006214975,
2171.747466183, 1.006563859,
2171.767897783, 1.006770352,
2171.788329582, 1.006878287,
2171.808761281, 1.006702254,
2171.829192980, 1.006849560,
2171.849624678, 1.006653509,
2171.870056376, 1.007125261,
2171.890488074, 1.006739227,
2171.910919771, 1.006956494,
2171.931351468, 1.007155505,
2171.951783265, 1.006555387,
2172.033509950, 1.006813677,
2172.053941646, 1.006690026,
2172.074373441, 1.006938296,
2172.094805036, 1.006665199,
2172.115236731, 1.007223341,
2172.135668525, 1.007167227,
2172.156100119, 1.006988773,
2172.176531813, 1.007179305,
2172.196963606, 1.007215498,
2172.217395300, 1.007114775,
2172.258258686, 1.007119053,
2172.278690378, 1.007036954,
2172.299122070, 1.006841925,
2172.319553762, 1.007381007,
2172.339985454, 1.007015563,
2172.360417145, 1.007295492,
2172.380848836, 1.007363603,
2172.401280527, 1.007349535,
2172.421712217, 1.007205749,
2172.442143907, 1.007394525,
2172.462575597, 1.007287443,
2172.483007287, 1.007189380,
2172.503438976, 1.007373309,
2172.523870565, 1.007239883,
2172.544302354, 1.007091122,
2172.564734043, 1.007324688,
2172.585165731, 1.007006466,
2172.605597419, 1.007380899,
2172.626029107, 1.007402815,
2172.646460794, 1.007485230,
2172.666892481, 1.007004540,
2172.687324168, 1.007456628,
2172.707755955, 1.007254707,
2172.748619227, 1.007670753,
2172.769051013, 1.007608486,
2172.789482699, 1.008018650,
2172.809914284, 1.007731151,
2172.830346069, 1.007889413,
2172.850777754, 1.007739910,
2172.871209338, 1.007803471,
2172.891641122, 1.007815390,
2172.952936173, 1.007737422,
2172.973367856, 1.007208429,
2172.993799439, 1.007779987,
2173.014231221, 1.007735871,
2173.034662904, 1.007647598,
2173.055094585, 1.007165284,
2173.075526267, 1.007182496,
2173.095957949, 1.007502788,
2173.116389630, 1.007565501,
2173.136821311, 1.007520577,
2173.177684672, 1.007824386,
2173.198116352, 1.007987978,
2173.238979811, 1.007785349,
2173.259411391, 1.007977386,
2173.279843070, 1.008239213,
2173.300274848, 1.008128160,
2173.320706427, 1.008232071,
2173.341138105, 1.008341783,
2173.361569883, 1.008487102,
2173.382001461, 1.008033579,
2173.402433138, 1.007904694,
2173.422864915, 1.007899437,
2173.443296492, 1.008334753,
2173.484159945, 1.008259320,
2173.504591521, 1.008249893,
2173.525023197, 1.007825069,
2173.545454973, 1.007903503,
2173.565886548, 1.008523408,
2173.586318323, 1.007484839,
2173.606749998, 1.008207496,
2173.627181672, 1.007689047,
2173.647613347, 1.008423557,
2173.668045021, 1.008552261,
2173.688476694, 1.008008142,
2173.729340041, 1.008473488,
2173.749771714, 1.008352774,
2173.770203486, 1.008161891,
2173.790635059, 1.008292297,
2173.811066731, 1.008826875,
2173.831498503, 1.008340109,
2173.851930075, 1.008642115,
2173.872361746, 1.008398334,
2173.892793417, 1.008315211,
2173.913225088, 1.008221646,
2173.933656659, 1.008648773,
2173.954088429, 1.008566961,
2173.974520099, 1.009297092,
2173.994951869, 1.008730403,
2174.015383438, 1.008506208,
2174.035815108, 1.008297728,
2174.056246877, 1.008691868,
2174.076678545, 1.008314790,
2174.097110114, 1.008621946,
2174.117541882, 1.008792109,
2174.137973550, 1.008528585,
2174.158405118, 1.008841174,
2174.178836885, 1.008705302,
2174.219700120, 1.009197873,
2174.240131886, 1.008809258,
2174.260563553, 1.009062050,
2174.280995119, 1.009087302,
2174.301426885, 1.008970879,
2174.321858551, 1.008941182,
2174.342290116, 1.008786880,
2174.362721881, 1.009398153,
2174.383153546, 1.008626472,
2174.464880303, 1.009052395,
2174.485311867, 1.009267567,
2174.505743530, 1.009095241,
2174.526175194, 1.009120478,
2174.567038519, 1.009268689,
2174.587470181, 1.009494664,
2174.607901844, 1.009199182,
2174.628333505, 1.008955813,
2174.648765267, 1.008939818,
2174.669196828, 1.009379006,
2174.689628490, 1.009323379,
2174.710060250, 1.009771988,
2174.730491811, 1.009993004,
2174.750923471, 1.009455258,
2174.771355231, 1.009244074,
2174.791786791, 1.009268892,
2174.812218451, 1.009282323,
2174.832650210, 1.009155767,
2174.853081770, 1.009224661,
2174.873513528, 1.009709822,
2174.893945187, 1.009229129,
2174.914376846, 1.009734580,
2174.955240161, 1.009639869,
2174.975671819, 1.009268041,
2174.996103476, 1.009430007,
2175.016535134, 1.010452889,
2175.036966790, 1.009828140,
2175.057398547, 1.009711281,
2175.077830104, 1.009725296,
2175.098261760, 1.009874535,
2175.118693516, 1.009708362,
2175.139125071, 1.009962821,
2175.159556727, 1.009911807,
2175.200420037, 1.009565938,
2175.220851691, 1.009867813,
2175.241283446, 1.009615876,
2175.261715000, 1.010421444,
2175.282146754, 1.009946202,
2175.302578408, 1.010165440,
2175.323009961, 1.009598899,
2175.363873267, 1.010149081,
2175.384304920, 1.009874654,
2175.404736673, 1.009919953,
2175.466031629, 1.010020279,
2175.486463280, 1.010632729,
2175.506894831, 1.009769303,
2175.527326583, 1.010057230,
2175.547758233, 1.010026148,
2175.568189784, 1.010169064,
2175.588621534, 1.010173734,
2175.609053184, 1.009975098,
2175.629484734, 1.009958952,
2175.649916484, 1.010495085,
2175.670348133, 1.009927996,
2175.690779882, 1.009933558,
2175.711211431, 1.010555468,
2175.731643080, 1.010017670,
2175.752074828, 1.009919487,
2175.772506376, 1.010192301,
2175.792938024, 1.010397094,
2175.813369772, 1.010088726,
2175.833801319, 1.010276372,
2175.874664713, 1.010411189,
2175.895096360, 1.010509774,
2175.915527907, 1.010784474,
2175.935959653, 1.010842424,
2175.956391299, 1.010365632,
2175.976822845, 1.010579441,
2175.997254590, 1.011119775,
2176.017686136, 1.010883614,
2176.038117781, 1.011004965,
2176.078981170, 1.011510439,
2176.099412815, 1.010888055,
2176.119844459, 1.011459561,
2176.140276003, 1.011385941,
2176.181139390, 1.010526470,
2176.201570933, 1.010833054,
2176.222002676, 1.010624630,
2176.242434319, 1.011045884,
2176.262865861, 1.010971290,
2176.283297604, 1.011143594,
2176.303729246, 1.011028266,
2176.324160887, 1.011211958,
2176.344592529, 1.011323134,
2176.365024170, 1.011160012,
2176.385455811, 1.011075794,
2176.426319093, 1.010953740,
2176.446750734, 1.011351108,
2176.467182474, 1.010854731,
2176.487614014, 1.011100285,
2176.508045753, 1.010906743,
2176.528477393, 1.010987304,
2176.548908932, 1.010723556,
2176.569340671, 1.011560509,
2176.610203849, 1.011443386,
2176.630635587, 1.011287449,
2176.671498763, 1.011589852,
2176.691930501, 1.010920925,
2176.712362138, 1.011175490,
2176.732793676, 1.011079019,
2176.753225413, 1.011121103,
2176.773656949, 1.011113934,
2176.794088586, 1.011223718,
2176.814520322, 1.011475633,
2176.834951959, 1.010776410,
2176.855383494, 1.011327011,
2176.875815230, 1.011108905,
2176.896246865, 1.011143743,
2176.916678501, 1.010946445,
2176.937110136, 1.010830459,
2176.957541770, 1.010774665,
2176.977973505, 1.011727086,
2176.998405039, 1.011238109,
2177.018836673, 1.011267307,
2177.039268407, 1.011626994,
2177.059699941, 1.011351996,
2177.080131574, 1.011516571,
2177.100563307, 1.011456186,
2177.161858206, 1.011611746,
2177.182289738, 1.011283141,
2177.202721370, 1.011667852,
2177.223153102, 1.011454644,
2177.243584634, 1.012251643,
2177.264016265, 1.011695802,
2177.284447996, 1.011502115,
2177.304879627, 1.011701030,
2177.325311258, 1.011913726,
2177.345742889, 1.011506532,
2177.407037779, 1.011213290,
2177.427469409, 1.011750215,
2177.447901138, 1.011470815,
2177.468332667, 1.011847826,
2177.488764296, 1.011563530,
2177.509195925, 1.011779834,
2177.529627554, 1.011876318,
2177.550059082, 1.012526442,
2177.570490810, 1.012297422,
2177.590922438, 1.012139354,
2177.611353966, 1.012298114,
2177.652217321, 1.012079392,
2177.672648948, 1.011648032,
2177.693080575, 1.011954190,
2177.713512201, 1.011599436,
2177.733943928, 1.011763042,
2177.754375454, 1.011922736,
2177.774807080, 1.012070785,
2177.795238806, 1.011647486,
2177.815670431, 1.011826081,
2177.836101957, 1.011925138,
2177.856533682, 1.012050294,
2177.897396831, 1.012355609,
2177.917828556, 1.012392439,
2177.938260180, 1.012344940,
2177.958691705, 1.012270740,
2177.979123428, 1.012340605,
2177.999555052, 1.012465434,
2178.019986575, 1.012310891,
2178.040418299, 1.012549168,
2178.060849922, 1.012031320,
2178.081281445, 1.012275236,
2178.101713167, 1.012739680,
2178.122144789, 1.012337862,
2178.142576412, 1.012600366,
2178.163008034, 1.012424713,
2178.183439656, 1.012574017,
2178.203871277, 1.012325905,
2178.224302898, 1.012364053,
2178.244734520, 1.012472248,
2178.265166140, 1.012474094,
2178.285597761, 1.012660843,
2178.306029382, 1.012800881,
2178.326461002, 1.012591355,
2178.346892622, 1.012561568,
2178.367324242, 1.012441481,
2178.387755962, 1.012712985,
2178.408187481, 1.012823957,
2178.428619101, 1.012559905,
2178.469482338, 1.011869255,
2178.489913957, 1.011990308,
2178.510345676, 1.011828715,
2178.530777194, 1.012005512,
2178.551208912, 1.012345152,
2178.571640530, 1.011527973,
2178.592072047, 1.011160820,
2178.632935382, 1.011999315,
2178.653366999, 1.012236283,
2178.694230233, 1.012395505,
2178.714661849, 1.012146528,
2178.735093465, 1.012255649,
2178.755525081, 1.012061924,
2178.775956697, 1.013521947,
2178.796388413, 1.012235544,
2178.816819928, 1.012427911,
2178.837251543, 1.012180054,
2178.857683258, 1.012366382,
2178.878114773, 1.012251829,
2178.898546488, 1.012406275,
2178.918978002, 1.012498829,
2178.939409616, 1.012034094,
2178.959841330, 1.012336345,
2178.980272844, 1.012459741,
2179.000704458, 1.012072196,
2179.021136171, 1.014360298,
2179.041567684, 1.012148860,
2179.061999297, 1.012403038,
2179.082431010, 1.012507051,
2179.123294135, 1.012631767,
2179.143725848, 1.012631421,
2179.164157360, 1.012692186,
2179.184588972, 1.012392720,
2179.205020683, 1.012768051,
2179.225452295, 1.012361441,
2179.245883806, 1.012786242,
2179.266315517, 1.012678851,
2179.286747128, 1.012490355,
2179.307178838, 1.012943990,
2179.327610349, 1.013064752,
2179.368473669, 1.012751988,
2179.388905179, 1.012681288,
2179.409336789, 1.012892723,
2179.429768498, 1.012681447,
2179.450200008, 1.012486598,
2179.470631617, 1.012838563,
2179.491063326, 1.012977093,
2179.511494834, 1.012931324,
2179.531926443, 1.013138211,
2179.552358151, 1.013052096,
2179.572789659, 1.013233324,
2179.613652975, 1.012763265,
2179.634084483, 1.012847726,
2179.654516190, 1.013201094,
2179.674947797, 1.013275504,
2179.695379304, 1.012938964,
2179.715811011, 1.013134948,
2179.736242618, 1.012881801,
2179.756674124, 1.013337788,
2179.777105830, 1.013219919,
2179.797537436, 1.013549607,
2179.817968942, 1.013594832,
2179.838400648, 1.013314466,
2179.858832253, 1.013501456,
2179.879263759, 1.013071983,
2179.899695464, 1.013113214,
2179.920127069, 1.013456865,
2179.940558573, 1.013249331,
2179.960990278, 1.013397873,
2179.981421882, 1.013571970,
2180.001853586, 1.013845719,
2180.022285090, 1.013618043,
2180.042716694, 1.013790561,
2180.063148398, 1.013445682,
2180.104011505, 1.013263205,
2180.124443208, 1.013757956,
2180.144874810, 1.013298008,
2180.165306313, 1.013668032,
2180.185738015, 1.013404058,
2180.226601120, 1.013717553,
2180.247032822, 1.013889824,
2180.267464424, 1.013701776,
2180.287895925, 1.013784604,
2180.308327627, 1.013771065,
2180.349190729, 1.013718178,
2180.369622430, 1.013343897,
2180.390053930, 1.013899096,
2180.410485631, 1.013966634,
2180.430917231, 1.013839817,
2180.451348731, 1.013454493,
2180.471780431, 1.013825748,
2180.492212031, 1.013721862,
2180.512643631, 1.013366463,
2180.533075230, 1.014642272,
2180.553506829, 1.014046173,
2180.573938428, 1.013323623,
2180.594370027, 1.014514621,
2180.614801626, 1.014018943,
2180.635233224, 1.013976816,
2180.655664923, 1.014009686,
2180.676096421, 1.014074668,
2180.696528019, 1.014324172,
2180.716959717, 1.013953642,
2180.737391214, 1.014304776,
2180.757822912, 1.014363934,
2180.778254509, 1.014320587,
2180.798686006, 1.014322895,
2180.819117703, 1.014533107,
2180.859980796, 1.014581934,
2180.880412493, 1.013768360,
2180.900844089, 1.013975138,
2180.921275585, 1.013967009,
2180.941707281, 1.014608041,
2180.962138876, 1.014337602,
2180.982570472, 1.014161885,
2181.003002067, 1.014336084,
2181.023433662, 1.014249272,
2181.043865258, 1.014119553,
2181.064296852, 1.014745118,
2181.084728447, 1.014330243,
2181.105160041, 1.014565680,
2181.125591636, 1.014926673,
2181.146023230, 1.013688172,
2181.166454824, 1.014110414,
2181.186886417, 1.014371361,
2181.207318011, 1.014543990,
2181.227749705, 1.014923460,
2181.248181198, 1.014703141,
2181.268612791, 1.015190586,
2181.289044484, 1.014666596,
2181.329907569, 1.015251511,
2181.350339262, 1.014733098,
2181.370770754, 1.014707883,
2181.391202346, 1.015027579,
2181.411634038, 1.015101783,
2181.432065529, 1.014947247,
2181.452497121, 1.015010853,
2181.472928812, 1.015310076,
2181.493360404, 1.015284058,
2181.513791995, 1.015158755,
2181.534223586, 1.014968481,
2181.554655176, 1.014837010,
2181.575086767, 1.015098960,
2181.615949948, 1.014578107,
2181.636381538, 1.015025741,
2181.656813127, 1.015298796,
2181.677244717, 1.015206600,
2181.697676407, 1.015262322,
2181.718107896, 1.015162208,
2181.738539485, 1.015146284,
2181.779402663, 1.016593753,
2181.820265841, 1.015484251,
2181.840697429, 1.015487807,
2181.861129117, 1.015636066,
2181.881560605, 1.015389116,
2181.901992193, 1.015704658,
2181.922423881, 1.016004082,
2181.942855369, 1.015385348,
2181.963286956, 1.015775505,
2181.983718643, 1.015568042,
2182.004150130, 1.015734271,
2182.024581717, 1.015793781,
2182.045013404, 1.015520082,
2182.065444991, 1.016040721,
2182.085876477, 1.015932931,
2182.106308164, 1.015634197,
2182.126739750, 1.015969743,
2182.147171236, 1.015799189,
2182.167602922, 1.016154168,
2182.188034507, 1.015746700,
2182.208466193, 1.015765174,
2182.228897678, 1.015889500,
2182.249329263, 1.015761697,
2182.269760948, 1.015927013,
2182.290192433, 1.016276012,
2182.310624018, 1.016007205,
2182.331055703, 1.015964502,
2182.351487187, 1.015743074,
2182.371918771, 1.016330809,
2182.392350455, 1.016036994,
2182.412781939, 1.015925644,
2182.453645107, 1.016193847,
2182.474076690, 1.015943720,
2182.494508273, 1.016370882,
2182.514939956, 1.016125249,
2182.535371439, 1.016058702,
2182.576234705, 1.016026926,
2182.596666187, 1.016196429,
2182.617097870, 1.016514590,
2182.637529452, 1.016146866,
2182.657960934, 1.015987286,
2182.678392616, 1.016457849,
2182.698824198, 1.016557526,
2182.719255680, 1.017059447,
2182.739687361, 1.016442542,
2182.800982105, 1.016249025,
2182.821413685, 1.016548857,
2182.841845166, 1.016834325,
2182.862276846, 1.016439401,
2182.882708427, 1.016785758,
2182.903140107, 1.016520740,
2182.923571587, 1.016600300,
2182.964434847, 1.016506436,
2182.984866327, 1.016556423,
2183.005297906, 1.016639005,
2183.025729585, 1.016552868,
2183.046161165, 1.016986085,
2183.066592644, 1.016955334,
2183.087024323, 1.016691792,
2183.107455901, 1.017170824,
2183.127887380, 1.016912238,
2183.148319059, 1.016608448,
2183.189182115, 1.016748269,
2183.209613793, 1.016959810,
2183.230045271, 1.017008762,
2183.250476949, 1.017025965,
2183.291340004, 1.016847135,
2183.311771681, 1.017101726,
2183.332203258, 1.016879571,
2183.352634735, 1.016942036,
2183.373066412, 1.017088935,
2183.393497989, 1.017483058,
2183.413929565, 1.017662120,
2183.434361142, 1.017180530,
2183.454792718, 1.017520265,
2183.475224294, 1.017341309,
2183.495655870, 1.017381690,
2183.536519022, 1.017566993,
2183.556950697, 1.017788118,
2183.577382173, 1.017660594,
2183.597813848, 1.017446197,
2183.618245423, 1.017974212,
2183.638676898, 1.017636890,
2183.659108573, 1.017534897,
2183.679540148, 1.017850494,
2183.699971622, 1.018178350,
2183.720403297, 1.017845098,
2183.740834871, 1.018125356,
2183.781698019, 1.017991024,
2183.802129593, 1.017837975,
2183.822561067, 1.017919305,
2183.842992741, 1.017648076,
2183.863424314, 1.018138907,
2183.883855888, 1.017906567,
2183.904287461, 1.017592822,
2183.924719034, 1.017936946,
2183.945150607, 1.018127422,
2183.965582180, 1.017955088,
2183.986013752, 1.017913859,
2184.006445325, 1.017856970,
2184.026876897, 1.017962655,
2184.047308469, 1.018170418,
2184.067740141, 1.018256658,
2184.088171613, 1.017825924,
2184.108603185, 1.018017599,
2184.129034857, 1.018511957,
2184.149466329, 1.018465249,
2184.169897900, 1.018063616,
2184.190329571, 1.018202245,
2184.210761042, 1.018258192,
2184.272055755, 1.018012554,
2184.292487426, 1.017931478,
2184.312918996, 1.018471388,
2184.333350467, 1.018282034,
2184.353782137, 1.018295071,
2184.374213707, 1.018195257,
2184.394645277, 1.018399580,
2184.415076847, 1.017876053,
2184.435508417, 1.018091548,
2184.455939986, 1.018442173,
2184.476371556, 1.018748870,
2184.496803125, 1.019250925,
2184.517234694, 1.018619071,
2184.537666363, 1.018708583,
2184.558097832, 1.018302943,
2184.578529401, 1.018710992,
2184.598961070, 1.018649049,
2184.619392538, 1.018419523,
2184.639824207, 1.018758625,
2184.660255675, 1.018355686,
2184.680687243, 1.019066489,
2184.701118911, 1.018856074,
2184.721550379, 1.018509492,
2184.741981947, 1.019115258,
2184.762413614, 1.019273886,
2184.782845082, 1.019249469,
2184.803276649, 1.019028877,
2184.823708317, 1.019210251,
2184.844139784, 1.019427767,
2184.864571351, 1.019281201,
2184.885003018, 1.019190707,
2184.905434585, 1.018772143,
2184.925866051, 1.018939939,
2184.946297718, 1.019119790,
2184.966729284, 1.018873070,
2185.007592417, 1.018858212,
2185.028023983, 1.019311786,
2185.048455648, 1.019576561,
2185.068887114, 1.019381588,
2185.089318680, 1.019501712,
2185.130181811, 1.019496811,
2185.150613376, 1.019520976,
2185.171045041, 1.019113598,
2185.191476506, 1.019236131,
2185.211908071, 1.019327850,
2185.252771201, 1.019713404,
2185.293634430, 1.019316058,
2185.314065894, 1.019797029,
2185.334497558, 1.019454130,
2185.354929023, 1.019626257,
2185.375360687, 1.019852347,
2185.395792250, 1.019175438,
2185.416223814, 1.019176915,
2185.436655278, 1.019754861,
2185.497949968, 1.018977682,
2185.518381631, 1.019116649,
2185.538813194, 1.019156204,
2185.579676320, 1.018827736,
2185.600107883, 1.019411443,
2185.620539545, 1.019580187,
2185.640971008, 1.020773058,
2185.661402570, 1.019988842,
2185.681834232, 1.020211538,
2185.702265694, 1.020081002,
2185.722697256, 1.020422710,
2185.743128918, 1.020969902,
2185.763560380, 1.020672569,
2185.783991942, 1.020379771,
2185.804423603, 1.020418049,
2185.824855065, 1.020322802,
2185.845286626, 1.020414621,
2185.865718287, 1.020541343,
2185.886149848, 1.020810295,
2185.906581309, 1.020473881,
2185.927012970, 1.020850620,
2185.947444531, 1.020518318,
2185.967876092, 1.020405725,
2185.988307652, 1.020664836,
2186.008739213, 1.020654007,
2186.029170773, 1.020757837,
2186.049602333, 1.021155454,
2186.070033793, 1.020467855,
2186.090465453, 1.021056370,
2186.110897013, 1.020925770,
2186.131328473, 1.020676613,
2186.151760132, 1.020958173,
2186.172191692, 1.020978999,
2186.192623151, 1.021170924,
2186.213054811, 1.021228782,
2186.233486370, 1.020961998,
2186.253917929, 1.021073457,
2186.274349488, 1.021185581,
2186.294781047, 1.021076900,
2186.315212706, 1.021723843,
2186.335644165, 1.020847375,
2186.356075723, 1.021092938,
2186.376507382, 1.020953288,
2186.396938840, 1.021298204,
2186.417370398, 1.021209211,
2186.437802056, 1.021136457,
2186.458233615, 1.021294301,
2186.478665073, 1.021566552,
2186.499096730, 1.021048213,
2186.519528288, 1.021480301,
2186.539959746, 1.021139985,
2186.560391403, 1.021345422,
2186.580822961, 1.021431960,
2186.601254618, 1.021451761,
2186.621686075, 1.021578103,
2186.642117632, 1.021427150,
2186.662549289, 1.021288157,
2186.682980746, 1.021494212,
2186.723843860, 1.021230873,
2186.764706973, 1.021238229,
2186.785138529, 1.021249520,
2186.805570086, 1.021622219,
2186.826001642, 1.021650572,
2186.846433198, 1.021366780,
2186.866864754, 1.021320497,
2186.887296310, 1.021923125,
2186.907727866, 1.021614911,
2186.928159422, 1.021583942,
2186.948591077, 1.021760676,
2186.969022633, 1.021625900,
2186.989454088, 1.021440195,
2187.009885744, 1.021496751,
2187.030317299, 1.021478983,
2187.050748754, 1.022041410,
2187.071180409, 1.021244258,
2187.091611964, 1.021499262,
2187.112043419, 1.022012680,
2187.132475074, 1.021305606,
2187.152906628, 1.022056095,
2187.173338083, 1.021715365,
2187.214201292, 1.021861312,
2187.234632746, 1.021966393,
2187.255064400, 1.022038125,
2187.275495954, 1.021737178,
2187.295927608, 1.021819545,
2187.316359062, 1.021694250,
2187.336790616, 1.021618546,
2187.357222270, 1.021939103,
2187.377653723, 1.021876344,
2187.398085277, 1.022170177,
2187.418516930, 1.021672363,
2187.438948383, 1.022012345,
2187.459379937, 1.022100488,
2187.479811590, 1.021603549,
2187.500243043, 1.022090508,
2187.520674596, 1.021705528,
2187.541106249, 1.022466793,
2187.561537701, 1.022103312,
2187.581969354, 1.022144288,
2187.602400907, 1.022262579,
2187.622832359, 1.021869962,
2187.643264012, 1.022043361,
2187.663695564, 1.021807739,
2187.684127016, 1.022098657,
2187.704558669, 1.022284892,
2187.724990221, 1.022347298,
2187.745421673, 1.021669957,
2187.765853325, 1.022522499,
2187.786284876, 1.022345451,
2187.806716428, 1.021836061,
2187.827147980, 1.022179844,
2187.847579531, 1.022254271,
2187.868011183, 1.022162909,
2187.888442634, 1.022358899,
2187.908874185, 1.022563394,
2187.929305837, 1.022647019,
2187.949737388, 1.022950367,
2187.970168839, 1.022056659,
2187.990600490, 1.022921364,
2188.011032041, 1.022363332,
2188.031463491, 1.022538826,
2188.051895142, 1.022703718,
2188.072326693, 1.022531661,
2188.092758143, 1.022840716,
2188.133621344, 1.022537599,
2188.154052794, 1.022672183,
2188.174484445, 1.022952406,
2188.194915895, 1.022533755,
2188.215347545, 1.022868426,
2188.235779095, 1.022706050,
2188.256210545, 1.022813600,
2188.276642194, 1.022637184,
2188.297073744, 1.022823409,
2188.317505294, 1.023020168,
2188.337936843, 1.023678223,
2188.358368393, 1.022935023,
2188.378799942, 1.022849152,
2188.399231491, 1.022653208,
2188.419663041, 1.022788813,
2188.440094590, 1.022421651,
2188.460526239, 1.023234339,
2188.480957688, 1.022828008,
2188.501389337, 1.023160360,
2188.521820886, 1.022989508,
2188.542252334, 1.023149345,
2188.562683983, 1.023830866,
2188.583115532, 1.023353682,
2188.603546980, 1.023249167,
2188.623978629, 1.023051832,
2188.644410177, 1.023382691,
2188.664841625, 1.023562396,
2188.685273274, 1.023359459,
2188.705704822, 1.023554829,
2188.726136270, 1.023415843,
2188.766999466, 1.023214498,
2188.807862561, 1.023600653,
2188.828294109, 1.023894016,
2188.848725657, 1.023832206,
2188.869157204, 1.023606262,
2188.889588752, 1.023946665,
2188.910020299, 1.023835986,
2188.930451846, 1.023855899,
2188.950883394, 1.023375258,
2188.971315041, 1.024380276,
2188.991746488, 1.024130441,
2189.012178035, 1.024136078,
2189.032609682, 1.023931187,
2189.053041129, 1.024294883,
2189.093904322, 1.024135134,
2189.114335769, 1.024198125,
2189.134767416, 1.024381895,
2189.196062055, 1.024671724,
2189.216493602, 1.024486459,
2189.236925048, 1.024581287,
2189.257356694, 1.024292324,
2189.277788240, 1.024227007,
2189.298219786, 1.024776947,
2189.339082878, 1.024929481,
2189.359514424, 1.024503441,
2189.379945970, 1.024828237,
2189.400377516, 1.024868408,
2189.420809161, 1.024337981,
2189.441240707, 1.024516935,
2189.461672152, 1.024856273,
2189.482103798, 1.024922078,
2189.502535343, 1.024941872,
2189.522966789, 1.025227315,
2189.543398434, 1.025181200,
2189.563829979, 1.025030736,
2189.584261424, 1.025164881,
2189.604693069, 1.025242471,
2189.625124514, 1.025575221,
2189.645556059, 1.025166799,
2189.665987704, 1.024985603,
2189.686419149, 1.024826462,
2189.706850794, 1.025191352,
2189.727282338, 1.025025064,
2189.768145428, 1.025504928,
2189.788576972, 1.025367503,
2189.809008517, 1.025444025,
2189.829440061, 1.025754247,
2189.849871605, 1.025531064,
2189.870303150, 1.026096385,
2189.890734694, 1.025400979,
2189.911166238, 1.025556313,
2189.931597782, 1.025964960,
2189.952029426, 1.025884552,
2189.972460870, 1.026181810,
2189.992892514, 1.025796375,
2190.013324058, 1.025494603,
2190.033755502, 1.025875558,
2190.054187146, 1.026160786,
2190.074618689, 1.025498912,
2190.095050133, 1.025725711,
2190.115481776, 1.025949883,
2190.135913320, 1.025919617,
2190.156344763, 1.026001129,
2190.176776407, 1.026311268,
2190.197207950, 1.025676370,
2190.217639394, 1.026153024,
2190.238071037, 1.026084718,
2190.258502480, 1.026306297,
2190.278934123, 1.025925109,
2190.299365666, 1.026229350,
2190.319797109, 1.026080578,
2190.340228752, 1.026519587,
2190.360660295, 1.026070151,
2190.381091838, 1.026310935,
2190.401523381, 1.026221303,
2190.421954923, 1.026471865,
2190.442386466, 1.026143335,
2190.462818009, 1.026165177,
2190.483249551, 1.026461337,
2190.503681094, 1.026310493,
2190.524112736, 1.026390932,
2190.544544179, 1.026358021,
2190.564975821, 1.026226603,
2190.585407364, 1.026298370,
2190.605838806, 1.026534326,
2190.646701990, 1.026534803,
2190.667133432, 1.025922158,
2190.687565074, 1.026516429,
2190.707996617, 1.026241976,
2190.728428058, 1.027080709,
2190.748859700, 1.026604044,
2190.769291242, 1.026932424,
2190.789722784, 1.026554713,
2190.810154326, 1.026379133,
2190.830585868, 1.026703314,
2190.851017509, 1.026454571,
2190.871448951, 1.026485474,
2190.891880493, 1.026438234,
2190.912312134, 1.027110190,
2190.932743576, 1.026607719,
2190.953175117, 1.026935903,
2190.973606758, 1.026935552,
2190.994038200, 1.026786204,
2191.014469741, 1.027093366,
2191.034901383, 1.026842651,
2191.055332824, 1.026974175,
2191.075764365, 1.027419441,
2191.096196006, 1.027050184,
2191.137059088, 1.027134701,
2191.157490629, 1.027229201,
2191.177922070, 1.026988528,
2191.198353711, 1.027157458,
2191.218785252, 1.026930359,
2191.239216693, 1.027387729,
2191.259648334, 1.027311693,
2191.280079874, 1.027335107,
2191.300511315, 1.027385157,
2191.320942956, 1.027884845,
2191.341374496, 1.026821950,
2191.361806037, 1.027388228,
2191.382237577, 1.027760895,
2191.402669118, 1.027398846,
2191.423100758, 1.027266452,
2191.443532299, 1.027867054,
2191.463963739, 1.027893284,
2191.484395380, 1.027825038,
2191.504826920, 1.027290145,
2191.525258360, 1.027647667,
2191.545690001, 1.027414941,
2191.566121541, 1.027703197,
2191.586552981, 1.027784774,
2191.627416061, 1.027908722,
2191.647847601, 1.027775770,
2191.668279241, 1.029088651,
2191.688710781, 1.028400295,
2191.709142321, 1.027856124,
2191.729573861, 1.027741851,
2191.750005301, 1.028187221,
2191.770436941, 1.028146935,
2191.811299920, 1.028179213,
2191.831731560, 1.028362513,
2191.852163100, 1.027819220,
2191.872594639, 1.027877874,
2191.893026179, 1.028061613,
2191.913457719, 1.028230668,
2191.933889358, 1.028453094,
2191.954320798, 1.028349485,
2191.974752337, 1.028176050,
2192.015615516, 1.028445293,
2192.036046955, 1.029091622,
2192.056478595, 1.028508565,
2192.076910134, 1.028466378,
2192.117773213, 1.028661225,
2192.138204752, 1.028838523,
2192.158636191, 1.028702323,
2192.179067830, 1.028853772,
2192.199499369, 1.028617584,
2192.219931009, 1.028548028,
2192.240362448, 1.029213586,
2192.260793987, 1.028470277,
2192.281225626, 1.028461509,
2192.301657065, 1.028376619,
2192.322088604, 1.028560204,
2192.342520243, 1.028991223,
2192.362951682, 1.028852606,
2192.383383220, 1.028688080,
2192.403814759, 1.028910318,
2192.424246298, 1.028323866,
2192.444677837, 1.029284748,
2192.465109376, 1.029127034,
2192.485540914, 1.028927674,
2192.505972553, 1.029672515,
2192.526404092, 1.028451232,
2192.546835531, 1.029312783,
2192.567267169, 1.028938292,
2192.608130146, 1.029333701,
2192.628561785, 1.029000034,
2192.648993324, 1.029096265,
2192.669424762, 1.028869344,
2192.689856401, 1.028833139,
2192.710287939, 1.029340412,
2192.730719578, 1.028838124,
2192.751151016, 1.029655174,
2192.771582554, 1.029222828,
2192.792014193, 1.029532274,
2192.812445631, 1.029366141,
2192.853308808, 1.030124231,
2192.873740246, 1.030212647,
2192.894171785, 1.029906155,
2192.914603423, 1.029729390,
2192.935034861, 1.029470490,
2192.955466399, 1.029919820,
2192.975898038, 1.029399373,
2192.996329476, 1.029603189,
2193.016761114, 1.029569576,
2193.037192652, 1.029306587,
2193.057624190, 1.029238461,
2193.098487266, 1.029806472,
2193.139350343, 1.030046889,
2193.159781881, 1.029708785,
2193.180213319, 1.030019189,
2193.200644957, 1.029740574,
2193.221076495, 1.029745701,
2193.241508133, 1.030094896,
2193.261939571, 1.029697396,
2193.282371109, 1.030074937,
2193.302802747, 1.030003524,
2193.343665722, 1.029660201,
2193.364097360, 1.029891877,
2193.384528798, 1.030294321,
2193.404960336, 1.030299945,
2193.425391974, 1.030777406,
2193.445823412, 1.030340765,
2193.466254950, 1.030181351,
2193.507118125, 1.030128816,
2193.527549663, 1.030031390,
2193.547981201, 1.029933668,
2193.588844276, 1.030165261,
2193.609275814, 1.030267118,
2193.629707352, 1.030433994,
2193.650138989, 1.030754334,
2193.670570427, 1.030796586,
2193.691001965, 1.030808310,
2193.711433603, 1.030472945,
2193.731865040, 1.031134682,
2193.752296578, 1.030618514,
2193.772728116, 1.030422431,
2193.793159653, 1.030478238,
2193.834022729, 1.029998919,
2193.854454266, 1.030640271,
2193.874885904, 1.030600046,
2193.895317341, 1.030950806,
2193.915748879, 1.030988455,
2193.936180517, 1.030537715,
2193.956611954, 1.030788916,
2193.977043492, 1.030928439,
2193.997475129, 1.030778259,
2194.017906567, 1.031122634,
2194.079201280, 1.031347689,
2194.099632817, 1.030861142,
2194.120064355, 1.030921019,
2194.140495892, 1.031001612,
2194.160927530, 1.030778278,
2194.181358967, 1.031306564,
2194.201790505, 1.031108621,
2194.222222142, 1.031385390,
2194.263085117, 1.030587072,
2194.283516755, 1.031402370,
2194.303948193, 1.031231987,
2194.324379830, 1.031125976,
2194.344811368, 1.031422387,
2194.365242805, 1.031270913,
2194.385674443, 1.031120789,
2194.406105880, 1.031503646,
2194.426537418, 1.030921566,
2194.446969055, 1.031413497,
2194.467400493, 1.031449128,
2194.487832030, 1.030671692,
2194.508263668, 1.031441599,
2194.528695205, 1.030354048,
2194.569558280, 1.031630871,
2194.589989818, 1.031288754,
2194.610421355, 1.031570240,
2194.630852893, 1.031442133,
2194.651284430, 1.031610241,
2194.671716068, 1.031665330,
2194.692147505, 1.031522943,
2194.712579043, 1.031435167,
2194.733010681, 1.031603008,
2194.753442118, 1.031231375,
2194.814736731, 1.030931580,
2194.855599906, 1.031913200,
2194.896462981, 1.031992749,
2194.916894519, 1.032001213,
2194.937325956, 1.032462625,
2194.957757594, 1.031575604,
2194.978189131, 1.032222528,
2194.998620669, 1.032143949,
2195.080346820, 1.032554599,
2195.100778357, 1.031965262,
2195.121209895, 1.032055843,
2195.141641433, 1.032050098,
2195.162072970, 1.032621303,
2195.182504508, 1.032196877,
2195.202936046, 1.031876855,
2195.223367583, 1.032067968,
2195.243799221, 1.032026899,
2195.264230659, 1.031416990,
2195.284662297, 1.032104610,
2195.305093834, 1.032732246,
2195.325525272, 1.031704004,
2195.345956910, 1.031905920,
2195.366388448, 1.032373984,
2195.386819886, 1.032234522,
2195.407251523, 1.032444754,
2195.427683061, 1.032702123,
2195.448114499, 1.032314349,
2195.468546137, 1.032173748,
2195.488977675, 1.032642114,
2195.509409313, 1.032759340,
2195.550272288, 1.032429904,
2195.570703926, 1.032594889,
2195.591135364, 1.032484341,
2195.611566902, 1.032490029,
2195.631998540, 1.032533535,
2195.652429978, 1.032679369,
2195.672861516, 1.032505755,
2195.693293154, 1.032438507,
2195.713724692, 1.032403795,
2195.734156230, 1.032908954,
2195.754587769, 1.032867204,
2195.795450845, 1.033145486,
2195.836313821, 1.032834149,
2195.856745459, 1.032905012,
2195.877176997, 1.032615108,
2195.897608436, 1.032423046,
2195.918040074, 1.033001796,
2195.938471612, 1.033292659,
2195.958903250, 1.032810813,
2195.979334689, 1.032842497,
2195.999766227, 1.033213632,
2196.040629304, 1.032635938,
2196.061060842, 1.032941132,
2196.081492480, 1.033050721,
2196.101923919, 1.032987084,
2196.122355457, 1.033144445,
2196.142787096, 1.033262941,
2196.163218534, 1.033122062,
2196.183650073, 1.033584036,
2196.204081711, 1.032774383,
2196.244944788, 1.033865453,
2196.285807865, 1.033287994,
2196.306239404, 1.033341582,
2196.326670943, 1.033762507,
2196.347102481, 1.033464033,
2196.367534120, 1.033438486,
2196.387965559, 1.033860605,
2196.408397098, 1.033571920,
2196.428828636, 1.033761755,
2196.449260175, 1.033291606,
2196.469691814, 1.034115165,
2196.490123253, 1.034413177,
2196.530986431, 1.033719218,
2196.551417870, 1.033704084,
2196.571849409, 1.033695944,
2196.592281048, 1.034003921,
2196.612712487, 1.034032474,
2196.633144026, 1.033487308,
2196.653575665, 1.033876549,
2196.674007104, 1.033778375,
2196.694438743, 1.034404319,
2196.714870283, 1.034778300,
2196.735301822, 1.034021381,
2196.776164900, 1.034051717,
2196.796596440, 1.034407176,
2196.817027979, 1.034151870,
2196.837459518, 1.034703247,
2196.857891058, 1.034463851,
2196.878322697, 1.034196066,
2196.898754137, 1.034476929,
2196.919185776, 1.034973069,
2196.939617316, 1.034975957,
2196.960048755, 1.034579140,
2197.021343374, 1.034568415,
2197.062206554, 1.034260733,
2197.082637993, 1.034437923,
2197.103069633, 1.034422255,
2197.123501173, 1.034590909,
2197.143932813, 1.035178282,
2197.164364253, 1.034801742,
2197.184795693, 1.034802049,
2197.205227333, 1.034716219,
2197.266521953, 1.035314455,
2197.286953493, 1.035443638,
2197.307385033, 1.035722577,
2197.327816574, 1.035105190,
2197.348248114, 1.035211933,
2197.368679754, 1.035293204,
2197.389111295, 1.034996367,
2197.409542735, 1.035234746,
2197.429974375, 1.035137319,
2197.450405916, 1.034876440,
2197.470837356, 1.035284784,
2197.593426800, 1.035464542,
2197.613858241, 1.035658941,
2197.634289782, 1.035227617,
2197.654721423, 1.035524617,
2197.675152864, 1.035756726,
2197.695584405, 1.035539008,
2197.716016046, 1.035027616,
2197.756879028, 1.035907794,
2197.777310669, 1.036088918,
2197.797742110, 1.036395579,
2197.818173751, 1.036247765,
2197.838605193, 1.036554143,
2197.859036834, 1.036345382,
2197.879468375, 1.036015381,
2197.899899817, 1.036025875,
2197.920331358, 1.036286225,
2197.940763000, 1.035609427,
2198.002057624, 1.035779746,
2198.022489166, 1.037606426,
2198.042920708, 1.036168782,
2198.063352250, 1.036517816,
2198.083783791, 1.036356739,
2198.104215433, 1.036285076,
2198.124646875, 1.036405832,
2198.145078417, 1.036039564,
2198.165510059, 1.036526836,
2198.185941501, 1.036460965,
2198.206373043, 1.036184138,
2198.247236128, 1.036477929,
2198.267667770, 1.036487981,
2198.288099312, 1.036567721,
2198.308530755, 1.036868645,
2198.328962397, 1.036558058,
2198.349393940, 1.036615205,
2198.369825482, 1.036727413,
2198.390257025, 1.036377820,
2198.410688567, 1.036738102,
2198.451551653, 1.036340116,
2198.512846281, 1.036641191,
2198.533277824, 1.037092440,
2198.574140910, 1.036940305,
2198.594572453, 1.036609981,
2198.615004097, 1.037067579,
2198.655867083, 1.036992816,
2198.676298726, 1.036955125,
2198.696730170, 1.037088083,
2198.737593357, 1.036831221,
2198.758024800, 1.036916882,
2198.778456444, 1.037149623,
2198.798887988, 1.036960245,
2198.819319431, 1.037116548,
2198.839751075, 1.037103891,
2198.860182619, 1.037079642,
2198.880614063, 1.036969957,
2198.901045707, 1.037340984,
2198.921477251, 1.037321056,
2198.941908895, 1.037332138,
2199.003203528, 1.037432407,
2199.023635072, 1.037236995,
2199.044066516, 1.037315835,
2199.064498161, 1.037491549,
2199.084929705, 1.037229918,
2199.105361250, 1.037407957,
2199.125792795, 1.037642161,
2199.146224339, 1.037641596,
2199.166655884, 1.037519711,
2199.187087429, 1.037394456,
2199.227950519, 1.037616268,
2199.248382064, 1.037541875,
2199.268813509, 1.037832727,
2199.289245154, 1.037457509,
2199.309676699, 1.038029738,
2199.330108344, 1.037390163,
2199.350539790, 1.037826293,
2199.370971335, 1.037418552,
2199.391402981, 1.037657316,
2199.411834426, 1.037826981,
2199.432265972, 1.037993479,
2199.452697618, 1.037549537,
2199.473129063, 1.037898960,
2199.493560609, 1.037628675,
2199.513992255, 1.037954711,
2199.534423701, 1.037683095,
2199.554855347, 1.037707628,
2199.575286893, 1.038109942,
2199.595718439, 1.038022928,
2199.616149985, 1.038170912,
2199.636581532, 1.037745012,
2199.657013078, 1.037908320,
2199.677444624, 1.037661572,
2199.718307717, 1.037824202,
2199.738739364, 1.038268957,
2199.759170811, 1.037997049,
2199.779602458, 1.038135451,
2199.800034004, 1.038008228,
2199.820465451, 1.037538657,
2199.840897098, 1.038008688,
2199.861328545, 1.038114271,
2199.881760093, 1.038057776,
2199.902191740, 1.038198944,
2199.922623187, 1.038099932,
2199.963486382, 1.038702128,
2199.983917829, 1.037915730,
2200.004349477, 1.038185241,
2200.024781024, 1.038057835,
2200.045212472, 1.038092256,
2200.086075668, 1.038009033,
2200.106507216, 1.038316208,
2200.126938764, 1.037980755,
2200.147370312, 1.038087500,
2200.167801960, 1.038149758,
2200.208664957, 1.038144559,
2200.229096605, 1.038422511,
2200.249528153, 1.038187389,
2200.269959602, 1.038232100,
2200.290391251, 1.038087020,
2200.310822799, 1.038069518,
2200.331254248, 1.038487729,
2200.351685897, 1.038605301,
2200.372117446, 1.038367836,
2200.392549095, 1.038190513,
2200.453843743, 1.038508149,
2200.474275192, 1.038287936,
2200.494706741, 1.038131265,
2200.515138291, 1.038171855,
2200.535569840, 1.038365162,
2200.556001390, 1.038333083,
2200.576432940, 1.037897421,
2200.596864490, 1.038199430,
2200.617296139, 1.038445495,
2200.637727590, 1.038820440,
2200.658159140, 1.038871349,
2200.699022240, 1.038254968,
2200.719453790, 1.038578357,
2200.739885441, 1.038372844,
2200.760316891, 1.038777057,
2200.780748442, 1.038129808,
2200.801180092, 1.038545291,
2200.821611643, 1.038795554,
2200.842043194, 1.038356637,
2200.862474745, 1.038513575,
2200.882906296, 1.038437178,
2200.903337947, 1.038578506,
2200.944200949, 1.038315561,
2200.964632601, 1.038175606,
2200.985064052, 1.038710227,
2201.005495704, 1.038317637,
2201.025927255, 1.038578509,
2201.046358707, 1.038422039,
2201.066790359, 1.038469652,
2201.087221911, 1.038404582,
2201.107653363, 1.038582416,
2201.128085015, 1.038389939,
2201.148516567, 1.038466803,
2201.189379671, 1.038646298,
2201.209811224, 1.038733517,
2201.230242776, 1.038437973,
2201.250674329, 1.038696659,
2201.271105881, 1.038539834,
2201.291537434, 1.038919760,
2201.311968987, 1.038771234,
2201.332400540, 1.038403676,
2201.352832093, 1.038889105,
2201.373263646, 1.038560579,
2201.393695199, 1.038761611,
2201.434558306, 1.038850614,
2201.454989960, 1.038546387,
2201.475421513, 1.038679126,
2201.495852967, 1.038581708,
2201.516284621, 1.038740744,
2201.536716175, 1.038888361,
2201.557147628, 1.038741534,
2201.577579283, 1.039030875,
2201.598010837, 1.038841292,
2201.618442291, 1.039059287,
2201.638873945, 1.038753112,
2201.659305500, 1.039020703,
2201.679737154, 1.039027471,
2201.700168609, 1.039097566,
2201.720600164, 1.039274428,
2201.741031818, 1.038516086,
2201.761463273, 1.038752043,
2201.781894828, 1.038693638,
2201.822757939, 1.039092855,
2201.843189594, 1.038540084,
2201.863621149, 1.038646092,
2201.884052605, 1.039210503,
2201.924915716, 1.038914786,
2201.945347272, 1.039215095,
2201.965778928, 1.038900327,
2201.986210484, 1.038775947,
2202.006641940, 1.038788894,
2202.027073596, 1.038740436,
2202.047505153, 1.038483210,
2202.067936709, 1.038392132,
2202.088368266, 1.038886066,
2202.108799822, 1.038815460,
2202.129231479, 1.038868218,
2202.170094493, 1.038622297,
2202.190526150, 1.039215771,
2202.210957607, 1.039171671,
2202.231389164, 1.038496682,
2202.251820821, 1.038819058,
2202.272252279, 1.039062885,
2202.292683936, 1.038853056,
2202.313115494, 1.039203044,
2202.333546952, 1.039033700,
2202.353978610, 1.038672977,
2202.374410168, 1.037506955,
2202.415273284, 1.038830994,
2202.435704842, 1.039168887,
2202.456136501, 1.038774230,
2202.476567959, 1.039195263,
2202.496999518, 1.038564975,
2202.517431076, 1.039688696,
2202.537862635, 1.038682041,
2202.558294194, 1.039055402,
2202.578725753, 1.038916036,
2202.660451990, 1.038699347,
2202.701315210, 1.038839647,
2202.721746669, 1.039517112,
2202.742178329, 1.039262208,
2202.762609889, 1.038799708,
2202.783041349, 1.038798847,
2202.803473010, 1.039027666,
2202.823904570, 1.039085308,
2202.844336031, 1.039874474,
2202.864767691, 1.039284630,
2202.926062373, 1.039158249,
2202.946493935, 1.039210512,
2202.966925596, 1.038851634,
2202.987357057, 1.038797881,
2203.007788618, 1.039051754,
2203.028220280, 1.038874415,
2203.048651741, 1.039150638,
2203.069083403, 1.038866368,
2203.089514965, 1.038789025,
2203.109946527, 1.039708740,
2203.150809651, 1.039063381,
2203.171241213, 1.039198913,
2203.191672776, 1.039144462,
2203.212104338, 1.039444368,
2203.232535901, 1.039038115,
2203.252967464, 1.039164265,
2203.293830689, 1.039487613,
2203.314262152, 1.039350545,
2203.334693716, 1.039223509,
2203.355125379, 1.039181101,
2203.395988406, 1.039179024,
2203.416420070, 1.039589757,
2203.436851534, 1.039411224,
2203.457283097, 1.039483353,
2203.477714762, 1.039360159,
2203.498146226, 1.039087203,
2203.518577890, 1.039576918,
2203.539009454, 1.039443641,
2203.559440919, 1.038978989,
2203.579872584, 1.039102891,
2203.600304148, 1.039291803,
2203.641167278, 1.039122794,
2203.661598843, 1.039633210,
2203.682030509, 1.039610969,
2203.702461974, 1.039128149,
2203.722893540, 1.039252511,
2203.743325205, 1.039354906,
2203.763756771, 1.039444179,
2203.784188237, 1.039498234,
2203.804619903, 1.039480799,
2203.825051469, 1.039350555,
2203.845482935, 1.039975243,
2203.886346168, 1.039015848,
2203.906777735, 1.039335393,
2203.927209301, 1.039555333,
2203.947640768, 1.039540934,
2203.968072435, 1.039425635,
2203.988504002, 1.039236472,
2204.008935470, 1.039621238,
2204.029367137, 1.039397249,
2204.049798705, 1.039257056,
2204.070230172, 1.039441184,
2204.090661840, 1.039499835,
2204.131525076, 1.039409828,
2204.151956544, 1.038749010,
2204.172388112, 1.039111534,
2204.192819781, 1.039550086,
2204.213251249, 1.039229470,
2204.233682818, 1.039344901,
2204.254114487, 1.039541454,
2204.274546056, 1.039250968,
2204.294977625, 1.039470490,
2204.315409194, 1.039800672,
2204.335840763, 1.039501520,
2204.376703902, 1.039627551,
2204.397135472, 1.039289830,
2204.417567042, 1.039415494,
2204.437998612, 1.039483145,
2204.458430182, 1.039308124,
2204.478861852, 1.039198041,
2204.499293323, 1.039112351,
2204.519724993, 1.039881944,
2204.540156464, 1.039540907,
2204.560588035, 1.039873368,
2204.621882748, 1.039152192,
2204.642314419, 1.039646204,
2204.662745891, 1.039491613,
2204.683177562, 1.039097489,
2204.703609134, 1.039645402,
2204.724040606, 1.039155594,
2204.744472278, 1.039424182,
2204.764903850, 1.039451380,
2204.785335322, 1.039322165,
2204.805766995, 1.039533626,
2204.826198567, 1.039735298,
2204.867061713, 1.039667884,
2204.907924959, 1.038893279,
2204.928356532, 1.039356737,
2204.948788005, 1.039393504,
2204.969219679, 1.039472414,
2204.989651253, 1.039090984,
2205.010082726, 1.039386345,
2205.030514400, 1.039210121,
2205.050945974, 1.039580847,
2205.071377449, 1.039664839,
2205.112240697, 1.039547929,
2205.132672372, 1.039416557,
2205.153103847, 1.039145750,
2205.173535422, 1.039756861,
2205.193966997, 1.039430986,
2205.214398572, 1.039540235,
2205.234830148, 1.039400888,
2205.255261723, 1.039626488,
2205.275693299, 1.040169741,
2205.296124974, 1.039275444,
2205.316556450, 1.039504707,
2205.357419703, 1.039931922,
2205.377851179, 1.039549823,
2205.398282756, 1.039475464,
2205.418714432, 1.039818646,
2205.439145909, 1.039720964,
2205.459577486, 1.039575808,
2205.480009163, 1.039813076,
2205.500440740, 1.039670974,
2205.520872318, 1.039682591,
2205.541303895, 1.039253560,
2205.561735473, 1.039894359,
2205.602598629, 1.039285365,
2205.623030207, 1.039813444,
2205.643461885, 1.039539305,
2205.663893364, 1.039489518,
2205.684324942, 1.039297953,
2205.704756621, 1.039635096,
2205.725188100, 1.039694916,
2205.766051358, 1.039508900,
2205.786482837, 1.039455047,
2205.847777576, 1.039408276,
2205.868209256, 1.039605399,
2205.888640836, 1.039357527,
2205.909072416, 1.039275667,
2205.929503997, 1.039748947,
2205.949935477, 1.039939772,
2205.970367158, 1.039557659,
2205.990798739, 1.039768318,
2206.011230320, 1.039703100,
2206.031661901, 1.039641263,
2206.052093482, 1.039461943,
2206.113388227, 1.039428664,
2206.133819909, 1.039507140,
2206.154251491, 1.039603182,
2206.174682973, 1.039477992,
2206.195114656, 1.039615528,
2206.215546238, 1.039377937,
2206.235977721, 1.039689765,
2206.256409404, 1.039623316,
2206.276840987, 1.039631131,
2206.338135737, 1.039651607,
2206.358567421, 1.040047297,
2206.378998904, 1.039827334,
2206.399430488, 1.039481715,
2206.419862172, 1.040231800,
2206.440293657, 1.039724592,
2206.460725241, 1.039090474,
2206.481156926, 1.039503742,
2206.501588410, 1.039612041,
2206.522020095, 1.039551658,
2206.542451680, 1.039769026,
2206.583314851, 1.039968294,
2206.603746337, 1.039598386,
2206.624177922, 1.039992798,
2206.644609608, 1.039705442,
2206.665041094, 1.039419813,
2206.685472680, 1.039896950,
2206.705904367, 1.039844343,
2206.726335953, 1.040040600,
2206.746767540, 1.039983821,
2206.767199127, 1.039870112,
2206.787630714, 1.039901168,
2206.828493888, 1.039550027,
2206.848925476, 1.039760949,
2206.869357164, 1.039933002,
2206.889788651, 1.039622514,
2206.910220339, 1.040264426,
2206.930651928, 1.039848419,
2206.951083416, 1.040096292,
2206.971515104, 1.039574369,
2206.991946693, 1.039705774,
2207.012378182, 1.040061059,
2207.032809871, 1.040203435,
2207.073672949, 1.039805502,
2207.114536229, 1.039696840,
2207.134967918, 1.040287488,
2207.155399408, 1.039986591,
2207.175830999, 1.039892125,
2207.196262689, 1.039812302,
2207.216694179, 1.039831308,
2207.237125770, 1.040207476,
2207.257557361, 1.039922231,
2207.277989052, 1.040004897,
2207.318852235, 1.040393787,
2207.339283726, 1.040218962,
2207.359715418, 1.040161063,
2207.380147010, 1.040102104,
2207.400578502, 1.040159679,
2207.421010194, 1.039626542,
2207.441441786, 1.039790120,
2207.461873279, 1.040103780,
2207.482304972, 1.040254249,
2207.502736565, 1.039735799,
2207.523168258, 1.040678846,
2207.564031344, 1.040335132,
2207.584463038, 1.039999189,
2207.604894532, 1.040009045,
2207.625326126, 1.040433305,
2207.645757820, 1.040483063,
2207.666189314, 1.040077916,
2207.686620909, 1.040549431,
2207.707052603, 1.039833074,
2207.727484098, 1.040720128,
2207.747915793, 1.040440870,
2207.768347388, 1.040139271,
2207.809210579, 1.039890246,
2207.850073771, 1.040481137,
2207.870505367, 1.040134490,
2207.890936963, 1.040243290,
2207.911368559, 1.040638233,
2207.931800156, 1.039974555,
2207.952231753, 1.040436274,
2207.972663350, 1.040149917,
2207.993094947, 1.040425829,
2208.013526544, 1.040223967,
2208.054389739, 1.040239459,
2208.074821337, 1.040219808,
2208.095253035, 1.040492425,
2208.115684533, 1.040351884,
2208.136116232, 1.040245023,
2208.156547830, 1.040076516,
2208.176979329, 1.040036047,
2208.197411028, 1.040207967,
2208.217842627, 1.040615569,
2208.238274126, 1.040458445,
2208.258705826, 1.040169606,
2208.299568925, 1.040426941,
2208.320000625, 1.040348097,
2208.340432226, 1.040430535,
2208.360863926, 1.040447845,
2208.381295427, 1.040618712,
2208.401727027, 1.040106941,
2208.422158728, 1.040398066,
2208.442590230, 1.040349891,
2208.463021831, 1.040511117,
2208.483453532, 1.040587209,
2208.503885134, 1.040407479,
2208.544748338, 1.040429638,
2208.565179940, 1.040800308,
2208.585611543, 1.040784303,
2208.606043145, 1.040551457,
2208.626474648, 1.040881691,
2208.646906351, 1.040897466,
2208.667337954, 1.040639386,
2208.687769458, 1.040623147,
2208.708201161, 1.040263439,
2208.728632765, 1.040875954,
2208.749064469, 1.041167268,
2208.789927578, 1.040338868,
2208.810359282, 1.040350860,
2208.830790787, 1.040493139,
2208.851222392, 1.040308858,
2208.871654097, 1.040322887,
2208.892085602, 1.040627392,
2208.912517307, 1.040725998,
2208.932948913, 1.039992728,
2208.953380419, 1.040716249,
2208.973812125, 1.040466274,
2208.994243731, 1.040868879,
2209.035106944, 1.040224329,
2209.055538551, 1.040354538,
2209.075970158, 1.040627592,
2209.096401765, 1.040726406,
2209.116833373, 1.040601326,
2209.137265080, 1.040792094,
2209.157696688, 1.040823857,
2209.178128196, 1.040916427,
2209.198559904, 1.040994010,
2209.218991513, 1.040711655,
2209.239423021, 1.041200352,
2209.280286239, 1.040531169,
2209.300717948, 1.041078004,
2209.321149557, 1.040630069,
2209.341581067, 1.040822908,
2209.362012777, 1.040315344,
2209.382444387, 1.040973920,
2209.402875897, 1.040504962,
2209.423307607, 1.041080473,
2209.443739218, 1.040868503,
2209.464170728, 1.040985345,
2209.484602439, 1.040906962,
2209.525465762, 1.041298804,
2209.545897273, 1.040685311,
2209.566328885, 1.040730751,
2209.586760597, 1.041056902,
2209.607192109, 1.041084367,
2209.627623721, 1.041922616,
2209.648055434, 1.040950498,
2209.668487047, 1.040581863,
2209.688918659, 1.041061551,
2209.709350273, 1.041341713,
2209.729781886, 1.040946153,
2209.770645113, 1.040961177,
2209.791076727, 1.040740565,
2209.811508441, 1.041032692,
2209.831939956, 1.040768667,
2209.852371570, 1.040568415,
2209.872803185, 1.041559172,
2209.893234800, 1.040931030,
2209.913666515, 1.040891316,
2209.934098030, 1.041518972,
2209.954529646, 1.041087120,
2209.974961362, 1.040779151,
2210.015824494, 1.040918990,
2210.036256210, 1.041190655,
2210.056687727, 1.041236609,
2210.077119444, 1.041031732,
2210.097551061, 1.041176221,
2210.117982578, 1.040860077,
2210.138414295, 1.041712048,
2210.158845913, 1.041139856,
2210.179277531, 1.040566495,
2210.220140767, 1.041120007,
2210.261004004, 1.041156827,
2210.281435623, 1.040838662,
2210.301867342, 1.041043236,
2210.322298862, 1.041585920,
2210.342730481, 1.040888610,
2210.363162201, 1.041454498,
2210.383593821, 1.041184043,
2210.404025341, 1.040903452,
2210.424457061, 1.040964997,
2210.444888682, 1.041017186,
2210.465320402, 1.041223128,
2210.485751923, 1.041158923,
2210.506183545, 1.041217397,
2210.526615166, 1.041045356,
2210.547046788, 1.041314291,
2210.567478410, 1.041423659,
2210.587910132, 1.040861850,
2210.608341654, 1.040905059,
2210.628773276, 1.041144192,
2210.649204899, 1.041777149,
2210.669636522, 1.041186441,
2210.690068245, 1.041419789,
2210.710499768, 1.041129721,
2210.751363116, 1.041337877,
2210.771794640, 1.040698626,
2210.792226264, 1.041374264,
2210.812657988, 1.041652199,
2210.833089613, 1.040757569,
2210.853521238, 1.041116622,
2210.873952863, 1.041135391,
2210.894384488, 1.041016103,
2210.914816113, 1.040940132,
2210.935247739, 1.041529126,
2210.955679365, 1.041123147,
2210.996542618, 1.041260089,
2211.016974244, 1.041385126,
2211.037405971, 1.041461648,
2211.057837498, 1.041438348,
2211.078269225, 1.041117236,
2211.098700853, 1.041351112,
2211.119132380, 1.041399072,
2211.139564108, 1.041178878,
2211.159995736, 1.041441629,
2211.180427265, 1.041300835,
2211.200858993, 1.041063826,
2211.241722251, 1.041235585,
2211.262153880, 1.041437626,
2211.282585410, 1.041963134,
2211.323448769, 1.041030835,
2211.343880299, 1.041400044,
2211.364312030, 1.041444152,
2211.384743660, 1.041585715,
2211.405175291, 1.041362806,
2211.425606922, 1.041297620,
2211.446038553, 1.043994841,
2211.486901816, 1.041515982,
2211.507333448, 1.041472412,
2211.527765180, 1.041224543,
2211.548196812, 1.041467909,
2211.568628345, 1.042177619,
2211.589060077, 1.041431237,
2211.609491710, 1.041661447,
2211.629923344, 1.041148698,
2211.650354977, 1.041531503,
2211.670786611, 1.041474565,
2211.691218345, 1.041048013,
2211.732081513, 1.041126738,
2211.752513248, 1.041480196,
2211.772944783, 1.041443297,
2211.793376418, 1.041423337,
2211.813808153, 1.041574235,
2211.834239689, 1.041462946,
2211.854671424, 1.041364211,
2211.875103060, 1.041375395,
2211.895534596, 1.041522036,
2211.915966333, 1.041595191,
2211.936397870, 1.041800748,
2211.977261244, 1.041488182,
2211.997692781, 1.041399317,
2212.018124519, 1.041386377,
2212.038556156, 1.041815971,
2212.058987794, 1.041695995,
2212.099851071, 1.041334849,
2212.120282710, 1.041672033,
2212.140714349, 1.041119464,
2212.161145988, 1.041734342,
2212.181577628, 1.041025793,
2212.202009367, 1.041356515,
2212.222440907, 1.041954036,
2212.242872647, 1.041272538,
2212.263304288, 1.041220963,
2212.283735828, 1.041436174,
2212.304167569, 1.041650358,
2212.324599210, 1.041581881,
2212.345030752, 1.041362801,
2212.365462493, 1.041205897,
2212.385894135, 1.041544596,
2212.406325877, 1.041825952,
2212.426757419, 1.041296558,
2212.467620805, 1.041066791,
2212.488052348, 1.041493181,
2212.508483991, 1.041733871,
2212.528915734, 1.041297010,
2212.549347278, 1.042290054,
2212.569778922, 1.041313168,
2212.590210566, 1.041213787,
2212.610642210, 1.041646683,
2212.651505500, 1.041760553,
2212.671937145, 1.041463099,
2212.712800536, 1.041866294,
2212.733232082, 1.041306841,
2212.753663828, 1.041432594,
2212.774095474, 1.041654724,
2212.794527021, 1.041570387,
2212.814958768, 1.041313508,
2212.835390415, 1.041496683,
2212.855822162, 1.041622748,
2212.876253710, 1.041364470,
2212.896685357, 1.041520153,
2212.917117105, 1.041479584,
2212.957980302, 1.041676716,
2212.978412051, 1.041207036,
2212.998843600, 1.041860643,
2213.019275349, 1.041464711,
2213.039706999, 1.041473422,
2213.060138548, 1.041724306,
2213.080570298, 1.041573318,
2213.101001948, 1.041234075,
2213.141865250, 1.041540090,
2213.162296901, 1.041624792,
2213.203160203, 1.041574632,
2213.223591855, 1.042126964,
2213.244023507, 1.041662065,
2213.264455159, 1.041490774,
