BJD - 2454833, Corrected Flux
2146.452708285, 0.995556328,
2146.473140594, 0.996880401,
2146.514004910, 0.995787845,
2146.534437218, 0.992842427,
2146.554869324, 0.994631590,
2146.575301531, 0.993315365,
2146.595733836, 0.992391988,
2146.616165942, 0.995506534,
2146.636598147, 0.993740264,
2146.657030351, 0.991002118,
2146.677462554, 0.996634955,
2146.697894857, 0.993346177,
2146.718326960, 0.989085271,
2146.738759162, 0.995268332,
2146.759191464, 0.989502626,
2146.779623665, 0.992068443,
2146.800055765, 0.989919366,
2146.820488065, 0.991541732,
2146.861352363, 0.990475700,
2146.881784662, 0.990829184,
2146.902216860, 0.991103370,
2146.922648958, 0.988452162,
2146.943081254, 0.993798400,
2146.963513451, 0.994745383,
2146.983945547, 0.990505781,
2147.024810036, 0.987418673,
2147.045242131, 0.989493745,
2147.065674425, 0.990930205,
2147.086106618, 0.994714202,
2147.106538810, 0.990261721,
2147.126971003, 0.989321147,
2147.147403194, 0.989986719,
2147.167835485, 0.988337699,
2147.188267576, 0.987592716,
2147.208699766, 0.991232776,
2147.229132056, 0.991832135,
2147.249564245, 0.988953253,
2147.269996333, 0.990329108,
2147.290428621, 0.988195404,
2147.310860809, 0.993627828,
2147.331292896, 0.988271277,
2147.351725183, 0.986079584,
2147.372157268, 0.985908556,
2147.392589454, 0.988746442,
2147.413021738, 0.984261263,
2147.433453823, 0.992614674,
2147.453886007, 0.993713097,
2147.494750373, 0.984137734,
2147.515182555, 0.985615482,
2147.535614837, 0.986778252,
2147.556046919, 0.987828510,
2147.576479100, 0.985064006,
2147.596911380, 0.989621338,
2147.617343560, 0.986038974,
2147.637775639, 0.983715315,
2147.658207917, 0.985764262,
2147.678640096, 0.987299620,
2147.699072273, 0.984071883,
2147.719504450, 0.984583444,
2147.739936627, 0.986522473,
2147.760368903, 0.987726616,
2147.780800979, 0.986891945,
2147.801233154, 0.986942193,
2147.821665428, 0.985144169,
2147.842097503, 0.987127494,
2147.862529676, 0.985329478,
2147.882961950, 0.985705052,
2147.903394022, 0.990422051,
2147.923826194, 0.986049352,
2147.944258465, 0.984151533,
2147.985122707, 0.988206870,
2148.025987046, 0.984283138,
2148.046419215, 0.983998567,
2148.066851484, 0.985131801,
2148.087283651, 0.984327428,
2148.107715719, 0.984899997,
2148.128147986, 0.981488789,
2148.148580052, 0.981769732,
2148.169012218, 0.984965336,
2148.189444483, 0.982750167,
2148.209876548, 0.986664945,
2148.230308713, 0.983931753,
2148.250740977, 0.982204925,
2148.271173040, 0.986213596,
2148.291605303, 0.985413383,
2148.312037465, 0.982393948,
2148.332469527, 0.987164916,
2148.352901788, 0.985064601,
2148.373333949, 0.982379668,
2148.393766009, 0.981696801,
2148.414198269, 0.984914814,
2148.434630428, 0.985035076,
2148.475494745, 0.985369122,
2148.495926902, 0.982028848,
2148.516359060, 0.982199268,
2148.536791217, 0.982381436,
2148.557223373, 0.986183085,
2148.598087784, 0.985286055,
2148.618519838, 0.983291567,
2148.638951992, 0.984661487,
2148.659384246, 0.984541132,
2148.679816299, 0.982122314,
2148.700248452, 0.983722426,
2148.720680704, 0.981997469,
2148.741112756, 0.983854175,
2148.761544906, 0.983786773,
2148.781977157, 0.986467258,
2148.802409207, 0.986957799,
2148.822841357, 0.980822025,
2148.843273606, 0.985294314,
2148.863705654, 0.982597840,
2148.884137902, 0.985267698,
2148.904569950, 0.984998282,
2148.925002097, 0.984299472,
2148.945434344, 0.982883227,
2148.965866389, 0.983810720,
2148.986298535, 0.981875807,
2149.006730780, 0.982384112,
2149.027162925, 0.979718031,
2149.047594969, 0.981559545,
2149.068027212, 0.978201950,
2149.088459355, 0.984411092,
2149.129323640, 0.982583649,
2149.149755781, 0.984397327,
2149.170187822, 0.981247757,
2149.190620062, 0.984847142,
2149.211052202, 0.978902285,
2149.231484242, 0.980723308,
2149.251916481, 0.982097260,
2149.272348619, 0.982536112,
2149.292780758, 1.001354284,
2149.313212895, 0.981699627,
2149.333645032, 0.981967347,
2149.354077168, 0.986481328,
2149.374509304, 0.982976327,
2149.415373575, 0.981107235,
2149.456237843, 0.987736845,
2149.476670077, 0.982649108,
2149.517534242, 0.983438484,
2149.537966474, 0.984492401,
2149.558398605, 0.982365953,
2149.578830636, 0.979375130,
2149.599262867, 0.981789627,
2149.619694897, 0.982296054,
2149.640127026, 0.982039909,
2149.660559255, 0.982417981,
2149.680991283, 0.999794677,
2149.701423411, 0.980755757,
2149.721855639, 0.984170400,
2149.742287665, 0.981433796,
2149.783152018, 0.982516244,
2149.824016168, 0.980891165,
2149.844448392, 0.982714779,
2149.864880516, 0.982930305,
2149.885312540, 0.982511735,
2149.905744763, 0.982033551,
2149.946608907, 0.979773179,
2149.967041129, 0.979627560,
2149.987473250, 0.980119018,
2150.007905270, 0.983037552,
2150.028337490, 0.981431477,
2150.048769610, 0.982262584,
2150.069201828, 0.980433315,
2150.089633847, 0.980991837,
2150.110065965, 0.981023062,
2150.130498182, 0.984183170,
2150.150930200, 0.983188568,
2150.171362316, 0.979643903,
2150.191794532, 0.980644808,
2150.212226547, 0.983623866,
2150.232658662, 0.981184229,
2150.253090877, 0.978974061,
2150.273522991, 0.983457228,
2150.293955004, 0.980903467,
2150.314387217, 0.979933931,
2150.334819330, 0.980651248,
2150.355251342, 0.979990936,
2150.375683553, 0.979407127,
2150.396115564, 0.982262672,
2150.416547675, 0.981714394,
2150.436979885, 0.984752157,
2150.457411894, 0.979426232,
2150.477844004, 0.981630184,
2150.498276212, 0.979872176,
2150.539140328, 0.980726991,
2150.559572535, 0.979427062,
2150.580004542, 0.981621334,
2150.600436648, 0.979413288,
2150.620868853, 0.981581645,
2150.641300858, 0.982119835,
2150.682165167, 0.981428764,
2150.702597271, 0.984227554,
2150.723029374, 0.982932632,
2150.743461476, 0.981438331,
2150.763893578, 0.981366149,
2150.804757781, 0.981063745,
2150.825189882, 0.977668511,
2150.845622082, 0.983133246,
2150.866054082, 0.978193281,
2150.886486181, 0.980417591,
2150.906918380, 0.979576081,
2150.927350378, 0.980571811,
2150.947782476, 0.980812818,
2150.968214673, 0.978992374,
2150.988646670, 0.979760242,
2151.009078766, 0.981310785,
2151.029510862, 0.980155738,
2151.049942957, 0.982486688,
2151.070375052, 0.982746667,
2151.090807247, 0.978673341,
2151.111239240, 0.982235235,
2151.131671334, 0.980262141,
2151.152103526, 0.979020626,
2151.172535519, 0.983296748,
2151.192967611, 0.977923340,
2151.213399802, 0.979333516,
2151.233831793, 0.981127048,
2151.254263984, 0.982124151,
2151.295128063, 0.982480054,
2151.315560252, 0.978663486,
2151.335992340, 0.982239721,
2151.356424328, 0.979351064,
2151.376856516, 0.981088989,
2151.397288603, 0.983508250,
2151.417720589, 0.980645039,
2151.438152776, 0.982292784,
2151.458584861, 0.988958410,
2151.479016846, 0.978445313,
2151.499449031, 0.980870564,
2151.519881114, 0.981059119,
2151.540313198, 0.978939678,
2151.560745282, 0.981533364,
2151.581177364, 0.980506175,
2151.601609446, 0.985101437,
2151.622041628, 0.982988706,
2151.642473609, 0.980392688,
2151.662905690, 0.984731000,
2151.683337870, 0.980092997,
2151.703769850, 0.981801928,
2151.724201929, 0.987534126,
2151.744634108, 0.984548194,
2151.785498164, 0.979735195,
2151.805930341, 0.981838342,
2151.826362318, 0.982478920,
2151.846794394, 0.980870039,
2151.867226470, 0.981657285,
2151.908090721, 0.982960480,
2151.928522695, 0.984532965,
2151.948954769, 0.983534746,
2151.969386943, 0.985427478,
2151.989819015, 0.983837184,
2152.010250988, 0.984041127,
2152.030683160, 0.980877713,
2152.051115231, 0.981505852,
2152.071547203, 0.985553379,
2152.091979373, 0.983317260,
2152.112411443, 0.987590076,
2152.132843413, 0.985053320,
2152.153275582, 0.984026728,
2152.173707651, 0.982804622,
2152.194139619, 0.981478969,
2152.214571787, 0.985422967,
2152.235003854, 0.981466794,
2152.275867987, 0.984595939,
2152.296300053, 0.983794961,
2152.316732018, 0.983305604,
2152.337164183, 0.982876597,
2152.357596247, 0.983705571,
2152.378028311, 0.987064230,
2152.398460374, 0.987068668,
2152.418892438, 0.984655929,
2152.439324500, 0.981837533,
2152.459756662, 0.987135284,
2152.480188623, 0.983272474,
2152.500620784, 0.982878641,
2152.521052845, 0.983533628,
2152.541484805, 0.984182313,
2152.561916965, 0.984919524,
2152.582349024, 0.983375709,
2152.602780982, 0.982772020,
2152.623213141, 0.986924989,
2152.643645098, 1.002854805,
2152.664077156, 0.983114990,
2152.684509312, 0.984029789,
2152.704941269, 0.984271710,
2152.725373324, 0.986717159,
2152.745805480, 0.981574996,
2152.766237434, 0.985479959,
2152.786669489, 0.987275053,
2152.807101643, 0.983129650,
2152.827533696, 0.981465978,
2152.847965649, 0.986382688,
2152.868397802, 0.985232774,
2152.888829853, 0.986172620,
2152.909261805, 0.985072491,
2152.929693956, 0.987046907,
2152.950126007, 1.017445023,
2152.970557957, 0.985088267,
2152.990990107, 0.982108819,
2153.011422156, 0.986987659,
2153.031854104, 0.994605326,
2153.052286252, 0.984626848,
2153.072718300, 0.984852921,
2153.093150447, 0.985271559,
2153.113582394, 0.984199025,
2153.134014440, 0.986770468,
2153.154446587, 0.989420469,
2153.174878532, 0.981193990,
2153.195310577, 0.984736288,
2153.215742721, 0.989038802,
2153.236174665, 0.984211463,
2153.256606709, 0.987482445,
2153.277038752, 0.987408951,
2153.297470894, 0.985527165,
2153.317902837, 0.984226740,
2153.338334878, 0.985403630,
2153.379198960, 0.990964291,
2153.399631100, 0.984639973,
2153.420063040, 0.985252061,
2153.440495079, 0.984146422,
2153.460927218, 0.984972130,
2153.481359156, 0.988157240,
2153.501791194, 0.986267989,
2153.522223332, 0.984200590,
2153.542655269, 0.988931504,
2153.563087305, 0.985944338,
2153.583519441, 0.983589265,
2153.603951377, 0.984948448,
2153.624383412, 0.985694720,
2153.644815546, 0.996157911,
2153.665247580, 0.985114994,
2153.685679614, 0.984804559,
2153.706111647, 0.985171118,
2153.726543680, 0.985235774,
2153.746975712, 0.985789157,
2153.767407744, 0.982978180,
2153.787839775, 0.984606072,
2153.808271906, 0.985267233,
2153.828703837, 0.985595448,
2153.889999925, 0.985210732,
2153.910431954, 0.983812002,
2153.930864082, 0.985286089,
2153.951296010, 0.986306099,
2153.971728037, 0.987037625,
2153.992160163, 0.985845520,
2154.012592090, 0.986903779,
2154.053456141, 0.985541309,
2154.073888166, 0.983906480,
2154.094320190, 0.985465203,
2154.114752214, 0.986387622,
2154.135184237, 0.987192434,
2154.155616260, 0.991378172,
2154.176048283, 0.986948640,
2154.196480305, 0.989470594,
2154.216912327, 0.985434588,
2154.237344447, 0.985601707,
2154.257776368, 0.984788473,
2154.278208488, 0.988326406,
2154.298640508, 0.989743218,
2154.319072428, 0.986976285,
2154.339504547, 0.985464808,
2154.359936565, 0.984833984,
2154.380368483, 0.986808845,
2154.400800600, 0.987392749,
2154.421232617, 0.988307503,
2154.441664534, 0.987784801,
2154.482528665, 0.987186648,
2154.502960681, 0.986465271,
2154.523392695, 0.984948779,
2154.543824709, 0.988716420,
2154.564256723, 0.985825685,
2154.584688736, 0.989591012,
2154.605120749, 0.986476603,
2154.625552762, 0.986505282,
2154.645984874, 0.989119717,
2154.666416785, 0.988006582,
2154.686848796, 0.988275563,
2154.707280907, 0.989028618,
2154.727712817, 0.986161150,
2154.748144827, 0.985284633,
2154.768576836, 0.987586059,
2154.789008845, 0.986819134,
2154.809440953, 0.988853241,
2154.829872861, 0.991383576,
2154.850304868, 0.986856415,
2154.870736975, 0.989625532,
2154.891168882, 0.985767368,
2154.911600888, 0.985622286,
2154.932032993, 0.986044853,
2154.952464898, 0.989603454,
2154.972896903, 0.988553215,
2154.993329007, 0.992896817,
2155.013760911, 0.989041347,
2155.034192914, 0.986476638,
2155.054625017, 0.986572848,
2155.075057019, 0.987390440,
2155.095488921, 0.989913055,
2155.115921023, 0.988926226,
2155.136353024, 0.992968382,
2155.156784924, 0.990458559,
2155.177217024, 0.986208931,
2155.197649024, 0.988314504,
2155.218080923, 0.988217125,
2155.238513022, 0.988592649,
2155.258945020, 0.986428539,
2155.279376918, 0.988456498,
2155.299809015, 0.990326455,
2155.320241013, 0.986042566,
2155.340673009, 0.988767376,
2155.361105005, 0.989689107,
2155.381537000, 0.988505085,
2155.401969096, 0.988616911,
2155.422400990, 0.989382707,
2155.442832984, 0.987816267,
2155.463265078, 0.988585562,
2155.483696971, 0.990186845,
2155.504128964, 0.989395304,
2155.524560957, 0.988582715,
2155.544992949, 0.987109458,
2155.565424940, 0.985940861,
2155.585857031, 0.988879662,
2155.626720912, 0.988411196,
2155.647153002, 0.987945958,
2155.667584891, 0.988054644,
2155.688016880, 0.990770114,
2155.708448968, 0.991141800,
2155.728880856, 0.987375388,
2155.749312844, 0.991041768,
2155.769744931, 0.989411192,
2155.790176818, 0.989925448,
2155.851472775, 0.987249682,
2155.871904759, 0.989871149,
2155.892336844, 0.991036529,
2155.912768828, 0.986651429,
2155.933200711, 0.990519700,
2155.953632794, 0.989686397,
2155.974064777, 0.988361302,
2155.994496759, 1.000931326,
2156.014928740, 0.987845368,
2156.035360722, 0.988598416,
2156.055792803, 0.991737486,
2156.076224683, 0.991791461,
2156.096656663, 0.995570771,
2156.117088742, 0.991047485,
2156.137520621, 0.990880785,
2156.157952600, 0.998790460,
2156.178384678, 0.987906984,
2156.198816556, 0.991696596,
2156.219248533, 0.992420545,
2156.239680610, 0.991638967,
2156.260112486, 0.990638166,
2156.280544462, 0.991435916,
2156.300976438, 0.991578559,
2156.321408412, 0.990662689,
2156.403136308, 0.993212920,
2156.423568381, 0.988612431,
2156.444000253, 0.994456781,
2156.464432225, 0.992198879,
2156.484864297, 0.992082113,
2156.505296168, 0.992074355,
2156.525728139, 0.992429834,
2156.546160209, 0.994796074,
2156.566592078, 0.989669492,
2156.587024148, 0.992869509,
2156.607456117, 0.991386377,
2156.627887985, 0.992483427,
2156.648320053, 0.991482060,
2156.668752020, 0.995635737,
2156.709615954, 0.993551971,
2156.730047920, 0.991908524,
2156.750479886, 0.994713487,
2156.770911851, 0.988842552,
2156.791343816, 0.992357906,
2156.811775781, 0.991783610,
2156.832207745, 0.995602071,
2156.852639708, 0.994213064,
2156.893503734, 0.992195683,
2156.913935596, 0.993014784,
2156.934367558, 0.988384716,
2156.954799619, 0.991222453,
2156.975231480, 0.992411035,
2156.995663441, 0.993082989,
2157.016095401, 0.993654512,
2157.036527360, 0.991165826,
2157.056959320, 0.991102115,
2157.077391278, 0.992703476,
2157.097823237, 0.992769847,
2157.118255195, 0.992876125,
2157.138687152, 0.993237134,
2157.159119109, 0.996209452,
2157.179551166, 0.991671101,
2157.199983022, 0.992628386,
2157.220414978, 0.990398282,
2157.240847033, 0.992900602,
2157.261278988, 0.990099970,
2157.302142896, 0.997935525,
2157.322574850, 0.994544149,
2157.343006703, 0.992030296,
2157.363438756, 0.992203884,
2157.383870708, 0.992922063,
2157.404302560, 0.993165971,
2157.424734611, 0.995396400,
2157.445166562, 0.995233647,
2157.465598413, 0.992281904,
2157.486030463, 0.992430344,
2157.506462412, 0.992626037,
2157.526894262, 0.993777367,
2157.547326310, 0.997062743,
2157.567758259, 0.991001194,
2157.588190207, 0.994159330,
2157.608622154, 0.996720821,
2157.629054101, 0.993600864,
2157.649486048, 0.991521356,
2157.669917994, 0.994580680,
2157.690349940, 0.994584899,
2157.710781885, 0.993884069,
2157.731213830, 0.992642767,
2157.751645775, 0.993092398,
2157.812941605, 0.990733418,
2157.833373648, 0.990374385,
2157.853805491, 0.994131332,
2157.874237432, 0.992848698,
2157.894669474, 0.994995137,
2157.915101315, 0.995560016,
2157.935533255, 0.993495695,
2157.955965296, 0.994933962,
2157.976397136, 0.990436758,
2157.996829075, 1.001822720,
2158.017261114, 0.991252320,
2158.037692952, 0.994907287,
2158.058124890, 0.991701231,
2158.078556928, 0.995980110,
2158.098988866, 0.992497147,
2158.119420702, 0.994257114,
2158.139852738, 0.996118534,
2158.160284675, 0.994054042,
2158.180716510, 0.994047916,
2158.201148545, 0.993669820,
2158.221580480, 0.992897387,
2158.242012314, 0.994183219,
2158.262444348, 0.995771792,
2158.282876281, 0.995777415,
2158.303308114, 0.993353011,
2158.323740147, 0.994032351,
2158.344172079, 0.992826828,
2158.364604110, 0.994323544,
2158.385035942, 0.995909263,
2158.405467873, 0.996211755,
2158.425899903, 0.995630734,
2158.446331733, 0.992942789,
2158.466763663, 0.992258031,
2158.487195692, 0.995955156,
2158.507627520, 0.993308653,
2158.528059449, 0.996292265,
2158.548491377, 0.999109645,
2158.568923304, 0.994408608,
2158.589355231, 0.994690070,
2158.609787258, 0.995270872,
2158.630219084, 0.996550236,
2158.650651010, 0.994269558,
2158.671083035, 0.995658746,
2158.691514860, 0.996725045,
2158.711946785, 0.994780468,
2158.732378809, 0.993666021,
2158.773242556, 0.998981911,
2158.793674579, 0.994186691,
2158.814106401, 0.992587865,
2158.834538323, 0.991302801,
2158.854970345, 0.996838378,
2158.895834186, 0.995532722,
2158.916266107, 0.994608737,
2158.936698027, 0.995596083,
2158.957129946, 0.994133553,
2158.977561865, 0.994246289,
2158.997993784, 0.992556142,
2159.018425702, 0.995376718,
2159.038857620, 0.991128054,
2159.059289537, 0.994651002,
2159.079721554, 0.993242371,
2159.100153371, 0.997003267,
2159.120585287, 0.993710472,
2159.141017303, 0.995825463,
2159.161449118, 0.995084586,
2159.181881033, 0.994866227,
2159.202313048, 0.997269719,
2159.243176775, 0.996635365,
2159.263608689, 0.993817070,
2159.284040602, 0.996414656,
2159.304472514, 0.996323820,
2159.324904426, 0.994768482,
2159.345336338, 1.000137657,
2159.386200159, 0.994892629,
2159.406632070, 0.993500559,
2159.427063980, 0.998979378,
2159.447495989, 0.995280700,
2159.467927798, 0.997103566,
2159.508791715, 0.993220940,
2159.529223523, 0.993958126,
2159.549655531, 0.994924891,
2159.570087438, 0.995110325,
2159.590519244, 0.994219656,
2159.610951250, 0.996116660,
2159.631383156, 0.996622533,
2159.651814962, 0.996028422,
2159.692678871, 0.995917303,
2159.713110675, 0.995356474,
2159.753974583, 0.995139457,
2159.774406485, 0.995405101,
2159.794838388, 0.994643615,
2159.815270290, 1.055711329,
2159.835702192, 0.996498662,
2159.856134093, 0.996290732,
2159.876565994, 0.992696546,
2159.917429895, 0.993559718,
2159.958293593, 0.997255689,
2159.978725492, 0.996821265,
2159.999157391, 0.996337999,
2160.019589189, 0.993728477,
2160.040021186, 0.994963362,
2160.060453083, 0.995819988,
2160.080885080, 0.995566004,
2160.101316877, 0.996691318,
2160.121748773, 0.995133245,
2160.142180768, 0.994006906,
2160.162612564, 0.995805612,
2160.183044458, 0.995644623,
2160.203476453, 0.993278744,
2160.223908246, 0.995159530,
2160.244340140, 0.998195720,
2160.264772133, 0.996233497,
2160.285204026, 0.995981262,
2160.305635819, 0.993489625,
2160.326067810, 0.997370046,
2160.346499702, 0.996872286,
2160.366931493, 0.994968419,
2160.387363484, 0.995594894,
2160.407795374, 0.995931725,
2160.428227164, 0.992586254,
2160.448659153, 0.993814242,
2160.469091042, 0.993400287,
2160.489522831, 0.995213116,
2160.509954819, 0.994624134,
2160.530386708, 0.992530640,
2160.550818495, 0.991623746,
2160.571250482, 0.994152873,
2160.591682369, 0.997929352,
2160.612114255, 0.990429904,
2160.632546141, 0.994880913,
2160.652978026, 0.993099361,
2160.673410011, 0.993146903,
2160.693841796, 0.994584885,
2160.734705664, 0.994952714,
2160.755137448, 0.993574740,
2160.775569331, 0.996975258,
2160.796001214, 0.995105432,
2160.816433096, 0.995558558,
2160.836864978, 0.996151059,
2160.857296959, 0.994670361,
2160.877728740, 0.995659008,
2160.898160621, 0.993235993,
2160.918592601, 0.995799159,
2160.939024381, 0.998656328,
2160.959456261, 0.994808342,
2160.979888240, 0.995823640,
2161.000320019, 0.996261519,
2161.041183875, 0.994676951,
2161.061615652, 0.997907413,
2161.082047529, 0.994342147,
2161.102479506, 0.994942316,
2161.122911382, 0.996585071,
2161.143343158, 0.996968706,
2161.163775134, 0.995117920,
2161.184207009, 0.997258206,
2161.204638784, 0.995210783,
2161.225070758, 0.993820874,
2161.245502632, 0.996509465,
2161.265934405, 0.993905407,
2161.286366378, 0.993961101,
2161.306798251, 0.989316527,
2161.327230224, 0.995655622,
2161.347661995, 0.991137070,
2161.368093867, 0.998954922,
2161.388525838, 0.992324210,
2161.408957609, 0.999524796,
2161.429389479, 0.997796985,
2161.470253219, 1.000044164,
2161.490685088, 0.996166572,
2161.511116957, 0.993679523,
2161.531548825, 0.997050675,
2161.551980694, 0.996332091,
2161.572412561, 0.998070707,
2161.592844428, 0.995904546,
2161.613276295, 0.996477630,
2161.633708162, 0.996245619,
2161.654140028, 0.998803345,
2161.674571894, 0.995322835,
2161.735867488, 0.997093246,
2161.756299452, 0.996914339,
2161.776731216, 0.996071492,
2161.797163079, 0.997582491,
2161.817595042, 0.994907434,
2161.838026805, 0.998315669,
2161.858458767, 0.995690255,
2161.878890629, 0.996368117,
2161.899322390, 0.998748907,
2161.919754351, 0.996229056,
2161.940186212, 0.995927203,
2161.960618072, 0.996179760,
2162.001481791, 0.998625806,
2162.021913650, 0.997245476,
2162.042345509, 1.000118656,
2162.062777367, 0.997989770,
2162.083209225, 0.998444884,
2162.103641083, 0.998480296,
2162.124072940, 1.000078545,
2162.144504796, 0.996171247,
2162.164936753, 0.997989507,
2162.205800364, 1.001534230,
2162.226232219, 0.996221445,
2162.246664074, 1.005562375,
2162.267095829, 1.008870982,
2162.307959636, 0.999556354,
2162.328391390, 0.998615666,
2162.348823343, 0.998579723,
2162.369255195, 1.000782507,
2162.389687047, 0.999523633,
2162.410118899, 0.998954219,
2162.430550750, 0.996858576,
2162.450982701, 0.996244400,
2162.471414452, 0.995745936,
2162.491846302, 0.998263708,
2162.512278252, 1.000136494,
2162.532710101, 0.997444693,
2162.553141850, 0.997292705,
2162.573573799, 0.998098618,
2162.594005647, 0.999957419,
2162.614437395, 0.996052409,
2162.634869343, 0.999907673,
2162.655301190, 0.996749221,
2162.716596729, 1.008510031,
2162.737028475, 0.998780820,
2162.777892265, 0.999528629,
2162.839187797, 0.999429177,
2162.859619640, 0.999766314,
2162.880051483, 0.998482819,
2162.900483326, 0.997977174,
2162.920915168, 0.996941550,
2162.941347010, 1.001150058,
2162.961778851, 0.999387951,
2162.982210692, 1.000730098,
2163.002642533, 0.998007488,
2163.023074373, 0.999580910,
2163.043506313, 0.999922439,
2163.063938053, 1.001652711,
2163.084369892, 1.002630317,
2163.104801831, 1.001258423,
2163.125233569, 0.999680038,
2163.145665407, 1.016600493,
2163.186529082, 1.000097545,
2163.206960919, 1.001292537,
2163.227392856, 1.001641101,
2163.247824592, 1.001887376,
2163.268256428, 0.998185409,
2163.288688363, 1.006837804,
2163.309120098, 0.999179256,
2163.329551933, 1.000500253,
2163.349983867, 1.000436144,
2163.370415701, 0.997772413,
2163.390847435, 1.010422866,
2163.411279368, 1.001423480,
2163.431711201, 1.001911450,
2163.452142933, 1.001619079,
2163.472574865, 0.999150715,
2163.493006697, 1.000757575,
2163.513438428, 1.002077158,
2163.533870359, 1.004383057,
2163.554302190, 1.003302213,
2163.574734120, 1.003409277,
2163.595165850, 1.002498727,
2163.615597679, 1.002400075,
2163.636029508, 0.998694491,
2163.717756821, 1.000542418,
2163.738188648, 1.004426890,
2163.758620475, 0.999986014,
2163.779052302, 1.004670727,
2163.799484128, 1.001301186,
2163.819915953, 1.004545922,
2163.840347779, 1.002731572,
2163.860779604, 1.001463673,
2163.881211528, 1.000395495,
2163.922075077, 0.998446193,
2163.942507000, 0.999753981,
2163.983370546, 1.002647527,
2164.003802469, 1.004173632,
2164.024234191, 1.000759297,
2164.044666012, 1.003042225,
2164.065097934, 1.005502845,
2164.085529655, 1.006718806,
2164.105961475, 1.001780115,
2164.126393396, 1.006189980,
2164.146825116, 1.005024713,
2164.167257035, 1.003113317,
2164.187688854, 1.002747800,
2164.208120673, 1.001020932,
2164.228552491, 1.001640771,
2164.248984309, 1.000912222,
2164.269416127, 1.003563188,
2164.289848044, 1.003982956,
2164.310279761, 1.002438601,
2164.330711578, 1.003970727,
2164.351143494, 1.003904802,
2164.412438841, 1.003781754,
2164.432870655, 1.003422937,
2164.453302470, 1.004874708,
2164.473734284, 1.001145716,
2164.494166098, 0.999530156,
2164.514597811, 1.005426167,
2164.535029724, 1.004528377,
2164.555461537, 1.004525995,
2164.575893349, 1.004807154,
2164.596325161, 1.007852240,
2164.616756972, 1.003570047,
2164.637188783, 1.003715588,
2164.657620594, 1.005369450,
2164.678052404, 1.001210348,
2164.698484315, 1.001804310,
2164.718916124, 1.004318439,
2164.739347834, 1.005235013,
2164.780211551, 1.004534479,
2164.800643260, 1.003628195,
2164.821075167, 1.006460149,
2164.841506975, 1.004771931,
2164.861938682, 0.998096451,
2164.902802396, 1.006442361,
2164.923234102, 1.004034775,
2164.943666008, 1.008583451,
2164.964097813, 1.004887467,
2164.984529518, 1.008078601,
2165.004961423, 1.005787068,
2165.025393227, 1.005260195,
2165.045825031, 1.006324092,
2165.066256835, 1.005328357,
2165.086688638, 1.004096223,
2165.107120441, 1.006975595,
2165.127552243, 1.003387054,
2165.147984046, 1.006340578,
2165.168415848, 1.006817678,
2165.188847749, 1.006099700,
2165.209279450, 1.005427070,
2165.229711351, 1.010997588,
2165.250143051, 1.003406463,
2165.270574851, 1.006783842,
2165.291006751, 1.004781519,
2165.311438451, 1.005528472,
2165.331870250, 1.008353002,
2165.352302148, 1.004911751,
2165.393165645, 1.005828966,
2165.413597542, 1.007788164,
2165.434029239, 1.006791870,
2165.454461036, 1.008212925,
2165.474892933, 1.008283215,
2165.495324629, 1.007105209,
2165.515756425, 1.007552743,
2165.536188321, 1.009297406,
2165.556620116, 1.007001708,
2165.577051811, 1.007739255,
2165.597483705, 1.005817622,
2165.638347193, 1.007407709,
2165.658779086, 1.008227839,
2165.679210879, 1.006679945,
2165.720074464, 1.006208226,
2165.740506256, 1.006502779,
2165.760938148, 1.006892108,
2165.781369839, 1.008785687,
2165.801801630, 1.005747395,
2165.822233521, 1.006863367,
2165.842665211, 1.011260229,
2165.863097001, 1.008596855,
2165.883528791, 1.008404767,
2165.903960580, 1.009164545,
2165.924392369, 1.006006355,
2165.944824157, 1.005769132,
2165.965255945, 1.008314029,
2165.985687733, 1.009010504,
2166.006119521, 1.006859019,
2166.026551308, 1.010750111,
2166.046983095, 1.005771537,
2166.067414981, 1.010290646,
2166.108278453, 1.007444357,
2166.128710338, 1.008164658,
2166.149142024, 1.008768584,
2166.169573808, 1.007482163,
2166.190005693, 1.007952964,
2166.210437376, 1.008283481,
2166.230869160, 1.009411149,
2166.251301044, 1.010797331,
2166.292164609, 1.008280895,
2166.312596392, 1.008299380,
2166.333028074, 1.007443485,
2166.373891736, 1.006149626,
2166.394323518, 1.009439009,
2166.414755298, 1.009785705,
2166.435187078, 1.011139378,
2166.455618858, 1.009677354,
2166.476050638, 1.008907653,
2166.496482417, 1.007928032,
2166.537346074, 1.010040921,
2166.557777753, 1.010285288,
2166.578209531, 1.011346828,
2166.598641408, 1.010710011,
2166.619073085, 1.010631366,
2166.639504862, 1.007412308,
2166.659936639, 1.008730836,
2166.700800191, 1.011822559,
2166.721231966, 1.009667742,
2166.741663742, 1.013372260,
2166.762095516, 1.008333434,
2166.782527291, 1.010420842,
2166.802959065, 1.008130788,
2166.823390939, 1.013074555,
2166.864254385, 1.008737371,
2166.884686258, 1.010804649,
2166.905118031, 1.013247811,
2166.925549703, 1.008668670,
2166.945981575, 1.010357699,
2166.966413346, 1.010927397,
2166.986845017, 1.012810369,
2167.007276888, 1.009684042,
2167.027708659, 1.010247175,
2167.048140329, 1.009965246,
2167.109435637, 1.012574742,
2167.129867506, 1.011684991,
2167.150299274, 1.012895648,
2167.170730942, 1.011854375,
2167.191162810, 1.011416831,
2167.211594578, 1.013562583,
2167.232026345, 1.012654645,
2167.252458111, 1.020576938,
2167.272889878, 1.012118972,
2167.293321644, 1.012331579,
2167.313753410, 1.012587767,
2167.354617041, 1.011419312,
2167.375048705, 1.008683492,
2167.395480470, 1.009955918,
2167.436343998, 1.006480557,
2167.456775761, 1.012384936,
2167.477207624, 1.011993938,
2167.497639287, 1.012912111,
2167.518071050, 1.011461297,
2167.538502912, 1.010518495,
2167.558934574, 1.015866566,
2167.599798196, 1.011630397,
2167.620229857, 1.016544695,
2167.640661618, 1.012618954,
2167.661093478, 1.011491912,
2167.701956897, 1.010754489,
2167.722388756, 1.013871401,
2167.763252174, 1.013203775,
2167.783684032, 1.013070553,
2167.804115790, 1.012887127,
2167.844979305, 1.013189158,
2167.865411062, 1.010537036,
2167.906274574, 1.011649262,
2167.926706330, 1.013887887,
2167.947138186, 1.012048470,
2167.967569841, 1.014641166,
2167.988001596, 1.015522270,
2168.008433451, 1.017766198,
2168.028865105, 1.013945443,
2168.049296859, 1.018246687,
2168.090160366, 1.013263798,
2168.110592119, 1.013596248,
2168.131023872, 1.015431612,
2168.151455624, 1.016328374,
2168.171887376, 1.014869448,
2168.192319128, 1.014303563,
2168.212750879, 1.015045753,
2168.233182631, 1.014768777,
2168.274046132, 1.020673040,
2168.294477882, 1.015939351,
2168.335341581, 1.015189947,
2168.355773330, 1.013714306,
2168.376205179, 1.017321512,
2168.396636928, 1.014907460,
2168.437500424, 1.014570258,
2168.457932171, 1.013816265,
2168.478364019, 1.013263841,
2168.498795665, 1.013954796,
2168.519227412, 1.014301784,
2168.539659258, 1.014766150,
2168.580522650, 1.015415640,
2168.600954495, 1.018036717,
2168.621386240, 1.012320119,
2168.641817885, 1.014439468,
2168.662249729, 1.015298160,
2168.682681473, 1.013069563,
2168.703113117, 1.013275946,
2168.723544961, 1.016259294,
2168.743976704, 1.014920164,
2168.764408347, 1.014990100,
2168.784840189, 1.013402775,
2168.825703573, 1.012313247,
2168.846135415, 1.017968722,
2168.866567056, 1.016951807,
2168.886998796, 1.015318323,
2168.907430637, 1.016049784,
2168.927862277, 1.019778034,
2168.948294117, 1.017236944,
2168.968725857, 1.014285703,
2168.989157496, 1.019219580,
2169.009589335, 1.015533890,
2169.030021074, 1.018695203,
2169.070884551, 1.015514955,
2169.091316288, 1.015889665,
2169.111748026, 1.014940917,
2169.132179763, 1.017310349,
2169.152611500, 1.017252386,
2169.173043236, 1.015111552,
2169.193475072, 1.013682464,
2169.213906708, 1.016180697,
2169.234338444, 1.014763545,
2169.254770279, 1.015982995,
2169.275201914, 1.019338881,
2169.316065483, 1.016588116,
2169.356928851, 1.016005917,
2169.377360684, 1.019407471,
2169.397792318, 1.020541209,
2169.418224150, 1.018239227,
2169.438655883, 1.019080339,
2169.479519347, 1.019804094,
2169.499950978, 1.016230068,
2169.520382810, 1.017173493,
2169.561246271, 1.017191373,
2169.581677902, 1.015404734,
2169.602109732, 1.017088041,
2169.622541462, 1.018747641,
2169.642973091, 1.018992752,
2169.663404920, 1.016990902,
2169.683836649, 1.019582840,
2169.704268278, 1.021974494,
2169.724700106, 1.015549813,
2169.745131834, 1.019156444,
2169.765563461, 1.020187312,
2169.806427015, 1.020436867,
2169.826858642, 1.020134838,
2169.847290468, 1.018584215,
2169.867722194, 1.018507273,
2169.888154020, 1.017753246,
2169.908585646, 1.020462465,
2169.929017371, 1.020102836,
2169.949449196, 1.017904390,
2169.969880820, 1.017723927,
2169.990312545, 1.020405841,
2170.010744369, 1.016592395,
2170.051607716, 1.021451012,
2170.072039539, 1.023930801,
2170.092471261, 1.015982896,
2170.112902884, 1.019672631,
2170.133334706, 1.018760303,
2170.153766428, 1.018038404,
2170.174198049, 1.023769173,
2170.194629870, 1.019436533,
2170.215061591, 1.018720790,
2170.235493212, 1.021161481,
2170.255925032, 1.022988077,
2170.296788372, 1.025067501,
2170.317220192, 1.020967408,
2170.337651811, 1.019477803,
2170.358083530, 1.019263083,
2170.378515348, 1.019771613,
2170.398947067, 1.021490117,
2170.419378784, 1.022339746,
2170.439810502, 1.019081859,
2170.460242219, 1.020013402,
2170.480673937, 1.020579274,
2170.501105653, 1.021797478,
2170.521537370, 1.020554038,
2170.541969186, 1.018462520,
2170.562400802, 1.020967765,
2170.582832517, 1.019015082,
2170.603264333, 1.018898247,
2170.623695948, 1.019578384,
2170.644127662, 1.021052787,
2170.664559477, 1.017650649,
2170.684991091, 1.017578888,
2170.705422805, 1.021853014,
2170.725854618, 1.018777375,
2170.746286231, 1.024414924,
2170.787149757, 1.021919883,
2170.807581369, 1.021782195,
2170.828013081, 1.021588127,
2170.848444893, 1.022957008,
2170.868876605, 1.022880789,
2170.889308316, 1.023340263,
2170.909740027, 1.024605752,
2170.930171737, 1.022765252,
2170.950603448, 1.024641190,
2170.971035158, 1.025146942,
2171.032330286, 1.023587469,
2171.052761895, 1.022420008,
2171.073193703, 1.019189730,
2171.093625412, 1.025344742,
2171.114057020, 1.019975204,
2171.134488828, 1.023172541,
2171.154920535, 1.024683964,
2171.175352142, 1.019951368,
2171.195783949, 1.022112983,
2171.216215655, 1.025140201,
2171.236647362, 1.023376011,
2171.277510773, 1.023631001,
2171.297942479, 1.020943555,
2171.318374184, 1.023624196,
2171.338805889, 1.021886123,
2171.359237693, 1.021403381,
2171.379669397, 1.023280326,
2171.400101001, 1.021840605,
2171.420532805, 1.024363169,
2171.440964508, 1.023727691,
2171.461396111, 1.021446587,
2171.481827914, 1.022892032,
2171.522691219, 1.020537858,
2171.543123021, 1.022580981,
2171.563554723, 1.022499540,
2171.583986324, 1.025886030,
2171.604418125, 1.027180037,
2171.624849826, 1.021927771,
2171.645281426, 1.021586733,
2171.665713227, 1.025691668,
2171.686144927, 1.024051048,
2171.706576526, 1.023712074,
2171.727008326, 1.025665856,
2171.747440025, 1.023835913,
2171.767871624, 1.023969132,
2171.788303422, 1.024085168,
2171.808735121, 1.022933467,
2171.829166819, 1.026047866,
2171.849598516, 1.024520085,
2171.870030214, 1.030145577,
2171.890461911, 1.022509376,
2171.910893608, 1.023819141,
2171.931325304, 1.026090975,
2171.951757101, 1.021858852,
2171.972188697, 1.024645577,
2172.013052188, 1.023737416,
2172.033483783, 1.022127775,
2172.053915478, 1.024921345,
2172.074347273, 1.023236700,
2172.094778867, 1.025036619,
2172.115210561, 1.023813134,
2172.135642355, 1.022978042,
2172.156073948, 1.022391198,
2172.176505642, 1.022839806,
2172.196937435, 1.025695617,
2172.217369127, 1.022978512,
2172.258232512, 1.023586935,
2172.278664204, 1.024433196,
2172.299095895, 1.022057380,
2172.319527587, 1.026407459,
2172.339959278, 1.023745273,
2172.360390969, 1.024294320,
2172.380822659, 1.023535462,
2172.401254349, 1.023253448,
2172.421686039, 1.025337884,
2172.442117729, 1.020831590,
2172.462549418, 1.031021116,
2172.482981107, 1.030889220,
2172.503412796, 1.024704431,
2172.523844385, 1.022988408,
2172.544276173, 1.023095037,
2172.564707861, 1.024221206,
2172.585139549, 1.023473670,
2172.605571236, 1.024432404,
2172.626002924, 1.027015336,
2172.646434611, 1.019764829,
2172.666866297, 1.023299382,
2172.687297984, 1.022437180,
2172.748593041, 1.027821420,
2172.769024826, 1.026158649,
2172.789456511, 1.023994141,
2172.809888096, 1.026061404,
2172.830319881, 1.024745406,
2172.850751565, 1.025606633,
2172.871183149, 1.027365437,
2172.891614933, 1.029049200,
2172.912046616, 1.026808339,
2172.932478199, 1.027770705,
2172.952909982, 1.028428222,
2172.973341665, 1.022148436,
2173.014205029, 1.027330576,
2173.034636711, 1.023387834,
2173.055068393, 1.022036435,
2173.075500074, 1.023056582,
2173.095931755, 1.024477367,
2173.116363436, 1.025333385,
2173.136795116, 1.023964902,
2173.157226796, 1.025713398,
2173.177658476, 1.025432530,
2173.198090156, 1.027314103,
2173.238953615, 1.027305610,
2173.259385194, 1.028347193,
2173.279816872, 1.024678805,
2173.300248650, 1.025107317,
2173.320680229, 1.028881928,
2173.341111906, 1.024419171,
2173.361543684, 1.027185664,
2173.381975261, 1.026482475,
2173.402406938, 1.024679325,
2173.422838715, 1.026577992,
2173.443270292, 1.026737378,
2173.484133744, 1.025652612,
2173.504565320, 1.029608297,
2173.524996995, 1.025977941,
2173.545428770, 1.029559105,
2173.565860345, 1.027055829,
2173.586292120, 1.027058625,
2173.606723795, 1.024001764,
2173.627155469, 1.024002945,
2173.647587143, 1.023610024,
2173.688450490, 1.028753420,
2173.729313836, 1.029707077,
2173.749745508, 1.027966538,
2173.770177281, 1.025755491,
2173.790608853, 1.028598539,
2173.811040525, 1.028895457,
2173.831472296, 1.029134891,
2173.851903867, 1.028474986,
2173.872335538, 1.026955220,
2173.892767209, 1.028840617,
2173.913198880, 1.028737175,
2173.933630450, 1.025580091,
2173.954062220, 1.026417453,
2173.974493890, 1.027192586,
2173.994925660, 1.027520679,
2174.015357229, 1.029320840,
2174.035788898, 1.027962813,
2174.056220667, 1.027584381,
2174.076652335, 1.030837530,
2174.097083903, 1.027198586,
2174.137947339, 1.028119190,
2174.158378907, 1.028139687,
2174.178810674, 1.043291654,
2174.219673908, 1.026642787,
2174.240105674, 1.028615861,
2174.260537340, 1.029728126,
2174.280968906, 1.031248078,
2174.301400672, 1.028598014,
2174.321832337, 1.027944488,
2174.342263903, 1.028443338,
2174.362695667, 1.029573451,
2174.383127332, 1.029894219,
2174.403558897, 1.029812962,
2174.423990661, 1.032443559,
2174.464854088, 1.031210259,
2174.485285652, 1.027523125,
2174.505717315, 1.032361475,
2174.526148978, 1.030097403,
2174.546580741, 1.028318107,
2174.567012303, 1.028927387,
2174.587443966, 1.030637204,
2174.628307289, 1.030268795,
2174.648739051, 1.030710483,
2174.669170612, 1.032026856,
2174.689602273, 1.026645890,
2174.710034034, 1.029641263,
2174.730465594, 1.028317610,
2174.750897254, 1.029832443,
2174.771329014, 1.032007961,
2174.791760574, 1.027320933,
2174.812192233, 1.034347823,
2174.832623993, 1.029570685,
2174.853055552, 1.027871566,
2174.873487310, 1.031317986,
2174.893918969, 1.026879572,
2174.914350627, 1.034387658,
2174.955213943, 1.027850796,
2174.975645600, 1.028893748,
2174.996077258, 1.034428975,
2175.016508915, 1.029106853,
2175.036940571, 1.033112696,
2175.057372328, 1.028941660,
2175.077803884, 1.030523816,
2175.098235540, 1.030742995,
2175.118667296, 1.031037514,
2175.139098852, 1.032633345,
2175.200393817, 1.030925261,
2175.220825472, 1.031238076,
2175.241257226, 1.032655766,
2175.261688780, 1.028402351,
2175.282120534, 1.031286158,
2175.302552188, 1.029183751,
2175.322983741, 1.032342514,
2175.343415494, 1.036087552,
2175.363847047, 1.035350638,
2175.384278700, 1.031037259,
2175.404710452, 1.035158908,
2175.466005408, 1.030934429,
2175.486437060, 1.030333808,
2175.506868611, 1.034627969,
2175.547732013, 1.029316985,
2175.568163563, 1.031119577,
2175.588595314, 1.033019392,
2175.609026964, 1.029188510,
2175.629458513, 1.030246679,
2175.649890263, 1.033066060,
2175.670321912, 1.032424685,
2175.690753662, 1.031530484,
2175.711185210, 1.032567059,
2175.731616859, 1.030970768,
2175.752048607, 1.028625727,
2175.772480156, 1.032853223,
2175.792911804, 1.030805439,
2175.813343551, 1.032831423,
2175.833775099, 1.033719081,
2175.854206746, 1.035393342,
2175.874638493, 1.033417710,
2175.895070140, 1.034088983,
2175.915501686, 1.031984324,
2175.935933432, 1.034913054,
2175.956365079, 1.035188842,
2175.976796624, 1.033707879,
2175.997228370, 1.037198612,
2176.017659915, 1.034067241,
2176.038091561, 1.038139589,
2176.058523305, 1.035480511,
2176.078954950, 1.034555573,
2176.099386595, 1.036685105,
2176.119818239, 1.033891270,
2176.140249783, 1.035142357,
2176.181113170, 1.034352167,
2176.201544713, 1.033751587,
2176.221976456, 1.032453780,
2176.242408099, 1.033158292,
2176.262839642, 1.035182986,
2176.283271384, 1.032997861,
2176.303703027, 1.034033107,
2176.324134668, 1.031558049,
2176.344566310, 1.030681311,
2176.364997952, 1.037047526,
2176.385429593, 1.043867872,
2176.426292875, 1.033187788,
2176.446724515, 1.032530622,
2176.467156255, 1.034438027,
2176.487587796, 1.031828992,
2176.508019536, 1.029706797,
2176.528451175, 1.033180545,
2176.548882715, 1.034605425,
2176.569314454, 1.035546305,
2176.589746093, 1.037584761,
2176.610177632, 1.034818779,
2176.630609370, 1.032336762,
2176.671472547, 1.033369961,
2176.691904284, 1.037393083,
2176.712335922, 1.035841107,
2176.732767460, 1.037637363,
2176.753199197, 1.032483497,
2176.773630734, 1.034313541,
2176.794062370, 1.035773134,
2176.814494107, 1.036766899,
2176.834925743, 1.038050509,
2176.855357279, 1.034923378,
2176.875789015, 1.034295810,
2176.896220651, 1.037066692,
2176.916652286, 1.034750751,
2176.937083921, 1.034070405,
2176.957515556, 1.035930819,
2176.977947291, 1.035687974,
2176.998378826, 1.037988863,
2177.018810460, 1.039775400,
2177.039242194, 1.035879497,
2177.059673728, 1.035257190,
2177.080105362, 1.037035915,
2177.100537095, 1.032397498,
2177.120968628, 1.040725379,
2177.161831994, 1.036488886,
2177.182263527, 1.035688078,
2177.202695159, 1.035196169,
2177.223126891, 1.039857329,
2177.243558423, 1.035459259,
2177.263990055, 1.036488625,
2177.284421786, 1.037950319,
2177.304853417, 1.040016165,
2177.325285048, 1.038083407,
2177.345716679, 1.034964405,
2177.366148310, 1.035924135,
2177.407011570, 1.034728301,
2177.427443200, 1.036059812,
2177.447874930, 1.034339988,
2177.468306460, 1.033559659,
2177.488738089, 1.037501286,
2177.509169718, 1.038137685,
2177.529601347, 1.035724863,
2177.550032876, 1.037936603,
2177.590896232, 1.037344904,
2177.611327760, 1.039962026,
2177.652191116, 1.039004042,
2177.672622743, 1.037967226,
2177.693054370, 1.036760970,
2177.733917724, 1.039236188,
2177.754349251, 1.043038689,
2177.774780877, 1.039027317,
2177.795212603, 1.039159014,
2177.815644229, 1.039356089,
2177.836075755, 1.037720748,
2177.856507481, 1.035540452,
2177.897370631, 1.036813322,
2177.917802356, 1.042804535,
2177.938233980, 1.038169012,
2177.958665505, 1.041099833,
2177.979097229, 1.038339280,
2177.999528853, 1.041464156,
2178.019960377, 1.038397855,
2178.040392101, 1.037668952,
2178.060823724, 1.043661871,
2178.081255247, 1.037497805,
2178.101686970, 1.040269930,
2178.122118593, 1.040923612,
2178.142550216, 1.040424706,
2178.162981838, 1.039006451,
2178.183413460, 1.042833003,
2178.203845082, 1.037786627,
2178.224276704, 1.042136576,
2178.244708326, 1.038276241,
2178.265139947, 1.038052504,
2178.285571568, 1.040006612,
2178.326434810, 1.039109938,
2178.346866430, 1.043654808,
2178.367298051, 1.041001678,
2178.387729771, 1.038174588,
2178.408161291, 1.036821918,
2178.428592911, 1.042828752,
2178.449024630, 1.044551841,
2178.469456149, 1.039205220,
2178.489887769, 1.042177086,
2178.510319487, 1.043929126,
2178.530751006, 1.041767498,
2178.551182725, 1.041494951,
2178.571614343, 1.040966059,
2178.592045861, 1.040007191,
2178.632909197, 1.039869903,
2178.653340814, 1.042596911,
2178.673772432, 1.039461526,
2178.694204049, 1.042838288,
2178.714635666, 1.039732390,
2178.735067282, 1.044373194,
2178.775930515, 1.041252959,
2178.816793747, 1.148654525,
2178.837225363, 1.044434426,
2178.857657079, 1.040989777,
2178.878088594, 1.039262452,
2178.898520309, 1.043670882,
2178.918951824, 1.042144454,
2178.939383439, 1.041560640,
2178.959815153, 1.042199754,
2178.980246668, 1.039296864,
2179.000678282, 1.041691240,
2179.021109996, 1.044512652,
2179.041541510, 1.043289047,
2179.061973123, 1.043194815,
2179.082404837, 1.041052896,
2179.123267963, 1.037153407,
2179.143699676, 1.036641215,
2179.164131188, 1.048841178,
2179.184562801, 1.041424930,
2179.204994513, 1.042720208,
2179.225426125, 1.045505838,
2179.245857637, 1.040072185,
2179.266289348, 1.044825033,
2179.286720960, 1.052717406,
2179.307152671, 1.043579405,
2179.327584182, 1.042486939,
2179.368447504, 1.045120314,
2179.388879014, 1.042853569,
2179.409310624, 1.041934085,
2179.429742334, 1.043841061,
2179.450173844, 1.044030620,
2179.470605454, 1.044084597,
2179.491037164, 1.043669444,
2179.511468673, 1.053746140,
2179.531900282, 1.042806191,
2179.552331991, 1.043170577,
2179.572763500, 1.047250517,
2179.593195109, 1.042842231,
2179.613626817, 1.044865744,
2179.634058325, 1.043636703,
2179.654490033, 1.044304314,
2179.695353149, 1.045081859,
2179.715784856, 1.044759039,
2179.756647971, 1.042932295,
2179.777079678, 1.043759292,
2179.797511284, 1.046878428,
2179.817942791, 1.042713197,
2179.838374497, 1.046762243,
2179.858806103, 1.046840578,
2179.879237609, 1.043969266,
2179.899669315, 1.045783964,
2179.920100921, 1.046568716,
2179.940532426, 1.043120972,
2179.960964131, 1.043533812,
2180.001827441, 1.046860645,
2180.022258946, 1.047797845,
2180.042690551, 1.047281622,
2180.063122255, 1.044807571,
2180.103985363, 1.048477381,
2180.124417067, 1.040953643,
2180.144848670, 1.046180853,
2180.165280174, 1.045485422,
2180.185711877, 1.044490045,
2180.206143480, 1.045294763,
2180.226574983, 1.044973780,
2180.247006686, 1.046815646,
2180.267438288, 1.047203868,
2180.287869791, 1.046925256,
2180.308301493, 1.045737037,
2180.349164597, 1.046091167,
2180.369596298, 1.048189252,
2180.390027800, 1.045382111,
2180.410459501, 1.045132722,
2180.430891102, 1.044660022,
2180.451322603, 1.050202700,
2180.471754304, 1.045412182,
2180.492185904, 1.048353261,
2180.512617505, 1.048654905,
2180.533049105, 1.047395676,
2180.553480705, 1.043749789,
2180.573912305, 1.044259858,
2180.594343904, 1.047198254,
2180.614775504, 1.045783334,
2180.635207103, 1.048212430,
2180.655638802, 1.045246614,
2180.676070301, 1.044089092,
2180.696501900, 1.046072004,
2180.716933599, 1.051076600,
2180.757796795, 1.048493767,
2180.778228393, 1.047504942,
2180.798659891, 1.047532625,
2180.819091589, 1.047695049,
2180.839523187, 1.047464117,
2180.859954684, 1.047533590,
2180.880386382, 1.053247429,
2180.900817979, 1.050625192,
2180.921249475, 1.049720814,
2180.941681172, 1.047313383,
2180.962112769, 1.049661337,
2180.982544365, 1.049416665,
2181.002975961, 1.048599726,
2181.023407557, 1.044553740,
2181.064270749, 1.050795407,
2181.084702344, 1.048569846,
2181.105133940, 1.047054729,
2181.125565535, 1.046653814,
2181.145997130, 1.050610766,
2181.166428725, 1.049833591,
2181.186860320, 1.048869921,
2181.207291914, 1.051173849,
2181.227723608, 1.050875583,
2181.268586697, 1.047414833,
2181.289018390, 1.050609695,
2181.329881478, 1.060390189,
2181.350313171, 1.050052306,
2181.370744664, 1.051472801,
2181.391176257, 1.053616954,
2181.411607950, 1.047684100,
2181.432039443, 1.049495422,
2181.452471035, 1.052654944,
2181.472902728, 1.048058662,
2181.493334320, 1.048416119,
2181.513765912, 1.051428799,
2181.534197504, 1.049502242,
2181.554629095, 1.050389700,
2181.575060687, 1.049461710,
2181.595492278, 1.050967161,
2181.615923869, 1.051099267,
2181.636355460, 1.053186935,
2181.656787051, 1.053277307,
2181.677218642, 1.049289341,
2181.697650333, 1.051256830,
2181.718081823, 1.052865317,
2181.738513413, 1.050523759,
2181.758945003, 1.051009094,
2181.779376593, 1.049883390,
2181.820239773, 1.052867537,
2181.840671362, 1.052630613,
2181.861103051, 1.052049394,
2181.881534540, 1.050587256,
2181.901966129, 1.051919801,
2181.922397818, 1.051067636,
2181.942829307, 1.051751769,
2181.963260895, 1.053352814,
2181.983692584, 1.055757958,
2182.004124072, 1.051846235,
2182.024555660, 1.052383281,
2182.044987348, 1.056237901,
2182.065418935, 1.050290850,
2182.085850423, 1.054792790,
2182.106282110, 1.053190606,
2182.126713697, 1.051776074,
2182.147145184, 1.053657252,
2182.167576871, 1.053845025,
2182.188008458, 1.050512079,
2182.208440145, 1.054585771,
2182.228871631, 1.055086436,
2182.249303217, 1.051711001,
2182.269734903, 1.052909167,
2182.290166389, 1.055154086,
2182.310597975, 1.054083860,
2182.331029661, 1.054873138,
2182.351461146, 1.054890819,
2182.371892732, 1.049879606,
2182.392324417, 1.053225096,
2182.412755902, 1.053619725,
2182.433187487, 1.055593579,
2182.453619072, 1.053709169,
2182.474050656, 1.054545486,
2182.494482241, 1.051323697,
2182.514913925, 1.051144896,
2182.535345409, 1.052551998,
2182.555777093, 1.054817912,
2182.576208677, 1.054519825,
2182.596640160, 1.052774523,
2182.617071844, 1.050248919,
2182.637503427, 1.056337762,
2182.657934911, 1.055769167,
2182.678366594, 1.054397483,
2182.698798177, 1.054483333,
2182.719229659, 1.058575688,
2182.739661342, 1.054390071,
2182.760092924, 1.050895510,
2182.821387671, 1.056009685,
2182.841819153, 1.053787276,
2182.862250835, 1.054234092,
2182.882682416, 1.053698085,
2182.903114098, 1.056182939,
2182.923545579, 1.057347291,
2182.943977160, 1.052487244,
2182.964408841, 1.055078320,
2182.984840322, 1.054598004,
2183.005271903, 1.056664538,
2183.025703583, 1.055354427,
2183.046135164, 1.053387341,
2183.086998324, 1.055732848,
2183.107429904, 1.052543515,
2183.127861384, 1.055212441,
2183.148293064, 1.057445787,
2183.168724543, 1.053842959,
2183.189156123, 1.056019686,
2183.209587802, 1.055678417,
2183.230019281, 1.053904101,
2183.250450960, 1.056367945,
2183.291314018, 1.055896956,
2183.311745696, 1.058261706,
2183.332177274, 1.055899083,
2183.352608753, 1.053463413,
2183.373040431, 1.053941945,
2183.393472009, 1.057985823,
2183.413903587, 1.057239171,
2183.434335164, 1.056014168,
2183.454766742, 1.058212102,
2183.475198320, 1.058399583,
2183.495629897, 1.059504483,
2183.536493051, 1.058891330,
2183.556924728, 1.059884560,
2183.577356205, 1.055591854,
2183.597787881, 1.058515915,
2183.618219458, 1.054931921,
2183.638650934, 1.058186715,
2183.659082610, 1.054596714,
2183.679514186, 1.053953409,
2183.699945662, 1.056991331,
2183.720377338, 1.058572257,
2183.740808914, 1.059634121,
2183.781672064, 1.058651559,
2183.802103640, 1.055399020,
2183.822535115, 1.060767108,
2183.842966790, 1.056831657,
2183.863398365, 1.056403128,
2183.883829939, 1.059060115,
2183.904261514, 1.058849899,
2183.924693088, 1.059360792,
2183.945124662, 1.058676804,
2183.965556237, 1.057264848,
2183.985987811, 1.059231939,
2184.006419385, 1.057670182,
2184.026850958, 1.063096033,
2184.047282532, 1.060088818,
2184.067714205, 1.059793401,
2184.088145679, 1.056955428,
2184.108577252, 1.058859731,
2184.129008925, 1.056751748,
2184.149440398, 1.060584397,
2184.169871971, 1.060472976,
2184.190303644, 1.059090532,
2184.210735116, 1.060110142,
2184.231166689, 1.061365873,
2184.272029833, 1.059222978,
2184.292461505, 1.058938346,
2184.312893077, 1.058317350,
2184.333324549, 1.058780368,
2184.353756221, 1.055351441,
2184.374187792, 1.058345450,
2184.394619364, 1.059445928,
2184.415050935, 1.057347382,
2184.435482506, 1.056721135,
2184.455914077, 1.058395584,
2184.496777219, 1.063319598,
2184.517208789, 1.058288332,
2184.537640460, 1.059344337,
2184.558071930, 1.058348430,
2184.578503501, 1.054988978,
2184.598935171, 1.059871778,
2184.619366641, 1.061177295,
2184.639798311, 1.056905147,
2184.660229781, 1.057127731,
2184.680661350, 1.061733571,
2184.701093020, 1.064954116,
2184.721524489, 1.057482020,
2184.741956058, 1.062942056,
2184.762387728, 1.063147637,
2184.782819197, 1.061873114,
2184.803250765, 1.060916522,
2184.823682434, 1.063766692,
2184.844113903, 1.061634092,
2184.864545471, 1.063342126,
2184.884977140, 1.059129268,
2184.905408708, 1.061098237,
2184.925840176, 1.062187771,
2184.946271844, 1.059473367,
2184.966703412, 1.058443775,
2185.007566548, 1.061222915,
2185.027998115, 1.057701636,
2185.048429783, 1.059793892,
2185.068861250, 1.061109247,
2185.089292817, 1.060771212,
2185.109724485, 1.060236673,
2185.130155952, 1.064417996,
2185.150587518, 1.060439844,
2185.171019185, 1.058297305,
2185.191450652, 1.059605740,
2185.211882218, 1.060797278,
2185.252745351, 1.064651833,
2185.273176917, 1.057464588,
2185.293608583, 1.060066111,
2185.314040049, 1.063920028,
2185.334471715, 1.058647282,
2185.354903181, 1.056240932,
2185.375334846, 1.061774583,
2185.395766412, 1.061929810,
2185.416197977, 1.060161613,
2185.436629442, 1.060898468,
2185.457061107, 1.062828343,
2185.497924137, 1.062106853,
2185.518355802, 1.060593587,
2185.538787367, 1.059183878,
2185.559218831, 1.059326777,
2185.579650496, 1.059972558,
2185.600082060, 1.059579960,
2185.620513724, 1.064566722,
2185.640945188, 1.060257944,
2185.661376752, 1.063925673,
2185.681808416, 1.060701301,
2185.702239880, 1.059564079,
2185.722671444, 1.062741233,
2185.743103107, 1.061360633,
2185.763534571, 1.063053867,
2185.783966134, 1.065396325,
2185.804397797, 1.061905387,
2185.824829260, 1.065258939,
2185.845260823, 1.062588201,
2185.865692486, 1.063568871,
2185.886124049, 1.063755338,
2185.906555512, 1.061367353,
2185.926987174, 1.066083437,
2185.947418737, 1.062163561,
2185.967850299, 1.063437480,
2185.988281861, 1.062265775,
2186.008713423, 1.060774285,
2186.029144985, 1.063232164,
2186.049576547, 1.063927223,
2186.070008009, 1.063163694,
2186.090439671, 1.063701645,
2186.110871232, 1.063694169,
2186.131302694, 1.063956551,
2186.151734355, 1.064166926,
2186.172165917, 1.063638784,
2186.192597378, 1.065753880,
2186.213029039, 1.063067134,
2186.233460600, 1.063564046,
2186.253892161, 1.064006431,
2186.274323721, 1.064116039,
2186.294755282, 1.061496009,
2186.315186943, 1.063809487,
2186.335618403, 1.057722223,
2186.356049964, 1.065253245,
2186.376481624, 1.064417902,
2186.396913084, 1.062940560,
2186.417344644, 1.067684839,
2186.458207864, 1.062294853,
2186.478639324, 1.064084085,
2186.499070983, 1.066434324,
2186.519502543, 1.062673215,
2186.539934002, 1.064581218,
2186.560365661, 1.064822894,
2186.580797221, 1.066033254,
2186.601228880, 1.069039420,
2186.621660339, 1.064280754,
2186.642091898, 1.062679969,
2186.662523557, 1.064460581,
2186.682955015, 1.067633767,
2186.723818133, 1.064338691,
2186.744249691, 1.065301593,
2186.764681249, 1.063610582,
2186.785112808, 1.065590978,
2186.805544366, 1.069498695,
2186.825975924, 1.064901889,
2186.846407482, 1.066641115,
2186.866839040, 1.064261493,
2186.887270597, 1.067077046,
2186.907702155, 1.064153348,
2186.928133713, 1.065553362,
2186.948565370, 1.067948414,
2186.968996927, 1.068495243,
2186.989428385, 1.067486539,
2187.009860042, 1.063843827,
2187.030291599, 1.067737658,
2187.050723056, 1.068803307,
2187.071154713, 1.066759244,
2187.091586270, 1.065882649,
2187.112017727, 1.069294382,
2187.132449383, 1.066357614,
2187.152880940, 1.065984030,
2187.173312396, 1.071999510,
2187.214175609, 1.070420972,
2187.234607065, 1.067526061,
2187.255038721, 1.065946385,
2187.275470277, 1.067581097,
2187.295901933, 1.068029588,
2187.316333389, 1.067810941,
2187.336764945, 1.066006111,
2187.357196600, 1.068873122,
2187.377628056, 1.065625333,
2187.398059611, 1.067664520,
2187.418491267, 1.067736871,
2187.438922722, 1.069070915,
2187.459354277, 1.068270776,
2187.479785932, 1.067184169,
2187.500217387, 1.066009787,
2187.520648942, 1.064554298,
2187.541080597, 1.067493683,
2187.561512052, 1.067611166,
2187.581943706, 1.066186484,
2187.602375261, 1.069896833,
2187.622806715, 1.066691216,
2187.643238370, 1.068057526,
2187.663669924, 1.066826461,
2187.684101378, 1.070683220,
2187.704533033, 1.069435926,
2187.724964587, 1.066447908,
2187.745396041, 1.072216362,
2187.765827695, 1.066480627,
2187.786259248, 1.070483528,
2187.806690802, 1.068237474,
2187.827122356, 1.070024880,
2187.847553909, 1.070770463,
2187.867985563, 1.069714786,
2187.888417016, 1.070070232,
2187.908848569, 1.069512896,
2187.929280223, 1.068569410,
2187.949711776, 1.068841622,
2187.970143229, 1.071795226,
2187.990574882, 1.089771018,
2188.011006435, 1.068966457,
2188.031437888, 1.066435337,
2188.051869540, 1.069307871,
2188.072301093, 1.067768971,
2188.092732546, 1.068458286,
2188.113164198, 1.070206234,
2188.133595750, 1.072357278,
2188.154027203, 1.068487981,
2188.174458855, 1.069960273,
2188.194890307, 1.072464859,
2188.215321959, 1.069538837,
2188.235753511, 1.074701250,
2188.256184963, 1.072494178,
2188.276616615, 1.069493634,
2188.297048167, 1.071467645,
2188.317479719, 1.072000770,
2188.337911270, 1.071026182,
2188.358342822, 1.071976680,
2188.378774373, 1.071648379,
2188.399205925, 1.068264487,
2188.419637476, 1.071132105,
2188.440069027, 1.072007134,
2188.460500678, 1.071854143,
2188.480932130, 1.072094185,
2188.501363781, 1.070533844,
2188.521795332, 1.070114186,
2188.542226783, 1.069081624,
2188.562658433, 1.073999432,
2188.583089984, 1.071272274,
2188.603521435, 1.072658909,
2188.623953085, 1.071676386,
2188.644384636, 1.073000690,
2188.664816086, 1.071957976,
2188.685247737, 1.069647902,
2188.705679287, 1.076894507,
2188.726110737, 1.071943378,
2188.746542387, 1.070112429,
2188.766973937, 1.069202908,
2188.787405587, 1.073565667,
2188.807837037, 1.069791356,
2188.848700137, 1.072356420,
2188.869131687, 1.075681474,
2188.889563236, 1.073152879,
2188.909994786, 1.069936717,
2188.930426335, 1.071991618,
2188.950857885, 1.073986028,
2188.971289534, 1.073321638,
2188.991720984, 1.074996422,
2189.012152533, 1.072897873,
2189.032584182, 1.070878363,
2189.053015631, 1.073273693,
2189.093878829, 1.073789139,
2189.114310278, 1.073735957,
2189.134741927, 1.071000994,
2189.196036573, 1.072646564,
2189.216468121, 1.074937206,
2189.236899570, 1.076440441,
2189.257331218, 1.074820746,
2189.277762767, 1.075031520,
2189.298194315, 1.074645511,
2189.318625863, 1.069855148,
2189.339057412, 1.073115383,
2189.359488960, 1.075880419,
2189.379920508, 1.074707558,
2189.400352056, 1.074539968,
2189.420783704, 1.077121716,
2189.441215252, 1.075226018,
2189.461646699, 1.078550718,
2189.482078347, 1.076739182,
2189.502509895, 1.072570287,
2189.522941342, 1.074559924,
2189.543372990, 1.076039699,
2189.563804537, 1.076095967,
2189.584235985, 1.074088778,
2189.604667632, 1.077839371,
2189.625099080, 1.074282267,
2189.665962274, 1.074941755,
2189.686393721, 1.076526553,
2189.727256915, 1.074499239,
2189.747688362, 1.078478303,
2189.768120009, 1.079761522,
2189.788551556, 1.076682885,
2189.808983103, 1.076779159,
2189.829414649, 1.078843808,
2189.849846196, 1.073019537,
2189.870277743, 1.073743257,
2189.890709289, 1.076414318,
2189.911140836, 1.076716705,
2189.931572382, 1.074822938,
2189.952004029, 1.078378278,
2189.972435475, 1.073600616,
2189.992867121, 1.073627483,
2190.013298667, 1.079916468,
2190.033730114, 1.078388274,
2190.054161760, 1.078798896,
2190.074593306, 1.080110328,
2190.095024752, 1.081194104,
2190.115456398, 1.077190882,
2190.135887944, 1.076285502,
2190.156319389, 1.076308808,
2190.176751035, 1.076262883,
2190.197182581, 1.077235586,
2190.217614027, 1.074513111,
2190.238045672, 1.075053651,
2190.258477118, 1.076878979,
2190.278908763, 1.076593325,
2190.299340309, 1.076208595,
2190.319771754, 1.073172297,
2190.340203400, 1.077586082,
2190.360634945, 1.079090014,
2190.381066490, 1.078282925,
2190.401498035, 1.074678978,
2190.421929581, 1.075027508,
2190.442361126, 1.078421908,
2190.462792671, 1.079180087,
2190.483224216, 1.073336828,
2190.503655761, 1.078507264,
2190.524087406, 1.080609286,
2190.544518851, 1.077751498,
2190.564950496, 1.077208068,
2190.585382040, 1.072876543,
2190.605813485, 1.083322440,
2190.646676674, 1.081722499,
2190.667108119, 1.077589438,
2190.687539764, 1.081249363,
2190.707971308, 1.078136668,
2190.728402753, 1.080035719,
2190.748834397, 1.077991646,
2190.769265941, 1.079782590,
2190.789697486, 1.080359619,
2190.810129030, 1.080457908,
2190.830560574, 1.080608271,
2190.871423662, 1.080390800,
2190.891855207, 1.079470578,
2190.912286851, 1.082509099,
2190.932718295, 1.080430006,
2190.953149839, 1.080669869,
2190.973581483, 1.080196416,
2190.994012926, 1.080731321,
2191.014444470, 1.079188574,
2191.034876114, 1.079917161,
2191.055307558, 1.079937734,
2191.075739102, 1.077746598,
2191.096170745, 1.072801563,
2191.137033832, 1.078559669,
2191.157465376, 1.083384065,
2191.177896819, 1.080503082,
2191.198328463, 1.079458663,
2191.218760006, 1.083605320,
2191.239191450, 1.082158672,
2191.259623093, 1.081989884,
2191.280054637, 1.082071869,
2191.300486080, 1.082152206,
2191.320917723, 1.085291703,
2191.341349266, 1.082346729,
2191.361780809, 1.079057679,
2191.382212353, 1.079010158,
2191.402643896, 1.080592258,
2191.423075539, 1.080418612,
2191.443507082, 1.083515724,
2191.463938525, 1.082549998,
2191.484370168, 1.088785466,
2191.504801711, 1.080578069,
2191.525233153, 1.084084567,
2191.545664796, 1.080625776,
2191.566096339, 1.081892436,
2191.586527782, 1.085836646,
2191.627390867, 1.086684804,
2191.668254053, 1.084517246,
2191.688685595, 1.084233426,
2191.709117138, 1.084932756,
2191.729548680, 1.084441203,
2191.749980123, 1.083513414,
2191.770411765, 1.087107648,
2191.790843308, 1.088693158,
2191.811274750, 1.088578535,
2191.831706392, 1.085727927,
2191.852137935, 1.086320779,
2191.872569477, 1.085725345,
2191.893001019, 1.085274063,
2191.913432562, 1.090325269,
2191.933864204, 1.084368378,
2191.954295646, 1.086442935,
2191.974727188, 1.082985903,
2191.995158830, 1.089063619,
2192.015590373, 1.081758923,
2192.036021815, 1.086569920,
2192.056453457, 1.088452030,
2192.076884999, 1.083011602,
2192.117748083, 1.084955549,
2192.138179625, 1.088031445,
2192.158611066, 1.088095129,
2192.179042708, 1.086803940,
2192.199474250, 1.085306010,
2192.219905892, 1.084797257,
2192.240337334, 1.087132325,
2192.260768876, 1.084095024,
2192.281200517, 1.087212242,
2192.301631959, 1.089745992,
2192.322063501, 1.090993281,
2192.342495142, 1.085504953,
2192.383358126, 1.091568314,
2192.403789667, 1.089907597,
2192.424221209, 1.090997731,
2192.444652751, 1.088841149,
2192.465084292, 1.088764023,
2192.485515834, 1.088261835,
2192.526379017, 1.091247488,
2192.546810458, 1.088304664,
2192.567242099, 1.088171284,
2192.608105082, 1.086804851,
2192.628536724, 1.087139615,
2192.648968265, 1.085933771,
2192.669399706, 1.090435241,
2192.689831348, 1.090583065,
2192.710262889, 1.095012261,
2192.730694530, 1.090062224,
2192.751125971, 1.088866899,
2192.771557513, 1.092952581,
2192.791989154, 1.093152564,
2192.812420595, 1.090031373,
2192.853283777, 1.087453351,
2192.873715218, 1.088645958,
2192.894146760, 1.088155797,
2192.914578401, 1.088289494,
2192.935009842, 1.089636625,
2192.955441383, 1.092498223,
2192.975873024, 1.091284294,
2192.996304465, 1.092695873,
2193.016736106, 1.094758069,
2193.057599188, 1.093254079,
2193.098462270, 1.092819199,
2193.118893711, 1.090960158,
2193.139325352, 1.090508214,
2193.159756893, 1.088734005,
2193.180188334, 1.085534319,
2193.200619974, 1.088435705,
2193.221051515, 1.083083941,
2193.241483156, 1.081293012,
2193.261914597, 1.086647661,
2193.282346138, 1.086211657,
2193.302777779, 1.085226141,
2193.343640760, 1.087822604,
2193.364072401, 1.088187393,
2193.384503842, 1.088012628,
2193.404935383, 1.088857724,
2193.425367023, 1.089107322,
2193.445798464, 1.086042778,
2193.466230005, 1.083877481,
2193.486661646, 1.089786753,
2193.507093186, 1.086778030,
2193.527524727, 1.083922190,
2193.547956268, 1.086191597,
2193.588819349, 1.086208640,
2193.609250890, 1.091652974,
2193.629682431, 1.093655784,
2193.650114071, 1.090170739,
2193.670545512, 1.088591489,
2193.690977053, 1.091654401,
2193.711408693, 1.089046236,
2193.731840134, 1.092721551,
2193.752271674, 1.086507323,
2193.772703215, 1.089469268,
2193.793134756, 1.092076238,
2193.833997837, 1.088904339,
2193.854429378, 1.089369359,
2193.874861018, 1.089297560,
2193.895292459, 1.091345760,
2193.915723999, 1.089260939,
2193.936155640, 1.102022545,
2193.956587081, 1.094177891,
2193.977018621, 1.090071872,
2194.017881702, 1.092438073,
2194.038313343, 1.091953552,
2194.079176424, 1.090539143,
2194.099607965, 1.093057135,
2194.120039505, 1.093036193,
2194.140471046, 1.089780350,
2194.160902686, 1.088243714,
2194.181334127, 1.097054704,
2194.201765667, 1.091651679,
2194.222197308, 1.087326871,
2194.263060289, 1.089498855,
2194.283491930, 1.092538946,
2194.303923370, 1.092286484,
2194.324355011, 1.090251082,
2194.344786551, 1.088130192,
2194.365217992, 1.090212908,
2194.385649633, 1.093414134,
2194.406081073, 1.086481089,
2194.467375695, 1.091074722,
2194.487807236, 1.093669826,
2194.508238876, 1.089190914,
2194.528670417, 1.091696181,
2194.569533498, 1.091682298,
2194.589965039, 1.092076584,
2194.610396579, 1.093764562,
2194.630828120, 1.095666988,
2194.651259660, 1.096114699,
2194.671691301, 1.092643543,
2194.692122742, 1.099428795,
2194.712554282, 1.096452352,
2194.732985923, 1.095157750,
2194.753417364, 1.097075556,
2194.814711986, 1.095057044,
2194.835143626, 1.094994239,
2194.855575167, 1.092870272,
2194.876006608, 1.098080355,
2194.896438249, 1.094174669,
2194.916869789, 1.097691222,
2194.937301230, 1.094669660,
2194.957732871, 1.096665928,
2194.978164412, 1.097410852,
2194.998595952, 1.095561187,
2195.019027493, 1.091940910,
2195.080322116, 1.093370516,
2195.100753656, 1.094282348,
2195.121185197, 1.096420185,
2195.141616738, 1.098666535,
2195.162048279, 1.093598700,
2195.182479820, 1.092278125,
2195.202911361, 1.096385113,
2195.223342902, 1.096670772,
2195.243774543, 1.095327895,
2195.264205984, 1.093077691,
2195.284637625, 1.094068183,
2195.305069166, 1.094476553,
2195.325500606, 1.095507077,
2195.345932247, 1.096542089,
2195.366363788, 1.092517789,
2195.386795230, 1.096803957,
2195.407226871, 1.096502009,
2195.427658412, 1.097973175,
2195.448089853, 1.096686266,
2195.468521494, 1.097776184,
2195.488953035, 1.097791188,
2195.509384676, 1.091816189,
2195.550247658, 1.098086994,
2195.570679299, 1.097146481,
2195.591110741, 1.101477214,
2195.611542282, 1.096505917,
2195.631973923, 1.099205147,
2195.652405364, 1.099004770,
2195.672836906, 1.100105434,
2195.693268547, 1.101250408,
2195.713700088, 1.105696132,
2195.734131630, 1.091308775,
2195.754563171, 1.101177527,
2195.795426254, 1.098286538,
2195.815857795, 1.097239833,
2195.836289237, 1.094078966,
2195.856720878, 1.099346587,
2195.877152420, 1.094832000,
2195.897583861, 1.101637005,
2195.918015503, 1.100152155,
2195.938447044, 1.100285859,
2195.958878686, 1.096709751,
2195.979310127, 1.095234193,
2195.999741669, 1.102450045,
2196.040604752, 1.100921120,
2196.061036294, 1.098137389,
2196.081467936, 1.099739558,
2196.101899377, 1.103690173,
2196.122330919, 1.096503116,
2196.142762561, 1.100254516,
2196.163194003, 1.099016425,
2196.183625545, 1.104175864,
2196.204057187, 1.096464727,
2196.224488728, 1.100440252,
2196.244920270, 1.096588575,
2196.285783354, 1.100733927,
2196.326646438, 1.099756146,
2196.367509622, 1.099008775,
2196.387941065, 1.099417473,
2196.408372607, 1.102373301,
2196.428804149, 1.108774921,
2196.449235691, 1.101662218,
2196.469667333, 1.101131995,
2196.490098776, 1.106026275,
2196.530961960, 1.106421588,
2196.551393403, 1.102254785,
2196.571824945, 1.104645675,
2196.592256588, 1.098038049,
2196.612688030, 1.109347990,
2196.633119572, 1.107755939,
2196.653551215, 1.106174296,
2196.673982658, 1.098397591,
2196.694414300, 1.101977889,
2196.714845843, 1.100535530,
2196.735277385, 1.125419389,
2196.776140471, 1.104653446,
2196.796572014, 1.106164434,
2196.817003556, 1.107876102,
2196.837435099, 1.106692774,
2196.857866642, 1.110040552,
2196.878298285, 1.105099904,
2196.898729728, 1.109455054,
2196.919161371, 1.102045012,
2196.939592914, 1.109427360,
2196.960024357, 1.093319218,
2196.980456000, 1.078282089,
2197.021318986, 1.106733050,
2197.041750629, 1.110659130,
2197.062182173, 1.114692579,
2197.082613616, 1.109806093,
2197.103045259, 1.106679364,
2197.123476803, 1.111135000,
2197.143908446, 1.110504902,
2197.164339889, 1.108962620,
2197.184771333, 1.108900446,
2197.205202976, 1.110297345,
2197.225634520, 1.107012844,
2197.266497607, 1.109439260,
2197.286929151, 1.107165295,
2197.307360694, 1.112866205,
2197.327792238, 1.113063182,
2197.348223782, 1.111191987,
2197.368655426, 1.108036507,
2197.389086970, 1.108776199,
2197.409518414, 1.108180337,
2197.450381602, 1.114837326,
2197.470813046, 1.113676897,
2197.593402511, 1.110609642,
2197.613833955, 1.113558713,
2197.634265500, 1.106089359,
2197.654697144, 1.112169598,
2197.675128589, 1.114112816,
2197.695560133, 1.107146221,
2197.715991778, 1.109357719,
2197.756854767, 1.120632079,
2197.777286412, 1.118894862,
2197.797717857, 1.116898631,
2197.818149501, 1.120221967,
2197.838580946, 1.112777010,
2197.859012591, 1.117789656,
2197.879444136, 1.118358133,
2197.899875581, 1.115242873,
2197.920307126, 1.115215241,
2197.940738771, 1.113721295,
2197.961170317, 1.115065927,
2198.002033407, 1.124858985,
2198.022464952, 1.119137055,
2198.042896498, 1.120311548,
2198.063328043, 1.121455301,
2198.083759589, 1.116972490,
2198.104191234, 1.115607668,
2198.124622680, 1.119134789,
2198.145054225, 1.119755698,
2198.165485871, 1.118579161,
2198.185917317, 1.135816694,
2198.206348863, 1.114812020,
2198.267643600, 1.120000210,
2198.288075146, 1.122019743,
2198.308506592, 1.122262366,
2198.328938238, 1.122934889,
2198.349369785, 1.121378937,
2198.369801331, 1.120977620,
2198.410664423, 1.117993739,
2198.431095970, 1.122023971,
2198.451527516, 1.119266033,
2198.492390609, 1.125700107,
2198.512822156, 1.124056928,
2198.533253702, 1.119980257,
2198.553685249, 1.120831299,
2198.574116796, 1.123343382,
2198.594548343, 1.123967707,
2198.614979990, 1.123098669,
2198.635411437, 1.122677982,
2198.655842984, 1.122831108,
2198.676274631, 1.116632786,
2198.696706078, 1.121445978,
2198.737569272, 1.124851208,
2198.758000720, 1.122393417,
2198.798863914, 1.122830753,
2198.819295362, 1.122550048,
2198.839727010, 1.123232236,
2198.860158557, 1.123916361,
2198.880590005, 1.125988339,
2198.901021653, 1.121752400,
2198.921453200, 1.120753254,
2198.941884848, 1.126466905,
2199.003179492, 1.125863747,
2199.023611040, 1.122918996,
2199.044042489, 1.129651713,
2199.064474137, 1.127202823,
2199.084905685, 1.127796170,
2199.105337233, 1.128142493,
2199.146200330, 1.127440446,
2199.166631879, 1.123736508,
2199.187063428, 1.122189172,
2199.227926525, 1.124043905,
2199.248358074, 1.125795383,
2199.268789523, 1.125791510,
2199.289221172, 1.123818139,
2199.309652721, 1.125376991,
2199.330084370, 1.125713166,
2199.350515819, 1.125186110,
2199.370947369, 1.126300684,
2199.391379018, 1.124252362,
2199.411810467, 1.129187275,
2199.432242017, 1.128700901,
2199.452673666, 1.124661627,
2199.473105116, 1.127973065,
2199.493536665, 1.127157976,
2199.513968315, 1.127535297,
2199.534399765, 1.130949637,
2199.554831415, 1.131351672,
2199.575262965, 1.121123270,
2199.595694515, 1.127512404,
2199.616126065, 1.131244173,
2199.636557615, 1.125745080,
2199.656989165, 1.129264421,
2199.677420716, 1.131237518,
2199.718283817, 1.130790168,
2199.738715467, 1.127626152,
2199.759146918, 1.124222033,
2199.779578568, 1.126271442,
2199.800010119, 1.126670062,
2199.840873221, 1.126791257,
2199.861304672, 1.128842432,
2199.881736223, 1.131125417,
2199.902167874, 1.128134501,
2199.922599325, 1.124916336,
2199.963462528, 1.129356119,
2199.983893979, 1.130259808,
2200.004325631, 1.127366092,
2200.024757182, 1.129032885,
2200.045188634, 1.127741031,
2200.065620286, 1.131310976,
2200.086051838, 1.128418710,
2200.106483390, 1.131594094,
2200.126914941, 1.131854460,
2200.147346494, 1.132950686,
2200.167778146, 1.131454645,
2200.229072803, 1.132588043,
2200.249504355, 1.128621328,
2200.269935808, 1.131244078,
2200.290367460, 1.131026964,
2200.310799013, 1.132308498,
2200.331230466, 1.127775206,
2200.351662118, 1.132803296,
2200.372093671, 1.125821244,
2200.392525324, 1.134671644,
2200.453819984, 1.126666192,
2200.474251437, 1.130107794,
2200.494682991, 1.127595542,
2200.515114544, 1.131860604,
2200.535546098, 1.127450296,
2200.555977652, 1.133069371,
2200.576409205, 1.135267362,
2200.596840759, 1.134246346,
2200.617272413, 1.135964473,
2200.637703867, 1.142997621,
2200.658135421, 1.132974977,
2200.698998530, 1.126436370,
2200.719430084, 1.131244542,
2200.739861739, 1.129490163,
2200.760293193, 1.128961582,
2200.780724748, 1.131646782,
2200.801156403, 1.130734387,
2200.821587957, 1.132356074,
2200.842019512, 1.129321763,
2200.862451067, 1.131354966,
2200.882882622, 1.139751806,
2200.903314277, 1.135934618,
2200.944177288, 1.128574992,
2200.964608943, 1.129510630,
2200.985040399, 1.128743365,
2201.005472055, 1.131363349,
2201.025903610, 1.134073045,
2201.066766722, 1.130695581,
2201.087198278, 1.130884855,
2201.107629734, 1.133314167,
2201.128061390, 1.133297846,
2201.148492946, 1.131609984,
2201.189356059, 1.131213167,
2201.209787616, 1.131427555,
2201.230219172, 1.134962386,
2201.250650729, 1.135728940,
2201.271082286, 1.136690584,
2201.291513843, 1.137722348,
2201.311945400, 1.142246534,
2201.332376957, 1.132287169,
2201.352808514, 1.134467882,
2201.373240071, 1.134193118,
2201.393671629, 1.136536515,
2201.434534744, 1.129653220,
2201.454966401, 1.133887993,
2201.475397959, 1.135949276,
2201.495829417, 1.137325392,
2201.516261075, 1.134468399,
2201.536692633, 1.136518210,
2201.557124091, 1.133753434,
2201.577555749, 1.133040673,
2201.597987308, 1.135776616,
2201.618418766, 1.135513489,
2201.638850425, 1.134752492,
2201.659281983, 1.131832101,
2201.679713642, 1.133401582,
2201.700145101, 1.137019242,
2201.720576660, 1.135878712,
2201.741008319, 1.131877993,
2201.761439778, 1.133636115,
2201.781871337, 1.131808573,
2201.802302997, 1.136957024,
2201.822734456, 1.130752055,
2201.843166116, 1.128014714,
2201.863597675, 1.136682883,
2201.884029135, 1.128303771,
2201.924892255, 1.133279373,
2201.945323815, 1.128368356,
2201.965755475, 1.135466893,
2201.986187035, 1.131213125,
2202.006618496, 1.136184322,
2202.027050156, 1.132852024,
2202.047481717, 1.127114509,
2202.067913277, 1.135076538,
2202.088344838, 1.132588795,
2202.108776399, 1.128673660,
2202.129208060, 1.130847700,
2202.170071082, 1.132816780,
2202.190502743, 1.133737721,
2202.210934205, 1.138329037,
2202.231365766, 1.135995640,
2202.251797428, 1.133229325,
2202.272228890, 1.125853930,
2202.292660552, 1.138196867,
2202.313092114, 1.131462645,
2202.333523576, 1.133878426,
2202.353955238, 1.133603493,
2202.374386800, 1.140416961,
2202.415249925, 1.135229477,
2202.435681487, 1.132869631,
2202.456113150, 1.150077478,
2202.476544613, 1.132173932,
2202.496976176, 1.132833919,
2202.517407739, 1.139643573,
2202.537839302, 1.134076507,
2202.558270865, 1.136680197,
2202.578702429, 1.131175167,
2202.599133992, 1.138662887,
2202.619565556, 1.136444081,
2202.660428683, 1.147165685,
2202.680860347, 1.139534851,
2202.701291911, 1.135966008,
2202.721723375, 1.135758291,
2202.742155040, 1.137544185,
2202.762586604, 1.141874735,
2202.783018069, 1.133117350,
2202.803449733, 1.140183706,
2202.823881298, 1.137591292,
2202.844312763, 1.132642414,
2202.864744428, 1.140589690,
2202.926039123, 1.138345452,
2202.946470689, 1.137940361,
2202.966902354, 1.136023079,
2202.987333820, 1.137861201,
2203.007765385, 1.134708671,
2203.028197051, 1.140805975,
2203.048628517, 1.136809275,
2203.069060183, 1.136004678,
2203.089491750, 1.137288084,
2203.109923316, 1.135938601,
2203.150786449, 1.140096677,
2203.171218016, 1.137296295,
2203.191649583, 1.138234905,
2203.212081150, 1.138797976,
2203.252944284, 1.137853281,
2203.273375851, 1.140756734,
2203.293807518, 1.141875243,
2203.314238986, 1.137508614,
2203.334670554, 1.136075487,
2203.355102221, 1.139833215,
2203.395965257, 1.136846637,
2203.416396926, 1.138259256,
2203.436828394, 1.136837865,
2203.457259962, 1.138868919,
2203.477691631, 1.138594943,
2203.498123099, 1.140384501,
2203.518554768, 1.140071212,
2203.538986337, 1.144584407,
2203.559417806, 1.137349461,
2203.600281044, 1.150833888,
2203.641144183, 1.141511301,
2203.661575753, 1.140985441,
2203.682007423, 1.138547963,
2203.702438893, 1.144356942,
2203.722870463, 1.140688425,
2203.743302133, 1.142057795,
2203.763733703, 1.139869255,
2203.784165173, 1.142480439,
2203.804596844, 1.137981166,
2203.825028415, 1.144676304,
2203.845459885, 1.139041757,
2203.886323127, 1.140411055,
2203.906754698, 1.138719599,
2203.927186270, 1.137005834,
2203.947617741, 1.137514997,
2203.968049413, 1.140675596,
2203.988480984, 1.145037666,
2204.008912456, 1.140151394,
2204.029344128, 1.150133041,
2204.049775700, 1.149214615,
2204.070207172, 1.140559286,
2204.090638845, 1.142854521,
2204.131502090, 1.140991462,
2204.151933562, 1.142741424,
2204.172365135, 1.140105955,
2204.192796808, 1.139602175,
2204.213228281, 1.139128055,
2204.233659855, 1.142221593,
2204.254091528, 1.143106072,
2204.274523102, 1.141223198,
2204.294954675, 1.140419740,
2204.315386249, 1.141485816,
2204.335817823, 1.146448585,
2204.376680971, 1.137915600,
2204.397112545, 1.138059918,
2204.417544120, 1.139860453,
2204.437975695, 1.139673993,
2204.478838944, 1.140464970,
2204.499270419, 1.140497343,
2204.519702094, 1.139194299,
2204.540133570, 1.142509093,
2204.560565145, 1.142045526,
2204.621859872, 1.141588924,
2204.642291548, 1.138751882,
2204.662723024, 1.139608248,
2204.683154700, 1.142025218,
2204.703586277, 1.140824231,
2204.724017753, 1.140994887,
2204.744449430, 1.139444817,
2204.764881007, 1.140831132,
2204.785312484, 1.143086097,
2204.805744161, 1.144092399,
2204.826175738, 1.147736341,
2204.867038893, 1.145971796,
2204.887470470, 1.139775978,
2204.907902148, 1.144038025,
2204.928333726, 1.138677802,
2204.948765204, 1.146889716,
2204.969196882, 1.141113903,
2204.989628461, 1.141129335,
2205.010059939, 1.143147553,
2205.030491618, 1.145999247,
2205.050923197, 1.139949373,
2205.071354676, 1.142895062,
2205.112217934, 1.141280549,
2205.132649613, 1.139570112,
2205.153081093, 1.142444955,
2205.173512672, 1.140944705,
2205.193944252, 1.140552453,
2205.214375832, 1.141366091,
2205.234807412, 1.143864943,
2205.255238993, 1.141686628,
2205.275670573, 1.151732198,
2205.296102253, 1.144784089,
2205.316533734, 1.142993884,
2205.357396996, 1.149166610,
2205.377828477, 1.147197528,
2205.398260058, 1.161098891,
2205.418691740, 1.147561161,
2205.439123221, 1.142585109,
2205.459554803, 1.140852943,
2205.479986485, 1.142388437,
2205.500418067, 1.145483173,
2205.520849649, 1.145920961,
2205.541281231, 1.146051249,
2205.561712814, 1.137134566,
2205.602575979, 1.146316203,
2205.623007562, 1.141006998,
2205.643439245, 1.145406678,
2205.663870728, 1.144811599,
2205.684302312, 1.144569306,
2205.704733995, 1.142378001,
2205.725165479, 1.145603503,
2205.745597163, 1.141538321,
2205.766028747, 1.143506689,
2205.786460231, 1.143977162,
2205.806891915, 1.144167337,
2205.847754984, 1.143679592,
2205.868186669, 1.145789572,
2205.888618254, 1.147345428,
2205.909049839, 1.143691399,
2205.929481424, 1.144052667,
2205.949912910, 1.143137628,
2205.970344595, 1.147834643,
2205.990776181, 1.141842465,
2206.011207767, 1.141213698,
2206.031639353, 1.146284102,
2206.052070939, 1.147610360,
2206.113365698, 1.141786907,
2206.154228972, 1.145142416,
2206.174660459, 1.150458024,
2206.195092146, 1.144247780,
2206.215523734, 1.148169663,
2206.235955221, 1.143225389,
2206.256386909, 1.137664496,
2206.276818497, 1.143691968,
2206.297250185, 1.148765295,
2206.338113261, 1.149653834,
2206.358544950, 1.145594729,
2206.378976439, 1.149761656,
2206.399408028, 1.147499161,
2206.419839717, 1.143739777,
2206.440271206, 1.142633845,
2206.460702795, 1.145414201,
2206.481134485, 1.144622177,
2206.501565974, 1.146983007,
2206.521997664, 1.141016654,
2206.542429254, 1.154426044,
2206.583292435, 1.149070963,
2206.603723925, 1.147946236,
2206.624155516, 1.147270796,
2206.644587207, 1.147843637,
2206.665018697, 1.146026186,
2206.685450289, 1.146642791,
2206.705881980, 1.144069221,
2206.726313571, 1.150463797,
2206.746745163, 1.140870994,
2206.767176755, 1.150484207,
2206.787608347, 1.146856953,
2206.828471531, 1.147420173,
2206.848903124, 1.147393166,
2206.869334816, 1.147863334,
2206.889766309, 1.147204139,
2206.910198002, 1.148699950,
2206.930629595, 1.147144954,
2206.951061089, 1.145932392,
2206.971492782, 1.142922814,
2206.991924376, 1.145747305,
2207.012355870, 1.149280485,
2207.032787564, 1.149084844,
2207.073650652, 1.149740179,
2207.094082347, 1.149845090,
2207.114513941, 1.147612022,
2207.134945636, 1.148781904,
2207.155377131, 1.148887583,
2207.175808726, 1.146260013,
2207.196240422, 1.145641565,
2207.216671917, 1.149886220,
2207.237103513, 1.149023223,
2207.257535109, 1.149311724,
2207.277966805, 1.152177330,
2207.318829997, 1.148450151,
2207.339261494, 1.150648530,
2207.359693191, 1.152126364,
2207.380124788, 1.152201711,
2207.400556285, 1.145771853,
2207.420987982, 1.150298290,
2207.441419579, 1.148979698,
2207.461851077, 1.151818769,
2207.482282775, 1.147374754,
2207.502714373, 1.148714299,
2207.523146071, 1.154237182,
2207.564009168, 1.147995125,
2207.584440866, 1.151064098,
2207.604872365, 1.147705485,
2207.625303964, 1.155533516,
2207.645735663, 1.149045281,
2207.666167163, 1.154142913,
2207.686598762, 1.149684234,
2207.707030462, 1.147665187,
2207.727461962, 1.148757755,
2207.747893662, 1.148358635,
2207.768325262, 1.153846599,
2207.809188463, 1.146634703,
2207.829620064, 1.150666048,
2207.850051665, 1.150072620,
2207.870483266, 1.150978755,
2207.890914868, 1.151215308,
2207.911346469, 1.151036941,
2207.931778071, 1.154098707,
2207.952209673, 1.148517885,
2207.972641275, 1.154999657,
2207.993072877, 1.147304277,
2208.013504480, 1.154753118,
2208.054367685, 1.151785444,
2208.074799288, 1.147692493,
2208.095230991, 1.149416344,
2208.115662495, 1.152872204,
2208.136094198, 1.151287395,
2208.156525802, 1.149108082,
2208.176957306, 1.150373211,
2208.197389010, 1.149409376,
2208.217820614, 1.153244196,
2208.238252119, 1.148993675,
2208.258683823, 1.153952381,
2208.299546933, 1.151640235,
2208.319978638, 1.150077995,
2208.340410244, 1.150297403,
2208.360841949, 1.151520331,
2208.381273455, 1.146920700,
2208.401705061, 1.150224663,
2208.422136767, 1.153227420,
2208.442568274, 1.151044171,
2208.462999880, 1.153811204,
2208.483431587, 1.154770851,
2208.503863194, 1.155513764,
2208.544726408, 1.150275562,
2208.565158015, 1.153285565,
2208.606021231, 1.154459664,
2208.626452739, 1.154149662,
2208.646884447, 1.150261495,
2208.667316056, 1.154406178,
2208.687747564, 1.151632696,
2208.708179273, 1.151980311,
2208.728610882, 1.151296157,
2208.749042591, 1.155125205,
2208.789905710, 1.151692404,
2208.810337420, 1.153851382,
2208.830768930, 1.155430278,
2208.851200540, 1.152203984,
2208.871632250, 1.153688444,
2208.892063761, 1.151831282,
2208.912495472, 1.155810216,
2208.932927083, 1.156231294,
2208.953358594, 1.154298548,
2208.973790305, 1.159586199,
2208.994221916, 1.155004923,
2209.035085140, 1.155900941,
2209.055516752, 1.161791629,
2209.075948364, 1.155649401,
2209.096379977, 1.153110002,
2209.116811590, 1.156249346,
2209.137243302, 1.159036046,
2209.157674916, 1.153619584,
2209.178106429, 1.157788129,
2209.198538142, 1.156617333,
2209.218969756, 1.157342172,
2209.239401270, 1.155104826,
2209.280264498, 1.158617073,
2209.300696213, 1.158613209,
2209.321127827, 1.157290227,
2209.341559342, 1.157751361,
2209.361991057, 1.156049968,
2209.382422672, 1.151128417,
2209.402854188, 1.153326371,
2209.423285904, 1.156941550,
2209.443717519, 1.154078345,
2209.464149036, 1.151903458,
2209.484580752, 1.155527778,
2209.525444085, 1.155585173,
2209.545875602, 1.158182979,
2209.566307219, 1.153978951,
2209.586738936, 1.153624578,
2209.607170454, 1.159870728,
2209.627602071, 1.154062789,
2209.648033789, 1.157997152,
2209.668465407, 1.152601873,
2209.688897026, 1.163592788,
2209.709328644, 1.154488960,
2209.729760263, 1.155404297,
2209.770623501, 1.157336767,
2209.791055120, 1.156618788,
2209.811486840, 1.160617444,
2209.831918359, 1.153900831,
2209.852349979, 1.157400284,
2209.872781600, 1.157725815,
2209.893213220, 1.156792812,
2209.913644940, 1.155612690,
2209.934076461, 1.154765308,
2209.954508082, 1.155340877,
2209.974939803, 1.162415220,
2210.036234668, 1.157823131,
2210.056666190, 1.155614312,
2210.077097912, 1.159728715,
2210.097529535, 1.157132134,
2210.117961057, 1.158425305,
2210.138392780, 1.156868962,
2210.158824403, 1.155621140,
2210.179256027, 1.156193222,
2210.199687650, 1.157736725,
2210.220119274, 1.152048402,
2210.281414146, 1.161116440,
2210.301845871, 1.159751701,
2210.322277395, 1.158999329,
2210.342709020, 1.158330719,
2210.363140746, 1.159124603,
2210.383572371, 1.155375045,
2210.404003897, 1.158105606,
2210.424435622, 1.157000483,
2210.444867248, 1.158650701,
2210.465298975, 1.156070124,
2210.485730501, 1.158248904,
2210.506162128, 1.158316359,
2210.526593755, 1.154475507,
2210.547025382, 1.160788028,
2210.567457009, 1.159427712,
2210.587888737, 1.164462979,
2210.608320264, 1.161096045,
2210.628751892, 1.156762933,
2210.649183521, 1.159844723,
2210.669615149, 1.159385652,
2210.690046878, 1.157062997,
2210.710478406, 1.162433191,
2210.751341765, 1.160288211,
2210.771773294, 1.159077477,
2210.792204924, 1.161041542,
2210.812636654, 1.163075317,
2210.833068284, 1.160131550,
2210.853499914, 1.157060866,
2210.873931545, 1.158146404,
2210.894363176, 1.160679425,
2210.914794807, 1.161249593,
2210.935226438, 1.162263451,
2210.955658069, 1.158761710,
2210.996521333, 1.158757195,
2211.016952965, 1.159420919,
2211.037384698, 1.163145066,
2211.057816230, 1.157959720,
2211.078247963, 1.159274484,
2211.119111129, 1.161414107,
2211.139542863, 1.162063814,
2211.159974496, 1.157828526,
2211.180406030, 1.157705615,
2211.200837764, 1.159724085,
2211.241701033, 1.162287009,
2211.262132668, 1.159793640,
2211.282564203, 1.157709705,
2211.302995938, 1.160776780,
2211.323427574, 1.160192135,
2211.343859109, 1.161780912,
2211.364290845, 1.158879339,
2211.384722482, 1.165913513,
2211.405154118, 1.158667901,
2211.425585754, 1.159500654,
2211.446017391, 1.165023754,
2211.486880666, 1.163868646,
2211.507312303, 1.157795791,
2211.527744040, 1.161829256,
2211.548175678, 1.163631086,
2211.568607217, 1.161670985,
2211.589038955, 1.161396483,
2211.609470594, 1.160993320,
2211.629902233, 1.160423869,
2211.650333872, 1.158230400,
2211.670765511, 1.162423427,
2211.691197251, 1.163633678,
2211.732060430, 1.159184853,
2211.752492171, 1.164052395,
2211.772923711, 1.161025067,
2211.793355352, 1.163930696,
2211.813787093, 1.160003252,
2211.834218634, 1.162384981,
2211.854650375, 1.157834414,
2211.875082017, 1.162930064,
2211.895513559, 1.159834004,
2211.915945301, 1.158795583,
2211.936376843, 1.159986780,
2211.977240229, 1.161302061,
2211.997671772, 1.160407576,
2212.018103515, 1.162999186,
2212.038535159, 1.161903359,
2212.058966802, 1.157398877,
2212.079398446, 1.162757731,
2212.099830091, 1.160574468,
2212.120261735, 1.162033174,
2212.140693380, 1.159281049,
2212.161125025, 1.164294419,
2212.181556670, 1.164454490,
2212.201988415, 1.174653405,
2212.242851707, 1.160822833,
2212.263283353, 1.163090725,
2212.283714899, 1.162606830,
2212.304146646, 1.161485627,
2212.324578293, 1.164644741,
2212.345009840, 1.162919804,
2212.365441587, 1.160602981,
2212.385873234, 1.159669461,
2212.406304982, 1.159802207,
2212.426736530, 1.163158446,
2212.467599927, 1.161441050,
2212.488031476, 1.161273939,
2212.508463125, 1.159696980,
2212.528894874, 1.161952551,
2212.549326423, 1.158829046,
2212.590189723, 1.167449295,
2212.610621373, 1.161273128,
2212.631053124, 1.164244977,
2212.651484674, 1.164124763,
2212.671916325, 1.166013638,
2212.712779728, 1.165104643,
2212.733211279, 1.162665733,
2212.753643031, 1.160387899,
2212.774074683, 1.165044828,
2212.794506236, 1.164558741,
2212.814937988, 1.164555664,
2212.835369641, 1.163699676,
2212.855801394, 1.163154380,
2212.876232948, 1.163351856,
2212.896664601, 1.163002992,
2212.917096355, 1.162550992,
2212.957959563, 1.164218558,
2212.978391318, 1.163466769,
2212.998822873, 1.164159628,
2213.019254628, 1.166987872,
2213.039686283, 1.163766752,
2213.060117839, 1.166436028,
2213.080549594, 1.170052828,
2213.100981251, 1.164782125,
2213.121412807, 1.173457113,
2213.141844563, 1.167935744,
2213.162276220, 1.164996386,
2213.203139535, 1.165062250,
2213.223571192, 1.162202809,
2213.244002850, 1.164954556,
2213.264434508, 1.163422320,
