BJD - 2454833, Corrected Flux
2061.305599103, 1.001429228,
2061.326031342, 1.000873312,
2061.346463480, 1.000735642,
2061.366895518, 1.000307757,
2061.387327755, 1.000120781,
2061.407759893, 1.000004774,
2061.428192129, 0.999999989,
2061.489488537, 0.998822102,
2061.509920571, 0.998928397,
2061.530352706, 0.999109437,
2061.550784940, 0.999398351,
2061.571217073, 0.999624645,
2061.591649107, 0.999777526,
2061.612081339, 1.000006186,
2061.632513472, 1.000191418,
2061.652945503, 1.000442234,
2061.673377735, 1.000569978,
2061.693809866, 1.000572307,
2061.714241997, 1.000698684,
2061.734674127, 1.000671699,
2061.755106257, 1.000421913,
2061.775538386, 1.000480441,
2061.795970515, 1.000395272,
2061.816402643, 1.000365191,
2061.836834772, 1.000074596,
2061.857266899, 0.999909594,
2061.877698926, 0.999807714,
2061.898131153, 0.999518908,
2061.918563280, 0.999474345,
2061.938995405, 0.999262675,
2061.959427531, 0.998951738,
2061.979859656, 0.998668409,
2062.000291881, 0.998751021,
2062.020723905, 0.998645062,
2062.041156029, 0.998486028,
2062.061588252, 0.998413112,
2062.082020275, 0.998367872,
2062.102452397, 0.998434224,
2062.122884619, 0.998657647,
2062.143316741, 0.998802511,
2062.163748763, 0.999070486,
2062.225045124, 0.998999805,
2062.245477343, 0.999158435,
2062.265909462, 0.999376618,
2062.286341481, 0.999608736,
2062.306773699, 0.999519963,
2062.327205817, 0.999423941,
2062.347638035, 0.999268308,
2062.368070052, 0.999176313,
2062.388502169, 0.999451820,
2062.408934384, 0.999449147,
2062.429366400, 0.999371836,
2062.449798515, 0.999390742,
2062.470230630, 0.999456764,
2062.490662745, 0.999292848,
2062.511094859, 0.999171055,
2062.531526973, 0.999017009,
2062.551959086, 0.998877493,
2062.572391199, 0.998763419,
2062.592823311, 0.998773861,
2062.613255423, 0.998908217,
2062.633687535, 0.998918345,
2062.654119746, 0.999155485,
2062.674551757, 0.999205928,
2062.694983967, 0.999477088,
2062.715416077, 0.999519962,
2062.735848086, 0.999739547,
2062.756280295, 0.999939053,
2062.776712404, 1.000062088,
2062.797144412, 1.000160721,
2062.817576620, 1.000037017,
2062.838008727, 1.000069487,
2062.858440734, 1.000262287,
2062.878872941, 1.000182378,
2062.899305047, 1.000112684,
2062.919737053, 0.999978768,
2062.940169258, 1.000042256,
2062.960601363, 0.999859042,
2062.981033467, 0.999650337,
2063.001465571, 0.999520708,
2063.021897674, 0.999288782,
2063.042329778, 0.999095591,
2063.062761881, 0.998813815,
2063.083193983, 0.998469094,
2063.103626185, 0.998361358,
2063.124058287, 0.998166357,
2063.144490288, 0.997968602,
2063.164922488, 0.997861837,
2063.185354588, 0.997844175,
2063.205786588, 0.998047831,
2063.226218788, 0.998229375,
2063.246650787, 0.998477443,
2063.267082886, 0.998780250,
2063.287515084, 0.999001934,
2063.307947082, 0.999340596,
2063.328379179, 0.999693964,
2063.348811376, 0.999984773,
2063.369243372, 1.000199937,
2063.389675468, 1.000417419,
2063.410107664, 1.000435287,
2063.430539659, 1.000306065,
2063.450971754, 1.000108567,
2063.471403949, 1.000038011,
2063.491836043, 1.000099783,
2063.512268136, 0.999788394,
2063.532700230, 0.999677285,
2063.553132322, 0.999498753,
2063.573564415, 0.999064452,
2063.593996507, 0.998867622,
2063.614428598, 0.998875910,
2063.696157061, 0.997323556,
2063.716589050, 0.997723359,
2063.737021139, 0.998357811,
2063.757453328, 0.998532294,
2063.777885316, 0.998671403,
2063.798317404, 0.998727834,
2063.818749591, 0.998824269,
2063.839181578, 0.998903012,
2063.859613665, 0.998941624,
2063.880045851, 0.999058774,
2063.900477837, 0.999325941,
2063.920910023, 0.999541967,
2063.941342107, 0.999688481,
2063.961774092, 0.999804454,
2063.982206276, 1.000065562,
2064.002638360, 1.000141495,
2064.023070343, 0.999962237,
2064.043502526, 0.999931090,
2064.063934609, 0.999896352,
2064.084366591, 0.999708636,
2064.104798773, 0.999708512,
2064.554304467, 1.000339612,
2064.574736640, 1.000186957,
2064.595168711, 1.000122715,
2064.615600683, 1.000083050,
2064.656464925, 0.999806514,
2064.738193104, 0.999211622,
2064.758625272, 0.998956504,
2064.779057241, 0.998835893,
2064.799489409, 0.998310081,
2064.819921476, 0.998439512,
2064.840353543, 0.998115361,
2064.860785610, 0.998154707,
2064.922081808, 0.998243047,
2064.942513873, 0.998351658,
2064.962945937, 0.998471504,
2064.983378101, 0.998609137,
2065.003810066, 0.998907189,
2065.024242129, 0.999103753,
2065.044674292, 0.999409090,
2065.065106255, 0.999726967,
2065.085538317, 1.000031429,
2065.105970479, 1.000305067,
2065.126402440, 1.000445470,
2065.146834501, 1.000447970,
2065.167266662, 1.000509013,
2065.187698622, 1.000545753,
2065.208130782, 1.000406092,
2065.228562842, 1.000110485,
2065.248994801, 0.999947891,
2065.269426959, 0.999820966,
2065.289859018, 0.999601725,
2065.310291075, 0.999338656,
2065.330723133, 0.999125167,
2065.351155190, 0.999038028,
2065.371587247, 0.998894218,
2065.392019303, 0.998852952,
2065.412451359, 0.998953652,
2065.432883414, 0.998882321,
2065.453315469, 0.998978212,
2065.473747524, 0.999005928,
2065.494179478, 0.999057908,
2065.514611632, 0.999280903,
2065.535043686, 0.999362258,
2065.555475639, 0.999587574,
2065.575907791, 0.999729626,
2065.596339843, 0.999807091,
2065.657635998, 1.000285157,
2065.678068149, 1.000369831,
2065.698500099, 1.000411385,
2065.718932149, 1.000412973,
2065.739364298, 1.000455265,
2065.759796248, 1.000446253,
2065.780228296, 1.000472074,
2065.800660444, 1.000277333,
2065.821092492, 1.000152632,
2065.861956587, 0.999770190,
2065.882388634, 0.999539868,
2065.902820580, 0.999508891,
2065.923252726, 0.999368717,
2065.943684772, 0.999064115,
2065.964116717, 0.998916810,
2065.984548862, 0.998741378,
2066.004980906, 0.998786487,
2066.025412850, 0.998673716,
2066.045844994, 0.998870544,
2066.066277037, 0.998992097,
2066.086709179, 0.999119322,
2066.148005206, 0.999933804,
2066.168437247, 1.000218284,
2066.188869287, 1.000666874,
2066.209301328, 1.000863402,
2066.229733368, 1.000851313,
2066.250165408, 1.001065433,
2066.270597447, 1.001154165,
2066.291029486, 1.001144936,
2066.311461524, 1.000993451,
2066.331893663, 1.000734011,
2066.393189774, 1.000197294,
2066.413621711, 0.999818748,
2066.434053747, 0.999699081,
2066.454485883, 0.999476814,
2066.474917818, 0.999474256,
2066.495349853, 0.999253117,
2066.515781988, 0.999148768,
2066.536213922, 0.999071325,
2066.556646055, 0.999025843,
2066.577078089, 0.999049087,
2066.597510022, 0.999015176,
2066.617942155, 0.998957110,
2066.638374187, 0.998991630,
2066.658806219, 0.999128723,
2066.679238250, 0.999311655,
2066.699670281, 0.999383674,
2066.720102312, 0.999497246,
2066.740534342, 0.999801911,
2066.760966372, 1.000240226,
2066.781398402, 1.000297654,
2066.801830531, 1.000444400,
2066.822262460, 1.000757402,
2066.863126516, 1.000792904,
2066.883558543, 1.000670269,
2066.903990571, 1.000845553,
2066.924422697, 1.000585658,
2066.944854624, 1.000419269,
2066.965286550, 1.000268289,
2066.985718675, 1.000174561,
2067.006150701, 0.999926782,
2067.026582826, 0.999745031,
2067.047014750, 0.999436457,
2067.067446774, 0.999258816,
2067.087878898, 0.999054396,
2067.108310821, 0.998981743,
2067.128742844, 0.999000571,
2067.149174967, 0.999041657,
2067.169606989, 0.999112147,
2067.190038911, 0.999189138,
2067.210471032, 0.999360518,
2067.230903053, 0.999778305,
2067.251334974, 1.000128234,
2067.271767094, 1.000353294,
2067.292199114, 1.000516899,
2067.312631033, 1.000707308,
2067.353495171, 1.000553976,
2067.373927089, 1.000630498,
2067.394359207, 1.000705576,
2067.414791225, 1.000840746,
2067.435223142, 1.000942125,
2067.455655259, 1.000812972,
2067.476087275, 1.000779718,
2067.496519391, 1.000700882,
2067.516951307, 1.000461625,
2067.537383322, 1.000421257,
2067.557815437, 1.000365028,
2067.578247352, 1.000026094,
2067.598679366, 0.999965913,
2067.619111380, 0.999651726,
2067.639543493, 0.999171716,
2067.659975406, 0.999029561,
2067.680407419, 0.998981738,
2067.700839431, 0.998993889,
2067.721271443, 0.999075673,
2067.741703554, 0.999288529,
2067.762135465, 0.999308380,
2067.782567476, 0.999260726,
2067.802999586, 0.999734750,
2067.864295615, 1.000001028,
2067.884727524, 1.000301235,
2067.905159632, 1.000575431,
2067.925591640, 1.000785804,
2067.946023548, 1.001202854,
2067.966455655, 1.001317688,
2068.007319668, 1.001252534,
2068.027751675, 1.001290612,
2068.048183680, 1.001167955,
2068.129911700, 1.000228751,
2068.150343804, 0.999955322,
2068.170775707, 0.999698052,
2068.191207710, 0.999412104,
2068.211639813, 0.999374326,
2068.232071715, 0.999263766,
2068.252503718, 0.999046434,
2068.272935819, 0.999058472,
2068.293367720, 0.999004848,
2068.313799721, 0.998951471,
2068.334231822, 0.999054755,
2068.354663722, 0.999285659,
2068.375095822, 0.999380938,
2068.395527721, 0.999568728,
2068.415959720, 0.999902500,
2068.436391819, 1.000046735,
2068.456823717, 1.000181240,
2068.477255715, 1.000308648,
2068.497687812, 1.000458446,
2068.518119709, 1.000702805,
2068.538551706, 1.000741036,
2068.558983802, 1.000809572,
2068.579415799, 1.000989448,
2068.599847694, 1.001159717,
2068.620279789, 1.000959030,
2068.640711784, 1.000668502,
2068.661143679, 1.000633076,
2068.681575773, 1.000225853,
2068.702007767, 0.999965376,
2068.722439660, 0.999909301,
2068.742871753, 0.999840745,
2068.763303746, 0.999665886,
2068.783735838, 0.999510615,
2068.845031813, 0.998829836,
2068.865463704, 0.998791343,
2068.885895694, 0.998666555,
2068.906327784, 0.998706381,
2068.926759674, 0.998954589,
2068.947191663, 0.999210856,
2068.967623752, 0.999522596,
2068.988055741, 0.999948530,
2069.008487629, 1.000218470,
2069.028919717, 1.000533203,
2069.049351704, 1.000731994,
2069.069783591, 1.001025457,
2069.090215678, 1.001063706,
2069.110647564, 1.001189719,
2069.131079550, 1.001116049,
2069.171943621, 1.000952547,
2069.192375506, 1.000879708,
2069.212807591, 1.000689448,
2069.233239475, 1.000469123,
2069.253671558, 1.001399796,
2069.314967508, 0.999771396,
2069.335399490, 0.999548668,
2069.355831372, 0.999400345,
2069.376263454, 0.999238718,
2069.396695435, 0.999283896,
2069.417127416, 0.999258129,
2069.437559396, 0.999027327,
2069.457991376, 0.999013686,
2069.478423356, 0.999284516,
2069.498855335, 0.999256871,
2069.519287314, 0.999559923,
2069.601015227, 1.000139840,
2069.621447304, 1.000356126,
2069.641879181, 1.000828881,
2069.662311257, 1.001020491,
2069.682743233, 1.001175682,
2069.703175109, 1.001220765,
2069.723607185, 1.001336382,
2069.764471034, 1.001004866,
2069.784903108, 1.000920325,
2069.805335082, 1.000808578,
2069.825766956, 1.000676929,
2069.846199029, 1.000511916,
2069.866630902, 1.000303895,
2069.887062974, 1.000185028,
2069.927926918, 1.000014762,
2069.948358790, 0.999795484,
2069.968790860, 1.000100764,
2069.989222831, 1.000163959,
2070.009654702, 1.000634609,
2070.091382679, 1.000055455,
2070.111814647, 1.000000680,
2070.132246716, 1.000198812,
2070.152678583, 1.000377105,
2070.173110551, 1.000522485,
2070.193542618, 1.000783525,
2070.234406451, 1.000808190,
2070.254838517, 1.000831048,
2070.275270382, 1.000769210,
2070.295702347, 1.000803313,
2070.316134412, 1.001042801,
2070.336566277, 1.000940569,
2070.377430305, 1.000816317,
2070.397862269, 1.000909878,
2070.418294131, 1.000613250,
2070.438726194, 1.000281378,
2070.459158157, 1.000339450,
2070.479590019, 1.000015013,
2070.500022080, 0.999909855,
2070.540886103, 0.999452723,
2070.561317963, 0.999277106,
2070.581749823, 0.999271666,
2070.602181883, 0.999303623,
2070.622613843, 0.999495507,
2070.643045702, 0.999651063,
2070.663477761, 0.999827632,
2070.724773635, 1.000580890,
2070.745205592, 1.001005808,
2070.765637549, 1.001086459,
2070.786069506, 1.001288675,
2070.806501462, 1.001571212,
2070.826933418, 1.001418293,
2070.847365374, 1.001897291,
2070.867797329, 1.001888467,
2070.888229284, 1.001761236,
2070.908661339, 1.001725772,
2070.929093193, 1.001557052,
2070.949525246, 1.001380649,
2070.969957200, 1.001390031,
2070.990389053, 1.000948231,
2071.031253058, 0.999880694,
2071.072116962, 0.999661037,
2071.092548913, 0.999534751,
2071.112980764, 0.999467311,
2071.153844766, 0.999680978,
2071.174276615, 0.999921369,
2071.194708665, 1.000122454,
2071.235572563, 1.000395153,
2071.296868408, 1.000553212,
2071.317300355, 1.000698654,
2071.378596196, 1.001230566,
2071.399028142, 1.001415687,
2071.419460188, 1.001483500,
2071.439892033, 1.001749011,
2071.460323978, 1.001647708,
2071.501187867, 1.001533241,
2071.521619811, 1.001228111,
2071.542051855, 1.000995820,
2071.562483698, 1.000853436,
2071.582915641, 1.000440990,
2071.603347684, 1.000364691,
2071.623779526, 1.000051507,
2071.664643509, 0.999575616,
2071.685075350, 0.999524948,
2071.705507292, 0.999443348,
2071.725939332, 0.999440521,
2071.746371272, 0.999572195,
2071.766803212, 0.999696389,
2071.807667091, 1.000307821,
2071.868962906, 1.000936457,
2071.889394943, 1.001066504,
2071.909826781, 1.001078270,
2071.930258718, 1.000695814,
2071.950690755, 1.000575254,
2071.971122591, 1.000912290,
2072.052850333, 1.001222816,
2072.073282268, 1.000936117,
2072.093714202, 1.000735443,
2072.114146136, 1.000526167,
2072.134578070, 1.000397277,
2072.155010003, 1.000456911,
2072.195873869, 1.000375053,
2072.236737833, 1.000004264,
2072.257169764, 0.999795566,
2072.277601595, 0.999771722,
2072.318465557, 0.999707813,
2072.359329417, 0.999702693,
2072.379761346, 0.999864472,
2072.400193175, 1.000043867,
2072.420625204, 1.000093169,
2072.441057133, 0.999976326,
2072.461488961, 0.999747239,
2072.522784743, 1.001607958,
2072.543216770, 1.001887888,
2072.604512548, 1.002051937,
2072.624944474, 1.002017959,
2072.645376499, 1.001733216,
2072.665808324, 1.001478660,
2072.686240248, 1.001193013,
2072.747536019, 0.999887484,
2072.767968042, 0.999827951,
2072.808831787, 0.999610283,
2072.829263809, 0.999432714,
2072.849695631, 0.999296422,
2072.870127552, 0.999508620,
2072.890559573, 0.999507928,
2072.910991394, 0.999605755,
2072.951855334, 1.000224364,
2072.972287154, 1.000521160,
2072.992719073, 1.000791269,
2073.013151092, 1.000904832,
2073.033582911, 1.001089297,
2073.054014929, 1.001254280,
2073.074446847, 1.001206481,
2073.094878765, 1.001215164,
2073.115310682, 1.001203610,
2073.156174516, 1.000862559,
2073.176606432, 1.000724168,
2073.197038348, 1.000737460,
2073.258334094, 1.000375306,
2073.299198023, 1.000155569,
2073.319629837, 0.999838158,
2073.340061751, 0.999868701,
2073.360493764, 0.999894103,
2073.380925577, 0.999848634,
2073.401357489, 0.999495609,
2073.421789402, 0.999584562,
2073.442221314, 0.999565372,
2073.462653325, 0.999699270,
2073.483085137, 0.999881667,
2073.503517048, 0.999915155,
2073.523949059, 1.000019168,
2073.564812779, 1.000324276,
2073.585244788, 1.000343637,
2073.605676698, 1.000284734,
2073.646540515, 1.000636484,
2073.666972424, 1.000864657,
2073.748699954, 1.001134649,
2073.769131960, 1.000724107,
2073.789563867, 1.000609485,
2073.809995673, 1.000594828,
2073.830427678, 1.000264205,
2073.850859584, 1.000045146,
2073.871291589, 0.999891373,
2073.891723394, 0.999829594,
2073.912155298, 0.999473406,
2073.932587302, 0.999229764,
2073.993883012, 0.999449982,
2074.014314815, 0.999484615,
2074.034746717, 0.999581444,
2074.055178719, 0.999793017,
2074.075610621, 1.000053493,
2074.096042423, 1.000101901,
2074.116474424, 1.000275671,
2074.136906224, 1.000339427,
2074.157338125, 1.000590618,
2074.177770125, 1.000586878,
2074.239065824, 1.000866486,
2074.259497622, 1.000928572,
2074.279929521, 1.000874303,
2074.300361519, 1.000999669,
2074.341225314, 1.000874452,
2074.361657212, 1.000680668,
2074.382089008, 1.000509031,
2074.402521005, 1.000537428,
2074.422952901, 1.000096074,
2074.443384797, 0.999877748,
2074.463816693, 0.999632760,
2074.484248588, 0.999342531,
2074.504680483, 0.999143375,
2074.525112378, 0.999241972,
2074.545544272, 0.999055885,
2074.565976166, 0.999060180,
2074.586408159, 0.999167825,
2074.606839953, 0.999194719,
2074.627271846, 0.999129463,
2074.647703838, 0.999302454,
2074.708999514, 1.000144674,
2074.729431306, 1.000270358,
2074.749863297, 1.000538420,
2074.770295188, 1.000689291,
2074.790726978, 1.000834573,
2074.811158968, 1.000754970,
2074.831590858, 1.000629271,
2074.852022647, 1.000709964,
2074.872454637, 1.000666688,
2074.892886425, 1.000457252,
2074.954182090, 0.999811245,
2074.974613977, 0.999797101,
2074.995045965, 0.999499928,
2075.015477852, 0.999398832,
2075.035909638, 0.999226744,
2075.056341625, 0.998825824,
2075.076773510, 0.999112445,
2075.097205296, 0.999163809,
2075.117637281, 0.999175563,
2075.138069166, 0.999092012,
2075.158501151, 0.999077146,
2075.178932936, 0.999153419,
2075.199364820, 0.999240471,
2075.240228587, 0.999344694,
2075.260660470, 0.999435495,
2075.281092452, 0.999681028,
2075.301524235, 0.999694832,
2075.321956117, 0.999805033,
2075.342388099, 0.999507868,
2075.362819880, 1.000109324,
2075.383251762, 1.000433066,
2075.464979383, 1.000727666,
2075.485411263, 1.000436379,
2075.505843042, 1.000192596,
2075.526275021, 1.000162404,
2075.546706900, 0.999991056,
2075.567138778, 0.999676786,
2075.587570656, 0.999361081,
2075.608002534, 0.999296826,
2075.628434411, 0.999045646,
2075.710161918, 0.999791894,
2075.730593694, 0.998768979,
2075.771457545, 0.999385796,
2075.812321294, 0.999463835,
2075.832753169, 0.999699052,
2075.853185043, 0.999841161,
2075.873616916, 1.000202410,
2075.894048790, 1.000465577,
2075.955344408, 0.999820023,
2075.975776380, 1.000238693,
2075.996208252, 1.000361761,
2076.016640023, 1.000188831,
2076.037071995, 1.000049881,
2076.057503866, 1.000020121,
2076.077935636, 0.999998430,
2076.098367606, 0.999689575,
2076.118799476, 0.999427143,
2076.139231246, 0.999461855,
2076.159663215, 0.999582128,
2076.180095084, 0.999271355,
2076.200526853, 0.998988736,
2076.220958821, 0.998916955,
2076.241390690, 0.998897568,
2076.261822557, 0.998836680,
2076.282254425, 0.998770710,
2076.302686292, 0.998646439,
2076.323118159, 0.998730274,
2076.343550026, 0.998889678,
2076.363981892, 0.998959035,
2076.425277489, 0.999717099,
2076.445709354, 1.000139389,
2076.466141219, 1.000566262,
2076.486573083, 1.000709398,
2076.507005047, 1.000722645,
2076.527436811, 1.000681903,
2076.547868675, 1.000550677,
2076.568300638, 1.000375803,
2076.588732401, 1.000194107,
2076.670459849, 0.999233526,
2076.690891811, 0.999051316,
2076.711323572, 0.998954858,
2076.731755433, 0.999053965,
2076.752187393, 0.999051933,
2076.772619153, 0.998820051,
2076.813482973, 0.998912709,
2076.833914832, 0.999013904,
2076.854346691, 0.998972243,
2076.874778549, 0.998774486,
2076.915642366, 0.999099442,
2076.936074124, 0.999331663,
2076.956505981, 0.999256443,
2076.976937938, 0.999390145,
2076.997369695, 0.999440061,
2077.017801552, 0.999617305,
2077.038233408, 1.000034805,
2077.058665264, 1.000327280,
2077.079097120, 1.000323166,
2077.099528975, 1.000524749,
2077.119960830, 1.000673233,
2077.140392585, 1.000577844,
2077.181256393, 1.000157017,
2077.201688347, 0.999698307,
2077.222120101, 0.999547866,
2077.262983907, 0.998645174,
2077.283415660, 0.998556992,
2077.303847512, 0.999390295,
2077.324279464, 0.999314163,
2077.426438620, 0.998589099,
2077.446870570, 0.998665674,
2077.467302420, 0.999004255,
2077.487734170, 0.999305076,
2077.508166119, 0.999470842,
2077.528597968, 0.999444790,
2077.549029717, 0.999468745,
2077.589893513, 0.999224118,
2077.671621003, 1.000552834,
2077.692052750, 1.000411763,
2077.712484597, 1.000284237,
2077.732916543, 1.000165589,
2077.753348288, 1.000222934,
2077.773780134, 0.999999222,
2077.794211979, 0.999790594,
2077.814643924, 0.999819078,
2077.835075669, 0.999617877,
2077.937234888, 0.998897656,
2077.957666831, 0.998814393,
2077.978098673, 0.998601953,
2077.998530416, 0.998931225,
2078.018962358, 0.999230534,
2078.039394199, 0.999127726,
2078.080257882, 0.999499796,
2078.100689723, 0.999677157,
2078.161985244, 1.000294223,
2078.182417084, 1.000475279,
2078.202848923, 1.000557072,
2078.223280762, 1.000618255,
2078.243712601, 1.000469866,
2078.264144439, 1.000577065,
2078.305008116, 1.000449814,
2078.345871791, 0.999978913,
2078.386735565, 0.999539418,
2078.488894744, 0.998367253,
2078.672781250, 0.999955788,
2078.713644815, 1.000352491,
2078.734076747, 1.000330467,
2078.774940410, 1.000337548,
2078.795372241, 1.000248081,
2078.917963221, 1.000734230,
2078.938395050, 1.000555408,
2078.958826979, 1.000262537,
2078.979258708, 1.000100004,
2078.999690536, 0.999732216,
2079.060986019, 0.999196871,
2079.081417946, 0.999068652,
2079.142713426, 0.999784420,
2079.163145252, 0.999685557,
2079.204008903, 0.999610550,
2079.244872553, 0.999844944,
2079.285736102, 1.000300471,
2079.306168026, 1.000286594,
2079.347031573, 1.000513728,
2079.367463496, 1.000777991,
2079.387895319, 1.000775704,
2079.408327042, 1.000698340,
2079.449190786, 1.000676578,
2079.490054429, 1.000121436,
2079.510486251, 0.999981049,
2079.530918072, 0.999841629,
2079.551349892, 0.999740492,
2079.592213633, 0.999249994,
2079.612645353, 0.999050054,
2079.633077172, 0.999244096,
2079.673940910, 0.998790969,
2079.694372629, 1.000108259,
2079.714804548, 1.000141148,
2079.755668084, 0.999967551,
2079.776100001, 0.999185094,
2079.796531819, 1.000515407,
2079.878258985, 1.001098851,
2079.898690901, 1.001293144,
2079.919122717, 1.001256130,
2079.939554433, 1.001211281,
2079.959986348, 1.001261301,
2079.980418163, 1.001337619,
2080.000849977, 1.001074605,
2080.021281792, 1.000367715,
2080.041713606, 0.999877807,
2080.062145419, 0.999958552,
2080.123440859, 0.999759273,
2080.143872672, 0.999461037,
2080.164304484, 0.998974020,
2080.184736396, 0.999129633,
2080.205168108, 0.998985698,
2080.225599920, 0.998886930,
2080.246031831, 0.998846456,
2080.307327264, 0.999500561,
2080.368622694, 1.001984686,
2080.389054403, 1.001299523,
2080.409486312, 1.000997782,
2080.429918121, 1.000340465,
2080.450349830, 1.000470712,
2080.470781738, 1.000836859,
2080.491213546, 1.001051170,
2080.511645354, 1.001062248,
2080.532077162, 1.000905342,
2080.552508969, 1.000831364,
2080.572940776, 1.000796661,
2080.593372583, 1.000610237,
2080.613804389, 1.000345032,
2080.634236195, 1.000399340,
2080.654668101, 1.000383300,
2080.675099807, 1.000241213,
2080.715963418, 0.999923380,
2080.736395223, 1.000010356,
2080.756826927, 0.999763148,
2080.777258832, 0.999707907,
2080.858986046, 0.999275868,
2080.879417949, 0.999702244,
2080.899849652, 0.999982036,
2080.920281455, 1.000161457,
2080.940713357, 1.000114876,
2080.961145059, 1.000454049,
2080.981576861, 1.000550198,
2081.002008762, 1.000816209,
2081.022440563, 1.000864266,
2081.042872264, 1.001207141,
2081.063304165, 1.001580073,
2081.083735965, 1.001345129,
2081.104167665, 1.001394468,
2081.124599565, 1.001272562,
2081.145031365, 1.001064876,
2081.165463064, 1.000890526,
2081.185894963, 1.000718256,
2081.206326762, 1.000389262,
2081.226758660, 0.999847363,
2081.267622157, 0.999316161,
2081.349349446, 0.999156227,
2081.369781143, 0.999078061,
2081.390212939, 0.999065066,
2081.410644736, 0.999308356,
2081.431076531, 0.999405652,
2081.451508327, 0.999956627,
2081.471940123, 0.999931595,
2081.492371918, 1.000126028,
2081.512803713, 1.000401427,
2081.533235507, 1.000609610,
2081.553667302, 1.000582702,
2081.574099096, 1.000542341,
2081.594530990, 1.000722536,
2081.614962683, 1.000329235,
2081.635394577, 1.000589427,
2081.655826370, 1.000731293,
2081.676258062, 1.002104132,
2081.717121747, 1.000429076,
2081.757985331, 1.000398021,
2081.778417123, 1.000934444,
2081.839712496, 1.000273561,
2081.860144286, 1.000067119,
2081.880576077, 0.999619783,
2081.901007866, 0.999337497,
2081.921439656, 0.999251389,
2081.941871446, 0.999146438,
2081.962303235, 0.998920949,
2081.982735024, 0.998999318,
2082.003166813, 0.999290817,
2082.023598601, 0.999509658,
2082.044030489, 0.999624448,
2082.064462277, 0.999917813,
2082.084893965, 1.000185566,
2082.105325852, 1.000677928,
2082.125757540, 1.000909650,
2082.146189327, 1.001068976,
2082.166621213, 1.001522255,
2082.187052900, 1.001605408,
2082.207484686, 1.001575165,
2082.227916572, 1.001549600,
2082.248348257, 1.001261988,
2082.330075398, 1.000534190,
2082.350507282, 1.000558097,
2082.370938966, 1.000591194,
2082.391370750, 0.999728678,
2082.411802634, 0.999749518,
2082.432234417, 0.999511921,
2082.452666200, 0.999487086,
2082.473097983, 0.999604744,
2082.493529766, 0.999765535,
2082.513961648, 0.999896061,
2082.534393331, 0.999874794,
2082.554825113, 0.999934376,
2082.575256994, 1.000018540,
2082.595688676, 0.999989432,
2082.616120457, 1.000138924,
2082.636552338, 1.000081122,
2082.656984018, 1.000378633,
2082.677415799, 1.000707670,
2082.697847679, 1.000832161,
2082.718279359, 1.001214757,
2082.738711138, 1.001263021,
2082.820438355, 1.001504264,
2082.840870033, 1.001649220,
2082.861301911, 1.001396294,
2082.881733689, 1.001587829,
2082.902165367, 1.001491537,
2082.922597245, 1.001160540,
2082.943029022, 1.000823811,
2082.963460699, 1.000400903,
2082.983892575, 1.000058816,
2083.004324352, 0.999913684,
2083.024756028, 0.999527067,
2083.045187904, 0.999387486,
2083.065619680, 0.999338285,
2083.086051355, 0.999325844,
2083.106483231, 0.999448719,
2083.126915006, 0.999661181,
2083.147346680, 0.999755625,
2083.167778555, 1.000257722,
2083.188210329, 1.000502860,
2083.208642203, 1.000525052,
2083.310800970, 1.001194369,
2083.331232842, 1.001565336,
2083.351664614, 1.001827434,
2083.372096287, 1.002069103,
2083.392528158, 1.001945340,
2083.412959930, 1.001759302,
2083.433391601, 1.001675174,
2083.453823473, 1.001573116,
2083.474255243, 1.001265852,
2083.494686914, 1.001137833,
2083.515118784, 1.000864468,
2083.535550555, 1.001069548,
2083.555982425, 1.000796801,
2083.576414094, 1.000517867,
2083.596845864, 1.000389013,
2083.617277633, 1.000175871,
2083.637709402, 1.000030678,
2083.658141071, 0.999929027,
2083.678572939, 0.999915395,
2083.699004707, 1.000171666,
2083.719436375, 1.000675154,
2083.739868243, 1.001052783,
2083.801163545, 1.000907837,
2083.821595312, 1.001148035,
2083.842027078, 1.001283978,
2083.862458845, 1.001654994,
2083.882890611, 1.001913801,
2083.903322377, 1.002065210,
2083.923754242, 1.002072161,
2083.944185908, 1.001981825,
2083.964617773, 1.001826874,
2083.985049538, 1.001590746,
2084.005481203, 1.001265719,
2084.025913067, 1.001138686,
2084.046344831, 1.001115003,
2084.066776495, 1.000730957,
2084.087208359, 1.000592973,
2084.107640122, 1.000272267,
2084.128071786, 1.000225818,
2084.148503649, 1.000064925,
2084.168935411, 1.000086035,
2084.291525983, 1.000093155,
2084.311957745, 1.000358533,
2084.332389506, 1.000758331,
2084.352821266, 1.001175329,
2084.373253027, 1.001257582,
2084.393684787, 1.001434590,
2084.414116547, 1.001596549,
2084.434548407, 1.001597571,
2084.454980066, 1.001620313,
2084.495843685, 1.001551569,
2084.516275344, 1.001675820,
2084.536707102, 1.002060027,
2084.557138961, 1.001987168,
2084.577570619, 1.001861283,
2084.598002377, 1.001458440,
2084.618434234, 1.001263675,
2084.638865892, 1.001112525,
2084.679729506, 1.001114127,
2084.700161163, 1.001037383,
2084.781888288, 0.999879823,
2084.802320043, 0.999716979,
2084.822751799, 0.999667512,
2084.843183554, 0.999886800,
2084.863615309, 0.999971045,
2084.884047064, 1.000160554,
2084.904478918, 1.000429848,
2084.924910573, 1.000925786,
2084.945342327, 1.001092886,
2085.067932846, 1.001891414,
2085.088364699, 1.002052936,
2085.108796351, 1.001936163,
2085.129228203, 1.001725829,
2085.149659855, 1.001567065,
2085.170091606, 1.001232787,
2085.190523458, 1.000926745,
2085.210955109, 1.000697449,
2085.231386860, 1.000616674,
2085.251818710, 1.000448925,
2085.272250461, 1.000602026,
2085.292682111, 1.000410337,
2085.313113961, 1.000323984,
2085.333545711, 1.000428520,
2085.353977360, 1.000244881,
2085.394840959, 1.000461367,
2085.435704456, 1.000600490,
2085.517431449, 1.000947051,
2085.578726691, 1.000995763,
2085.599158538, 1.001240578,
2085.619590185, 1.001581313,
2085.640021931, 1.001799553,
2085.660453777, 1.001852142,
2085.680885423, 1.001974182,
2085.701317169, 1.001806281,
2085.762612405, 1.000790540,
2085.783044250, 1.000549965,
2085.803475995, 1.000486433,
2085.823907739, 1.000299557,
2085.844339484, 1.000094076,
2085.864771128, 0.999836337,
2085.885202972, 0.999669841,
2085.905634715, 0.999553283,
2085.926066359, 0.999571745,
2085.946498202, 0.999567247,
2085.966929945, 0.999580311,
2085.987361588, 0.999656202,
2086.007793430, 0.999935197,
2086.028225173, 1.000281418,
2086.048656815, 1.000582336,
2086.069088656, 1.000878989,
2086.089520398, 1.001061283,
2086.109952140, 1.001612233,
2086.130383881, 1.001676130,
2086.150815622, 1.001555881,
2086.171247363, 1.001585694,
2086.191679103, 1.001709704,
2086.252974424, 1.001288027,
2086.273406064, 1.001426894,
2086.293837903, 1.001408958,
2086.314269642, 1.001457386,
2086.355133120, 1.000879978,
2086.375564859, 1.000663281,
2086.395996498, 1.000436312,
2086.416428336, 1.000179726,
2086.436860074, 1.000029967,
2086.457291712, 0.999709775,
2086.477723549, 0.999650051,
2086.498155287, 0.999446386,
2086.518586924, 0.999441848,
2086.539018761, 0.999475926,
2086.559450398, 0.999602414,
2086.579882234, 0.999688901,
2086.600313971, 0.999898081,
2086.620745707, 1.000219046,
2086.641177443, 1.000324949,
2086.743336119, 1.000886593,
2086.763767854, 1.001241779,
2086.784199588, 1.001462708,
2086.804631322, 1.001269272,
2086.825063157, 1.001247861,
2086.845494790, 1.001280982,
2086.865926524, 1.001245943,
2086.886358357, 1.000912595,
2086.947653557, 1.000164845,
2086.968085189, 0.999951752,
2086.988517022, 0.999783425,
2087.008948754, 0.999482369,
2087.029380386, 0.999509432,
2087.049812217, 0.999738545,
2087.070243949, 0.999845064,
2087.090675681, 1.000004197,
2087.131539143, 1.000169526,
2087.233697794, 1.000585387,
2087.254129524, 1.000621503,
2087.274561354, 1.000757539,
2087.315424712, 1.001257753,
2087.335856541, 1.001340797,
2087.356288169, 1.001383468,
2087.376719898, 1.001362928,
2087.397151726, 1.001385276,
2087.438015082, 1.000936511,
2087.458446910, 1.000596146,
2087.478878538, 1.000505645,
2087.499310265, 1.000542151,
2087.519742092, 1.000340790,
2087.560605445, 0.999877921,
2087.581037272, 0.999664234,
2087.601468898, 0.999514331,
2087.621900724, 0.999483940,
2087.642332450, 0.999571236,
2087.662764176, 0.999686626,
2087.724059352, 0.999434355,
2087.744491177, 0.999966158,
2087.764922801, 1.000171541,
2087.785354526, 1.000580223,
2087.805786350, 1.000729589,
2087.826217974, 1.000984616,
2087.846649698, 1.001220382,
2087.867081522, 1.001351315,
2087.887513145, 1.001205833,
2087.928376692, 1.001298425,
2087.948808315, 1.001083053,
2087.969240037, 1.000980825,
2087.989671760, 1.000772250,
2088.030535304, 1.000718134,
2088.071398648, 1.000324179,
2088.091830470, 1.000246199,
2088.112262191, 1.000145971,
2088.132693812, 1.000145635,
2088.153125633, 1.000340050,
2088.214420795, 0.999792611,
2088.234852515, 0.999770537,
2088.255284135, 0.999740185,
2088.275715955, 0.999822784,
2088.296147674, 0.999881047,
2088.337011113, 0.999876302,
2088.357442832, 0.999946478,
2088.377874651, 1.000146331,
2088.398306269, 1.000438657,
2088.418737988, 1.000621095,
2088.439169806, 1.000810162,
2088.459601424, 1.000947875,
2088.480033142, 1.001071398,
2088.500464959, 1.001625395,
2088.561760111, 1.000651027,
2088.582191828, 1.000729927,
2088.602623445, 1.000471125,
2088.704782126, 0.999214755,
2088.725213841, 0.999138234,
2088.745645557, 0.999005441,
2088.766077172, 0.998917313,
2088.786508987, 0.998860435,
2088.806940702, 0.998917392,
2088.827372316, 0.999057059,
2088.847804130, 0.999064400,
2088.868235845, 0.999399449,
2088.888667459, 0.999587192,
2088.909099273, 0.999962834,
2088.929530986, 1.000449319,
2088.949962700, 1.000678649,
2088.970394413, 1.001149927,
2088.990826126, 1.001258508,
2089.011257839, 1.000948188,
2089.031689552, 1.001082292,
2089.052121265, 1.001334730,
2089.072553077, 1.001265773,
2089.092984789, 1.001000294,
2089.113416401, 1.001045925,
2089.133848213, 1.001168792,
2089.195143347, 0.999627709,
2089.215575058, 0.999702924,
2089.236006669, 0.999761500,
2089.256438480, 0.999618965,
2089.276870191, 0.999491184,
2089.297301801, 0.999520853,
2089.317733611, 0.999329477,
2089.338165321, 0.999257825,
2089.358596931, 0.999191772,
2089.379028740, 0.999226347,
2089.399460350, 0.999265207,
2089.419892159, 0.999261717,
2089.440323868, 0.999313404,
2089.460755477, 0.999511734,
2089.481187286, 0.999883589,
2089.501618994, 1.000077256,
2089.522050703, 1.000213857,
2089.542482411, 1.000512025,
2089.562914119, 1.000674193,
2089.583345826, 1.000868797,
2089.603777534, 1.001025492,
2089.624209241, 1.001277902,
2089.705936069, 0.999901703,
2089.726367876, 0.999650695,
2089.746799482, 0.999405667,
2089.767231289, 0.999423714,
2089.808094600, 0.999304730,
2089.828526406, 0.999288220,
2089.848958112, 0.999281847,
2089.869389717, 0.999311765,
2089.889821522, 0.999395485,
2089.910253227, 0.999440036,
2089.930684931, 0.999511724,
2089.951116636, 0.999559028,
2089.971548341, 0.999691493,
2089.991980045, 0.999805230,
2090.012411749, 1.000013190,
2090.032843453, 0.999970917,
2090.053275156, 1.000087148,
2090.073706860, 1.000260617,
2090.094138563, 1.000275059,
2090.114570366, 1.000452553,
2090.135001969, 1.000447161,
2090.155433672, 1.000414048,
2090.175865475, 1.000544546,
2090.196297077, 1.000805584,
2090.216728779, 1.000875829,
2090.237160582, 1.000844688,
2090.278023885, 1.000738934,
2090.298455687, 1.000675995,
2090.421045893, 0.998837961,
2090.441477493, 0.998682262,
2090.461909294, 0.998446599,
2090.482340994, 0.998459103,
2090.502772693, 0.998584874,
2090.523204393, 0.998745977,
2090.543636093, 0.999060871,
2090.564067792, 0.999381636,
2090.584499491, 0.999562855,
2090.604931190, 0.999671095,
2090.625362889, 1.000078814,
2090.666226286, 1.000775110,
2090.686657985, 1.000885323,
2090.707089783, 1.000977006,
2090.727521381, 1.001127615,
2090.747953078, 1.000897677,
2090.768384876, 1.000849999,
2090.788816474, 1.000804426,
2090.809248271, 1.000674829,
2090.829679968, 1.000450752,
2090.850111565, 1.000385232,
2090.870543362, 1.000198941,
2090.890974959, 1.000032996,
2090.911406655, 0.999993154,
2090.931838451, 0.999696095,
2090.952270048, 0.999679951,
2090.972701743, 0.999748845,
2090.993133539, 0.999639108,
2091.033996830, 0.999648737,
2091.054428626, 0.999646809,
2091.074860321, 0.999334828,
2091.095292016, 0.999559004,
2091.197450488, 1.000139780,
2091.217882282, 1.000633823,
2091.238313876, 1.001025201,
2091.258745570, 1.001075648,
2091.279177363, 1.000802931,
2091.299608957, 1.000864989,
2091.320040650, 1.000881536,
2091.360904036, 1.000826795,
2091.381335728, 1.000697291,
2091.401767521, 1.000473798,
2091.422199113, 1.000484281,
2091.442630906, 1.000453125,
2091.463062598, 1.000440671,
2091.483494290, 1.000017109,
2091.503925981, 0.999771468,
2091.524357673, 0.999644411,
2091.544789364, 0.999660832,
2091.646947819, 0.999174442,
2091.667379409, 0.999471714,
2091.687811199, 0.999765479,
2091.708242890, 0.999975943,
2091.728674479, 1.000087290,
2091.749106269, 1.000125685,
2091.769537959, 1.000430445,
2091.810401338, 1.001009097,
2091.830833027, 1.001181020,
2091.892128093, 1.000704586,
2091.912559882, 1.000617583,
2091.932991470, 1.000405530,
2091.953423159, 1.000392254,
2091.973854947, 1.000366785,
2091.994286635, 1.000270099,
2092.014718222, 1.000246128,
2092.035150010, 1.000318242,
2092.055581697, 1.000184642,
2092.076013285, 1.000080675,
2092.096445072, 0.999895498,
2092.116876759, 0.999804828,
2092.137308545, 0.999750045,
2092.157740132, 0.999713853,
2092.178171819, 0.999639342,
2092.198603605, 0.999517651,
2092.219035191, 0.999636910,
2092.239466877, 0.999705458,
2092.259898563, 0.999598368,
2092.280330249, 0.999856125,
2092.300761834, 1.000026399,
2092.321193620, 1.000161127,
2092.341625305, 1.000320695,
2092.362056990, 1.000810992,
2092.382488675, 1.000984055,
2092.402920360, 1.001192775,
2092.423352145, 1.001281816,
2092.443783729, 1.001397158,
2092.464215414, 1.001353659,
2092.484647198, 1.001286170,
2092.505078883, 1.001317014,
2092.627668984, 1.000091583,
2092.648100567, 1.000205846,
2092.668532349, 1.000228750,
2092.688964032, 1.000225059,
2092.709395615, 1.000281813,
2092.729827397, 1.000141763,
2092.750259080, 1.000093818,
2092.770690862, 1.000201274,
2092.791122444, 1.000403686,
2092.811554125, 1.000055516,
2092.831985907, 1.000005740,
2092.852417489, 0.999947564,
2092.872849170, 1.000006350,
2092.893280951, 1.000005836,
2092.913712532, 0.999929381,
2092.934144213, 1.000749124,
2092.954575994, 1.000820313,
2092.975007675, 1.000918315,
2092.995439255, 1.001012308,
2093.015871035, 1.001114423,
2093.036302616, 1.001136574,
2093.056734296, 1.001154617,
2093.077166076, 1.001027490,
2093.097597656, 1.000974412,
2093.118029435, 1.000840397,
2093.138461115, 1.000794606,
2093.158892694, 1.000675851,
2093.179324473, 1.000324212,
2093.199756152, 1.000105326,
2093.220187731, 0.999877060,
2093.240619510, 0.999673646,
2093.261051188, 0.999324846,
2093.281482767, 0.999041415,
2093.301914545, 0.998916258,
2093.322346224, 0.999241662,
2093.342777902, 0.999389661,
2093.363209580, 0.999457199,
2093.383641257, 0.999921820,
2093.404073035, 1.000122694,
2093.444936290, 1.000587997,
2093.465368067, 1.000795126,
2093.506231321, 1.000336370,
2093.526663098, 1.000356774,
2093.547094774, 1.000636220,
2093.608389803, 1.000619174,
2093.628821379, 1.000627203,
2093.649253155, 1.000470656,
2093.669684831, 1.000260456,
2093.690116407, 1.000159281,
2093.710548182, 1.000035255,
2093.730979858, 1.000069019,
2093.751411533, 0.999860798,
2093.771843208, 0.999809230,
2093.792274783, 0.999916527,
2093.812706558, 0.999978903,
2093.833138233, 0.999828129,
2093.853569907, 0.999541933,
2093.874001582, 0.999470776,
2093.894433256, 0.999539732,
2093.914864930, 0.999631395,
2093.935296604, 0.999444718,
2093.955728278, 0.999560748,
2093.976159952, 0.999462796,
2093.996591625, 0.999503081,
2094.017023299, 0.999784008,
2094.037455072, 1.000057895,
2094.057886745, 1.000194995,
2094.078318318, 1.000483288,
2094.098750091, 1.000722575,
2094.119181764, 1.000950988,
2094.139613337, 1.001161296,
2094.160045109, 1.001382745,
2094.180476782, 1.001359385,
2094.200908354, 1.001316903,
2094.221340126, 1.001262868,
2094.241771798, 1.001032203,
2094.262203370, 1.000774451,
2094.282635142, 1.000533803,
2094.303066813, 1.000225172,
2094.323498585, 1.000007598,
2094.343930156, 0.999737030,
2094.364361827, 0.999724252,
2094.384793498, 0.999429794,
2094.405225169, 0.999540944,
2094.425656840, 0.999615423,
2094.446088511, 0.999763123,
2094.466520181, 0.999878009,
2094.589110202, 1.000185774,
2094.629973641, 1.000926188,
2094.650405210, 1.001054322,
2094.670836979, 1.001353500,
2094.691268648, 1.001443945,
2094.711700217, 1.001451296,
2094.732131986, 1.001407124,
2094.752563655, 1.001236577,
2094.772995224, 1.001173010,
2094.793426992, 1.000952232,
2094.813858660, 1.000782133,
2094.834290229, 1.000580481,
2094.854721997, 1.000407026,
2094.875153665, 1.000172914,
2094.895585333, 1.000136703,
2094.916017000, 1.000073509,
2094.936448668, 0.999799064,
2094.956880435, 0.999468249,
2094.977312003, 0.999202926,
2094.997743670, 0.999342729,
2095.018175437, 0.999604268,
2095.038607104, 0.999732787,
2095.059038671, 0.999765882,
2095.099902104, 0.999749085,
2095.140765437, 1.000172145,
2095.161197003, 1.000088465,
2095.181628669, 1.000219521,
2095.202060435, 1.000284332,
2095.222492001, 1.000412238,
2095.242923767, 1.000602664,
2095.263355432, 1.000980543,
2095.324650428, 1.002421357,
2095.345081994, 1.001665081,
2095.365513759, 1.000833909,
2095.385945423, 1.000344025,
2095.426808753, 1.000285708,
2095.447240417, 1.000496395,
2095.467672082, 1.000526966,
2095.488103746, 1.000491143,
2095.590262166, 0.999704310,
2095.610693829, 0.999880438,
2095.631125392, 1.000001189,
2095.651557156, 1.000116593,
2095.671988819, 1.000100093,
2095.692420382, 1.000262675,
2095.712852145, 1.000327436,
2095.733283808, 1.000519686,
2095.753715371, 1.000793221,
2095.774147133, 1.000877049,
2095.794578796, 1.001037632,
2095.815010358, 1.001120945,
2095.835442120, 1.001006473,
2095.855873783, 1.001113576,
2095.876305444, 1.001171320,
2095.896737106, 1.001225267,
2095.917168768, 1.001361266,
2095.937600430, 1.001343851,
2095.958032091, 1.001238164,
2095.998895414, 1.000906553,
2096.019327075, 1.000553488,
2096.039758737, 1.000190896,
2096.060190498, 1.000137114,
2096.080622058, 0.999998272,
2096.121485480, 0.999925587,
2096.141917040, 0.999863695,
2096.162348801, 0.999995268,
2096.182780461, 1.000053552,
2096.203212021, 1.000260786,
2096.223643781, 1.000358880,
2096.244075441, 1.000541270,
2096.264507001, 1.000610669,
2096.305370421, 1.000567380,
2096.325801980, 1.000927536,
2096.346233740, 1.000764033,
2096.366665399, 1.000836695,
2096.387097058, 1.000738751,
2096.407528717, 1.000914340,
2096.448392135, 1.001163544,
2096.468823694, 1.001629422,
2096.550550328, 1.000939794,
2096.570982086, 1.000982556,
2096.591413644, 1.001024595,
2096.611845302, 1.000873774,
2096.632277060, 1.000551840,
2096.652708618, 1.000389588,
2096.673140275, 1.000369206,
2096.693572033, 1.000209966,
2096.714003590, 1.000104519,
2096.734435348, 1.000133950,
2096.754867005, 1.000018766,
2096.775298562, 0.999978122,
2096.795730319, 0.999907914,
2096.816161976, 0.999746997,
2096.836593533, 0.999940596,
2096.857025289, 1.000126281,
2096.877456946, 1.000475211,
2096.897888602, 1.000611990,
2096.918320259, 1.000862439,
2096.938751915, 1.001135397,
2096.959183571, 1.001493741,
2096.979615227, 1.001463091,
2097.000046883, 1.001630840,
2097.020478639, 1.001713791,
2097.040910295, 1.001905205,
2097.061341851, 1.001970414,
2097.081773606, 1.001896190,
2097.102205262, 1.001999742,
2097.122636817, 1.001976388,
2097.143068572, 1.001739740,
2097.163500227, 1.001515622,
2097.183931782, 1.001235279,
2097.204363537, 1.000864507,
2097.224795192, 1.000492550,
2097.265658502, 0.999306612,
2097.286090056, 0.999243095,
2097.306521710, 0.999034918,
2097.326953465, 0.999585123,
2097.347385019, 0.999965455,
2097.367816773, 1.000424796,
2097.408680081, 1.000835682,
2097.449543389, 1.000872600,
2097.469975042, 1.000736431,
2097.551701756, 1.001431149,
2097.572133309, 1.001459647,
2097.592564962, 1.001563329,
2097.612996715, 1.001564344,
2097.633428268, 1.001370976,
2097.674291673, 1.001166385,
2097.694723226, 1.001040321,
2097.715154978, 1.000993177,
2097.756018183, 1.000606524,
2097.776449935, 1.000333572,
2097.796881587, 0.999918232,
2097.817313139, 1.000004184,
2097.837744891, 0.999959174,
2097.858176543, 1.000094609,
2097.878608194, 1.000032795,
2097.899039846, 1.000015630,
2097.919471497, 1.000122862,
2097.939903149, 1.000377053,
2097.960334800, 1.000618261,
2098.001198103, 1.000987444,
2098.021629754, 1.001335534,
2098.042061404, 1.001710821,
2098.062493055, 1.001805376,
2098.082924706, 1.002046634,
2098.103356357, 1.002125564,
2098.123788107, 1.002245925,
2098.164651308, 1.001844392,
2098.266809559, 1.001488216,
2098.307672958, 1.001200957,
2098.328104508, 1.000908879,
2098.348536257, 1.000790735,
2098.368967907, 1.000583010,
2098.389399556, 1.000240604,
2098.409831206, 1.000116119,
2098.430262855, 1.000009073,
2098.450694504, 1.000149005,
2098.471126153, 1.000224751,
2098.491557802, 1.000216321,
2098.511989551, 1.000191587,
2098.532421100, 1.000148306,
2098.552852748, 1.000299232,
2098.573284497, 1.000490922,
2098.593716145, 1.000539655,
2098.614147694, 1.000725750,
2098.634579442, 1.000876374,
2098.655010990, 1.001101470,
2098.675442638, 1.001229147,
2098.695874387, 1.001306776,
2098.716305934, 1.001481119,
2098.736737582, 1.001584317,
2098.757169330, 1.001460575,
2098.798032626, 1.001276202,
2098.818464273, 1.000948137,
2098.838895821, 1.000897014,
2098.859327568, 1.000715503,
2098.879759215, 1.000844900,
2098.900190763, 1.000810510,
2098.920622510, 1.000619585,
2098.941054157, 1.000258738,
2098.961485804, 1.000265455,
2098.981917450, 1.000189888,
2099.002349097, 1.000098839,
2099.022780744, 1.000180819,
2099.043212491, 1.000338722,
2099.063644037, 1.000510336,
2099.084075784, 1.000675136,
2099.104507430, 1.000785871,
2099.124938976, 1.000821913,
2099.145370723, 1.000811694,
2099.165802369, 1.001078769,
2099.186233915, 1.000900072,
2099.206665661, 1.001031214,
2099.227097307, 1.000874452,
2099.247528852, 1.000839259,
2099.267960598, 1.000640196,
2099.288392244, 1.000656834,
2099.308823789, 1.000723328,
2099.329255535, 1.000373166,
2099.349687180, 1.000280455,
2099.370118826, 1.000472575,
2099.390550471, 1.000311059,
2099.410982116, 1.000874745,
2099.431413761, 1.000678714,
2099.492708696, 1.000588884,
2099.513140341, 1.000557464,
2099.533571986, 1.000403208,
2099.554003630, 1.000239963,
2099.574435275, 1.000369930,
2099.594867019, 1.000286447,
2099.615298664, 1.000186954,
2099.635730208, 1.000093366,
2099.656161952, 1.000272568,
2099.676593596, 1.000220800,
2099.697025141, 1.000501165,
2099.717456885, 1.000246830,
2099.737888529, 1.000391929,
2099.758320072, 1.000204239,
2099.778751816, 1.000194562,
2099.799183460, 1.000135845,
2099.819615004, 1.000473478,
2099.840046747, 1.000835076,
2099.860478391, 1.001005589,
2099.880910134, 1.001240648,
2099.983068250, 1.000975452,
2100.003499993, 1.000702310,
2100.023931536, 1.000659818,
2100.044363179, 1.000151317,
2100.064794822, 0.999953420,
2100.085226464, 0.999863114,
2100.105658107, 0.999764603,
2100.126089850, 0.999601036,
2100.166953134, 0.999627105,
2100.187384777, 0.999738569,
2100.207816319, 0.999838321,
2100.228248061, 1.000206837,
2100.248679703, 1.000255456,
2100.269111246, 1.000373988,
2100.289542988, 1.000506587,
2100.309974629, 1.000438505,
2100.330406171, 1.000654438,
2100.350837913, 1.000780291,
2100.371269555, 1.000994945,
2100.391701097, 1.001166778,
2100.412132838, 1.001254700,
2100.432564480, 1.001184125,
2100.452996221, 1.001142567,
2100.473427763, 1.001105462,
2100.493859404, 1.001059443,
2100.514291145, 1.000736042,
2100.534722686, 1.000566856,
2100.555154327, 1.000665833,
2100.575586069, 1.000438416,
2100.596017709, 1.000223707,
2100.616449250, 0.999983427,
2100.636880991, 0.999875827,
2100.657312632, 0.999572543,
2100.677744173, 0.999449113,
2100.698175913, 0.999233907,
2100.718607554, 0.999133800,
2100.739039295, 0.999169427,
2100.759470835, 0.999125622,
2100.779902475, 0.999173784,
2100.800334116, 0.999528709,
2100.820765756, 0.999538826,
2100.841197296, 0.999775497,
2100.861629036, 1.000072958,
2100.882060677, 1.000302492,
2100.902492217, 1.000478282,
2100.922923957, 1.000714031,
2100.943355596, 1.000733809,
2100.963787236, 1.001136363,
2100.984218876, 1.001427384,
2101.004650516, 1.001603725,
2101.025082255, 1.001592662,
2101.045513795, 1.001508353,
2101.065945435, 1.001254823,
2101.086377174, 1.000961796,
2101.106808813, 1.000878804,
2101.127240353, 1.000548562,
2101.147672092, 1.000166100,
2101.168103731, 1.000013879,
2101.188535271, 0.999975443,
2101.208967010, 0.999839259,
2101.229398649, 0.999704869,
2101.249830388, 0.999568740,
2101.270261927, 0.999567817,
2101.290693565, 0.999424378,
2101.311125304, 0.999362897,
2101.331556843, 0.999290373,
2101.351988482, 0.999001965,
2101.372420220, 0.998593600,
2101.392851759, 0.998604280,
2101.454146674, 1.000068819,
2101.474578313, 1.000350662,
2101.495009951, 1.000640978,
2101.515441589, 1.000979179,
2101.535873328, 1.001014421,
2101.556304866, 1.001305552,
2101.576736504, 1.001514905,
2101.597168242, 1.001582490,
2101.617599780, 1.001661699,
2101.638031418, 1.001514289,
2101.658463156, 1.001422600,
2101.678894793, 1.001277822,
2101.699326331, 1.001231936,
2101.719758069, 1.000904957,
2101.740189706, 1.000560101,
2101.760621244, 1.000233304,
2101.781052981, 0.999930551,
2101.801484619, 0.999657727,
2101.821916356, 0.999531076,
2101.842347894, 0.999376739,
2101.862779531, 0.999488034,
2101.883211268, 0.999524986,
2101.903642806, 0.999636658,
2101.924074443, 0.999720922,
2101.944506180, 1.000123591,
2101.964937717, 1.000199482,
2101.985369354, 1.000450739,
2102.005801091, 1.000603379,
2102.026232628, 1.000941329,
2102.046664365, 1.001215268,
2102.067096002, 1.001337456,
2102.087527638, 1.001203662,
2102.107959275, 1.001349418,
2102.148822548, 1.001401411,
2102.169254185, 1.001291234,
2102.189685821, 1.001119139,
2102.210117358, 1.001088058,
2102.230549094, 1.001069168,
2102.250980731, 1.000791286,
2102.271412267, 1.000605488,
2102.291844003, 1.000283629,
2102.312275640, 1.000373629,
2102.332707376, 1.000222292,
2102.353138912, 1.000200506,
2102.394002284, 1.000009137,
2102.414433820, 0.999969217,
2102.434865456, 0.999988974,
2102.455297192, 0.999960720,
2102.475728728, 1.000019215,
2102.496160364, 1.000035846,
2102.516592099, 1.000153283,
2102.537023635, 1.000420062,
2102.557455271, 1.000581591,
2102.577887006, 1.000730662,
2102.598318642, 1.000875845,
2102.639181913, 1.001379986,
2102.659613549, 1.001487857,
2102.680045184, 1.001523876,
2102.700476819, 1.001655610,
2102.720908455, 1.001548534,
2102.741340190, 1.001640250,
2102.761771725, 1.001547629,
2102.782203360, 1.001296593,
2102.802634996, 1.001079448,
2102.823066631, 1.000688984,
2102.843498366, 1.000512881,
2102.884361536, 0.999938081,
2102.904793271, 0.999635324,
2102.925224806, 0.999509736,
2102.945656441, 0.999541346,
2102.986519710, 0.999264932,
2103.006951345, 0.999357557,
2103.027383080, 0.999486328,
2103.047814614, 0.999490232,
2103.068246249, 0.999730412,
2103.088677984, 0.999942254,
2103.129541253, 1.000422938,
2103.149972887, 1.000831638,
2103.170404522, 1.000935492,
2103.190836156, 1.001031811,
2103.211267790, 1.001165874,
2103.231699425, 1.001322511,
2103.252131059, 1.001321524,
2103.272562693, 1.001392329,
2103.292994327, 1.001175318,
2103.313426062, 1.001049079,
2103.333857596, 1.000673714,
2103.354289230, 1.000527498,
2103.415584232, 1.000571714,
2103.436015866, 1.000389922,
2103.456447400, 1.000156478,
2103.476879134, 1.000103221,
2104.089828136, 0.999937208,
2104.110259868, 0.999885130,
2104.130691501, 1.000001284,
2104.151123234, 0.999903881,
2104.171554767, 1.000056417,
2104.191986400, 1.000065197,
2104.212418033, 1.000107825,
2104.232849665, 1.000274697,
2104.253281298, 1.000396373,
2104.273712931, 1.000747732,
2104.294144564, 1.000846827,
2104.314576196, 1.000960792,
2104.335007929, 1.001240042,
2104.375871094, 1.001859551,
2104.396302827, 1.002024788,
2104.416734359, 1.002300302,
2104.437166092, 1.002320896,
2104.457597724, 1.002248925,
2104.478029257, 1.002222049,
2104.498460989, 1.002090606,
2104.518892622, 1.001737646,
2104.539324154, 1.001704552,
2104.559755886, 1.001373512,
2104.580187519, 1.001253788,
2104.621050783, 1.000632119,
2104.641482416, 1.000483602,
2104.661914148, 1.000371219,
2104.682345680, 1.000323636,
2104.702777312, 1.000255486,
2104.723209044, 1.000381675,
2104.743640577, 1.000538972,
2104.764072209, 1.000806820,
2104.784503941, 1.000802879,
2104.804935573, 1.001028777,
2104.825367105, 1.001253961,
2104.866230469, 1.001701719,
2104.886662101, 1.001910068,
2104.907093733, 1.002219546,
2104.927525365, 1.002152574,
2104.947956997, 1.002124092,
2104.968388629, 1.002188993,
2104.988820161, 1.002240657,
2105.090978421, 1.003062978,
2105.111409952, 1.001931495,
2105.131841684, 1.001688700,
2105.152273316, 1.001303171,
2105.172705048, 1.000878536,
2105.193136580, 1.000817291,
2105.213568211, 1.000777840,
2105.233999943, 1.000494033,
2105.274863107, 1.000656907,
2105.377021365, 1.000884262,
2105.397452996, 1.001170109,
2105.417884628, 1.001299704,
2105.458747991, 1.001743266,
2105.479179523, 1.001606614,
2105.499611154, 1.001749854,
2105.520042886, 1.002396172,
2105.540474417, 1.003067860,
2105.560906049, 1.002749976,
2105.581337780, 1.002697228,
2105.601769312, 1.002345735,
2105.622201043, 1.002240124,
2105.642632675, 1.001943068,
2105.663064206, 1.001664182,
2105.683495938, 1.001475304,
2105.703927469, 1.001224287,
2105.724359101, 1.000774065,
2105.744790832, 1.000632599,
2105.765222364, 1.000610298,
2105.785653995, 1.000516941,
2105.806085726, 1.000465139,
2105.846948989, 1.000514345,
2105.867380620, 1.000475924,
2105.887812252, 1.000561361,
2105.908243883, 1.000948233,
2105.928675514, 1.001124552,
2105.949107146, 1.001371748,
2105.969538877, 1.001435511,
2105.989970408, 1.001495060,
2106.010402040, 1.001644285,
2106.030833771, 1.001998165,
2106.051265302, 1.001910360,
2106.092128665, 1.002099180,
2106.112560196, 1.002178556,
2106.132991927, 1.002235765,
2106.153423559, 1.002198483,
2106.173855090, 1.002237970,
2106.194286821, 1.001933894,
2106.214718453, 1.001954299,
2106.235149984, 1.002042553,
2106.255581715, 1.001862301,
2106.276013346, 1.001431870,
2106.296444978, 1.001193270,
2106.337308240, 1.000875762,
2106.357739871, 1.000581079,
2106.378171502, 1.000372530,
2106.398603134, 1.000395480,
2106.419034765, 1.000392424,
2106.439466396, 1.000337259,
2106.459898027, 1.000502440,
2106.480329658, 1.000556475,
2106.500761290, 1.000686011,
2106.521192921, 1.000686261,
2106.541624652, 1.000791000,
2106.582487914, 1.001830951,
2106.602919546, 1.002041613,
2106.623351077, 1.002150072,
2106.643782808, 1.002453381,
2106.664214439, 1.002616718,
2106.684645971, 1.002399766,
2106.705077702, 1.002318449,
2106.725509333, 1.002250559,
2106.745940864, 1.002155844,
2106.766372595, 1.002004279,
2106.786804227, 1.001722245,
2106.827667489, 1.001278259,
2106.848099120, 1.001255837,
2106.868530851, 1.001081042,
2106.888962383, 1.000995161,
2106.929825745, 1.000722204,
2106.950257276, 1.000877308,
2106.970688907, 1.000845359,
2106.991120639, 1.000765473,
2107.011552270, 1.000585205,
2107.031983901, 1.000538185,
2107.072847064, 1.001246619,
2107.093278795, 1.001133252,
2107.113710426, 1.001325567,
2107.134141958, 1.001528085,
2107.175005320, 1.001745652,
2107.195436851, 1.001706123,
2107.256731945, 1.001024937,
2107.338458371, 1.001742003,
2107.358890002, 1.001486361,
2107.379321733, 1.001230102,
2107.399753265, 1.000607293,
2107.420184896, 1.000012743,
2107.440616627, 1.000155812,
2107.461048259, 1.000599274,
2107.481479890, 1.000368836,
2107.501911522, 1.000048919,
2107.542774784, 1.000098807,
2107.563206416, 1.000100827,
2107.583638047, 1.000249880,
2107.604069779, 1.000316415,
2107.624501310, 1.000321896,
2107.644932942, 1.000624137,
2107.665364673, 1.000986410,
2107.685796205, 1.001290907,
2107.726659468, 1.001386774,
2107.808385994, 1.001988518,
2107.828817725, 1.001996585,
2107.849249257, 1.001968986,
2107.869680889, 1.001986451,
2107.890112620, 1.001876058,
2107.910544152, 1.001757165,
2107.930975784, 1.001571428,
2107.951407515, 1.001331647,
2108.053565674, 1.000752354,
2108.073997306, 1.000485749,
2108.094428937, 1.000489111,
2108.114860569, 1.000514692,
2108.135292201, 1.000339040,
2108.155723833, 1.000653816,
2108.176155565, 1.000712240,
2108.196587096, 1.000675479,
2108.217018828, 1.000591474,
2108.237450460, 1.000848648,
2108.298745356, 1.001542527,
2108.319176888, 1.001978479,
2108.339608620, 1.002266932,
2108.360040252, 1.002219878,
2108.380471784, 1.002403645,
2108.400903516, 1.002529760,
2108.421335148, 1.002334436,
2108.441766780, 1.001967190,
2108.482629944, 1.001328991,
2108.543924941, 1.000960504,
2108.584788205, 1.000701565,
2108.605219837, 1.000449039,
2108.625651470, 1.000562854,
2108.646083102, 1.000267122,
2108.707377999, 1.000169758,
2108.789104629, 1.001445332,
2108.809536261, 1.001575955,
2108.829967794, 1.001691187,
2108.850399526, 1.002146499,
2108.870831159, 1.002097202,
2108.891262891, 1.002122454,
2108.911694424, 1.002401084,
2108.952557789, 1.001794108,
2108.972989322, 1.001494846,
2108.993420955, 1.001958820,
2109.034284220, 1.002705106,
2109.054715853, 1.002698915,
2109.075147586, 1.002515813,
2109.095579118, 1.001904612,
2109.156874017, 1.000435373,
2109.177305750, 1.000028692,
2109.197737283, 1.001070491,
2109.218168916, 1.002713416,
2109.299895548, 1.000412784,
2109.320327181, 1.000244802,
2109.340758915, 1.000424795,
2109.361190448, 1.000823373,
2109.381622081, 1.001213686,
2109.402053814, 1.001413832,
2109.422485348, 1.001555343,
2109.442916981, 1.002116973,
2109.524643615, 1.002441670,
2109.545075148, 1.002469990,
2109.565506882, 1.002450636,
2109.585938515, 1.002404088,
2109.606370049, 1.002054108,
2109.626801782, 1.001851004,
2109.647233416, 1.001677303,
2109.667665050, 1.001646526,
2109.688096683, 1.001372074,
2109.708528317, 1.001050318,
2109.728959951, 1.000740960,
2109.769823219, 1.000872877,
2109.790254852, 1.000701925,
2109.810686586, 1.000829865,
2109.851549854, 1.001112722,
2109.871981388, 1.001074548,
2109.892413022, 1.001064950,
2109.912844757, 1.001196093,
2109.933276291, 1.001392088,
2110.015002928, 1.002130987,
2110.035434562, 1.002518535,
2110.055866096, 1.002435429,
2110.076297831, 1.002764294,
2110.096729465, 1.002812488,
2110.117161000, 1.002873580,
2110.137592734, 1.002818293,
2110.158024369, 1.002544317,
2110.198887638, 1.002447486,
2110.260182542, 1.001459344,
2110.280614177, 1.001246583,
2110.301045912, 1.001095656,
2110.321477546, 1.000863755,
2110.341909081, 1.000810753,
2110.362340816, 1.000538748,
2110.382772451, 1.000456852,
2110.403204086, 1.000369096,
2110.423635721, 1.000368206,
2110.444067356, 1.000644654,
2110.505362162, 1.001445766,
2110.525793897, 1.001787327,
2110.546225533, 1.001973438,
2110.566657068, 1.002162270,
2110.587088804, 1.002283037,
2110.607520439, 1.002408360,
2110.689247081, 1.001611687,
2110.709678617, 1.001757981,
2110.770973524, 1.001466324,
2110.791405160, 1.001940588,
2110.811836896, 1.002037595,
2110.832268432, 1.001632332,
2110.852700168, 1.001446456,
2110.873131804, 1.001203596,
2110.893563440, 1.001837512,
2110.913995076, 1.001341491,
2110.934426713, 1.001226218,
2110.995721621, 1.001001850,
2111.016153258, 1.001191531,
2111.077448267, 1.001245811,
2111.118311440, 1.001590251,
2111.138743177, 1.001602919,
2111.159174714, 1.001598472,
2111.179606351, 1.002595003,
2111.200038087, 1.004424825,
2111.261332998, 1.002736631,
2111.281764535, 1.002817858,
2111.302196272, 1.002660586,
2111.322627910, 1.002459398,
2111.343059447, 1.002345090,
2111.363491184, 1.001977387,
2111.383922821, 1.001715662,
2111.404354459, 1.001368427,
2111.424786096, 1.001145523,
2111.445217733, 1.000988549,
2111.486081009, 1.000686268,
2111.506512646, 1.000754136,
2111.526944384, 1.000736865,
2111.547376022, 1.000824773,
2111.567807559, 1.000976069,
2111.588239297, 1.001136301,
2111.608670935, 1.001316204,
2111.629102473, 1.001547726,
2111.649534211, 1.001561145,
2111.669965849, 1.001866645,
2111.690397587, 1.001910596,
2111.731260764, 1.002246092,
2111.751692502, 1.002454355,
2111.772124040, 1.002639845,
2111.792555679, 1.002666577,
2111.812987317, 1.002733876,
2111.853850594, 1.002787706,
2111.874282233, 1.002445381,
2111.894713871, 1.002440927,
2111.915145610, 1.002621909,
2111.935577149, 1.001820982,
2112.017303705, 1.001594249,
2112.037735444, 1.000849601,
2112.058167083, 1.000694206,
2112.078598722, 1.000803178,
2112.099030362, 1.000659008,
2112.119462001, 1.000706109,
2112.139893640, 1.000820497,
2112.160325280, 1.000938910,
2112.180756919, 1.000997071,
2112.242051838, 1.001719364,
2112.262483578, 1.001935719,
2112.282915118, 1.002242286,
2112.303346858, 1.002605555,
2112.323778498, 1.002687659,
2112.344210038, 1.002856248,
2112.364641778, 1.003046299,
2112.405504958, 1.002694842,
2112.425936698, 1.002698036,
2112.507663260, 1.001899451,
2112.528094901, 1.001935896,
2112.548526541, 1.001322143,
2112.568958182, 1.001430947,
2112.589389823, 1.001416313,
2112.609821464, 1.001196415,
2112.630253105, 1.001052063,
2112.650684746, 1.001008721,
2112.671116387, 1.001091318,
2112.752843052, 1.001221241,
2112.773274693, 1.001289161,
2112.793706235, 1.001746978,
2112.814137976, 1.001779710,
2112.834569618, 1.002102404,
2112.855001160, 1.002020842,
2112.875432901, 1.002525979,
2112.957159469, 1.002892590,
2112.977591211, 1.002712030,
2112.998022753, 1.002655149,
2113.018454395, 1.002736344,
2113.038886138, 1.002524086,
2113.059317680, 1.002097798,
2113.100181065, 1.001826872,
2113.120612608, 1.001910667,
2113.243202465, 1.001090927,
2113.263634208, 1.000721843,
2113.304497494, 1.001012007,
2113.324929138, 1.000812219,
2113.345360781, 1.001159462,
2113.365792525, 1.001488759,
2113.386224068, 1.001615202,
2113.406655712, 1.002017798,
2113.427087455, 1.001905973,
2113.447518999, 1.002157582,
2113.467950643, 1.002213994,
2113.488382387, 1.001851926,
2113.508813931, 1.002043404,
2113.529245675, 1.002274901,
2113.549677319, 1.002125571,
2113.570108863, 1.002086176,
2113.590540608, 1.002053378,
2113.610972252, 1.001886868,
2113.631403797, 1.001581412,
2113.651835541, 1.001438651,
2113.692698730, 1.001068678,
2113.713130475, 1.000659352,
2113.733562120, 1.000854989,
2113.753993865, 1.000761354,
2113.774425410, 1.000600803,
2113.794857055, 1.000497125,
2113.815288700, 1.000308618,
2113.835720446, 1.000070012,
2113.876583736, 1.000286467,
2113.937878673, 1.000636928,
2113.958310219, 1.000937322,
2113.978741965, 1.001138390,
2113.999173611, 1.001759353,
2114.019605157, 1.001941238,
2114.040036903, 1.002003360,
2114.060468549, 1.002062234,
2114.080900095, 1.002091834,
2114.101331841, 1.002109195,
2114.121763488, 1.002389034,
2114.183058427, 1.001756678,
2114.203490174, 1.001493605,
2114.223921721, 1.001092249,
2114.244353368, 1.001181478,
2114.264785115, 1.000847206,
2114.285216662, 1.000595573,
2114.305648409, 1.000245555,
2114.428238294, 1.000479606,
2114.448669942, 1.000433160,
2114.469101590, 1.000763087,
2114.489533237, 1.000753325,
2114.509964885, 1.000991113,
2114.530396634, 1.001421850,
2114.550828182, 1.001540424,
2114.571259830, 1.001661573,
2114.591691578, 1.001551730,
2114.673418073, 1.002427173,
2114.693849722, 1.002143452,
2114.714281471, 1.002205443,
2114.734713020, 1.001875184,
2114.755144769, 1.001662237,
2114.775576418, 1.001620523,
2114.796007967, 1.001330181,
2114.816439717, 1.001293786,
2114.836871366, 1.001208395,
2114.857302916, 1.000608792,
2114.959461265, 1.000958057,
2114.979893015, 1.000661779,
2115.000324565, 1.000858867,
2115.020756215, 1.000285079,
2115.041187966, 1.000425310,
2115.061619616, 1.000857202,
2115.082051167, 1.001020391,
2115.102482917, 1.001429751,
2115.163777870, 1.003548153,
2115.184209521, 1.002411346,
2115.204641172, 1.002375344,
2115.225072823, 1.002544817,
2115.245504475, 1.002422657,
2115.265936126, 1.002494765,
2115.286367778, 1.002220088,
2115.306799529, 1.001707660,
2115.327231081, 1.001666596,
2115.347662733, 1.001466706,
2115.368094485, 1.001166377,
2115.408957689, 1.000878171,
2115.429389441, 1.000811004,
2115.449820993, 1.000611441,
2115.470252646, 1.000237845,
2115.490684398, 1.000405364,
2115.511115951, 1.000481103,
2115.531547703, 1.000351256,
2115.551979356, 1.000479974,
2115.572411009, 1.000413852,
2115.592842662, 1.000675103,
2115.613274315, 1.000538980,
2115.654137622, 1.001049720,
2115.674569275, 1.000974968,
2115.695000929, 1.001173268,
2115.715432682, 1.001585003,
2115.735864236, 1.001773276,
2115.756295990, 1.001664199,
2115.776727644, 1.002134061,
2115.797159198, 1.002348117,
2115.817590952, 1.002258957,
2115.838022606, 1.002162056,
2115.858454160, 1.002053627,
2115.899317569, 1.001615658,
2115.919749224, 1.001492775,
2115.940180879, 1.001385178,
2115.960612433, 1.000844985,
2115.981044188, 1.000704985,
2116.001475843, 1.000606823,
2116.021907398, 1.000425512,
2116.042339154, 1.000073538,
2116.062770809, 1.000151668,
2116.144497531, 1.000800137,
2116.164929087, 1.001080569,
2116.185360743, 1.001021668,
2116.205792499, 1.001377484,
2116.226224156, 1.001658742,
2116.246655712, 1.001862473,
2116.267087468, 1.002327204,
2116.287519125, 1.002571634,
2116.307950781, 1.002405718,
2116.328382438, 1.002247236,
2116.348814095, 1.002168365,
2116.389677409, 1.002193951,
2116.410109066, 1.002415468,
2116.430540824, 1.002200855,
2116.450972381, 1.002201142,
2116.471404038, 1.002051460,
2116.491835796, 1.001871900,
2116.512267354, 1.001835415,
2116.532699112, 1.001388880,
2116.553130770, 1.001328056,
2116.573562328, 1.001606991,
2116.634857302, 1.000765358,
2116.655289061, 1.000876979,
2116.675720619, 1.000588433,
2116.737015596, 1.001257961,
2116.777879014, 1.002178664,
2116.798310673, 1.001739465,
2116.818742333, 1.002010753,
2116.839173992, 1.002310036,
2116.900468972, 1.003360498,
2116.941332392, 1.003138675,
2116.961763952, 1.003212141,
2116.982195712, 1.003041855,
2117.002627373, 1.002703594,
2117.023058933, 1.002326428,
2117.043490694, 1.002245886,
2117.063922355, 1.002168702,
2117.084354115, 1.002023041,
2117.145649099, 1.001433021,
2117.166080660, 1.001266955,
2117.186512322, 1.001209734,
2117.206943983, 1.001365731,
2117.227375645, 1.001197310,
2117.247807307, 1.001488664,
2117.268238969, 1.001498404,
2117.288670631, 1.001727430,
2117.309102393, 1.002029561,
2117.329533955, 1.002068751,
2117.390828943, 1.003303516,
2117.411260606, 1.002984998,
2117.431692369, 1.003225072,
2117.452124032, 1.003115332,
2117.472555695, 1.002866768,
2117.492987358, 1.002996430,
2117.533850685, 1.002761707,
2117.554282349, 1.002846941,
2117.574714012, 1.002789401,
2117.595145776, 1.002515453,
2117.676872333, 1.001966956,
2117.717735762, 1.001264863,
2117.799462322, 1.001714090,
2117.819894087, 1.002111800,
2117.881189084, 1.002395422,
2117.901620749, 1.002723029,
2117.922052415, 1.002576416,
2117.942484081, 1.003073487,
2117.962915747, 1.002530158,
2118.003779080, 1.003247655,
2118.024210746, 1.003104539,
2118.044642413, 1.003304871,
2118.065074080, 1.003140274,
2118.105937514, 1.003617407,
2118.126369081, 1.003560033,
2118.146800848, 1.002882527,
2118.167232515, 1.002612232,
2118.187664083, 1.002423353,
2118.208095851, 1.002239865,
2118.228527518, 1.001900940,
2118.248959086, 1.001935617,
2118.269390854, 1.001693887,
2118.289822522, 1.001833368,
2118.310254291, 1.001725756,
2118.351117528, 1.002323665,
2118.371549296, 1.001686514,
2118.391980865, 1.001754600,
2118.412412534, 1.001785962,
2118.432844303, 1.001551276,
2118.453275873, 1.001952966,
2118.473707642, 1.001798683,
2118.494139311, 1.002219711,
2118.535002651, 1.002447656,
2118.555434321, 1.002646206,
2118.596297661, 1.003446618,
2118.678024343, 1.003303684,
2118.698456014, 1.003163483,
2118.718887685, 1.003294561,
2118.739319356, 1.003004455,
2118.759751027, 1.002560500,
2118.780182698, 1.002129605,
2118.800614370, 1.002215272,
2118.841477713, 1.001529448,
2118.861909485, 1.001512047,
2118.902772729, 1.001253310,
2118.923204502, 1.001317511,
2118.943636174, 1.001171222,
2118.984499519, 1.001757953,
2119.107089559, 1.002779465,
2119.127521232, 1.002850613,
2119.147953006, 1.002766304,
2119.168384580, 1.002899950,
2119.188816254, 1.003090219,
2119.209248029, 1.003309500,
2119.229679603, 1.003147066,
2119.250111377, 1.003036972,
2119.270543052, 1.002787674,
2119.290974727, 1.002516003,
2119.352269652, 1.002650403,
2119.372701428, 1.001923245,
2119.393133103, 1.002043809,
2119.413564879, 1.001832853,
2119.433996455, 1.001498312,
2119.454428131, 1.001306668,
2119.474859907, 1.001259341,
2119.495291483, 1.001296051,
2119.577018190, 1.001893688,
2119.597449966, 1.001941625,
2119.617881544, 1.001572976,
2119.638313321, 1.001753055,
2119.658744998, 1.002221806,
2119.679176576, 1.002287654,
2119.699608354, 1.002595597,
2119.720040031, 1.002944943,
2119.760903388, 1.003118715,
2119.822198423, 1.003746055,
2119.863061880, 1.002383124,
2119.883493559, 1.002234030,
2119.903925139, 1.001972856,
2119.924356818, 1.001829242,
2119.944788497, 1.001621555,
2119.965220177, 1.001421611,
2119.985651957, 1.001359060,
2120.067378577, 1.001824755,
2120.087810358, 1.001749884,
2120.108242039, 1.001920868,
2120.128673619, 1.001573706,
2120.149105400, 1.001598384,
2120.169537081, 1.001764734,
2120.189968863, 1.001918569,
2120.210400444, 1.001963336,
2120.230832126, 1.002156257,
2120.251263907, 1.002127018,
2120.312558954, 1.002858855,
2120.332990536, 1.002681212,
2120.353422218, 1.002658056,
2120.373854001, 1.002633583,
2120.394285584, 1.002708473,
2120.414717367, 1.002850044,
2120.435149050, 1.002387292,
2120.455580733, 1.002443616,
2120.476012417, 1.002373700,
2120.496444100, 1.002093009,
2120.516875784, 1.001725173,
2120.557739152, 1.001230690,
2120.578170936, 1.000918399,
2120.598602520, 1.000837651,
2120.619034205, 1.000902369,
2120.659897574, 1.000582414,
2120.680329259, 1.000642687,
2120.700761044, 1.001143402,
2120.802919473, 1.002225719,
2120.823351159, 1.002693183,
2120.864214531, 1.002675445,
2120.884646218, 1.002782455,
2120.905077805, 1.002685137,
2120.945941278, 1.002350971,
2120.966373066, 1.003440784,
2120.986804653, 1.002128449,
2121.007236340, 1.002469501,
2121.068531404, 1.001870002,
2121.088963192, 1.001753705,
2121.109394881, 1.001761459,
2121.129826469, 1.001923535,
2121.150258258, 1.001901559,
2121.170689946, 1.001735573,
2121.191121635, 1.001444432,
2121.211553325, 1.001502513,
2121.231985014, 1.001652437,
2121.252416703, 1.001037085,
2121.272848393, 1.000709011,
2121.293280083, 1.001022896,
2121.313711773, 1.001143872,
2121.334143463, 1.001319814,
2121.354575253, 1.001467878,
2121.375006844, 1.001861326,
2121.395438534, 1.002117115,
2121.415870325, 1.002398629,
2121.436301916, 1.002441576,
2121.456733607, 1.002505418,
2121.477165398, 1.002687158,
2121.538460473, 1.002916290,
2121.558892065, 1.002817978,
2121.579323857, 1.002552383,
2121.599755549, 1.002051404,
2121.620187242, 1.001861763,
2121.640618935, 1.001768203,
2121.661050627, 1.001433085,
2121.681482320, 1.001084665,
2121.701914013, 1.000985707,
2121.722345707, 1.001019641,
2121.742777500, 1.000568792,
2121.783640788, 1.000720227,
2121.804072582, 1.001004378,
2121.824504276, 1.000983294,
2121.844935870, 1.001116468,
2121.865367664, 1.001223574,
2121.885799359, 1.001447516,
2121.906230954, 1.001854833,
2121.926662749, 1.001886787,
2121.947094444, 1.002056299,
2122.049252922, 1.002633770,
2122.069684519, 1.002664992,
2122.090116315, 1.002582569,
2122.110548012, 1.002649340,
2122.130979808, 1.002612493,
2122.151411405, 1.002411293,
2122.171843102, 1.002062714,
2122.192274899, 1.002041863,
2122.212706497, 1.001784444,
2122.233138194, 1.001714872,
2122.274001690, 1.000981961,
2122.294433288, 1.001140759,
2122.314865086, 1.000886209,
2122.335296785, 1.000829189,
2122.355728484, 1.001013484,
2122.376160182, 1.000937914,
2122.396591881, 1.000763945,
2122.417023581, 1.000987705,
2122.437455280, 1.001356148,
2122.457886979, 1.001435270,
2122.478318779, 1.001822872,
2122.560045480, 1.002996393,
2122.580477280, 1.003163330,
2122.621340582, 1.003298176,
2122.703067487, 1.001651414,
2122.723499089, 1.001907635,
2122.784794196, 1.001795814,
2122.805225998, 1.001211274,
2122.825657701, 1.001099758,
2122.846089404, 1.001050003,
2122.866521107, 1.000784814,
2122.886952810, 1.000944749,
2122.907384614, 1.000806532,
2122.948247921, 1.001075099,
2122.968679725, 1.001525952,
2123.029974839, 1.001722873,
2123.050406543, 1.001895451,
2123.070838348, 1.001854723,
2123.091269953, 1.002221788,
2123.111701659, 1.002250240,
2123.152565070, 1.002430616,
2123.172996776, 1.002462384,
2123.193428582, 1.002610796,
2123.234291894, 1.003569293,
2123.275155308, 1.002639183,
2123.295587115, 1.002394092,
2123.316018722, 1.002537711,
2123.336450429, 1.002206013,
2123.356882237, 1.001788008,
2123.377313844, 1.001419102,
2123.397745552, 1.001387638,
2123.418177360, 1.000984116,
2123.438608969, 1.000898776,
2123.459040777, 1.000979043,
2123.499904195, 1.000899674,
2123.520335904, 1.001197918,
2123.540767613, 1.001331016,
2123.561199322, 1.001581045,
2123.581631032, 1.001541648,
2123.602062742, 1.001817829,
2123.622494552, 1.002291167,
2123.642926262, 1.002400145,
2123.663357872, 1.002773664,
2123.683789683, 1.003039672,
2123.704221394, 1.003136117,
2123.765516527, 1.002919123,
2123.785948139, 1.002909629,
2123.806379950, 1.002743459,
2123.826811662, 1.002477068,
2123.847243474, 1.002493994,
2123.867675087, 1.002415086,
2123.888106799, 1.002059224,
2123.908538512, 1.001823402,
2123.928970225, 1.001674087,
2123.949401938, 1.001588673,
2123.990265364, 1.001403218,
2124.010697178, 1.001356549,
2124.031128792, 1.000964108,
2124.051560506, 1.001118540,
2124.071992320, 1.001201227,
2124.092423934, 1.001309975,
2124.112855649, 1.001107683,
2124.133287464, 1.001363316,
2124.153719179, 1.001631567,
2124.174150794, 1.001844929,
2124.194582609, 1.002007061,
2124.235446041, 1.002649483,
2124.255877757, 1.002878562,
2124.276309473, 1.003081254,
2124.296741289, 1.003374181,
2124.317172906, 1.003442675,
2124.337604623, 1.003488123,
2124.358036440, 1.003518569,
2124.378468057, 1.003499642,
2124.398899874, 1.003259706,
2124.419331592, 1.002855955,
2124.439763210, 1.002701213,
2124.480626746, 1.002248911,
2124.501058364, 1.002011789,
2124.521490183, 1.001582908,
2124.541921902, 1.001213557,
2124.562353621, 1.001353801,
2124.582785340, 1.001282354,
2124.603217059, 1.000942795,
2124.623648779, 1.001338474,
2124.644080499, 1.001348457,
2124.664512218, 1.001515210,
2124.684943939, 1.001664131,
2124.746239100, 1.002224467,
2124.766670821, 1.002400095,
2124.787102643, 1.002787069,
2124.807534364, 1.002516547,
2124.827965986, 1.002703269,
2124.848397807, 1.002781377,
2124.868829529, 1.002615513,
2124.889261152, 1.002743243,
2124.909692974, 1.002918215,
2124.930124697, 1.002730342,
2124.991419866, 1.002379657,
2125.011851689, 1.002445547,
2125.032283313, 1.002377818,
2125.052715037, 1.002119859,
2125.073146861, 1.002013949,
2125.093578485, 1.001258551,
2125.114010210, 1.001103304,
2125.134442034, 1.000940567,
2125.195737210, 1.000735540,
2125.216168835, 1.000858406,
2125.257032387, 1.001013254,
2125.297895839, 1.001558996,
2125.318327566, 1.001657374,
2125.338759293, 1.002027404,
2125.359191020, 1.002173704,
2125.379622747, 1.002405492,
2125.400054474, 1.002825040,
2125.461349658, 1.003367777,
2125.481781386, 1.003144947,
2125.502213214, 1.002925328,
2125.522644943, 1.002697255,
2125.543076572, 1.002461439,
2125.563508401, 1.002395110,
2125.583940130, 1.002075413,
2125.604371760, 1.001808273,
2125.624803590, 1.001475511,
2125.645235320, 1.001353651,
2125.665666950, 1.001014192,
2125.706530511, 1.000940292,
2125.726962341, 1.000788269,
2125.747393973, 1.000931981,
2125.767825704, 1.000778870,
2125.788257535, 1.000960738,
2125.808689167, 1.000917248,
2125.829120899, 1.000941427,
2125.849552731, 1.001290206,
2125.869984363, 1.001287745,
2125.890416196, 1.001540716,
2125.910847928, 1.001630147,
2125.951711394, 1.001740813,
2125.972143028, 1.001926456,
2125.992574861, 1.002214603,
2126.013006595, 1.002236883,
2126.033438329, 1.002437259,
2126.053869963, 1.002460784,
2126.074301798, 1.002538549,
2126.094733533, 1.002404555,
2126.115165268, 1.002329647,
2126.135597003, 1.001991867,
2126.156028738, 1.001831707,
2126.196892209, 1.001338902,
2126.217323945, 1.001171389,
2126.237755782, 1.000992712,
2126.258187418, 1.000870044,
2126.278619255, 1.000498098,
2126.299050991, 1.000334408,
2126.319482629, 1.000465918,
2126.339914466, 1.000540933,
2126.360346203, 1.000687179,
2126.442073056, 1.001437624,
2126.462504894, 1.001614076,
2126.482936633, 1.002029903,
2126.503368472, 1.001965244,
2126.523800112, 1.002070212,
2126.544231851, 1.002184457,
2126.564663691, 1.002306697,
2126.585095431, 1.002246322,
2126.625958812, 1.001371662,
2126.687254134, 1.001634573,
2126.707685775, 1.001465515,
2126.728117617, 1.001381540,
2126.748549359, 1.001097524,
2126.768981001, 1.001135764,
2126.789412843, 1.000970593,
2126.809844586, 1.000610612,
2126.830276428, 1.000476376,
2126.850708071, 1.000341420,
2126.871139814, 1.000337892,
2126.952866889, 1.000324647,
2126.973298533, 1.000523996,
2126.993730278, 1.000565902,
2127.014162123, 1.000859439,
2127.034593767, 1.001138611,
2127.055025613, 1.001322262,
2127.075457358, 1.001609652,
2127.095889004, 1.001768614,
2127.116320850, 1.002157255,
2127.136752596, 1.002238520,
2127.198047835, 1.002092879,
2127.218479682, 1.001992749,
2127.238911330, 1.002004878,
2127.259343077, 1.001863147,
2127.279774825, 1.001712157,
2127.300206573, 1.001502582,
2127.320638321, 1.001090334,
2127.341070169, 1.000909151,
2127.361501818, 1.000684165,
2127.381933567, 1.000465659,
2127.422797065, 1.000086725,
2127.443228915, 1.000035673,
2127.463660665, 1.000035826,
2127.484092315, 1.000206754,
2127.504524165, 1.000255276,
2127.524955916, 1.000384634,
2127.545387566, 1.000627032,
2127.565819417, 1.000796167,
2127.586251168, 1.000841762,
2127.606683020, 1.001007872,
2127.627114672, 1.001245390,
2127.688409928, 1.001751284,
2127.708841681, 1.002007136,
2127.729273534, 1.001898458,
2127.749705187, 1.001933654,
2127.770137040, 1.001706407,
2127.790568793, 1.001678873,
2127.811000547, 1.001669007,
2127.831432301, 1.001815985,
2127.892727565, 1.001462432,
2127.913159320, 1.000855329,
2127.933591075, 1.000775415,
2127.954022830, 1.000763202,
2127.974454586, 1.000604946,
2127.994886442, 1.000443980,
2128.015318098, 1.000115054,
2128.035749855, 0.999991765,
2128.056181711, 1.000015069,
2128.076613368, 0.999998209,
2128.117476983, 1.000639596,
2128.158340498, 1.001062258,
2128.178772256, 1.001792363,
2128.199203915, 1.001600897,
2128.219635773, 1.001779787,
2128.240067532, 1.002027502,
2128.260499191, 1.002297277,
2128.301362810, 1.002491831,
2128.321794470, 1.002671469,
2128.423953373, 1.001492173,
2128.444385234, 1.001240252,
2128.464816995, 1.001188814,
2128.485248657, 1.001162745,
2128.505680519, 1.000977057,
2128.526112281, 1.000640303,
2128.546544044, 1.000624792,
2128.566975807, 1.000557702,
2128.587407570, 1.000611445,
2128.607839333, 1.000516287,
2128.628271096, 1.000474613,
2128.648702860, 1.000637824,
2128.669134624, 1.000909527,
2128.730429917, 1.000980350,
2128.750861682, 1.001380231,
2128.791725213, 1.001599905,
2128.832588844, 1.002091637,
2128.853020511, 1.002443937,
2128.914315811, 1.002565204,
2128.934747678, 1.002533222,
2128.955179445, 1.002526885,
2128.975611213, 1.002763212,
2128.996042981, 1.002477198,
2129.016474749, 1.002099236,
2129.036906518, 1.001757491,
2129.057338286, 1.001420690,
2129.077770055, 1.001121663,
2129.098201924, 1.001001721,
2129.159497233, 1.000656100,
2129.179929004, 1.000640692,
2129.200360674, 1.000642997,
2129.220792545, 1.000890920,
2129.241224316, 1.000923540,
2129.261656087, 1.001235805,
2129.282087858, 1.001775736,
2129.302519630, 1.001794961,
2129.322951402, 1.002144294,
2129.343383174, 1.002296549,
2129.384246720, 1.002666399,
2129.404678493, 1.002675868,
2129.425110166, 1.002770374,
2129.445542039, 1.003082052,
2129.465973813, 1.002778486,
2129.486405687, 1.002544083,
2129.506837361, 1.002448142,
2129.527269136, 1.002267647,
2129.547701011, 1.002333343,
2129.649859888, 1.001553273,
2129.670291665, 1.001501327,
2129.690723441, 1.001494433,
2129.711155218, 1.001186488,
2129.731586995, 1.001316508,
2129.752018773, 1.001194228,
2129.772450550, 1.001566708,
2129.792882328, 1.001243046,
2129.813314106, 1.001497018,
2129.874609542, 1.002059910,
2129.895041321, 1.002274340,
2129.935904880, 1.002738236,
2129.956336660, 1.003130968,
2129.976768341, 1.003324951,
2129.997200221, 1.003460584,
2130.017631902, 1.003626669,
2130.038063783, 1.003546526,
2130.058495564, 1.003560432,
2130.078927246, 1.003387982,
2130.119790909, 1.003401317,
2130.160654474, 1.002480168,
2130.181086257, 1.002100350,
2130.201518140, 1.002077744,
2130.221949824, 1.001931237,
2130.242381607, 1.001730596,
2130.262813491, 1.001666063,
2130.283245175, 1.001416358,
2130.303676960, 1.001664498,
2130.364972315, 1.002114833,
2130.385404200, 1.002498684,
2130.405835986, 1.002365775,
2130.426267772, 1.002431147,
2130.446699558, 1.002756706,
2130.467131345, 1.002753463,
2130.487563232, 1.003057069,
2130.507994919, 1.003289153,
2130.528426706, 1.003203188,
2130.548858594, 1.003291660,
2130.569290281, 1.003331197,
2130.630585647, 1.003902042,
2130.651017536, 1.003513559,
2130.671449225, 1.003339843,
2130.691881014, 1.003118524,
2130.712312904, 1.003100795,
2130.732744594, 1.003065029,
2130.753176485, 1.002731934,
2130.773608275, 1.002735048,
2130.794039966, 1.002415416,
2130.814471857, 1.002297622,
2130.875767232, 1.002433683,
2130.896199024, 1.002271092,
2130.916630817, 1.002334932,
2130.937062609, 1.002302406,
2130.957494402, 1.002116556,
2130.977926296, 1.002685048,
2130.998358089, 1.002738220,
2131.039221677, 1.003230524,
2131.059653472, 1.003306772,
2131.120948857, 1.004222898,
2131.141380652, 1.004416660,
2131.161812448, 1.004091133,
2131.182244244, 1.003895378,
2131.223107837, 1.003496579,
2131.243539633, 1.003389695,
2131.263971431, 1.003059264,
2131.284403228, 1.003075698,
2131.304835126, 1.002867707,
2131.366130520, 1.003015737,
2131.386562219, 1.003015636,
2131.406994018, 1.002471962,
2131.427425918, 1.002731390,
2131.447857617, 1.002563676,
2131.468289417, 1.002630844,
2131.488721317, 1.002685955,
2131.509153018, 1.002676639,
2131.529584918, 1.002598223,
2131.550016719, 1.002494021,
2131.590880322, 1.003280034,
2131.611312124, 1.003491688,
2131.631743926, 1.003380153,
2131.652175829, 1.003652428,
2131.672607531, 1.003819394,
2131.693039434, 1.004037021,
2131.713471237, 1.004283883,
2131.733902941, 1.004025984,
2131.754334845, 1.004113995,
2131.774766649, 1.004059623,
2131.795198353, 1.004051481,
2131.856493968, 1.003849688,
2131.876925673, 1.003659741,
2131.897357479, 1.003533835,
2131.917789285, 1.003174514,
2131.938221092, 1.002517788,
2131.999516512, 1.002154041,
2132.019948320, 1.002539089,
2132.040380128, 1.002479531,
2132.060811936, 1.002807064,
2132.081243844, 1.002829807,
2132.101675553, 1.003292603,
2132.142539271, 1.003309572,
2132.162970980, 1.003741575,
2132.183402790, 1.003825512,
2132.203834700, 1.003980221,
2132.224266510, 1.003935815,
2132.244698321, 1.003838632,
2132.265130132, 1.003895900,
2132.285561943, 1.003814661,
2132.326425566, 1.003811843,
2132.346857378, 1.004400758,
2132.367289291, 1.003667875,
2132.387721003, 1.003307748,
2132.408152916, 1.003280429,
2132.428584729, 1.003133878,
2132.449016443, 1.002743893,
2132.469448357, 1.002421746,
2132.489880171, 1.002330840,
2132.510311885, 1.002097385,
2132.530743800, 1.002122116,
2132.571607330, 1.002117877,
2132.592039245, 1.002114079,
2132.612471061, 1.002754833,
2132.632902877, 1.002509654,
2132.653334694, 1.002559430,
2132.673766410, 1.002592267,
2132.694198327, 1.002639051,
2132.735061962, 1.002871483,
2132.755493780, 1.003148432,
2132.816789235, 1.004006494,
2132.837221054, 1.004293285,
2132.857652973, 1.003980706,
2132.878084793, 1.004103204,
2132.898516513, 1.003986723,
2132.918948433, 1.003776379,
2132.939380254, 1.003794712,
2132.959812074, 1.003265865,
2132.980243895, 1.003115025,
2133.000675717, 1.002813206,
2133.021107638, 1.002475680,
2133.082403105, 1.002014136,
2133.102834828, 1.002037250,
2133.123266751, 1.001892373,
2133.143698574, 1.001667691,
2133.164130298, 1.001898892,
2133.184562222, 1.001973624,
2133.204994047, 1.001842268,
2133.225425771, 1.001935367,
2133.245857696, 1.002097302,
2133.266289521, 1.002342798,
2133.327584899, 1.003407622,
2133.348016825, 1.003540200,
2133.368448652, 1.003322460,
2133.388880379, 1.003355699,
2133.409312306, 1.003433877,
2133.429744134, 1.003669439,
2133.450175961, 1.003556113,
2133.470607790, 1.003349608,
2133.491039618, 1.003267319,
2133.511471547, 1.003021493,
2133.552335106, 1.002644476,
2133.593198865, 1.002767989,
2133.613630595, 1.002736899,
2133.634062526, 1.002329948,
2133.674926288, 1.002649482,
2133.695358020, 1.002000952,
2133.715789852, 1.002218854,
2133.736221784, 1.001714384,
2133.756653516, 1.001797920,
2133.777085349, 1.002085321,
2133.797517282, 1.002170049,
2133.817949015, 1.002249885,
2133.858812783, 1.002731886,
2133.879244517, 1.002744294,
2133.899676451, 1.002984508,
2133.920108286, 1.003384321,
2133.940540021, 1.003585785,
2133.981403693, 1.003695975,
2134.001835629, 1.003551153,
2134.063131139, 1.003746826,
2134.083562976, 1.003422272,
2134.103994814, 1.003324378,
2134.124426651, 1.003364402,
2134.144858490, 1.002969928,
2134.165290328, 1.002989378,
2134.185722167, 1.002436022,
2134.206154006, 1.002190807,
2134.226585846, 1.002147552,
2134.247017785, 1.002037893,
2134.267449525, 1.001780683,
2134.287881466, 1.001578743,
2134.308313306, 1.001753215,
2134.328745047, 1.001813199,
2134.349176989, 1.002053569,
2134.410472514, 1.002175386,
2134.451336300, 1.002688210,
2134.553495418, 1.003323628,
2134.573927263, 1.003983928,
2134.594359108, 1.003974703,
2134.614791054, 1.004447847,
2134.635222899, 1.004126015,
2134.655654645, 1.003892484,
2134.676086592, 1.003278286,
2134.696518338, 1.003129324,
2134.716950185, 1.002913498,
2134.737382132, 1.002441728,
2134.798677676, 1.002208785,
2134.819109524, 1.002249115,
2134.839541373, 1.001807664,
2134.859973222, 1.001896613,
2134.880405071, 1.001625131,
2134.900837021, 1.001683049,
2134.921268771, 1.002014535,
2134.941700622, 1.002224762,
2134.962132572, 1.002289699,
2134.982564323, 1.002443967,
2135.043859878, 1.003356283,
2135.064291830, 1.003757113,
2135.084723683, 1.003571095,
2135.105155436, 1.003636613,
2135.125587389, 1.003661517,
2135.146019243, 1.003623028,
2135.166451196, 1.003516483,
2135.186882951, 1.003227065,
2135.207314805, 1.002966332,
2135.227746760, 1.002952761,
2135.268610370, 1.002833867,
2135.289042326, 1.002860237,
2135.309474082, 1.002255982,
2135.329905939, 1.002086212,
2135.350337795, 1.001917051,
2135.370769652, 1.001549079,
2135.391201610, 1.001400087,
2135.411633467, 1.001745874,
2135.452497184, 1.001826580,
2135.472929042, 1.001504959,
2135.534224620, 1.002611558,
2135.554656580, 1.002567768,
2135.575088340, 1.003070720,
2135.595520201, 1.003406680,
2135.615952162, 1.003170596,
2135.636383923, 1.003727509,
2135.656815785, 1.003766786,
2135.677247747, 1.003819734,
2135.697679509, 1.003668014,
2135.718111471, 1.003756515,
2135.779407061, 1.002740864,
2135.799838925, 1.002554438,
2135.820270689, 1.002340448,
2135.840702653, 1.002620817,
2135.861134518, 1.002592823,
2135.881566383, 1.002378721,
2135.901998249, 1.002513362,
2135.922430114, 1.002111580,
2135.942862080, 1.002096977,
2135.963293847, 1.002032475,
2135.983725714, 1.001721643,
2136.004157581, 1.002131586,
2136.024589448, 1.001728757,
2136.045021316, 1.001790661,
2136.065453284, 1.001860342,
2136.085885052, 1.002028870,
2136.106317021, 1.002162647,
2136.126748890, 1.002323852,
2136.147180660, 1.002881591,
2136.167612629, 1.002819020,
2136.188044499, 1.003111277,
2136.208476270, 1.003338913,
2136.249340111, 1.003522210,
2136.290203854, 1.003310336,
2136.331067699, 1.003308223,
2136.392363318, 1.003432598,
2136.514954565, 1.002166945,
2136.535386440, 1.001856283,
2136.555818316, 1.001512950,
2136.576250193, 1.001245086,
2136.596682070, 1.001220280,
2136.617113946, 1.001195866,
2136.637545824, 1.001514508,
2136.657977701, 1.001872204,
2136.678409579, 1.001825817,
2136.698841458, 1.002255401,
2136.760137095, 1.003816893,
2136.780569074, 1.004136982,
2136.801000855, 1.003777488,
2136.821432835, 1.003725479,
2136.841864716, 1.003597337,
2136.862296497, 1.003650543,
2136.882728478, 1.003228305,
2136.903160360, 1.003000938,
2136.923592142, 1.002663075,
2136.944024124, 1.002627242,
2137.005319773, 1.002386453,
2137.025751657, 1.002671523,
2137.046183641, 1.002708535,
2137.066615425, 1.002461772,
2137.087047310, 1.001930693,
2137.107479295, 1.002221986,
2137.148342966, 1.002276036,
2137.168774953, 1.002072909,
2137.189206839, 1.001811066,
2137.250502500, 1.002897455,
2137.270934388, 1.002805332,
2137.291366276, 1.002811690,
2137.311798165, 1.003046230,
2137.332230053, 1.002905645,
2137.352661943, 1.003126390,
2137.373093832, 1.003261986,
2137.393525722, 1.003341942,
2137.413957612, 1.003550912,
2137.495685277, 1.003534914,
2137.516117069, 1.003753492,
2137.536549061, 1.003049396,
2137.556980953, 1.003159529,
2137.577412746, 1.002496992,
2137.597844740, 1.002046513,
2137.618276633, 1.001950536,
2137.638708427, 1.001519281,
2137.659140421, 1.001132146,
2137.679572316, 1.001054103,
2137.720436106, 1.001816484,
2137.740868002, 1.001903928,
2137.761299998, 1.001689137,
2137.781731795, 1.001973833,
2137.802163691, 1.002124084,
2137.822595689, 1.002149370,
2137.843027486, 1.002440077,
2137.863459384, 1.002627939,
2137.883891382, 1.002691759,
2137.904323280, 1.002796572,
2137.965618878, 1.003313410,
2137.986050878, 1.003082835,
2138.006482778, 1.003104244,
2138.026914578, 1.003078781,
2138.047346579, 1.002865747,
2138.067778481, 1.002931699,
2138.088210482, 1.002845727,
2138.108642284, 1.002603171,
2138.129074187, 1.002419424,
2138.149506189, 1.002158049,
2138.169937992, 1.002165834,
2138.251665708, 1.002281119,
2138.272097613, 1.002466261,
2138.292529418, 1.002255835,
2138.312961423, 1.002224426,
2138.333393329, 1.002419107,
2138.353825135, 1.002150197,
2138.374257142, 1.001918597,
2138.394689049, 1.002146742,
2138.415120956, 1.002413219,
2138.455984771, 1.002449530,
2138.476416780, 1.002730286,
2138.517280498, 1.002935521,
2138.578576227, 1.002945833,
2138.599008237, 1.002992493,
2138.619440048, 1.002869803,
2138.639872059, 1.003020641,
2138.660303970, 1.002904015,
2138.721599707, 1.002524249,
2138.742031520, 1.002176737,
2138.762463533, 1.001452454,
2138.782895447, 1.001300033,
