BJD - 2454833, Corrected Flux
2146.452721891, 0.989624896,
2146.473154204, 0.987318883,
2146.514018530, 0.987236723,
2146.534450842, 0.988366649,
2146.554882954, 0.988767870,
2146.575315165, 0.987458626,
2146.595747475, 0.988957679,
2146.616179585, 0.986069428,
2146.636611794, 0.988632931,
2146.657044003, 0.985935809,
2146.677476211, 0.985181622,
2146.697908520, 0.987091978,
2146.738772833, 0.988835873,
2146.779637346, 0.986432150,
2146.800069451, 0.985705779,
2146.820501755, 0.985896902,
2146.840933960, 0.984879601,
2146.861366063, 0.985805789,
2146.881798367, 0.983949058,
2146.902230569, 0.984008405,
2146.922662671, 0.985210432,
2146.943094973, 0.983949360,
2146.963527174, 0.984029831,
2146.983959274, 0.985680770,
2147.004391574, 0.983802602,
2147.045255873, 0.983269725,
2147.065688171, 0.983389809,
2147.086120369, 0.985916859,
2147.106552566, 0.984053464,
2147.126984763, 0.983451562,
2147.147416960, 0.984197350,
2147.167849255, 0.983101773,
2147.188281351, 0.985877160,
2147.208713546, 0.983167517,
2147.229145840, 0.984133217,
2147.249578033, 0.984626363,
2147.270010127, 0.981831631,
2147.290442419, 0.983204304,
2147.331306703, 0.984158410,
2147.351738995, 0.982039721,
2147.372171085, 0.984127497,
2147.392603275, 0.983903693,
2147.413035564, 0.982034987,
2147.433467653, 0.980989844,
2147.453899842, 0.981451876,
2147.494764218, 0.982483954,
2147.515196405, 0.983340696,
2147.535628691, 0.979215942,
2147.556060777, 0.982046349,
2147.576492962, 0.982581899,
2147.596925247, 0.981979652,
2147.617357432, 0.978899352,
2147.637789516, 0.981014576,
2147.658221799, 0.981567535,
2147.678653982, 0.981027546,
2147.699086164, 0.979434876,
2147.719518346, 0.981077403,
2147.739950527, 0.980688051,
2147.760382808, 0.979969422,
2147.780814888, 0.980320366,
2147.801247068, 0.981049521,
2147.821679347, 0.982018368,
2147.842111426, 0.982200187,
2147.862543604, 0.981044670,
2147.882975882, 0.980472267,
2147.903407959, 0.981818353,
2147.923840136, 0.980486240,
2147.944272412, 0.983374877,
2147.985136662, 0.983348055,
2148.005568937, 0.980839915,
2148.026001011, 0.980611378,
2148.046433185, 0.981872774,
2148.066865458, 0.978686900,
2148.087297630, 0.984288720,
2148.107729702, 0.983452191,
2148.128161974, 0.980276483,
2148.148594045, 0.979784896,
2148.169026215, 0.980792023,
2148.189458485, 0.980157413,
2148.209890554, 0.980230298,
2148.230322723, 0.981276789,
2148.250754992, 0.981133288,
2148.271187060, 0.980728680,
2148.291619327, 0.980258723,
2148.312051494, 0.979909837,
2148.332483560, 0.980800220,
2148.352915826, 0.981336525,
2148.373347991, 0.979640904,
2148.393780056, 0.980485568,
2148.414212320, 0.979326167,
2148.475508810, 0.980436930,
2148.495940973, 0.980214176,
2148.516373134, 0.978905741,
2148.536805296, 0.977304947,
2148.557237457, 0.980068758,
2148.577669617, 0.980829510,
2148.598101877, 0.980262256,
2148.618533936, 0.981344992,
2148.638966095, 0.981515122,
2148.659398352, 0.980828865,
2148.679830410, 0.979879555,
2148.720694824, 0.981006822,
2148.741126880, 0.980406974,
2148.761559036, 0.980844927,
2148.781991291, 0.979486588,
2148.802423346, 0.979264092,
2148.822855500, 0.979708272,
2148.843287753, 0.980995557,
2148.863719806, 0.978223284,
2148.884152059, 0.981558338,
2148.904584111, 0.979429643,
2148.925016262, 0.979447156,
2148.945448513, 0.980387938,
2148.965880564, 0.980664104,
2148.986312714, 0.978751826,
2149.006744964, 0.982441559,
2149.047609161, 0.981096459,
2149.068041409, 0.980375312,
2149.088473557, 0.976609958,
2149.108905604, 0.979674199,
2149.129337850, 0.981353162,
2149.149769996, 0.978960430,
2149.170202042, 0.980167910,
2149.190634287, 0.980654992,
2149.211066431, 0.978346771,
2149.231498475, 0.978633580,
2149.251930719, 0.981221523,
2149.272362861, 0.980105020,
2149.292795004, 0.980592405,
2149.313227146, 0.982191402,
2149.333659288, 0.980279082,
2149.354091428, 0.982513927,
2149.374523569, 0.979153632,
2149.394955709, 0.979719731,
2149.415387848, 0.980183814,
2149.456252126, 0.981136675,
2149.476684363, 0.979567064,
2149.497116501, 0.983239047,
2149.517548538, 0.984570649,
2149.537980774, 0.979126626,
2149.558412910, 0.977990460,
2149.578844946, 0.980175600,
2149.599277180, 0.978257064,
2149.619709215, 0.980092714,
2149.640141348, 0.980342827,
2149.660573582, 0.980037106,
2149.681005615, 0.980936249,
2149.701437747, 0.980903424,
2149.721869979, 0.981273208,
2149.742302010, 0.981016138,
2149.762734141, 0.978834206,
2149.783166372, 0.980128349,
2149.803598402, 0.980960995,
2149.824030531, 0.982139381,
2149.844462760, 0.979458881,
2149.864894889, 0.982538495,
2149.885326916, 0.982006049,
2149.905759144, 0.980259588,
2149.946623297, 0.980224824,
2149.967055523, 0.981298384,
2149.987487648, 0.981801469,
2150.007919673, 0.980528845,
2150.028351897, 0.978262342,
2150.048784021, 0.979816521,
2150.069216245, 0.981393803,
2150.089648268, 0.980572117,
2150.110080390, 0.980190582,
2150.130512612, 0.980988607,
2150.150944633, 0.981165889,
2150.171376754, 0.980121486,
2150.191808974, 0.980579477,
2150.212240994, 0.979034901,
2150.232673114, 0.980589912,
2150.253105332, 0.980715167,
2150.273537451, 0.982058110,
2150.293969469, 0.980609832,
2150.314401686, 0.980262511,
2150.334833803, 0.980721451,
2150.355265820, 0.982237663,
2150.375698035, 0.982449544,
2150.396130051, 0.980743460,
2150.416562166, 0.981361031,
2150.457426394, 0.978002551,
2150.477858508, 0.982252964,
2150.498290721, 0.980517034,
2150.518722733, 0.981751116,
2150.539154845, 0.983586104,
2150.559587057, 0.980241643,
2150.580019067, 0.981682033,
2150.600451178, 0.981539611,
2150.620883388, 0.980952233,
2150.641315398, 0.980748035,
2150.682179715, 0.982915433,
2150.702611823, 0.980937373,
2150.723043931, 0.981601007,
2150.743476038, 0.981995184,
2150.763908144, 0.981337242,
2150.784340350, 0.981211580,
2150.804772356, 0.979965829,
2150.825204461, 0.980581364,
2150.845636665, 0.980282749,
2150.866068669, 0.980310972,
2150.886500773, 0.982325811,
2150.906932976, 0.981229959,
2150.927364979, 0.982676485,
2150.947797081, 0.980458920,
2150.968229282, 0.979891733,
2150.988661284, 0.981090007,
2151.009093384, 0.979933843,
2151.029525484, 0.980553133,
2151.049957584, 0.981596416,
2151.070389683, 0.978711816,
2151.090821882, 0.982687504,
2151.111253880, 0.981499535,
2151.131685977, 0.979908283,
2151.152118175, 0.982190882,
2151.172550171, 0.980714162,
2151.192982267, 0.981901222,
2151.213414463, 0.981919057,
2151.233846458, 0.980761571,
2151.254278653, 0.981064349,
2151.274710747, 0.980366250,
2151.295142741, 0.980256903,
2151.315574934, 0.981847859,
2151.336007027, 0.980317720,
2151.356439020, 0.982876669,
2151.376871212, 0.981789793,
2151.397303303, 0.981063225,
2151.417735294, 0.983518470,
2151.438167484, 0.980810363,
2151.458599574, 0.981825240,
2151.479031563, 0.983259599,
2151.499463752, 0.979825738,
2151.519895841, 0.983162706,
2151.540327929, 0.983158806,
2151.560760016, 0.981285178,
2151.581192103, 0.982918391,
2151.601624189, 0.982294629,
2151.622056375, 0.980467076,
2151.642488361, 0.980990044,
2151.662920446, 0.982834046,
2151.683352630, 0.982684239,
2151.703784614, 0.983200112,
2151.724216698, 0.986745928,
2151.744648881, 0.984175276,
2151.785512945, 0.982448548,
2151.805945127, 0.984544384,
2151.826377108, 0.982887300,
2151.846809189, 0.982327181,
2151.867241269, 0.981180381,
2151.908105528, 0.980668108,
2151.928537506, 0.983440523,
2151.969401762, 0.984517314,
2151.989833840, 0.983128662,
2152.010265817, 0.985541375,
2152.030697993, 0.982245847,
2152.051130068, 0.981857308,
2152.071562044, 0.984228907,
2152.091994219, 0.983422012,
2152.112426293, 0.982340698,
2152.132858267, 0.983911430,
2152.153290440, 0.984965344,
2152.173722513, 0.985545517,
2152.194154486, 0.983040686,
2152.214586658, 0.983359308,
2152.235018729, 0.985837443,
2152.255450700, 0.984395247,
2152.275882871, 0.984044529,
2152.296314940, 0.985404778,
2152.316746910, 0.984264463,
2152.337179079, 0.984840232,
2152.357611148, 0.984669600,
2152.378043216, 0.982017803,
2152.398475283, 0.986134308,
2152.418907351, 0.983488381,
2152.439339417, 0.982903120,
2152.459771584, 0.984961238,
2152.480203549, 0.983669671,
2152.500635715, 0.984717809,
2152.521067779, 0.986737976,
2152.541499743, 0.984680849,
2152.561931907, 0.984087075,
2152.582363971, 0.984650422,
2152.602795933, 0.985849263,
2152.623228096, 0.984836595,
2152.643660058, 0.987099858,
2152.664092119, 0.985641674,
2152.684524280, 0.986525385,
2152.704956241, 0.985902440,
2152.725388300, 0.985353307,
2152.745820460, 0.982874893,
2152.766252419, 0.984277263,
2152.786684478, 0.985199980,
2152.807116635, 0.984111057,
2152.827548693, 0.985435330,
2152.847980650, 0.985291270,
2152.868412807, 0.983158373,
2152.888844863, 0.985973584,
2152.909276819, 0.983397299,
2152.929708974, 0.985761711,
2152.950141029, 0.985353642,
2152.970572983, 0.982006541,
2152.991005137, 0.985860451,
2153.031869143, 0.986580255,
2153.052301296, 0.984490790,
2153.093165499, 0.986312537,
2153.113597450, 0.986651548,
2153.134029500, 0.985617726,
2153.154461650, 0.987232718,
2153.174893600, 0.984761583,
2153.195325649, 0.986137607,
2153.215757797, 0.986395002,
2153.236189746, 0.986660284,
2153.256621793, 0.986598328,
2153.277053840, 0.985586249,
2153.297485987, 0.987222350,
2153.317917933, 0.986366288,
2153.338349979, 0.989454265,
2153.379214069, 0.986681527,
2153.399646214, 0.984821398,
2153.420078157, 0.987268978,
2153.440510201, 0.985224667,
2153.460942344, 0.988728453,
2153.481374286, 0.985814815,
2153.501806328, 0.987721310,
2153.522238470, 0.985218735,
2153.542670411, 0.985813382,
2153.563102451, 0.987348288,
2153.583534592, 0.987364394,
2153.603966531, 0.986495958,
2153.624398570, 0.986511484,
2153.644830709, 0.988055734,
2153.665262747, 0.988353016,
2153.685694785, 0.987518419,
2153.706126822, 0.989709911,
2153.726558859, 0.987513566,
2153.746990896, 0.984904225,
2153.767422931, 0.985738384,
2153.787854967, 0.988874608,
2153.808287102, 0.987608349,
2153.828719037, 0.989789725,
2153.890015137, 0.987481670,
2153.910447170, 0.987508022,
2153.930879302, 0.989254229,
2153.951311233, 0.988542901,
2153.971743265, 0.987968071,
2153.992175395, 0.987767020,
2154.012607326, 0.988313818,
2154.033039356, 0.987787733,
2154.053471385, 0.987055508,
2154.073903414, 0.987665459,
2154.094335442, 0.988465276,
2154.114767470, 0.986798539,
2154.135199498, 0.985726789,
2154.155631525, 0.989021865,
2154.176063551, 0.988567322,
2154.196495578, 0.990026041,
2154.216927603, 0.988626899,
2154.237359729, 0.988606968,
2154.257791653, 0.989019120,
2154.278223777, 0.987886964,
2154.298655801, 0.988394050,
2154.319087725, 0.988187959,
2154.339519848, 0.988696639,
2154.359951870, 0.987708572,
2154.380383792, 0.989015735,
2154.400815913, 0.987009617,
2154.421247934, 0.988464984,
2154.441679855, 0.988638021,
2154.462111975, 0.988786282,
2154.482543995, 0.988711892,
2154.502976014, 0.989948328,
2154.523408033, 0.987516961,
2154.543840051, 0.988312301,
2154.564272069, 0.988731580,
2154.584704086, 0.988777440,
2154.605136103, 0.991229530,
2154.625568120, 0.989107901,
2154.646000235, 0.988298772,
2154.666432151, 0.989665073,
2154.686864166, 0.989704892,
2154.707296281, 0.988436416,
2154.727728194, 0.987202102,
2154.748160208, 0.989941158,
2154.768592221, 0.989135371,
2154.789024234, 0.992620768,
2154.809456347, 0.992026769,
2154.829888258, 0.989337662,
2154.850320270, 0.990445895,
2154.870752381, 0.990911764,
2154.911616301, 0.988419491,
2154.932048411, 0.990102150,
2154.952480320, 0.990234683,
2154.972912328, 0.989753107,
2154.993344436, 0.989216707,
2155.013776344, 0.988954459,
2155.034208352, 0.991137931,
2155.054640458, 0.988645889,
2155.075072465, 0.990800765,
2155.095504371, 0.990812563,
2155.115936476, 0.991162636,
2155.136368481, 0.990578902,
2155.156800386, 0.991190285,
2155.177232490, 0.991874140,
2155.197664493, 0.990107607,
2155.218096396, 0.989458607,
2155.238528499, 0.993804362,
2155.258960501, 0.988620336,
2155.279392403, 0.991557281,
2155.299824505, 0.989762017,
2155.320256506, 0.990671679,
2155.340688506, 0.989349788,
2155.361120505, 0.992075446,
2155.381552505, 0.989034534,
2155.401984605, 0.990027078,
2155.422416503, 0.991288463,
2155.442848501, 0.990673056,
2155.463280599, 0.992393224,
2155.483712496, 0.990472190,
2155.504144493, 0.991302069,
2155.524576489, 0.990646733,
2155.545008485, 0.991649315,
2155.565440481, 0.992861795,
2155.585872576, 0.989338014,
2155.606304470, 0.991045752,
2155.626736464, 0.990621332,
2155.647168558, 0.996853592,
2155.667600451, 0.992520689,
2155.688032444, 0.990922636,
2155.728896428, 0.991639468,
2155.769760510, 0.989502241,
2155.790192401, 0.992643110,
2155.851488370, 0.990271570,
2155.871920358, 0.991816534,
2155.892352446, 0.992911675,
2155.912784434, 0.992926864,
2155.933216322, 0.990505168,
2155.953648409, 0.990167118,
2155.974080395, 0.990496347,
2155.994512381, 0.988879146,
2156.014944367, 0.991160741,
2156.035376352, 0.989988594,
2156.055808436, 0.991360814,
2156.076240321, 0.991993463,
2156.096672304, 0.991288448,
2156.117104388, 0.992429143,
2156.137536271, 0.991427370,
2156.157968253, 0.992075189,
2156.198832217, 0.992038202,
2156.219264198, 0.989610180,
2156.239696278, 0.993779256,
2156.260128158, 0.992680739,
2156.280560138, 0.991218868,
2156.300992118, 0.989872914,
2156.321424096, 0.992579094,
2156.403152007, 0.993604522,
2156.423584084, 0.989957391,
2156.444015960, 0.992196245,
2156.464447936, 0.992040421,
2156.484880011, 0.990753431,
2156.505311886, 0.992977852,
2156.525743861, 0.989728584,
2156.546175935, 0.988520689,
2156.566607808, 0.996352455,
2156.587039881, 0.990773739,
2156.607471854, 0.990673792,
2156.627903727, 0.991479704,
2156.648335798, 0.993281555,
2156.668767770, 0.991888139,
2156.689199640, 0.990447872,
2156.709631711, 0.995358383,
2156.750495650, 0.989878367,
2156.770927620, 0.991274357,
2156.791359588, 0.992363121,
2156.811791556, 0.991051909,
2156.852655492, 0.993109857,
2156.873087458, 0.994379638,
2156.893519525, 0.993835014,
2156.913951391, 0.995435924,
2156.934383357, 0.990583572,
2156.954815422, 0.992882022,
2156.975247287, 0.991939190,
2156.995679251, 0.994439035,
2157.016111215, 0.993813782,
2157.036543179, 0.993230901,
2157.056975141, 0.992619405,
2157.077407104, 0.991745779,
2157.097839066, 0.993040786,
2157.118271028, 0.992818039,
2157.138702989, 0.991343164,
2157.159134950, 0.991479294,
2157.179567010, 0.992918557,
2157.199998870, 0.991817104,
2157.220430830, 0.994330623,
2157.240862889, 0.995597485,
2157.261294847, 0.990025961,
2157.302158763, 0.994262670,
2157.322590720, 0.996195952,
2157.343022577, 0.992436697,
2157.363454633, 0.993365144,
2157.383886590, 0.993096865,
2157.404318445, 0.994687636,
2157.424750500, 0.993346840,
2157.445182455, 0.995626797,
2157.465614309, 0.993926809,
2157.486046363, 0.994488728,
2157.506478317, 0.995195098,
2157.526910170, 0.994376154,
2157.547342222, 0.993485148,
2157.567774174, 0.994955291,
2157.588206126, 0.992949100,
2157.608638077, 0.995416743,
2157.629070028, 0.993327293,
2157.649501978, 0.992153232,
2157.669933928, 0.994598208,
2157.690365877, 0.995486194,
2157.710797827, 0.996220372,
2157.731229775, 0.997153219,
2157.751661724, 0.994439711,
2157.812957565, 0.995038731,
2157.833389612, 0.992716952,
2157.853821458, 0.995634676,
2157.874253404, 0.995916012,
2157.894685449, 0.995423881,
2157.915117294, 0.996485814,
2157.935549238, 0.995039910,
2157.955981282, 0.993442118,
2157.976413125, 0.994888831,
2157.996845068, 0.995455605,
2158.017277111, 0.994572890,
2158.058140895, 0.995663679,
2158.078572936, 0.993342132,
2158.099004877, 0.992953117,
2158.119436718, 0.994226968,
2158.139868758, 0.996057986,
2158.160300698, 0.998473614,
2158.180732536, 0.993905961,
2158.201164575, 0.994848334,
2158.221596514, 0.995488427,
2158.242028352, 0.994516335,
2158.262460389, 0.995366488,
2158.303324162, 0.992780508,
2158.323756199, 0.994633666,
2158.344188134, 0.993634783,
2158.364620170, 0.995152579,
2158.385052005, 0.995037410,
2158.405483939, 0.994694488,
2158.425915974, 0.994732830,
2158.446347807, 0.995389279,
2158.466779740, 0.996099462,
2158.487211773, 0.995119817,
2158.507643605, 0.994587969,
2158.528075537, 0.997157101,
2158.548507469, 0.996818003,
2158.568939400, 0.995638526,
2158.589371331, 0.997332998,
2158.609803361, 0.994764112,
2158.630235191, 0.992359410,
2158.650667120, 0.995013248,
2158.671099149, 0.995087307,
2158.691530978, 1.000038036,
2158.711962906, 0.993671725,
2158.732394934, 0.996259245,
2158.773258688, 0.993848257,
2158.793690714, 0.996624810,
2158.814122540, 0.994935061,
2158.834554466, 0.994569718,
2158.854986491, 1.005011497,
2158.875418316, 0.998002200,
2158.895850340, 0.997534382,
2158.916282264, 0.995982666,
2158.936714187, 0.999997475,
2158.957146111, 0.996124263,
2158.977578033, 0.995745922,
2158.998009956, 0.993897295,
2159.018441877, 0.996991512,
2159.038873799, 0.995530903,
2159.059305720, 0.996497695,
2159.079737741, 0.998351429,
2159.100169561, 0.996472879,
2159.120601480, 0.996079287,
2159.141033500, 0.996681556,
2159.161465318, 0.997758768,
2159.181897237, 0.996884960,
2159.202329255, 0.999449038,
2159.222761073, 0.995642502,
2159.243192990, 0.997101159,
2159.263624907, 0.993882822,
2159.284056823, 0.996310664,
2159.304488739, 0.996375916,
2159.324920655, 0.994249529,
2159.345352570, 0.998722246,
2159.365784485, 0.996077394,
2159.386216399, 0.999220794,
2159.406648313, 0.998961710,
2159.427080226, 0.996224623,
2159.447512239, 1.000123663,
2159.467944052, 0.994786493,
2159.508807976, 0.996105662,
2159.529239788, 0.997076248,
2159.549671799, 0.999147635,
2159.570103709, 0.997343234,
2159.590535519, 0.994783758,
2159.610967529, 0.995568973,
2159.631399438, 0.996046991,
2159.651831247, 0.996966565,
2159.672263256, 0.997450533,
2159.692695164, 0.997335579,
2159.713126972, 0.996410375,
2159.753990886, 0.998074928,
2159.774422792, 0.996225638,
2159.794854698, 0.997310504,
2159.815286604, 0.996100400,
2159.835718509, 0.997374854,
2159.856150414, 0.997244688,
2159.876582318, 0.995185753,
2159.917446226, 0.995298393,
2159.937878029, 0.996535563,
2159.958309932, 0.997753902,
2159.978741834, 0.997458802,
2159.999173736, 0.996830409,
2160.019605538, 0.996214502,
2160.040037538, 0.998946917,
2160.060469439, 0.999922172,
2160.080901440, 0.996003800,
2160.101333239, 0.996689291,
2160.121765139, 0.996736517,
2160.162628937, 0.996792286,
2160.183060835, 0.998468797,
2160.203492833, 0.998762403,
2160.223924630, 0.996147456,
2160.244356527, 0.998155563,
2160.264788524, 0.998399282,
2160.285220420, 0.998356491,
2160.305652216, 0.998448516,
2160.326084211, 0.996811637,
2160.346516106, 1.003344311,
2160.366947901, 0.997653193,
2160.387379895, 0.998126389,
2160.407811789, 0.999395846,
2160.428243582, 0.998321372,
2160.448675575, 0.996491846,
2160.469107468, 0.996671992,
2160.489539260, 0.998275456,
2160.509971252, 1.000281407,
2160.530403143, 0.997065116,
2160.550834934, 0.994944554,
2160.571266924, 0.997301387,
2160.591698814, 0.998579299,
2160.612130704, 0.996740186,
2160.632562594, 0.999384429,
2160.652994482, 0.999974773,
2160.673426471, 0.997656782,
2160.693858259, 1.000838556,
2160.734722134, 0.997187342,
2160.755153921, 0.997427657,
2160.775585808, 1.000552200,
2160.796017693, 1.000522316,
2160.816449579, 0.999737837,
2160.836881464, 1.000611703,
2160.857313449, 1.000010363,
2160.877745234, 0.999844705,
2160.898177118, 0.998656916,
2160.918609102, 0.999006419,
2160.939040885, 0.998208079,
2160.959472768, 0.998627887,
2160.979904750, 0.999324581,
2161.000336532, 1.000295281,
2161.020768414, 1.001417179,
2161.041200395, 0.998072112,
2161.061632176, 0.998835034,
2161.082064057, 0.997793134,
2161.102496037, 0.997700362,
2161.122927917, 1.001622258,
2161.143359696, 1.002323169,
2161.163791674, 1.001084581,
2161.184223553, 1.002125699,
2161.204655331, 0.999767665,
2161.225087309, 1.002415763,
2161.245519186, 0.999450271,
2161.286382940, 0.999155558,
2161.306814816, 0.998731301,
2161.327246791, 1.001395079,
2161.347678567, 0.998924687,
2161.368110442, 1.002364498,
2161.388542416, 1.000415176,
2161.408974190, 1.000292952,
2161.429406064, 0.997536605,
2161.470269810, 1.000394552,
2161.490701683, 1.001285725,
2161.511133555, 0.998864710,
2161.531565427, 1.001041085,
2161.551997298, 1.001791398,
2161.572429169, 1.001570606,
2161.613292910, 1.000565313,
2161.654156649, 1.001783828,
2161.674588518, 1.003299970,
2161.735884123, 0.999346874,
2161.756316090, 0.999233623,
2161.776747857, 1.002784496,
2161.797179724, 1.000923363,
2161.817611690, 0.999350781,
2161.838043456, 1.002900392,
2161.858475421, 1.002633108,
2161.878907286, 1.002596950,
2161.899339051, 1.002052449,
2161.919771015, 1.000303408,
2161.940202879, 1.002549474,
2161.960634743, 1.002167870,
2161.981066606, 0.999548971,
2162.001498469, 0.999843422,
2162.021930331, 1.001045776,
2162.042362193, 1.002652756,
2162.062794055, 1.002746157,
2162.083225916, 1.000261370,
2162.103657777, 1.000253749,
2162.124089637, 1.001492745,
2162.144521497, 1.000070093,
2162.164953457, 1.001532020,
2162.205817075, 1.002458655,
2162.226248933, 1.001362088,
2162.246680791, 1.002597413,
2162.267112549, 1.001802574,
2162.287544506, 1.002366447,
2162.307976363, 1.003095460,
2162.328408120, 1.003029490,
2162.348840076, 1.004833795,
2162.369271932, 1.002611397,
2162.389703787, 1.002246064,
2162.410135642, 1.000992868,
2162.430567496, 1.002281930,
2162.450999451, 1.001622559,
2162.471431204, 1.002597904,
2162.491863058, 1.001117367,
2162.512295011, 1.001938558,
2162.532726864, 1.003382401,
2162.553158616, 1.002118636,
2162.573590568, 1.003710143,
2162.594022419, 1.001959360,
2162.614454170, 1.002612341,
2162.634886121, 1.003151688,
2162.655317971, 1.002322852,
2162.696181671, 1.004158554,
2162.716613520, 1.002370707,
2162.737045269, 1.003413877,
2162.757477218, 1.002352369,
2162.777909066, 1.003146519,
2162.798340913, 1.002789102,
2162.818772761, 1.003270544,
2162.839204607, 1.003239223,
2162.859636454, 1.003526856,
2162.880068300, 1.002363289,
2162.900500146, 1.002874862,
2162.920931991, 1.004760099,
2162.941363836, 1.004732686,
2162.961795681, 1.002864386,
2162.982227525, 1.008136257,
2163.002659369, 1.003252366,
2163.023091213, 1.002854235,
2163.043523156, 1.005347963,
2163.063954899, 1.004010718,
2163.084386741, 1.004893468,
2163.104818683, 1.006283166,
2163.125250424, 1.003087303,
2163.186545947, 1.004965229,
2163.206977787, 1.003826927,
2163.227409727, 1.002956170,
2163.268273305, 1.004569282,
2163.288705244, 1.004668242,
2163.309136982, 1.005417571,
2163.329568820, 1.006151783,
2163.350000757, 1.004584883,
2163.370432594, 1.003369561,
2163.390864331, 1.005071617,
2163.411296267, 1.005020921,
2163.431728103, 1.006863239,
2163.452159839, 1.002895476,
2163.472591774, 1.003187800,
2163.493023609, 1.004169654,
2163.513455343, 1.003509049,
2163.533887277, 1.003154791,
2163.554319111, 1.004937263,
2163.574751044, 1.002460916,
2163.595182777, 1.004638021,
2163.615614610, 1.004005286,
2163.636046442, 1.003180192,
2163.697341936, 1.005219452,
2163.717773767, 1.007840928,
2163.738205597, 1.005571044,
2163.758637427, 1.004622866,
2163.779069257, 1.008975296,
2163.799501086, 1.005175243,
2163.840364744, 1.005889313,
2163.860796572, 1.009065477,
2163.881228499, 1.003636676,
2163.922092054, 1.004366021,
2163.942523980, 1.004484964,
2163.983387533, 1.006134608,
2164.003819458, 1.005776316,
2164.024251183, 1.006553806,
2164.044683008, 1.008535429,
2164.085546657, 1.007143973,
2164.105978480, 1.009039822,
2164.126410404, 1.006058063,
2164.146842127, 1.009453838,
2164.167274049, 1.007572143,
2164.187705871, 1.006015138,
2164.208137693, 1.009073096,
2164.249001336, 1.006822727,
2164.269433156, 1.006874679,
2164.289865077, 1.009009059,
2164.310296797, 1.005740264,
2164.330728616, 1.007096027,
2164.351160536, 1.008844802,
2164.371592255, 1.008994988,
2164.412455891, 1.007319894,
2164.432887709, 1.008455598,
2164.453319527, 1.007942751,
2164.473751344, 1.008219850,
2164.494183160, 1.007800011,
2164.514614877, 1.007957296,
2164.535046793, 1.009532743,
2164.555478608, 1.007167541,
2164.575910424, 1.007263866,
2164.596342239, 1.006926775,
2164.616774053, 1.006911398,
2164.637205867, 1.007569879,
2164.657637681, 1.008298140,
2164.678069494, 1.007539114,
2164.698501408, 1.008673342,
2164.718933220, 1.006549732,
2164.739364933, 1.008493299,
2164.759796845, 1.009378432,
2164.780228656, 1.010347889,
2164.800660368, 1.007436916,
2164.821092279, 1.011545492,
2164.841524089, 1.009788437,
2164.861955799, 1.008034174,
2164.902819519, 1.008015155,
2164.923251228, 1.008320033,
2164.943683137, 1.007920010,
2164.964114945, 1.008050352,
2164.984546653, 1.009316589,
2165.004978561, 1.009639479,
2165.025410368, 1.008688519,
2165.045842175, 1.009320749,
2165.066273981, 1.008158071,
2165.086705788, 1.008733575,
2165.107137594, 1.008968937,
2165.127569399, 1.008723034,
2165.148001204, 1.009246254,
2165.168433009, 1.008882996,
2165.188864914, 1.008350948,
2165.209296618, 1.006912450,
2165.229728521, 1.008386986,
2165.250160225, 1.008457253,
2165.270592028, 1.009092811,
2165.291023931, 1.008275702,
2165.311455633, 1.011143419,
2165.331887435, 1.013084910,
2165.352319336, 1.010925708,
2165.393182838, 1.008765322,
2165.413614739, 1.009374060,
2165.434046439, 1.010375306,
2165.454478239, 1.010932521,
2165.474910139, 1.009773019,
2165.495341838, 1.011048326,
2165.536205535, 1.011104053,
2165.556637333, 1.008845226,
2165.577069031, 1.015291608,
2165.597500928, 1.011838157,
2165.638364422, 1.009571237,
2165.679228114, 1.012417839,
2165.699659810, 1.013134794,
2165.720091705, 1.011166099,
2165.740523500, 1.011689756,
2165.760955394, 1.010899161,
2165.781387089, 1.012364243,
2165.801818882, 1.011244021,
2165.822250776, 1.012127047,
2165.842682469, 1.012949432,
2165.863114262, 1.011838924,
2165.883546054, 1.010127790,
2165.903977846, 1.010955005,
2165.924409638, 1.012881410,
2165.944841430, 1.013881700,
2165.965273221, 1.008886114,
2165.985705011, 1.010611626,
2166.006136802, 1.012472082,
2166.026568592, 1.012723620,
2166.047000381, 1.013062935,
2166.067432271, 1.013449790,
2166.087863960, 1.011046394,
2166.108295748, 1.015399282,
2166.128727636, 1.013997575,
2166.149159324, 1.010888116,
2166.169591112, 1.010722984,
2166.190022999, 1.012185116,
2166.210454686, 1.015408303,
2166.230886472, 1.011520801,
2166.251318359, 1.011361315,
2166.271750045, 1.011575246,
2166.292181930, 1.012687454,
2166.312613715, 1.020064209,
2166.373909069, 1.012399002,
2166.394340852, 1.013954790,
2166.435204419, 1.015190675,
2166.455636202, 1.014970050,
2166.476067984, 1.012844895,
2166.496499766, 1.013828105,
2166.516931548, 1.014719482,
2166.537363429, 1.015094206,
2166.557795110, 1.011532642,
2166.578226891, 1.013729308,
2166.598658771, 1.014218239,
2166.619090451, 1.015722265,
2166.639522231, 1.011870546,
2166.659954010, 1.011504305,
2166.680385789, 1.013751722,
2166.721249346, 1.014797067,
2166.741681124, 1.015442260,
2166.762112902, 1.012045124,
2166.782544679, 1.016949019,
2166.802976456, 1.013204767,
2166.823408333, 1.015453912,
2166.864271785, 1.011303331,
2166.884703660, 1.014419181,
2166.905135436, 1.015827704,
2166.925567111, 1.012905166,
2166.945998985, 1.013280994,
2166.966430759, 1.014231669,
2166.986862433, 1.013709118,
2167.007294307, 1.014913073,
2167.027726080, 1.011155998,
2167.048157753, 1.014097063,
2167.068589625, 1.014983425,
2167.109453069, 1.014393334,
2167.129884941, 1.015111048,
2167.150316712, 1.014940945,
2167.170748383, 1.015892725,
2167.191180254, 1.013898713,
2167.211612024, 1.015765105,
2167.232043794, 1.014678017,
2167.252475563, 1.013813159,
2167.272907332, 1.016538578,
2167.293339101, 1.023333116,
2167.313770870, 1.017634160,
2167.354634506, 1.017649372,
2167.375066173, 1.012741454,
2167.395497941, 1.015713836,
2167.415929807, 1.014747915,
2167.436361474, 1.008503868,
2167.456793240, 1.017496708,
2167.477225106, 1.015563518,
2167.497656772, 1.014783281,
2167.518088537, 1.016758893,
2167.538520401, 1.016185072,
2167.558952066, 1.017295541,
2167.599815694, 1.016776050,
2167.620247358, 1.016653887,
2167.640679121, 1.017696665,
2167.661110984, 1.015630404,
2167.681542646, 1.015035600,
2167.701974408, 1.015745268,
2167.722406270, 1.015217407,
2167.742838032, 1.017463544,
2167.763269693, 1.016985156,
2167.783701554, 1.016720645,
2167.804133315, 1.016923314,
2167.844996835, 1.018385681,
2167.865428594, 1.016654800,
2167.885860453, 1.020827443,
2167.906292112, 1.017581205,
2167.926723871, 1.020415281,
2167.947155729, 1.021555695,
2167.967587387, 1.017074235,
2167.988019145, 1.018966321,
2168.008451002, 1.018296422,
2168.028882659, 1.016399721,
2168.049314416, 1.017780067,
2168.090177928, 1.018712316,
2168.110609684, 1.017088199,
2168.131041439, 1.016126852,
2168.151473194, 1.016873163,
2168.171904949, 1.019066648,
2168.192336703, 1.018815220,
2168.212768457, 1.019621923,
2168.233200211, 1.019365016,
2168.253632064, 1.018948651,
2168.274063717, 1.017807998,
2168.294495470, 1.015272485,
2168.335359175, 1.017318419,
2168.355790926, 1.020137275,
2168.376222778, 1.018648949,
2168.396654529, 1.017050296,
2168.417086380, 1.023083748,
2168.437518030, 1.021113843,
2168.457949780, 1.018510668,
2168.478381630, 1.019063334,
2168.498813280, 1.020332357,
2168.519245029, 1.022050522,
2168.539676878, 1.017214248,
2168.580540275, 1.021486468,
2168.600972122, 1.020382368,
2168.621403870, 1.019453437,
2168.641835517, 1.019871690,
2168.662267364, 1.019926098,
2168.682699111, 1.020646229,
2168.703130757, 1.020320807,
2168.723562603, 1.020031718,
2168.743994349, 1.018714688,
2168.764425994, 1.023057389,
2168.784857839, 1.019965019,
2168.825721228, 1.021204316,
2168.846153072, 1.021245333,
2168.866584716, 1.019546655,
2168.887016460, 1.020901917,
2168.907448303, 1.021069465,
2168.927879946, 1.019615150,
2168.948311788, 1.020456752,
2168.968743530, 1.018276666,
2168.989175172, 1.022856696,
2169.009607014, 1.019466050,
2169.030038755, 1.024244761,
2169.070902237, 1.019329620,
2169.091333977, 1.021100192,
2169.111765717, 1.021063146,
2169.132197457, 1.019285142,
2169.152629196, 1.019982676,
2169.173060935, 1.017822477,
2169.193492774, 1.019310907,
2169.213924412, 1.021453408,
2169.234356150, 1.022257660,
2169.254787988, 1.023616890,
2169.275219626, 1.024858962,
2169.316083200, 1.020772737,
2169.356946572, 1.021200238,
2169.377378408, 1.020904000,
2169.397810044, 1.022962539,
2169.418241879, 1.021717060,
2169.438673614, 1.022099485,
2169.459105349, 1.024254000,
2169.479537083, 1.021463361,
2169.499968717, 1.020139440,
2169.520400551, 1.023064320,
2169.561264018, 1.021782749,
2169.581695651, 1.023191860,
2169.602127483, 1.020631575,
2169.622559215, 1.022698679,
2169.642990847, 1.022246111,
2169.663422679, 1.022338823,
2169.683854410, 1.022326315,
2169.704286041, 1.020368951,
2169.724717872, 1.019726615,
2169.745149602, 1.022965294,
2169.765581232, 1.024639574,
2169.806444791, 1.022940385,
2169.826876420, 1.025086863,
2169.847308249, 1.024210376,
2169.867739978, 1.022016648,
2169.888171806, 1.026482673,
2169.908603434, 1.023193044,
2169.929035161, 1.022805055,
2169.949466989, 1.024023290,
2169.969898616, 1.021066744,
2169.990330342, 1.024135612,
2170.010762169, 1.024178574,
2170.051625521, 1.024860366,
2170.072057346, 1.025412929,
2170.092489071, 1.024674668,
2170.112920696, 1.023927616,
2170.133352521, 1.023982636,
2170.153784245, 1.024949315,
2170.174215869, 1.024312443,
2170.194647692, 1.023905380,
2170.215079416, 1.025844019,
2170.235511039, 1.026119546,
2170.255942862, 1.025564908,
2170.296806206, 1.024586136,
2170.317238028, 1.024789534,
2170.337669650, 1.025209181,
2170.358101371, 1.023911011,
2170.378533192, 1.027162630,
2170.398964912, 1.022166459,
2170.419396633, 1.027865379,
2170.439828353, 1.025627119,
2170.460260072, 1.024295168,
2170.480691792, 1.032272972,
2170.501123511, 1.026807188,
2170.521555230, 1.027674791,
2170.541987049, 1.026030817,
2170.562418667, 1.025233389,
2170.582850385, 1.026612810,
2170.603282202, 1.025549309,
2170.623713820, 1.026415706,
2170.644145537, 1.025947800,
2170.664577354, 1.023538312,
2170.685008970, 1.026683020,
2170.705440686, 1.025991387,
2170.725872502, 1.023966806,
2170.746304118, 1.028235756,
2170.787167648, 1.027076699,
2170.807599263, 1.026922414,
2170.828030977, 1.026941974,
2170.848462791, 1.026885269,
2170.868894505, 1.024688481,
2170.889326219, 1.027795131,
2170.909757932, 1.025421538,
2170.930189645, 1.028442902,
2170.950621357, 1.028361779,
2170.971053070, 1.026607439,
2170.991484682, 1.032811240,
2171.032348205, 1.027395889,
2171.052779816, 1.027296160,
2171.073211627, 1.027637809,
2171.093643338, 1.027736541,
2171.114074948, 1.028236194,
2171.134506758, 1.026865455,
2171.154938467, 1.030497203,
2171.175370077, 1.027708357,
2171.195801886, 1.027237411,
2171.216233595, 1.026351936,
2171.236665303, 1.025036086,
2171.277528720, 1.028182465,
2171.297960427, 1.026165194,
2171.318392135, 1.027517818,
2171.338823842, 1.028195326,
2171.359255649, 1.027908603,
2171.379687355, 1.029568525,
2171.400118961, 1.028529296,
2171.420550767, 1.026759712,
2171.440982473, 1.027809637,
2171.461414078, 1.026439023,
2171.481845883, 1.028219971,
2171.522709193, 1.026094303,
2171.543140997, 1.029357280,
2171.563572701, 1.027980855,
2171.584004304, 1.027550481,
2171.604436108, 1.027979929,
2171.624867811, 1.028320741,
2171.645299414, 1.027277121,
2171.665731216, 1.031592744,
2171.686162918, 1.027805422,
2171.706594520, 1.027160541,
2171.727026322, 1.029632723,
2171.747458023, 1.027184643,
2171.767889624, 1.027723963,
2171.788321425, 1.027703431,
2171.808753126, 1.027685294,
2171.829184826, 1.029223376,
2171.849616526, 1.027294550,
2171.870048226, 1.029776019,
2171.890479925, 1.026660448,
2171.910911624, 1.029049717,
2171.931343323, 1.029136805,
2171.951775121, 1.027513989,
2171.972206720, 1.029320003,
2172.013070215, 1.028920690,
2172.033501813, 1.026730120,
2172.053933510, 1.030037161,
2172.074365307, 1.028705532,
2172.094796903, 1.030001002,
2172.115228599, 1.028620506,
2172.135660396, 1.029329220,
2172.156091991, 1.031193962,
2172.176523687, 1.028964311,
2172.196955482, 1.028991522,
2172.217387177, 1.027206171,
2172.258250566, 1.028571784,
2172.278682260, 1.031528328,
2172.299113953, 1.030029136,
2172.319545647, 1.030378207,
2172.339977340, 1.031922586,
2172.360409033, 1.033345529,
2172.380840726, 1.028479158,
2172.401272418, 1.030588909,
2172.421704110, 1.030390942,
2172.442135802, 1.030424212,
2172.462567494, 1.029531886,
2172.482999185, 1.031590879,
2172.503430876, 1.028157888,
2172.523862467, 1.031057189,
2172.544294257, 1.030169807,
2172.564725947, 1.029298544,
2172.585157637, 1.030409720,
2172.605589327, 1.031150616,
2172.626021016, 1.032286958,
2172.646452705, 1.030744794,
2172.666884394, 1.030631292,
2172.687316082, 1.031906985,
2172.707747871, 1.034105400,
2172.748611146, 1.031157642,
2172.769042934, 1.032086662,
2172.789474621, 1.028919795,
2172.809906208, 1.030980751,
2172.830337994, 1.032005577,
2172.850769681, 1.029814785,
2172.871201267, 1.032687834,
2172.912064738, 1.030660349,
2172.932496323, 1.030672813,
2172.952928108, 1.030812564,
2172.973359793, 1.030928907,
2172.993791378, 1.032170497,
2173.014223162, 1.029853375,
2173.034654846, 1.031676019,
2173.055086529, 1.030624198,
2173.075518213, 1.030622594,
2173.095949896, 1.031258253,
2173.116381579, 1.029711568,
2173.136813261, 1.031108332,
2173.157244944, 1.030684265,
2173.177676626, 1.032313254,
2173.198108307, 1.033938492,
2173.238971770, 1.032820764,
2173.259403351, 1.030915615,
2173.279835032, 1.030705635,
2173.300266812, 1.030234943,
2173.320698392, 1.030523244,
2173.341130072, 1.031873527,
2173.361561852, 1.031199419,
2173.381993431, 1.030220034,
2173.402425110, 1.031451316,
2173.422856889, 1.031746278,
2173.443288468, 1.034227663,
2173.484151924, 1.032184369,
2173.504583502, 1.030711325,
2173.525015179, 1.032103811,
2173.545446957, 1.029902903,
2173.565878534, 1.031012409,
2173.586310310, 1.031512543,
2173.606741987, 1.032699965,
2173.627173663, 1.034348053,
2173.647605339, 1.034216046,
2173.668037014, 1.034283817,
2173.688468690, 1.032736264,
2173.729332040, 1.033768841,
2173.749763714, 1.031800533,
2173.770195489, 1.032152563,
2173.790627063, 1.031678288,
2173.811058737, 1.031301395,
2173.831490510, 1.032583833,
2173.851922084, 1.032783486,
2173.872353757, 1.032575782,
2173.892785430, 1.032624941,
2173.913217102, 1.030052249,
2173.933648674, 1.032083993,
2173.954080447, 1.032222960,
2173.974512118, 1.034298804,
2173.994943890, 1.033516189,
2174.015375461, 1.032786072,
2174.035807132, 1.033065799,
2174.056238903, 1.031555089,
2174.076670573, 1.032577163,
2174.097102143, 1.033274387,
2174.117533913, 1.031776610,
2174.137965583, 1.033000292,
2174.158397153, 1.028527856,
2174.178828922, 1.031864896,
2174.219692159, 1.030936215,
2174.240123928, 1.031358885,
2174.260555596, 1.033715713,
2174.280987164, 1.033929679,
2174.301418931, 1.032021344,
2174.321850599, 1.030728412,
2174.342282166, 1.032228152,
2174.362713933, 1.033062924,
2174.383145600, 1.032970513,
2174.403577166, 1.033744099,
2174.424008932, 1.031559872,
2174.464872364, 1.034094494,
2174.485303929, 1.031939427,
2174.505735594, 1.035005665,
2174.526167259, 1.033688474,
2174.546599024, 1.033800574,
2174.567030588, 1.032658134,
2174.587462252, 1.034721926,
2174.607893916, 1.033343521,
2174.628325580, 1.035947947,
2174.648757343, 1.034402603,
2174.669188906, 1.034509360,
2174.689620569, 1.030486451,
2174.710052332, 1.034836397,
2174.730483894, 1.032374585,
2174.771347318, 1.037299749,
2174.791778880, 1.032459029,
2174.812210541, 1.034236940,
2174.832642302, 1.033837469,
2174.853073863, 1.030728554,
2174.873505624, 1.033869518,
2174.893937284, 1.032293823,
2174.914368944, 1.033251075,
2174.955232264, 1.033287397,
2174.996095582, 1.035979652,
2175.016527241, 1.034732745,
2175.036958900, 1.039146048,
2175.057390658, 1.034769429,
2175.077822216, 1.034036320,
2175.098253874, 1.035259164,
2175.118685632, 1.035230496,
2175.139117189, 1.035342328,
2175.159548846, 1.036509323,
2175.220843816, 1.036013239,
2175.241275573, 1.034905898,
2175.261707129, 1.035485513,
2175.282138884, 1.034880286,
2175.302570540, 1.036622258,
2175.323002095, 1.035694900,
2175.343433850, 1.037205425,
2175.363865405, 1.035912712,
2175.384297059, 1.034053893,
2175.404728814, 1.035025476,
2175.466023775, 1.034629325,
2175.486455428, 1.038145941,
2175.506886981, 1.037834368,
2175.527318734, 1.033228473,
2175.547750387, 1.035537374,
2175.568181939, 1.035904771,
2175.588613691, 1.035726063,
2175.609045343, 1.035884891,
2175.629476895, 1.036122677,
2175.649908646, 1.037744805,
2175.670340297, 1.038070427,
2175.690772048, 1.038409410,
2175.711203599, 1.035145681,
2175.731635249, 1.035946617,
2175.752066999, 1.038406174,
2175.772498549, 1.038012348,
2175.792930199, 1.037653407,
2175.813361948, 1.038696546,
2175.833793498, 1.036859456,
2175.854225147, 1.038834243,
2175.874656895, 1.039064370,
2175.895088544, 1.038775537,
2175.915520092, 1.038203828,
2175.935951840, 1.038209849,
2175.956383488, 1.039727684,
2175.976815036, 1.038989813,
2175.997246783, 1.037299188,
2176.017678330, 1.038943201,
2176.038109977, 1.036252689,
2176.058541724, 1.038341323,
2176.078973370, 1.037111688,
2176.099405016, 1.037690163,
2176.119836662, 1.039770203,
2176.140268208, 1.039197199,
2176.181131599, 1.035270979,
2176.201563144, 1.038753152,
2176.221994889, 1.037820096,
2176.242426533, 1.037559726,
2176.262858077, 1.039073720,
2176.283289822, 1.037210588,
2176.303721465, 1.037589830,
2176.324153109, 1.038087687,
2176.344584752, 1.036501048,
2176.365016396, 1.039439507,
2176.385448039, 1.040834505,
2176.426311324, 1.038695464,
2176.446742966, 1.042385733,
2176.467174708, 1.039106509,
2176.487606250, 1.039129748,
2176.508037992, 1.038711965,
2176.528469633, 1.042236077,
2176.548901174, 1.043276159,
2176.569332915, 1.036655010,
2176.610196096, 1.042408345,
2176.630627836, 1.040722201,
2176.671491016, 1.040908739,
2176.691922756, 1.039461246,
2176.712354395, 1.040680129,
2176.732785934, 1.042718981,
2176.753217673, 1.040670853,
2176.773649212, 1.038772058,
2176.794080850, 1.039783645,
2176.814512588, 1.040390587,
2176.834944226, 1.041277522,
2176.855375764, 1.040472293,
2176.875807501, 1.038446375,
2176.916670775, 1.042469310,
2176.937102412, 1.041175232,
2176.957534049, 1.042641241,
2176.977965785, 1.043943391,
2176.998397322, 1.038394419,
2177.018828957, 1.041227304,
2177.039260693, 1.042551575,
2177.059692229, 1.040688449,
2177.080123864, 1.046476959,
2177.100555599, 1.041690347,
2177.120987134, 1.042661802,
2177.161850503, 1.040831601,
2177.182282037, 1.040400091,
2177.202713671, 1.041558474,
2177.223145405, 1.042731280,
2177.243576938, 1.041329050,
2177.264008571, 1.041770596,
2177.284440304, 1.040241749,
2177.304871937, 1.041317851,
2177.325303570, 1.042185452,
2177.345735202, 1.043595820,
2177.366166835, 1.042135274,
2177.407030098, 1.041795832,
2177.427461730, 1.040589135,
2177.447893461, 1.039494640,
2177.468324992, 1.043137217,
2177.488756623, 1.040732969,
2177.509188254, 1.042695244,
2177.529619885, 1.041292823,
2177.550051415, 1.042956669,
2177.570483145, 1.042770090,
2177.611346304, 1.041127662,
2177.652209663, 1.041538187,
2177.672641292, 1.039338785,
2177.693072920, 1.041827791,
2177.713504549, 1.044151504,
2177.733936277, 1.042984849,
2177.754367805, 1.043449997,
2177.774799433, 1.044875556,
2177.795231161, 1.043649764,
2177.815662788, 1.042529120,
2177.836094316, 1.043612616,
2177.856526043, 1.043601615,
2177.897389196, 1.043850117,
2177.917820923, 1.043821907,
2177.938252549, 1.046441925,
2177.958684075, 1.044023139,
2177.979115800, 1.046694255,
2177.999547426, 1.045295551,
2178.019978951, 1.045034694,
2178.040410677, 1.050255617,
2178.060842301, 1.044861627,
2178.081273826, 1.044905568,
2178.101705551, 1.045161465,
2178.122137175, 1.045135530,
2178.142568799, 1.042998808,
2178.163000423, 1.042952024,
2178.183432047, 1.044766548,
2178.203863670, 1.044664492,
2178.224295293, 1.045192675,
2178.244726916, 1.046050212,
2178.265158539, 1.044814802,
2178.285590162, 1.043867397,
2178.306021784, 1.044808268,
2178.326453407, 1.045090058,
2178.346885029, 1.045532098,
2178.367316650, 1.045972336,
2178.387748372, 1.043273222,
2178.408179894, 1.046587870,
2178.428611515, 1.046176509,
2178.469474757, 1.044515447,
2178.489906377, 1.044585184,
2178.510338098, 1.046671259,
2178.530769618, 1.045206879,
2178.571632957, 1.045996142,
2178.592064477, 1.045076750,
2178.632927815, 1.045246965,
2178.653359435, 1.044689381,
2178.694222672, 1.047286158,
2178.714654290, 1.044618695,
2178.735085908, 1.046931763,
2178.755517526, 1.047233240,
2178.775949144, 1.046050332,
2178.796380862, 1.049867852,
2178.816812379, 1.045969341,
2178.837243996, 1.046466962,
2178.857675713, 1.045198814,
2178.878107230, 1.046663566,
2178.898538946, 1.046301482,
2178.918970463, 1.047581029,
2178.939402079, 1.047029064,
2178.959833795, 1.047360754,
2178.980265311, 1.045734685,
2179.000696926, 1.045062605,
2179.021128642, 1.046641027,
2179.041560157, 1.045418350,
2179.061991772, 1.046319095,
2179.082423487, 1.045999532,
2179.123286615, 1.045082821,
2179.143718330, 1.046366578,
2179.164149843, 1.047571353,
2179.184581457, 1.047050930,
2179.205013171, 1.047903266,
2179.225444784, 1.047824026,
2179.245876297, 1.047815864,
2179.266308010, 1.045974722,
2179.286739623, 1.049735563,
2179.307171336, 1.045830966,
2179.327602848, 1.047298280,
2179.368466173, 1.048505130,
2179.388897684, 1.048227262,
2179.409329296, 1.046508388,
2179.450192519, 1.046988563,
2179.470624130, 1.046674962,
2179.491055841, 1.048778274,
2179.511487352, 1.048572080,
2179.531918962, 1.047411042,
2179.572782183, 1.050857065,
2179.593213792, 1.047403691,
2179.613645502, 1.048563907,
2179.634077012, 1.050117352,
2179.654508721, 1.050300814,
2179.674940330, 1.049943655,
2179.695371839, 1.048382932,
2179.715803548, 1.048709064,
2179.736235156, 1.049498596,
2179.756666665, 1.049417444,
2179.777098373, 1.050216559,
2179.797529981, 1.050663160,
2179.817961489, 1.050292525,
2179.838393197, 1.051127206,
2179.858824804, 1.049171595,
2179.879256312, 1.048518782,
2179.899688019, 1.048195532,
2179.920119625, 1.049354299,
2179.940551132, 1.049114897,
2179.960982839, 1.048920355,
2179.981414445, 1.050610913,
2180.001846151, 1.050848002,
2180.022277657, 1.052106077,
2180.042709263, 1.046837314,
2180.063140969, 1.053716115,
2180.104004079, 1.048667409,
2180.124435784, 1.048865590,
2180.144867389, 1.050386872,
2180.165298894, 1.050015768,
2180.185730598, 1.051041212,
2180.206162203, 1.053555915,
2180.226593707, 1.050180016,
2180.247025411, 1.054910267,
2180.267457015, 1.051156274,
2180.287888518, 1.051354121,
2180.308320222, 1.049318377,
2180.349183328, 1.051350223,
2180.369615031, 1.048509283,
2180.390046533, 1.050230171,
2180.410478236, 1.051542202,
2180.430909838, 1.053515114,
2180.451341340, 1.049941370,
2180.471773042, 1.051447545,
2180.492204644, 1.049991445,
2180.512636246, 1.052275031,
2180.533067847, 1.052057353,
2180.553499448, 1.051270467,
2180.573931049, 1.050623537,
2180.594362650, 1.050601496,
2180.614794251, 1.049788432,
2180.635225852, 1.051868953,
2180.655657552, 1.051502685,
2180.676089052, 1.050289317,
2180.696520652, 1.052719167,
2180.716952352, 1.053113193,
2180.737383852, 1.051249922,
2180.757815551, 1.051872378,
2180.778247150, 1.051041977,
2180.798678649, 1.052237141,
2180.819110348, 1.051401842,
2180.839541947, 1.052990318,
2180.859973446, 1.052824694,
2180.880405144, 1.052452007,
2180.900836742, 1.053984452,
2180.921268240, 1.053529897,
2180.941699938, 1.052725683,
2180.962131536, 1.053075491,
2180.982563134, 1.052754599,
2181.002994731, 1.053901352,
2181.023426328, 1.052501102,
2181.043857925, 1.053040465,
2181.064289522, 1.052710000,
2181.084721119, 1.054536221,
2181.105152715, 1.051981491,
2181.125584312, 1.052724813,
2181.146015908, 1.052763574,
2181.166447504, 1.051873321,
2181.186879100, 1.051760391,
2181.207310695, 1.056676978,
2181.227742391, 1.054513725,
2181.248173886, 1.054000482,
2181.289037176, 1.054914635,
2181.329900266, 1.055602576,
2181.350331960, 1.054031947,
2181.391195049, 1.053788159,
2181.411626743, 1.053442103,
2181.432058236, 1.055288345,
2181.452489830, 1.051915581,
2181.472921523, 1.054013913,
2181.493353117, 1.054487714,
2181.513784710, 1.053398611,
2181.534216303, 1.053514208,
2181.554647895, 1.053295626,
2181.575079488, 1.054260222,
2181.595511081, 1.055508411,
2181.615942673, 1.055650924,
2181.636374265, 1.055778858,
2181.656805857, 1.057293401,
2181.677237449, 1.056480014,
2181.697669140, 1.057661047,
2181.718100632, 1.052984655,
2181.738532223, 1.056524943,
2181.758963814, 1.055789297,
2181.779395405, 1.055240997,
2181.820258587, 1.056455732,
2181.840690177, 1.056427409,
2181.861121868, 1.054966780,
2181.881553358, 1.055967597,
2181.901984948, 1.055146551,
2181.922416637, 1.056792530,
2181.942848127, 1.056982325,
2181.963279717, 1.055505469,
2181.983711406, 1.055770357,
2182.024574484, 1.056710485,
2182.045006173, 1.056395891,
2182.065437762, 1.053750783,
2182.085869251, 1.059183868,
2182.106300939, 1.057213532,
2182.126732527, 1.057185734,
2182.147164015, 1.055899151,
2182.167595703, 1.058569069,
2182.188027291, 1.056072657,
2182.208458978, 1.056607486,
2182.228890466, 1.056038499,
2182.249322053, 1.056201310,
2182.269753740, 1.057110039,
2182.290185227, 1.056491168,
2182.310616814, 1.055433371,
2182.331048501, 1.059933042,
2182.351479987, 1.055127025,
2182.371911574, 1.057207346,
2182.392343260, 1.056839435,
2182.412774746, 1.056323951,
2182.433206332, 1.056795150,
2182.453637917, 1.061703774,
2182.474069503, 1.057135127,
2182.494501089, 1.058206759,
2182.514932774, 1.057291440,
2182.535364259, 1.057268588,
2182.555795944, 1.057482361,
2182.576227529, 1.057543609,
2182.596659013, 1.055324839,
2182.617090698, 1.054971830,
2182.637522282, 1.061299266,
2182.657953766, 1.057957332,
2182.678385450, 1.058526033,
2182.698817034, 1.057192251,
2182.719248518, 1.059316047,
2182.739680202, 1.056597565,
2182.760111785, 1.058271513,
2182.800974951, 1.057426914,
2182.821406534, 1.059192085,
2182.841838017, 1.058415801,
2182.862269700, 1.057947157,
2182.882701282, 1.058625293,
2182.903132965, 1.057596178,
2182.923564447, 1.059680129,
2182.943996029, 1.056042787,
2182.964427711, 1.058485711,
2182.984859193, 1.058816223,
2183.005290774, 1.057834327,
2183.025722456, 1.059586266,
2183.046154037, 1.057624408,
2183.066585518, 1.060434909,
2183.087017199, 1.057274343,
2183.127880261, 1.067182869,
2183.148311942, 1.059131976,
2183.168743422, 1.061874259,
2183.189175003, 1.059477457,
2183.209606683, 1.059925839,
2183.230038163, 1.058571598,
2183.250469843, 1.057953419,
2183.291332902, 1.059738614,
2183.311764581, 1.060076907,
2183.332196161, 1.058880099,
2183.373059319, 1.057586267,
2183.393490898, 1.058653911,
2183.413922476, 1.058684394,
2183.434354055, 1.060487420,
2183.454785633, 1.060810008,
2183.475217212, 1.060622262,
2183.495648790, 1.063323318,
2183.536511946, 1.060457276,
2183.556943624, 1.061283503,
2183.577375101, 1.060806841,
2183.597806779, 1.061182117,
2183.618238356, 1.061349849,
2183.638669833, 1.061342784,
2183.659101510, 1.057809396,
2183.679533087, 1.059167189,
2183.699964564, 1.066408017,
2183.720396240, 1.060037912,
2183.740827817, 1.060343352,
2183.781690969, 1.061817506,
2183.802122545, 1.058579154,
2183.822554021, 1.063372587,
2183.842985697, 1.060942593,
2183.863417273, 1.062660297,
2183.883848848, 1.062784282,
2183.904280424, 1.064024460,
2183.924711999, 1.061388876,
2183.945143574, 1.062678868,
2183.965575149, 1.061296614,
2183.986006724, 1.061921766,
2184.006438299, 1.063492405,
2184.026869873, 1.063204671,
2184.047301448, 1.062302321,
2184.067733122, 1.062395211,
2184.088164596, 1.062862115,
2184.108596170, 1.061339208,
2184.129027844, 1.061918791,
2184.149459318, 1.064358695,
2184.169890891, 1.062432726,
2184.190322565, 1.064926126,
2184.210754038, 1.065033576,
2184.231185611, 1.063478669,
2184.272048757, 1.062305740,
2184.292480430, 1.062545535,
2184.312912003, 1.063624065,
2184.333343475, 1.063154971,
2184.353775148, 1.062520100,
2184.374206720, 1.063418959,
2184.394638292, 1.065337995,
2184.415069864, 1.062253476,
2184.435501436, 1.062954345,
2184.476364580, 1.061496111,
2184.496796151, 1.061987501,
2184.517227723, 1.063492064,
2184.537659394, 1.063776441,
2184.558090865, 1.065193216,
2184.578522436, 1.062617869,
2184.598954107, 1.063382317,
2184.619385578, 1.064479316,
2184.639817248, 1.066032239,
2184.660248719, 1.065008672,
2184.680680289, 1.065071484,
2184.701111959, 1.064948627,
2184.721543430, 1.062497505,
2184.741975000, 1.064831588,
2184.762406669, 1.063746105,
2184.782838139, 1.064845853,
2184.803269709, 1.065371699,
2184.823701378, 1.061474055,
2184.844132848, 1.064112628,
2184.864564417, 1.065453533,
2184.884996086, 1.066446494,
2184.905427655, 1.062378555,
2184.925859124, 1.064352766,
2184.946290793, 1.066658357,
2184.966722361, 1.067388406,
2185.007585498, 1.065591015,
2185.028017066, 1.064111925,
2185.048448735, 1.067020978,
2185.068880203, 1.066237290,
2185.089311770, 1.069062949,
2185.109743438, 1.065873110,
2185.130174906, 1.068200056,
2185.150606473, 1.065738193,
2185.171038141, 1.063802180,
2185.191469608, 1.064233196,
2185.211901175, 1.068419571,
2185.252764309, 1.066850695,
2185.273195876, 1.064283604,
2185.293627543, 1.077294065,
2185.314059009, 1.066201763,
2185.334490676, 1.063899220,
2185.354922142, 1.063979816,
2185.375353808, 1.067558136,
2185.395785374, 1.069928783,
2185.416216940, 1.066287244,
2185.436648406, 1.066254378,
2185.457080072, 1.064115531,
2185.497943103, 1.064609031,
2185.518374769, 1.067974411,
2185.538806334, 1.066776969,
2185.559237799, 1.066886105,
2185.579669464, 1.066814108,
2185.600101029, 1.066342736,
2185.620532694, 1.068856232,
2185.640964159, 1.066206889,
2185.661395723, 1.065470481,
2185.681827388, 1.067834338,
2185.702258852, 1.069484214,
2185.722690416, 1.068652340,
2185.743122080, 1.067767903,
2185.763553544, 1.068239569,
2185.783985108, 1.068073759,
2185.804416772, 1.070110707,
2185.824848236, 1.069243960,
2185.865711463, 1.067225680,
2185.886143026, 1.069290382,
2185.906574490, 1.066341668,
2185.927006153, 1.068956365,
2185.947437716, 1.066372002,
2185.967869279, 1.066957562,
2185.988300841, 1.066772703,
2186.008732404, 1.067876782,
2186.029163967, 1.068353922,
2186.049595529, 1.067427110,
2186.070026992, 1.068977853,
2186.090458654, 1.067628031,
2186.110890216, 1.067217981,
2186.131321678, 1.068913126,
2186.151753340, 1.070196358,
2186.172184902, 1.069610336,
2186.192616363, 1.070627648,
2186.213048025, 1.069178925,
2186.233479587, 1.069217493,
2186.253911148, 1.070160485,
2186.274342709, 1.070055581,
2186.294774270, 1.066285902,
2186.315205931, 1.069884779,
2186.335637392, 1.069628822,
2186.356068953, 1.072965588,
2186.376500614, 1.067895272,
2186.396932075, 1.070198472,
2186.417363635, 1.071458885,
2186.437795296, 1.068283549,
2186.458226856, 1.067314914,
2186.478658316, 1.072159719,
2186.499089977, 1.069834178,
2186.519521536, 1.070069641,
2186.539952997, 1.069917352,
2186.560384656, 1.069451965,
2186.580816216, 1.072533030,
2186.601247876, 1.070155102,
2186.621679335, 1.068523804,
2186.642110895, 1.069253455,
2186.662542554, 1.071430650,
2186.682974013, 1.068752434,
2186.723837131, 1.068785124,
2186.744268690, 1.071674495,
2186.764700249, 1.069831473,
2186.785131808, 1.070411052,
2186.805563366, 1.069125106,
2186.825994925, 1.071266919,
2186.866858042, 1.070027021,
2186.887289600, 1.072200811,
2186.907721158, 1.069764623,
2186.928152716, 1.072426469,
2186.948584374, 1.071497430,
2186.969015932, 1.069126749,
2186.989447390, 1.072967585,
2187.030310605, 1.069966517,
2187.050742062, 1.071236624,
2187.071173720, 1.070601905,
2187.091605277, 1.072007643,
2187.112036734, 1.074574285,
2187.132468391, 1.070049434,
2187.173331405, 1.069179691,
2187.214194618, 1.072042735,
2187.234626075, 1.071884574,
2187.255057731, 1.071845494,
2187.275489288, 1.071335833,
2187.295920944, 1.073925095,
2187.316352400, 1.073099222,
2187.336783956, 1.073787744,
2187.357215612, 1.072557860,
2187.377647068, 1.070464350,
2187.398078624, 1.071077256,
2187.418510280, 1.074218000,
2187.438941736, 1.071547441,
2187.459373291, 1.073008719,
2187.479804947, 1.072672215,
2187.500236402, 1.072764130,
2187.520667957, 1.072339581,
2187.541099613, 1.075915332,
2187.561531068, 1.074529431,
2187.581962723, 1.071599028,
2187.602394278, 1.073792561,
2187.622825733, 1.073200799,
2187.643257387, 1.074356708,
2187.663688942, 1.074564376,
2187.684120397, 1.072988412,
2187.704552051, 1.076246530,
2187.724983606, 1.075406164,
2187.745415060, 1.075758419,
2187.765846714, 1.072090035,
2187.786278268, 1.076098620,
2187.806709822, 1.073357139,
2187.827141376, 1.076994448,
2187.847572930, 1.073797038,
2187.868004584, 1.074914501,
2187.888436038, 1.076310394,
2187.908867591, 1.073848076,
2187.929299245, 1.075953275,
2187.949730798, 1.074075283,
2187.970162252, 1.077017721,
2187.990593905, 1.073620852,
2188.011025458, 1.074393341,
2188.031456912, 1.076559223,
2188.051888565, 1.076147532,
2188.072320118, 1.079984752,
2188.092751570, 1.075629398,
2188.113183223, 1.077691020,
2188.133614776, 1.078769822,
2188.154046229, 1.074504202,
2188.174477881, 1.076103535,
2188.194909334, 1.078662039,
2188.215340986, 1.075766946,
2188.235772538, 1.077895086,
2188.256203991, 1.076229790,
2188.276635643, 1.076425042,
2188.297067195, 1.075559312,
2188.317498747, 1.076041859,
2188.337930299, 1.075116857,
2188.358361851, 1.077960698,
2188.378793402, 1.078565000,
2188.399224954, 1.082353537,
2188.419656506, 1.075661947,
2188.440088057, 1.076164518,
2188.460519709, 1.075157159,
2188.480951160, 1.077055325,
2188.501382811, 1.077405828,
2188.521814362, 1.077899886,
2188.542245813, 1.075764087,
2188.562677465, 1.078082365,
2188.583109016, 1.077029484,
2188.603540467, 1.078559348,
2188.623972117, 1.077578249,
2188.644403668, 1.080194767,
2188.664835119, 1.077376236,
2188.685266769, 1.077588293,
2188.705698320, 1.078073725,
2188.726129770, 1.079325528,
2188.746561421, 1.078092035,
2188.766992971, 1.077534776,
2188.787424621, 1.078141996,
2188.807856071, 1.076936214,
2188.828287621, 1.078011790,
2188.848719171, 1.078440597,
2188.869150721, 1.077952138,
2188.889582271, 1.078531257,
2188.910013821, 1.076770219,
2188.930445371, 1.076412431,
2188.950876920, 1.079091742,
2188.971308570, 1.079075890,
2188.991740020, 1.079163288,
2189.012171569, 1.076150652,
2189.032603218, 1.076482780,
2189.053034668, 1.079001684,
2189.093897866, 1.078278233,
2189.114329315, 1.082576475,
2189.134760964, 1.077173964,
2189.196055611, 1.077238997,
2189.216487160, 1.075940593,
2189.236918608, 1.078884274,
2189.257350257, 1.079465901,
2189.277781805, 1.080542808,
2189.298213354, 1.079440537,
2189.318644902, 1.077066764,
2189.339076451, 1.079724596,
2189.359507999, 1.080503677,
2189.400371095, 1.080456120,
2189.420802743, 1.079735791,
2189.441234291, 1.079124035,
2189.461665739, 1.080782739,
2189.482097387, 1.079409911,
2189.502528935, 1.078770306,
2189.522960383, 1.078789874,
2189.543392030, 1.077947397,
2189.563823578, 1.082275172,
2189.584255026, 1.079600985,
2189.625118120, 1.079972353,
2189.645549668, 1.081056827,
2189.665981315, 1.078775518,
2189.686412762, 1.079506759,
2189.706844410, 1.082440528,
2189.727275957, 1.081658949,
2189.747707404, 1.079731824,
2189.768139051, 1.080765487,
2189.788570598, 1.083771862,
2189.809002145, 1.081711721,
2189.829433691, 1.080665956,
2189.849865238, 1.080472285,
2189.870296785, 1.079519294,
2189.890728332, 1.083011631,
2189.931591425, 1.080624973,
2189.952023071, 1.081254599,
2189.972454518, 1.079876082,
2189.992886164, 1.081666178,
2190.013317710, 1.082394015,
2190.033749156, 1.080687905,
2190.054180803, 1.083961851,
2190.074612349, 1.082309768,
2190.095043795, 1.082739540,
2190.115475441, 1.082511736,
2190.135906987, 1.081727276,
2190.156338433, 1.082033550,
2190.176770078, 1.081611985,
2190.197201624, 1.081626135,
2190.217633070, 1.080310197,
2190.238064716, 1.082002134,
2190.258496161, 1.081319362,
2190.278927807, 1.082301336,
2190.299359352, 1.079831896,
2190.319790798, 1.080987739,
2190.340222443, 1.082446684,
2190.360653989, 1.082144907,
2190.381085534, 1.080910217,
2190.401517079, 1.082288714,
2190.421948624, 1.083939184,
2190.442380170, 1.083435544,
2190.462811715, 1.081912488,
2190.483243260, 1.082465290,
2190.524106450, 1.081157986,
2190.544537895, 1.082833122,
2190.564969539, 1.083758459,
2190.585401084, 1.081673103,
2190.605832529, 1.082693620,
2190.667127163, 1.083758641,
2190.687558807, 1.084114339,
2190.707990352, 1.081632101,
2190.728421796, 1.083424450,
2190.748853441, 1.084071681,
2190.769284985, 1.084501668,
2190.789716529, 1.083637304,
2190.810148074, 1.083797787,
2190.830579618, 1.083004080,
2190.851011262, 1.081860070,
2190.871442706, 1.083264177,
2190.891874250, 1.084853997,
2190.912305894, 1.082758543,
2190.932737338, 1.083603530,
2190.953168882, 1.084210089,
2190.973600526, 1.085279598,
2190.994031970, 1.085568533,
2191.014463514, 1.083913460,
2191.034895157, 1.084459612,
2191.055326601, 1.084047727,
2191.075758145, 1.082551588,
2191.096189788, 1.083650774,
2191.137052875, 1.084411529,
2191.157484419, 1.084451881,
2191.177915862, 1.085298390,
2191.198347506, 1.086795470,
2191.218779049, 1.086712052,
2191.239210492, 1.085220525,
2191.259642136, 1.085805084,
2191.280073679, 1.085335901,
2191.300505122, 1.083256265,
2191.320936765, 1.087227016,
2191.341368308, 1.084573348,
2191.361799852, 1.086990699,
2191.402662938, 1.085862827,
2191.423094581, 1.085669001,
2191.443526124, 1.086317219,
2191.463957566, 1.089640396,
2191.484389209, 1.088641560,
2191.504820752, 1.087258706,
2191.525252195, 1.085415475,
2191.545683838, 1.087378628,
2191.566115380, 1.087537764,
2191.586546823, 1.089552526,
2191.627409908, 1.087934370,
2191.647841451, 1.086800474,
2191.668273093, 1.085954091,
2191.688704636, 1.086768680,
2191.709136178, 1.086027789,
2191.729567720, 1.089473578,
2191.749999163, 1.089199269,
2191.770430805, 1.087755940,
2191.790862347, 1.088441683,
2191.811293790, 1.089547576,
2191.831725432, 1.088562226,
2191.852156974, 1.088203033,
2191.872588516, 1.089185964,
2191.893020058, 1.087682440,
2191.913451601, 1.089219581,
2191.933883243, 1.089445522,
2191.954314685, 1.087514671,
2191.974746227, 1.087937920,
2191.995177869, 1.089521272,
2192.015609410, 1.088610779,
2192.036040852, 1.089250404,
2192.056472494, 1.089143019,
2192.117767120, 1.087702547,
2192.138198662, 1.092165187,
2192.158630103, 1.091711346,
2192.179061745, 1.090688359,
2192.199493287, 1.089662926,
2192.219924928, 1.088495602,
2192.240356370, 1.088363089,
2192.260787911, 1.088941159,
2192.281219553, 1.090244389,
2192.301650995, 1.090648788,
2192.322082536, 1.090205009,
2192.342514177, 1.092152930,
2192.362945619, 1.090050993,
2192.383377160, 1.088752661,
2192.403808702, 1.090993575,
2192.424240243, 1.092049799,
2192.444671784, 1.089744918,
2192.465103326, 1.089362773,
2192.485534867, 1.091148711,
2192.505966508, 1.089854717,
2192.526398050, 1.092111726,
2192.608124114, 1.090528762,
2192.628555755, 1.090755379,
2192.648987297, 1.089420379,
2192.669418738, 1.093651016,
2192.689850379, 1.091010683,
2192.710281920, 1.093390246,
2192.730713561, 1.091332084,
2192.751145002, 1.092050406,
2192.771576543, 1.093571310,
2192.792008184, 1.095720619,
2192.812439624, 1.092896849,
2192.853302806, 1.090936663,
2192.873734247, 1.092365000,
2192.894165788, 1.093314492,
2192.914597429, 1.094534802,
2192.935028870, 1.091373353,
2192.955460410, 1.093741087,
2192.975892051, 1.092423277,
2192.996323492, 1.094325509,
2193.016755133, 1.096285734,
2193.037186673, 1.093963371,
2193.057618214, 1.094440353,
2193.098481295, 1.092553920,
2193.118912736, 1.092344184,
2193.139344377, 1.093089945,
2193.159775917, 1.091953167,
2193.180207358, 1.093233184,
2193.200638998, 1.091221304,
2193.221070539, 1.090286531,
2193.241502179, 1.089844130,
2193.261933620, 1.094478135,
2193.282365161, 1.092996723,
2193.302796801, 1.093466987,
2193.343659782, 1.094012069,
2193.364091422, 1.093952661,
2193.384522863, 1.093792155,
2193.404954403, 1.092911304,
2193.425386044, 1.093902660,
2193.445817484, 1.093634205,
2193.466249025, 1.092174744,
2193.486680665, 1.095042466,
2193.507112205, 1.094989855,
2193.527543746, 1.092862154,
2193.547975286, 1.098459407,
2193.588838367, 1.094232377,
2193.609269907, 1.094875638,
2193.629701447, 1.094083079,
2193.650133088, 1.094547232,
2193.670564528, 1.096776941,
2193.690996068, 1.096194376,
2193.711427708, 1.093172183,
2193.731859149, 1.100220040,
2193.752290689, 1.092534295,
2193.772722229, 1.094956248,
2193.793153769, 1.096413565,
2193.834016850, 1.095706723,
2193.854448390, 1.096696797,
2193.874880030, 1.095921923,
2193.895311471, 1.094979278,
2193.915743011, 1.095142180,
2193.936174651, 1.098429096,
2193.956606091, 1.094267599,
2193.977037631, 1.094865948,
2194.017900712, 1.098908474,
2194.038332352, 1.095064658,
2194.079195432, 1.092350551,
2194.099626972, 1.098109079,
2194.120058512, 1.097493559,
2194.140490052, 1.094279623,
2194.160921693, 1.094697062,
2194.181353133, 1.096221909,
2194.201784673, 1.095673816,
2194.222216313, 1.097220385,
2194.242647753, 1.096610931,
2194.283510933, 1.093664952,
2194.303942374, 1.095579707,
2194.324374014, 1.097266495,
2194.344805554, 1.097894357,
2194.365236994, 1.096435145,
2194.385668634, 1.099794832,
2194.406100074, 1.096239548,
2194.426531614, 1.096009748,
2194.446963254, 1.099564942,
2194.467394695, 1.097138009,
2194.487826235, 1.099211548,
2194.508257875, 1.095756381,
2194.528689415, 1.099923203,
2194.569552495, 1.098147094,
2194.589984035, 1.098635547,
2194.610415575, 1.098464462,
2194.630847116, 1.096054831,
2194.651278656, 1.100254970,
2194.671710296, 1.097450597,
2194.692141736, 1.098412082,
2194.712573276, 1.096635741,
2194.733004916, 1.095951448,
2194.753436356, 1.100021673,
2194.814730977, 1.100849234,
2194.835162617, 1.100896731,
2194.855594157, 1.097854249,
2194.876025598, 1.100844313,
2194.896457238, 1.098316701,
2194.916888778, 1.101100892,
2194.937320218, 1.097245258,
2194.957751858, 1.098507171,
2194.978183399, 1.102313569,
2194.998614939, 1.097492249,
2195.019046479, 1.101707843,
2195.080341100, 1.096170350,
2195.100772640, 1.098876152,
2195.121204181, 1.102275858,
2195.141635721, 1.101917465,
2195.162067261, 1.098724967,
2195.182498802, 1.099788777,
2195.202930342, 1.100481565,
2195.223361882, 1.101421383,
2195.243793523, 1.100665217,
2195.264224963, 1.099547901,
2195.284656603, 1.098873252,
2195.305088144, 1.101041474,
2195.325519584, 1.099502100,
2195.366382765, 1.100832882,
2195.386814205, 1.103572444,
2195.407245846, 1.101126201,
2195.427677386, 1.100856765,
2195.448108827, 1.102500343,
2195.468540467, 1.101258478,
2195.488972008, 1.101783484,
2195.509403648, 1.100839250,
2195.550266630, 1.099892049,
2195.570698270, 1.100925352,
2195.591129711, 1.104231432,
2195.611561251, 1.102094578,
2195.631992892, 1.101246067,
2195.652424333, 1.102537266,
2195.672855873, 1.102264512,
2195.693287514, 1.100610234,
2195.713719055, 1.103195144,
2195.734150595, 1.102048988,
2195.754582136, 1.102380721,
2195.795445218, 1.103298053,
2195.815876758, 1.102227143,
2195.836308199, 1.102403605,
2195.856739840, 1.104097901,
2195.877171381, 1.101547410,
2195.897602822, 1.102731138,
2195.918034463, 1.104702898,
2195.938466003, 1.102606795,
2195.958897644, 1.100877421,
2195.979329085, 1.101766162,
2195.999760626, 1.102616544,
2196.040623708, 1.103863912,
2196.061055249, 1.102878534,
2196.081486890, 1.104232781,
2196.101918331, 1.107563145,
2196.122349873, 1.103545010,
2196.142781514, 1.104581707,
2196.163212955, 1.103768368,
2196.183644496, 1.102959109,
2196.204076137, 1.103521873,
2196.224507678, 1.105751537,
2196.244939220, 1.102187368,
2196.285802302, 1.105154571,
2196.306233844, 1.105785156,
2196.326665385, 1.106380885,
2196.347096926, 1.107615810,
2196.367528568, 1.103789182,
2196.387960009, 1.103881423,
2196.408391550, 1.105899685,
2196.428823092, 1.106111406,
2196.449254633, 1.105911947,
2196.469686275, 1.104585485,
2196.490117717, 1.104954666,
2196.530980900, 1.106993763,
2196.551412341, 1.109223750,
2196.571843883, 1.104036626,
2196.592275525, 1.104303092,
2196.612706967, 1.107441730,
2196.633138508, 1.107408106,
2196.653570150, 1.106215500,
2196.674001592, 1.109358853,
2196.694433234, 1.106271323,
2196.714864776, 1.108498296,
2196.735296318, 1.109284088,
2196.776159401, 1.104046599,
2196.796590943, 1.109526502,
2196.817022485, 1.108661126,
2196.837454028, 1.106855446,
2196.857885570, 1.109319265,
2196.878317212, 1.110445297,
2196.898748654, 1.111428584,
2196.919180296, 1.108896435,
2196.939611838, 1.108551159,
2196.960043281, 1.110847774,
2197.021337908, 1.109290916,
2197.041769550, 1.111207440,
2197.062201093, 1.109077942,
2197.082632535, 1.108210994,
2197.103064178, 1.108461679,
2197.123495720, 1.108404024,
2197.143927363, 1.112243595,
2197.164358805, 1.109610688,
2197.184790248, 1.109859222,
2197.205221891, 1.109883091,
2197.225653433, 1.108674313,
2197.266516519, 1.109686045,
2197.286948062, 1.112516194,
2197.307379605, 1.112265797,
2197.327811148, 1.109928146,
2197.348242691, 1.114397283,
2197.368674334, 1.110393187,
2197.389105877, 1.110754413,
2197.409537320, 1.110869500,
2197.429968963, 1.111795598,
2197.450400506, 1.112486260,
2197.470831949, 1.112938544,
2197.593421410, 1.111743767,
2197.613852853, 1.112448450,
2197.654716040, 1.112368311,
2197.675147484, 1.112532483,
2197.695579028, 1.114496166,
2197.756873659, 1.117727320,
2197.777305303, 1.113398243,
2197.797736747, 1.114354424,
2197.818168391, 1.114796610,
2197.838599835, 1.111889336,
2197.859031479, 1.115152837,
2197.879463023, 1.114186254,
2197.899894467, 1.113916453,
2197.920326011, 1.116115353,
2197.940757655, 1.113265658,
2197.961189199, 1.115237486,
2198.002052288, 1.115489517,
2198.022483833, 1.116067081,
2198.042915377, 1.114033349,
2198.063346922, 1.116669479,
2198.083778466, 1.113283481,
2198.104210111, 1.115082675,
2198.124641555, 1.115269411,
2198.145073100, 1.115038385,
2198.165504745, 1.115542588,
2198.185936190, 1.115563588,
2198.206367734, 1.113882299,
2198.267662469, 1.115985542,
2198.288094014, 1.117699269,
2198.308525460, 1.115896653,
2198.349388650, 1.115759549,
2198.369820195, 1.113720196,
2198.390251740, 1.117036040,
2198.410683286, 1.115218989,
2198.431114831, 1.115507376,
2198.451546377, 1.115000475,
2198.492409468, 1.111378350,
2198.512841014, 1.116802191,
2198.533272559, 1.115192974,
2198.553704105, 1.117404081,
2198.574135651, 1.117080104,
2198.594567197, 1.114592003,
2198.614998843, 1.116156039,
2198.635430289, 1.115682857,
2198.655861835, 1.117830843,
2198.676293481, 1.115679996,
2198.696724927, 1.116867799,
2198.737588119, 1.114892596,
2198.758019566, 1.119606063,
2198.778451212, 1.114502523,
2198.798882759, 1.118029387,
2198.819314205, 1.116525323,
2198.839745852, 1.117027720,
2198.860177398, 1.118114332,
2198.880608845, 1.117385435,
2198.901040492, 1.117791151,
2198.921472038, 1.117024052,
2198.941903685, 1.116443045,
2199.023629873, 1.117736639,
2199.044061320, 1.115315529,
2199.064492968, 1.116057879,
2199.084924515, 1.117706741,
2199.105356062, 1.119535393,
2199.125787610, 1.119693672,
2199.146219157, 1.118187891,
2199.166650705, 1.117590589,
2199.187082252, 1.119189059,
2199.227945348, 1.119701479,
2199.248376896, 1.119780991,
2199.268808343, 1.119183652,
2199.289239991, 1.118415189,
2199.309671539, 1.119634218,
2199.330103187, 1.120103813,
2199.350534636, 1.119767925,
2199.370966184, 1.119831866,
2199.391397832, 1.118977485,
2199.411829280, 1.121804261,
2199.432260829, 1.120915250,
2199.452692477, 1.121021126,
2199.473123926, 1.119640781,
2199.493555474, 1.119512838,
2199.513987123, 1.119543044,
2199.534418572, 1.119498322,
2199.554850220, 1.121412460,
2199.575281769, 1.118062732,
2199.595713318, 1.121747124,
2199.616144867, 1.121152494,
2199.636576416, 1.120097564,
2199.657007965, 1.115978026,
2199.677439515, 1.119476298,
2199.718302613, 1.119349488,
2199.738734263, 1.122890212,
2199.759165712, 1.120728616,
2199.779597362, 1.118944698,
2199.800028911, 1.121617170,
2199.820460361, 1.123249995,
2199.840892011, 1.121273568,
2199.861323461, 1.120619121,
2199.881755011, 1.121807477,
2199.902186661, 1.118929773,
2199.922618111, 1.120972719,
2199.963481311, 1.118814007,
2199.983912761, 1.120517454,
2200.004344412, 1.118040318,
2200.024775962, 1.122153666,
2200.045207413, 1.123221267,
2200.065639063, 1.121206707,
2200.086070614, 1.119162575,
2200.106502165, 1.123025569,
2200.126933715, 1.119589006,
2200.147365266, 1.123040180,
2200.167796917, 1.120321644,
2200.208659920, 1.121221783,
2200.229091571, 1.122629779,
2200.249523122, 1.119520000,
2200.269954573, 1.130643649,
2200.290386225, 1.119692936,
2200.310817776, 1.120912764,
2200.331249228, 1.122787518,
2200.351680880, 1.120676471,
2200.372112431, 1.121871656,
2200.392544083, 1.120613459,
2200.412975535, 1.123188115,
2200.474270191, 1.120875944,
2200.494701744, 1.122375428,
2200.515133296, 1.123408974,
2200.535564848, 1.121689590,
2200.555996401, 1.121509408,
2200.576427953, 1.119303221,
2200.596859506, 1.122613561,
2200.617291159, 1.124172563,
2200.637722611, 1.121793295,
2200.658154164, 1.121110100,
2200.699017270, 1.121073902,
2200.719448824, 1.122632074,
2200.739880477, 1.119467237,
2200.760311930, 1.122127926,
2200.780743483, 1.120870054,
2200.801175137, 1.122080117,
2200.821606691, 1.122065213,
2200.842038244, 1.118678349,
2200.862469798, 1.121894052,
2200.882901352, 1.121283535,
2200.903333006, 1.121213761,
2200.944196014, 1.120104614,
2200.964627668, 1.121201404,
2200.985059122, 1.122413480,
2201.005490777, 1.121097597,
2201.025922331, 1.120868796,
2201.046353785, 1.121323696,
2201.066785440, 1.122571801,
2201.087216995, 1.121695840,
2201.107648450, 1.122698059,
2201.128080104, 1.121412592,
2201.148511659, 1.120497431,
2201.189374770, 1.122987760,
2201.209806325, 1.122177341,
2201.230237880, 1.123513172,
2201.250669436, 1.122236660,
2201.271100991, 1.123841052,
2201.291532547, 1.122374448,
2201.311964102, 1.122712618,
2201.332395658, 1.123457336,
2201.352827214, 1.123389248,
2201.373258770, 1.120676501,
2201.393690326, 1.123335021,
2201.434553439, 1.128554123,
2201.454985095, 1.122447309,
2201.475416651, 1.122878360,
2201.495848108, 1.124274352,
2201.516279764, 1.122522632,
2201.536711321, 1.132275610,
2201.557142778, 1.124528061,
2201.577574435, 1.124205243,
2201.598005992, 1.124233668,
2201.618437449, 1.124185702,
2201.638869106, 1.122499051,
2201.659300664, 1.122948661,
2201.679732321, 1.124946237,
2201.700163778, 1.122849208,
2201.720595336, 1.123721718,
2201.741026994, 1.124780978,
2201.781890009, 1.124774835,
2201.802321667, 1.122754189,
2201.822753125, 1.119684853,
2201.843184784, 1.122383775,
2201.863616342, 1.123877372,
2201.884047800, 1.122518535,
2201.924910917, 1.122769607,
2201.945342476, 1.122725536,
2201.965774135, 1.122711825,
2201.986205694, 1.124087784,
2202.006637153, 1.127816341,
2202.027068812, 1.121995552,
2202.047500371, 1.122638757,
2202.067931930, 1.123715144,
2202.088363489, 1.119922449,
2202.108795049, 1.120436413,
2202.170089728, 1.123772333,
2202.190521388, 1.122247681,
2202.210952848, 1.122680795,
2202.231384408, 1.122769681,
2202.251816068, 1.126922732,
2202.272247529, 1.120924644,
2202.292679189, 1.121529120,
2202.313110749, 1.122512477,
2202.333542210, 1.123433773,
2202.353973871, 1.122654644,
2202.415268554, 1.124201749,
2202.435700115, 1.123516315,
2202.456131776, 1.123621348,
2202.476563237, 1.122402119,
2202.496994799, 1.121603042,
2202.517426361, 1.124165358,
2202.537857922, 1.122595379,
2202.558289484, 1.124728849,
2202.578721046, 1.123459942,
2202.599152608, 1.123650732,
2202.660447295, 1.123936582,
2202.680878957, 1.122654345,
2202.701310520, 1.122472093,
2202.721741982, 1.125584256,
2202.742173645, 1.126045370,
2202.762605208, 1.123223957,
2202.783036671, 1.123856636,
2202.803468334, 1.122239907,
2202.823899897, 1.121534390,
2202.844331361, 1.125110328,
2202.864763024, 1.125272315,
2202.926057715, 1.124263610,
2202.946489279, 1.122675326,
2202.966920943, 1.120868222,
2202.987352407, 1.124073894,
2203.007783972, 1.122304984,
2203.028215636, 1.124645311,
2203.048647101, 1.123727649,
2203.069078765, 1.122421236,
2203.089510330, 1.123553102,
2203.109941895, 1.121472220,
2203.150805025, 1.125530493,
2203.171236590, 1.123410720,
2203.191668155, 1.124336579,
2203.212099721, 1.122124456,
2203.232531286, 1.121186851,
2203.252962852, 1.124099812,
2203.273394417, 1.122447340,
2203.293826083, 1.124083666,
2203.314257549, 1.122924154,
2203.334689115, 1.125249053,
2203.355120782, 1.123496362,
2203.395983815, 1.124441283,
2203.416415481, 1.122273040,
2203.436846948, 1.124374607,
2203.457278515, 1.123826537,
2203.477710182, 1.126574741,
2203.498141649, 1.125913446,
2203.518573316, 1.125805041,
2203.539004883, 1.125011601,
2203.559436351, 1.123748911,
2203.579868018, 1.125461246,
2203.600299586, 1.125401289,
2203.641162722, 1.123641223,
2203.661594290, 1.124851857,
2203.682025958, 1.124672735,
2203.702457426, 1.127680510,
2203.722888995, 1.123740105,
2203.743320663, 1.125860687,
2203.763752232, 1.123884836,
2203.784183701, 1.127580496,
2203.804615370, 1.126751961,
2203.825046939, 1.125277835,
2203.845478408, 1.123875982,
2203.886341646, 1.126646104,
2203.906773216, 1.126489660,
2203.927204786, 1.123022275,
2203.947636255, 1.122498892,
2203.968067925, 1.123939865,
2203.988499495, 1.123074026,
2204.008930966, 1.123787988,
2204.029362636, 1.128018725,
2204.049794206, 1.127130048,
2204.070225677, 1.124814669,
2204.090657348, 1.126512655,
2204.131520589, 1.124955867,
2204.151952060, 1.126448164,
2204.172383632, 1.127199583,
2204.192815303, 1.124273002,
2204.213246775, 1.126647926,
2204.233678346, 1.126226235,
2204.254110018, 1.123828524,
2204.274541590, 1.125754778,
2204.294973162, 1.126230101,
2204.315404734, 1.126713504,
2204.335836306, 1.125822946,
2204.376699451, 1.125081613,
2204.397131024, 1.124547804,
2204.417562596, 1.125202072,
2204.437994169, 1.125020080,
2204.458425742, 1.125668283,
2204.499288889, 1.125867936,
2204.519720562, 1.126063827,
2204.540152036, 1.126458427,
2204.560583610, 1.127843531,
2204.581015283, 1.127469416,
2204.621878332, 1.124357066,
2204.642310006, 1.125391360,
2204.662741480, 1.125048994,
2204.683173155, 1.124226060,
2204.703604729, 1.124178723,
2204.724036204, 1.125242843,
2204.744467879, 1.125929792,
2204.764899454, 1.128349376,
2204.785330930, 1.124982895,
2204.805762605, 1.123633354,
2204.826194180, 1.126821820,
2204.867057332, 1.124852261,
2204.887488908, 1.126704408,
2204.907920584, 1.126221077,
2204.928352160, 1.126081962,
2204.948783636, 1.126984832,
2204.969215313, 1.126033970,
2204.989646889, 1.125419215,
2205.010078366, 1.125768766,
2205.030510043, 1.124495431,
2205.050941620, 1.126774646,
2205.071373097, 1.126883666,
2205.112236352, 1.126819615,
2205.132668030, 1.125270205,
2205.153099507, 1.126605048,
2205.173531085, 1.124754937,
2205.193962663, 1.125686753,
2205.214394242, 1.128291153,
2205.234825820, 1.127682203,
2205.255257398, 1.126699496,
2205.275688977, 1.126695140,
2205.296120656, 1.126228283,
2205.316552135, 1.125970219,
2205.357415393, 1.128494939,
2205.377846872, 1.126426733,
2205.398278452, 1.126599099,
2205.439141611, 1.129147855,
2205.459573191, 1.125250989,
2205.480004871, 1.126361187,
2205.500436451, 1.127193499,
2205.520868032, 1.130249121,
2205.541299612, 1.126706541,
2205.561731193, 1.128086924,
2205.602594354, 1.126564949,
2205.623025936, 1.128563476,
2205.643457617, 1.129663654,
2205.663889098, 1.126753841,
2205.684320680, 1.127174960,
2205.704752361, 1.127464495,
2205.725183843, 1.128270421,
2205.745615525, 1.128672185,
2205.766047107, 1.126113344,
2205.786478590, 1.125921951,
2205.806910272, 1.127394380,
2205.847773338, 1.124985838,
2205.868205020, 1.126951195,
2205.888636604, 1.129306356,
2205.909068187, 1.127312686,
2205.929499770, 1.128126686,
2205.949931254, 1.126896394,
2205.970362937, 1.126742261,
2205.990794521, 1.126393116,
2206.031657689, 1.127441145,
2206.052089273, 1.126969990,
2206.113384027, 1.125540556,
2206.133815712, 1.127225467,
2206.154247297, 1.128516088,
2206.174678782, 1.125715200,
2206.195110468, 1.127515243,
2206.215542053, 1.128508819,
2206.235973539, 1.126998236,
2206.256405225, 1.124458235,
2206.276836811, 1.127507060,
2206.338131570, 1.129536459,
2206.358563256, 1.126444408,
2206.378994743, 1.128711893,
2206.399426330, 1.129504766,
2206.419858017, 1.128558761,
2206.440289505, 1.126401230,
2206.460721092, 1.128175918,
2206.481152780, 1.128707953,
2206.501584267, 1.127418335,
2206.522015955, 1.129082154,
2206.542447543, 1.128515532,
2206.583310720, 1.128360937,
2206.603742208, 1.127265837,
2206.624173797, 1.130334648,
2206.644605486, 1.131310446,
2206.685468564, 1.129315105,
2206.705900254, 1.129429633,
2206.726331843, 1.134311296,
2206.746763433, 1.126992022,
2206.767195023, 1.130306839,
2206.787626613, 1.129735989,
2206.828489793, 1.128775380,
2206.848921384, 1.130582428,
2206.869353074, 1.131761341,
2206.889784565, 1.130416936,
2206.910216256, 1.130456085,
2206.930647847, 1.128932920,
2206.951079339, 1.129877506,
2206.971511030, 1.128257547,
2207.012374114, 1.129485593,
2207.032805806, 1.130358878,
2207.073668890, 1.130933550,
2207.094100583, 1.127340305,
2207.114532175, 1.128821619,
2207.134963868, 1.130521764,
2207.155395361, 1.128834785,
2207.175826955, 1.129221422,
2207.196258648, 1.129820421,
2207.216690141, 1.131405808,
2207.237121735, 1.131092920,
2207.257553329, 1.129172504,
2207.277985023, 1.130023153,
2207.318848212, 1.128103584,
2207.339279706, 1.128958098,
2207.359711401, 1.129874068,
2207.380142996, 1.127791075,
2207.400574491, 1.130643344,
2207.421006186, 1.129392523,
2207.441437781, 1.131144419,
2207.461869277, 1.132214933,
2207.482300973, 1.134137870,
2207.502732569, 1.131004648,
2207.523164265, 1.133838112,
2207.564027357, 1.131974591,
2207.584459054, 1.131159253,
2207.604890551, 1.129810935,
2207.625322148, 1.133060160,
2207.645753845, 1.131497177,
2207.666185342, 1.133235100,
2207.686616940, 1.133732743,
2207.707048637, 1.130401764,
2207.727480135, 1.131050655,
2207.747911833, 1.131884751,
2207.768343432, 1.131241971,
2207.809206628, 1.130720227,
2207.829638227, 1.133329239,
2207.850069826, 1.139899148,
2207.870501425, 1.130986624,
2207.890933024, 1.131728634,
2207.911364624, 1.132187963,
2207.931796224, 1.131065708,
2207.952227823, 1.131581618,
2207.972659423, 1.131776720,
2207.993091023, 1.130657924,
2208.013522624, 1.132375504,
2208.054385825, 1.130234874,
2208.074817426, 1.132758533,
2208.095249127, 1.130340960,
2208.115680628, 1.134084907,
2208.136112330, 1.131467538,
2208.156543931, 1.130170056,
2208.176975433, 1.130270121,
2208.197407135, 1.132942695,
2208.217838737, 1.132358913,
2208.238270240, 1.131947610,
2208.258701942, 1.130242622,
2208.299565048, 1.131457915,
2208.319996751, 1.133486127,
2208.340428354, 1.133110414,
2208.360860057, 1.130290289,
2208.381291561, 1.131678986,
2208.401723165, 1.131354397,
2208.422154869, 1.133401726,
2208.442586373, 1.131286106,
2208.463017977, 1.132793070,
2208.483449682, 1.132805403,
2208.503881287, 1.132924517,
2208.544744497, 1.133572900,
2208.565176102, 1.132672186,
2208.585607708, 1.131971420,
2208.606039313, 1.134258499,
2208.626470819, 1.132827191,
2208.646902525, 1.132965850,
2208.667334131, 1.130881614,
2208.687765638, 1.131348601,
2208.708197344, 1.132327612,
2208.728628951, 1.129835802,
2208.749060658, 1.134810267,
2208.789923773, 1.133372627,
2208.810355480, 1.130077563,
2208.830786988, 1.135393520,
2208.851218596, 1.133284559,
2208.871650304, 1.135163991,
2208.892081813, 1.132199367,
2208.912513521, 1.134900922,
2208.932945130, 1.132579491,
2208.953376639, 1.132510350,
2208.973808348, 1.133662208,
2208.994239957, 1.133140578,
2209.035103176, 1.133444927,
2209.055534786, 1.133731067,
2209.075966396, 1.135039371,
2209.096398006, 1.132683544,
2209.116829617, 1.134361216,
2209.137261328, 1.135024444,
2209.157692938, 1.132792898,
2209.178124449, 1.135853562,
2209.198556161, 1.134334155,
2209.218987772, 1.135328063,
2209.239419284, 1.135752274,
2209.280282508, 1.133514693,
2209.300714220, 1.135828411,
2209.321145832, 1.134599037,
2209.341577345, 1.135181841,
2209.362009058, 1.136251766,
2209.382440671, 1.135615219,
2209.402872184, 1.135105473,
2209.423303897, 1.133853691,
2209.443735511, 1.133555238,
2209.464167025, 1.133423541,
2209.484598739, 1.133432266,
2209.525462067, 1.135130088,
2209.545893582, 1.133492310,
2209.566325197, 1.131755932,
2209.586756912, 1.136669302,
2209.607188427, 1.132587618,
2209.627620042, 1.132353305,
2209.648051758, 1.135384858,
2209.668483374, 1.134735246,
2209.688914990, 1.136536166,
2209.729778222, 1.136405502,
2209.770641456, 1.135419247,
2209.791073073, 1.134811990,
2209.811504790, 1.137253257,
2209.831936307, 1.135294800,
2209.852367925, 1.137578312,
2209.872799543, 1.135144442,
2209.893231161, 1.135838133,
2209.913662879, 1.134656397,
2209.934094397, 1.132553778,
2209.954526016, 1.133732327,
2209.974957735, 1.135697995,
2210.015820873, 1.134809783,
2210.036252593, 1.133337441,
2210.056684112, 1.134478485,
2210.077115832, 1.133944125,
2210.097547452, 1.136929349,
2210.117978973, 1.132426824,
2210.138410693, 1.134478742,
2210.158842314, 1.133279888,
2210.179273935, 1.134950297,
2210.199705556, 1.137552295,
2210.220137177, 1.132425579,
2210.261000421, 1.136653246,
2210.281432042, 1.134855506,
2210.301863765, 1.136824321,
2210.322295287, 1.136899126,
2210.342726910, 1.135220410,
2210.363158632, 1.136178534,
2210.383590255, 1.134964613,
2210.404021779, 1.135323595,
2210.424453502, 1.135461796,
2210.444885126, 1.133842201,
2210.465316850, 1.135592495,
2210.485748374, 1.131441008,
2210.506179998, 1.133408902,
2210.526611623, 1.133887756,
2210.547043247, 1.134796068,
2210.567474872, 1.136142406,
2210.587906597, 1.136502806,
2210.628769748, 1.134491769,
2210.649201374, 1.135345407,
2210.690064726, 1.143910270,
2210.710496253, 1.126781528,
2210.751359606, 1.133257645,
2210.771791133, 1.134128507,
2210.792222760, 1.134189570,
2210.812654488, 1.135155680,
2210.833086116, 1.137591609,
2210.853517744, 1.135903016,
2210.873949372, 1.133293703,
2210.894381000, 1.135797702,
2210.914812629, 1.135952826,
2210.935244257, 1.134134099,
2210.955675886, 1.134751062,
2211.016970775, 1.134057075,
2211.037402505, 1.135142095,
2211.057834035, 1.137518163,
2211.078265765, 1.135556778,
2211.098697396, 1.135843471,
2211.119128927, 1.135662749,
2211.139560658, 1.137453556,
2211.159992289, 1.135360816,
2211.180423820, 1.134498021,
2211.200855552, 1.134071363,
2211.241718816, 1.136276747,
2211.262150448, 1.135174824,
2211.282581981, 1.132909616,
2211.303013713, 1.136852773,
2211.323445346, 1.135177973,
2211.343876880, 1.137287224,
2211.364308613, 1.134582774,
2211.384740247, 1.137746576,
2211.405171881, 1.135649866,
2211.425603515, 1.135582777,
2211.446035149, 1.138310717,
2211.486898418, 1.136781950,
2211.507330053, 1.135004791,
2211.527761788, 1.137510212,
2211.548193424, 1.135051527,
2211.568624959, 1.136016387,
2211.589056695, 1.137956376,
2211.609488331, 1.133938806,
2211.629919968, 1.135222478,
2211.650351604, 1.135226823,
2211.670783241, 1.135189199,
2211.691214978, 1.135815227,
2211.732078153, 1.138032616,
2211.752509891, 1.136679581,
2211.772941429, 1.136011567,
2211.793373067, 1.134997470,
2211.813804805, 1.137504817,
2211.834236344, 1.134417340,
2211.854668083, 1.138085043,
2211.875099722, 1.133967421,
2211.895531261, 1.134612793,
2211.915963001, 1.135643457,
2211.936394540, 1.134634634,
2211.997689461, 1.138556851,
2212.018121202, 1.136843112,
2212.038552843, 1.135811086,
2212.058984484, 1.134191009,
2212.079416125, 1.135590867,
2212.099847767, 1.133877084,
2212.120279409, 1.140128753,
2212.140711051, 1.137941196,
2212.161142693, 1.138891520,
2212.181574336, 1.135510451,
2212.202006079, 1.137438604,
2212.242869365, 1.137850542,
2212.263301009, 1.137013203,
2212.283732552, 1.134852143,
2212.304164296, 1.139752481,
2212.324595941, 1.137173456,
2212.345027485, 1.136002093,
2212.365459230, 1.138792162,
2212.385890875, 1.137668557,
2212.406322620, 1.135955870,
2212.426754165, 1.137051466,
2212.467617557, 1.135342346,
2212.488049103, 1.136136794,
2212.508480749, 1.134839536,
2212.528912496, 1.135830575,
2212.549344043, 1.137815586,
2212.569775690, 1.136791299,
2212.590207337, 1.140536299,
2212.610638985, 1.135812857,
2212.631070732, 1.137005307,
2212.651502280, 1.136913084,
2212.671933929, 1.137021814,
2212.712797326, 1.137962883,
2212.733228875, 1.136462635,
2212.753660624, 1.135986711,
2212.774092274, 1.138469518,
2212.794523823, 1.139803285,
2212.814955573, 1.138079483,
2212.835387223, 1.138244926,
2212.855818974, 1.137894051,
2212.876250525, 1.139560665,
2212.896682176, 1.136772494,
2212.917113927, 1.140014317,
2212.957977130, 1.139019345,
2212.978408882, 1.138085425,
2212.998840434, 1.137264214,
2213.019272186, 1.136009430,
2213.039703839, 1.140044885,
2213.060135392, 1.135894667,
2213.080567145, 1.136984263,
2213.100998798, 1.138102591,
2213.121430352, 1.138800075,
2213.141862106, 1.137753738,
2213.162293760, 1.137457756,
2213.203157069, 1.137275580,
2213.223588723, 1.139425485,
2213.244020379, 1.138110787,
2213.264452034, 1.140726698,
