BJD - 2454833, Corrected Flux
2146.452730679, 0.988476134,
2146.473162995, 0.983558162,
2146.514027324, 0.982695012,
2146.534459637, 0.978105971,
2146.554891751, 0.994446418,
2146.575323963, 0.983566139,
2146.595756276, 0.995392348,
2146.616188387, 0.985280088,
2146.657052809, 0.981744003,
2146.677485019, 0.989934341,
2146.697917328, 0.973615379,
2146.718349438, 0.995604272,
2146.738781646, 0.975597029,
2146.759213954, 0.986842461,
2146.779646161, 0.987354671,
2146.800078268, 0.989933849,
2146.820510574, 0.970996682,
2146.840942780, 0.981436338,
2146.861374886, 0.985245367,
2146.881807191, 0.988906320,
2146.902239395, 0.982410156,
2146.922671498, 0.981631154,
2146.943103802, 0.991721300,
2146.963536004, 0.976848859,
2146.983968107, 0.987652829,
2147.004400408, 0.982629617,
2147.024832609, 0.979335887,
2147.045264710, 0.983416114,
2147.065697010, 0.978853330,
2147.086129210, 0.982077962,
2147.106561409, 0.993730056,
2147.126993607, 0.983507372,
2147.147425806, 0.978441685,
2147.167858103, 0.987000316,
2147.188290200, 0.972170376,
2147.208722396, 0.990018742,
2147.229154692, 0.989267631,
2147.249586888, 0.985166305,
2147.270018982, 0.972347370,
2147.290451277, 0.977914374,
2147.310883470, 0.979596014,
2147.331315564, 0.983897795,
2147.351747857, 0.984567503,
2147.372179949, 0.975866560,
2147.392612141, 0.985716382,
2147.413044432, 1.019879935,
2147.433476522, 0.983066047,
2147.453908712, 0.987269531,
2147.494773091, 0.978736985,
2147.515205280, 0.986486212,
2147.535637568, 0.982257000,
2147.556069656, 0.971465030,
2147.576501843, 0.986763653,
2147.596934129, 0.973507612,
2147.617366316, 0.983413258,
2147.637798401, 0.984367783,
2147.658230686, 0.982445069,
2147.678662870, 0.973881581,
2147.699095054, 0.976008517,
2147.719527237, 0.980323221,
2147.739959420, 0.990024122,
2147.760391703, 0.976639185,
2147.780823785, 0.972430055,
2147.801255966, 0.965433133,
2147.821688247, 0.990614895,
2147.842120327, 0.983915307,
2147.862552507, 0.979494462,
2147.882984786, 0.974176581,
2147.903416865, 0.981848191,
2147.923849044, 0.973406485,
2147.944281321, 0.978620464,
2147.985145575, 0.979705386,
2148.005577851, 0.981177860,
2148.026009927, 0.983357733,
2148.066874377, 0.978088831,
2148.087306551, 1.004712569,
2148.107738624, 0.983353069,
2148.128170898, 0.988731392,
2148.148602970, 0.982394586,
2148.169035142, 0.975885523,
2148.189467414, 0.978980191,
2148.209899485, 0.971915721,
2148.250763925, 0.973841539,
2148.271195995, 0.984462645,
2148.291628264, 0.976330512,
2148.312060432, 0.984958817,
2148.332492500, 0.980623834,
2148.352924768, 0.978520832,
2148.373356935, 0.979549651,
2148.393789001, 0.968488409,
2148.414221267, 0.968020544,
2148.434653432, 0.979907827,
2148.475517762, 0.977724197,
2148.495949925, 0.992476111,
2148.516382089, 0.961470755,
2148.536814252, 0.974841223,
2148.557246414, 0.962867050,
2148.577678576, 0.985694480,
2148.618542898, 0.973725454,
2148.638975058, 0.985273823,
2148.659407318, 0.977171887,
2148.679839377, 0.982089864,
2148.700271536, 0.976313069,
2148.720703794, 0.979230220,
2148.741135852, 0.973738566,
2148.761568009, 0.977881529,
2148.782000266, 0.965647395,
2148.802432322, 0.973744911,
2148.822864478, 0.983734000,
2148.843296733, 0.984545553,
2148.863728787, 0.979051932,
2148.904593095, 0.983677398,
2148.925025248, 0.960992107,
2148.945457501, 0.986272493,
2148.965889553, 0.973226990,
2148.986321705, 0.986597678,
2149.006753956, 0.959741447,
2149.027186106, 0.980702392,
2149.047618156, 0.997213384,
2149.068050406, 0.977161044,
2149.088482555, 0.984353594,
2149.108914603, 0.983993523,
2149.129346851, 0.971103126,
2149.149778999, 0.967490842,
2149.170211046, 0.964822404,
2149.190643293, 0.993012097,
2149.211075439, 0.978485057,
2149.231507484, 0.975113369,
2149.251939729, 0.989629292,
2149.272371874, 0.987094129,
2149.292804018, 0.979877897,
2149.333668304, 0.973344571,
2149.354100447, 0.972712251,
2149.374532589, 0.998110346,
2149.394964730, 0.979521792,
2149.415396871, 0.971121832,
2149.456261152, 0.963601238,
2149.476693391, 0.973309348,
2149.497125530, 0.981229251,
2149.517557568, 0.979993586,
2149.537989806, 0.973329389,
2149.558421943, 0.973277072,
2149.578853980, 0.974805799,
2149.599286217, 0.984413857,
2149.619718253, 0.975887696,
2149.640150388, 0.963067854,
2149.660582623, 0.967600524,
2149.681014658, 0.970975681,
2149.701446791, 0.974867159,
2149.721879025, 0.968620305,
2149.742311058, 0.972675075,
2149.762743190, 0.972177108,
2149.783175422, 0.970089630,
2149.803607454, 0.986700748,
2149.824039584, 0.969430562,
2149.844471815, 0.974372899,
2149.864903945, 0.966281343,
2149.885335974, 0.964143395,
2149.905768203, 0.978000290,
2149.946632359, 0.981827597,
2149.967064587, 0.972725040,
2149.987496713, 0.980004243,
2150.007928740, 0.989442790,
2150.028360966, 0.968663299,
2150.048793091, 0.975610440,
2150.069225316, 0.978749884,
2150.089657341, 0.972268177,
2150.110089464, 0.969847355,
2150.130521688, 0.979540386,
2150.150953711, 0.987291557,
2150.171385833, 0.978608443,
2150.212250076, 0.962865320,
2150.232682197, 0.972898419,
2150.253114417, 0.993556315,
2150.273546538, 0.970413571,
2150.293978557, 0.973622862,
2150.314410776, 0.984440608,
2150.334842894, 0.972521256,
2150.355274912, 0.978271155,
2150.375707129, 0.970961868,
2150.396139146, 0.979677469,
2150.416571263, 0.978823275,
2150.437003479, 0.969547420,
2150.457435494, 0.975810915,
2150.477867609, 0.965892269,
2150.498299824, 0.980020322,
2150.518731837, 0.982655271,
2150.539163951, 0.981831681,
2150.559596164, 0.984291637,
2150.580028176, 0.986518550,
2150.600460288, 0.964942879,
2150.620892500, 0.978719234,
2150.641324510, 0.967654335,
2150.682188831, 0.990004071,
2150.702620941, 0.993978498,
2150.723053050, 0.984833517,
2150.743485158, 0.983269885,
2150.763917266, 0.967858358,
2150.804781480, 0.978964706,
2150.825213587, 0.986587734,
2150.845645793, 0.988935750,
2150.866077798, 0.976835165,
2150.886509903, 0.978546086,
2150.906942108, 0.989803024,
2150.927374112, 0.979149300,
2150.947806215, 0.990243272,
2150.968238419, 0.966507867,
2150.988670421, 1.000871061,
2151.009102523, 0.975573032,
2151.029534625, 0.973099826,
2151.049966726, 0.982803317,
2151.070398826, 0.974035798,
2151.090831026, 0.977528601,
2151.111263026, 0.990247297,
2151.131695125, 0.986740458,
2151.152127324, 0.981796194,
2151.172559322, 0.980509688,
2151.192991419, 0.965980255,
2151.213423617, 0.979041066,
2151.233855614, 0.973707488,
2151.254287810, 0.980784082,
2151.274719905, 0.984547157,
2151.295151900, 0.968040087,
2151.315584095, 0.977744996,
2151.356448183, 0.986110629,
2151.376880377, 0.984101712,
2151.397312469, 0.970476477,
2151.417744462, 0.973682010,
2151.438176653, 0.976876768,
2151.479040735, 0.976760034,
2151.499472926, 0.975539999,
2151.519905015, 0.982047882,
2151.540337105, 0.994423270,
2151.560769194, 0.986704594,
2151.581201282, 0.988805418,
2151.601633370, 0.970727939,
2151.622065557, 0.977850632,
2151.642497544, 0.992111499,
2151.662929631, 0.986231648,
2151.683361817, 0.980096067,
2151.703793802, 0.982814115,
2151.724225887, 0.974965226,
2151.744658071, 0.970980243,
2151.785522139, 0.990617904,
2151.805954322, 0.987874305,
2151.826386304, 0.977023874,
2151.846818386, 0.970234700,
2151.867250468, 0.976963369,
2151.908114730, 0.984005833,
2151.928546710, 0.973653834,
2151.948978789, 0.978241338,
2151.969410969, 0.971684017,
2151.989843047, 0.980939836,
2152.010275025, 0.983486356,
2152.030707203, 0.990163686,
2152.051139280, 0.974061586,
2152.071571257, 0.980106525,
2152.092003433, 0.988358834,
2152.112435509, 0.983214781,
2152.132867484, 0.981711500,
2152.153299659, 0.981707650,
2152.173731733, 0.979904197,
2152.194163707, 0.973050971,
2152.214595880, 0.990195053,
2152.235027953, 0.984451721,
2152.255459925, 0.973606425,
2152.275892097, 0.997308006,
2152.296324169, 0.980896819,
2152.316756140, 0.987226118,
2152.337188310, 0.976946704,
2152.357620380, 0.983402080,
2152.378052450, 0.975439907,
2152.398484518, 0.994733398,
2152.418916587, 0.980875892,
2152.439348655, 0.980594190,
2152.459780823, 0.975410509,
2152.480212790, 0.980446657,
2152.500644956, 0.979609043,
2152.521077023, 0.985033393,
2152.541508988, 0.984464552,
2152.561941153, 0.974544023,
2152.582373218, 0.979907002,
2152.602805182, 0.980671324,
2152.623237346, 0.986804527,
2152.643669309, 0.986301339,
2152.664101372, 0.971022310,
2152.704965496, 0.984433075,
2152.725397557, 0.993291737,
2152.745829718, 0.988505311,
2152.766261679, 0.991910537,
2152.786693738, 0.975787851,
2152.827557957, 0.976711120,
2152.847989915, 0.988752309,
2152.868422073, 0.986888478,
2152.888854131, 0.984677066,
2152.929718244, 0.995207789,
2152.950150301, 0.980899655,
2152.970582256, 0.981573410,
2152.991014411, 0.988932122,
2153.011446466, 0.974827242,
2153.031878420, 0.980974781,
2153.052310574, 0.993282662,
2153.072742627, 0.984725390,
2153.093174780, 0.986109467,
2153.113606732, 0.984687578,
2153.134038784, 0.985651819,
2153.154470935, 0.982091176,
2153.174902886, 0.973290018,
2153.195334937, 0.981514762,
2153.215767086, 1.003740279,
2153.236199036, 0.993890770,
2153.256631085, 0.990391007,
2153.277063133, 0.983936516,
2153.297495281, 0.987160081,
2153.317927229, 0.989488266,
2153.338359276, 0.999184611,
2153.379223369, 0.996856147,
2153.399655514, 0.976123225,
2153.420087459, 0.994474362,
2153.440519504, 0.989205782,
2153.460951649, 0.985128480,
2153.481383592, 0.988213855,
2153.501815636, 0.999592191,
2153.522247779, 1.005728333,
2153.563111763, 0.974026831,
2153.583543904, 0.988242847,
2153.603975845, 0.975903270,
2153.624407886, 0.987915180,
2153.644840025, 0.997825610,
2153.665272065, 0.987352460,
2153.685704104, 0.992036610,
2153.706136143, 0.978914172,
2153.726568181, 0.989021583,
2153.747000219, 0.977953101,
2153.767432256, 0.986913953,
2153.787864293, 0.995135245,
2153.808296429, 0.991779428,
2153.828728365, 0.987177368,
2153.890024469, 0.990402977,
2153.910456503, 0.988274070,
2153.930888636, 0.983606676,
2153.951320569, 0.992118718,
2153.971752602, 0.998513767,
2153.992184734, 0.992528360,
2154.012616665, 0.991022576,
2154.033048697, 0.995036069,
2154.053480727, 0.995766105,
2154.073912758, 0.989978641,
2154.094344787, 0.982344482,
2154.114776817, 0.980908666,
2154.135208846, 0.979364135,
2154.155640873, 0.976821140,
2154.176072901, 0.989478166,
2154.196504929, 0.980255522,
2154.237369082, 0.983995721,
2154.257801008, 1.000418572,
2154.278233134, 0.989775072,
2154.298665159, 0.986616405,
2154.319097083, 0.992549009,
2154.339529208, 0.987404307,
2154.359961231, 0.997654853,
2154.380393155, 0.992409379,
2154.400825277, 0.991289020,
2154.421257300, 0.981960571,
2154.441689222, 0.988212028,
2154.462121343, 0.996496000,
2154.482553363, 0.986085003,
2154.502985384, 0.996804182,
2154.523417404, 0.999310565,
2154.543849424, 0.976583489,
2154.564281443, 0.992882397,
2154.605145479, 0.971880652,
2154.646009614, 0.993514050,
2154.666441531, 0.985686300,
2154.686873547, 0.981626467,
2154.707305663, 0.982952781,
2154.727737578, 0.985982570,
2154.748169593, 0.996774299,
2154.768601608, 0.980280547,
2154.789033622, 0.975981051,
2154.809465735, 1.000239074,
2154.829897648, 0.985423370,
2154.850329661, 0.982448350,
2154.870761773, 0.983073610,
2154.891193685, 0.986389164,
2154.932057807, 0.986621999,
2154.952489717, 0.993337965,
2154.972921727, 0.988417181,
2154.993353836, 0.983018813,
2155.034217754, 0.984579874,
2155.075081869, 0.989820756,
2155.095513777, 0.979265608,
2155.115945883, 0.991827217,
2155.136377889, 0.970770653,
2155.156809795, 0.984520170,
2155.177241900, 0.982470550,
2155.197673905, 0.974402545,
2155.218105810, 0.983841121,
2155.238537913, 0.973979244,
2155.258969917, 1.020072762,
2155.279401820, 0.988186159,
2155.299833923, 0.979293772,
2155.320265924, 0.977305655,
2155.340697926, 0.978209296,
2155.361129927, 0.987897193,
2155.381561928, 0.983131972,
2155.401994028, 0.985290951,
2155.422425928, 0.979116002,
2155.442857928, 0.973468013,
2155.463290026, 0.984537940,
2155.483721925, 0.983711742,
2155.504153923, 0.987131428,
2155.524585920, 0.978793474,
2155.545017917, 0.990126467,
2155.565449914, 0.983266646,
2155.585882010, 0.974246775,
2155.606313906, 0.975525912,
2155.626745901, 0.986667626,
2155.647177996, 0.978999222,
2155.667609891, 0.993948392,
2155.688041885, 0.988893966,
2155.708473978, 1.010250515,
2155.728905871, 0.986521572,
2155.749337864, 0.985111599,
2155.769769956, 0.991394968,
2155.790201847, 0.991280019,
2155.851497820, 0.994892857,
2155.871929810, 0.988165200,
2155.892361899, 0.991314194,
2155.912793888, 0.992411888,
2155.933225776, 0.981455473,
2155.953657864, 0.988847923,
2155.974089852, 0.981260042,
2155.994521839, 0.994229636,
2156.014953826, 0.985556498,
2156.035385812, 0.983365957,
2156.055817898, 1.039056001,
2156.076249784, 0.996486549,
2156.096681768, 0.989578533,
2156.117113853, 0.988440624,
2156.137545737, 0.984918804,
2156.157977721, 0.987964580,
2156.178409804, 0.991947541,
2156.198841686, 1.000952858,
2156.219273669, 0.996615503,
2156.239705750, 0.992937636,
2156.260137632, 0.997438737,
2156.280569613, 0.990533627,
2156.301001593, 0.991265336,
2156.321433573, 0.991554297,
2156.403161489, 1.002584808,
2156.423593567, 0.993711166,
2156.444025444, 0.987694981,
2156.464457421, 0.999068951,
2156.484889497, 0.985929538,
2156.505321374, 0.992897803,
2156.525753349, 0.996989286,
2156.546185424, 0.983436333,
2156.566617299, 1.002906087,
2156.587049373, 0.988622462,
2156.607481347, 1.001239762,
2156.627913220, 0.984107234,
2156.668777265, 0.989125349,
2156.689209137, 1.001733571,
2156.709641209, 0.994722140,
2156.730073180, 0.994173885,
2156.750505151, 0.997652814,
2156.770937121, 0.990246520,
2156.791369091, 0.995482956,
2156.811801060, 0.997306403,
2156.832233029, 0.989767280,
2156.852664998, 0.993739380,
2156.873096966, 0.994378600,
2156.893529034, 0.990421788,
2156.913960901, 1.002265692,
2156.934392868, 0.999750112,
2156.954824934, 0.994611979,
2156.975256800, 0.984610957,
2156.995688765, 1.002326756,
2157.016120730, 0.985898508,
2157.036552694, 0.989246805,
2157.056984658, 1.001737234,
2157.077416622, 0.990579047,
2157.097848585, 0.981972119,
2157.118280548, 1.003291787,
2157.138712511, 0.986546180,
2157.159144473, 0.992661966,
2157.179576534, 0.991811808,
2157.200008395, 0.984640684,
2157.220440356, 0.986388226,
2157.240872416, 0.995612679,
2157.261304376, 0.989021612,
2157.302168294, 0.992910333,
2157.322600252, 0.994925445,
2157.343032110, 0.990000026,
2157.363464167, 0.990615846,
2157.383896124, 0.995158871,
2157.404327981, 0.999465434,
2157.424760037, 0.997953670,
2157.445191993, 0.996061777,
2157.465623848, 0.993213602,
2157.486055903, 0.991284656,
2157.506487858, 0.985688423,
2157.526919712, 0.993473792,
2157.547351765, 1.000035332,
2157.567783719, 1.000853293,
2157.588215671, 0.992135771,
2157.608647624, 0.994355385,
2157.629079575, 0.987034072,
2157.649511527, 0.999329923,
2157.669943478, 0.993485575,
2157.690375429, 1.006876261,
2157.710807379, 0.992083703,
2157.731239328, 0.995791560,
2157.751671278, 0.988914353,
2157.812967123, 0.981463792,
2157.833399170, 1.005519360,
2157.853831017, 0.994706273,
2157.874262964, 1.002388799,
2157.894695010, 0.990035065,
2157.915126856, 0.995482214,
2157.935558802, 0.995055551,
2157.955990847, 0.986047775,
2157.976422691, 0.995052969,
2157.996854635, 0.988863674,
2158.017286679, 0.994622275,
2158.037718522, 1.013001579,
2158.058150465, 0.989950871,
2158.078582507, 0.999255546,
2158.099014449, 0.999413983,
2158.119446291, 0.989667288,
2158.139878332, 1.001852588,
2158.160310272, 1.001377874,
2158.180742113, 0.986299637,
2158.201174152, 0.993890653,
2158.221606092, 0.992457152,
2158.242037931, 0.988558848,
2158.262469969, 0.994451343,
2158.282901907, 0.992418830,
2158.303333745, 0.985055077,
2158.323765782, 0.995766411,
2158.344197719, 0.991701848,
2158.364629755, 1.003896187,
2158.385061592, 0.987748352,
2158.405493527, 1.008115155,
2158.425925562, 1.001354252,
2158.446357397, 0.992731698,
2158.466789331, 0.983921909,
2158.487221365, 0.982006131,
2158.507653198, 1.006688859,
2158.528085131, 0.993587078,
2158.548517064, 0.998476889,
2158.568948996, 1.000174077,
2158.589380927, 0.994592768,
2158.609812959, 1.004028998,
2158.630244789, 1.005194454,
2158.650676720, 1.002362883,
2158.671108750, 0.996668106,
2158.691540579, 1.016341089,
2158.711972509, 1.002338536,
2158.732404537, 0.998857794,
2158.773268293, 0.993557005,
2158.793700321, 0.994725831,
2158.814132148, 0.990622538,
2158.834564075, 0.994623711,
2158.854996101, 0.993591034,
2158.875427927, 0.997816998,
2158.895859952, 1.003474136,
2158.916291877, 1.003743831,
2158.957155726, 0.998469422,
2158.977587649, 0.998684993,
2158.998019572, 0.988316294,
2159.018451496, 0.991999608,
2159.038883418, 1.014461048,
2159.059315340, 1.004548356,
2159.079747361, 0.985552764,
2159.100179183, 1.000389647,
2159.120611103, 1.000146023,
2159.141043123, 0.991149932,
2159.161474943, 1.002659136,
2159.181906863, 1.001851133,
2159.202338882, 0.998769169,
2159.222770701, 0.999350771,
2159.243202619, 1.001406445,
2159.263634537, 1.007108378,
2159.284066454, 0.994595258,
2159.304498371, 0.995764645,
2159.324930287, 0.998726195,
2159.345362203, 1.007757161,
2159.365794119, 0.991505828,
2159.386226035, 1.003829890,
2159.447521877, 0.996457135,
2159.467953691, 1.000558124,
2159.508817617, 0.990493988,
2159.529249430, 1.002350862,
2159.549681442, 0.989934725,
2159.570113353, 1.006660401,
2159.590545164, 0.997627386,
2159.610977175, 0.993187211,
2159.631409085, 1.002066669,
2159.651840895, 0.998167754,
2159.672272905, 0.998912404,
2159.692704814, 1.006931365,
2159.754000538, 0.998520654,
2159.774432446, 0.979135467,
2159.794864353, 1.012416363,
2159.815296259, 0.993140408,
2159.835728165, 0.994741715,
2159.856160071, 1.006404652,
2159.876591976, 1.001102080,
2159.897023881, 0.996731804,
2159.917455886, 0.989639813,
2159.937887690, 0.999161870,
2159.958319594, 0.989030022,
2159.978751497, 1.006678826,
2159.999183400, 0.987669758,
2160.019615202, 1.009107837,
2160.040047204, 1.000428511,
2160.060479106, 0.991995531,
2160.080911107, 1.000066805,
2160.101342908, 0.986620747,
2160.121774808, 0.991431947,
2160.142206808, 1.005385538,
2160.162638608, 0.993737028,
2160.183070507, 1.002894966,
2160.203502506, 1.011273510,
2160.223934304, 1.007019821,
2160.244366202, 0.992139646,
2160.264798200, 0.995293235,
2160.285230097, 1.001646226,
2160.305661894, 0.999427204,
2160.326093890, 0.997956796,
2160.346525785, 1.006915224,
2160.366957581, 1.001148381,
2160.387389576, 0.992264222,
2160.407821471, 0.992383332,
2160.428253265, 0.990583506,
2160.448685259, 0.993998795,
2160.469117153, 1.005248031,
2160.489548945, 1.005258454,
2160.509980938, 0.993526457,
2160.530412830, 0.997910649,
2160.550844622, 0.986142039,
2160.571276614, 0.999916607,
2160.591708505, 0.996262102,
2160.612140395, 0.987436982,
2160.632572285, 1.006208204,
2160.653004176, 0.998048093,
2160.673436165, 0.989435136,
2160.693867954, 0.993081035,
2160.734731831, 1.011229945,
2160.755163619, 0.990980851,
2160.775595506, 1.002886574,
2160.796027393, 1.018136411,
2160.816459279, 0.993189845,
2160.836891165, 0.989967163,
2160.857323151, 1.084023698,
2160.877754937, 1.007463713,
2160.898186822, 0.988805775,
2160.918618806, 0.984570112,
2160.939050590, 1.004630447,
2160.959482474, 1.014186240,
2160.979914457, 0.988688697,
2161.000346241, 0.991385866,
2161.020778123, 0.987297163,
2161.041210105, 0.994798706,
2161.061641887, 0.993669205,
2161.082073768, 0.983456533,
2161.102505749, 0.996582167,
2161.122937630, 1.002759103,
2161.143369410, 1.023569215,
2161.163801390, 1.001943712,
2161.184233269, 0.994409407,
2161.204665048, 0.991562462,
2161.225097026, 1.014624145,
2161.245528905, 1.002996748,
2161.265960682, 1.003590689,
2161.286392660, 1.004203737,
2161.306824537, 0.994631557,
2161.327256513, 1.004549064,
2161.347688290, 1.003998939,
2161.368120165, 1.009882387,
2161.388552140, 1.008412759,
2161.408983916, 0.990271193,
2161.429415790, 0.989670034,
2161.470279538, 1.010485495,
2161.490711412, 0.989277926,
2161.511143285, 1.000902330,
2161.531575157, 0.999518317,
2161.552007029, 1.001051630,
2161.572438901, 0.990694711,
2161.592870773, 1.019956350,
2161.613302644, 1.005824117,
2161.633734514, 0.993241717,
2161.654166384, 1.003528130,
2161.674598254, 0.989981441,
2161.735893861, 1.000958306,
2161.756325830, 0.997776787,
2161.776757597, 1.005761438,
2161.797189465, 1.014853404,
2161.817621432, 0.995454043,
2161.838053199, 1.010040339,
2161.858485165, 0.992716001,
2161.878917031, 0.993719997,
2161.899348796, 0.993803311,
2161.919780761, 0.991695551,
2161.940212626, 0.989060243,
2161.960644490, 1.000148084,
2161.981076354, 0.994185569,
2162.001508218, 1.000723993,
2162.042371944, 0.997454531,
2162.062803806, 1.005447053,
2162.083235668, 0.996302920,
2162.103667530, 1.007654328,
2162.124099391, 0.988639576,
2162.144531252, 1.018779045,
2162.164963212, 1.007570654,
2162.205826832, 0.995015267,
2162.226258691, 0.994628235,
2162.246690550, 0.996371979,
2162.267122308, 1.003980180,
2162.287554267, 1.008649057,
2162.307986124, 1.013040046,
2162.328417882, 1.001128931,
2162.348849838, 0.999934121,
2162.369281695, 1.006699045,
2162.389713551, 0.997148611,
2162.410145407, 0.996098015,
2162.430577262, 1.003114485,
2162.451009217, 1.002659760,
2162.471440972, 1.000924379,
2162.491872826, 0.999863363,
2162.512304780, 0.998848074,
2162.532736634, 1.012003339,
2162.553168387, 1.007160597,
2162.573600339, 1.011834091,
2162.594032192, 1.011062653,
2162.614463944, 0.993327210,
2162.634895895, 1.001437939,
2162.655327746, 1.013747616,
2162.696191447, 0.999820742,
2162.716623297, 1.000776293,
2162.737055047, 1.003069854,
2162.757486996, 0.992665434,
2162.777918845, 1.002471240,
2162.798350693, 1.012314531,
2162.818782541, 1.002231983,
2162.839214389, 1.007387422,
2162.900509930, 1.007807947,
2162.920941776, 1.004020408,
2162.941373622, 0.997022243,
2162.961805467, 1.004947703,
2162.982237312, 1.002083944,
2163.002669157, 0.998873843,
2163.023101001, 1.003692764,
2163.043532945, 1.005059752,
2163.063964688, 0.994781643,
2163.084396531, 1.015297883,
2163.104828474, 1.002577320,
2163.125260216, 1.004093607,
2163.145692059, 1.000128914,
2163.186555741, 1.013336655,
2163.206987582, 0.993915143,
2163.227419522, 1.010110827,
2163.247851263, 1.005330941,
2163.268283102, 1.010042734,
2163.288715042, 1.014068285,
2163.309146780, 1.001817818,
2163.329578619, 1.011126108,
2163.350010557, 1.000144892,
2163.370442395, 0.998966850,
2163.390874132, 1.009830302,
2163.431737906, 1.010013962,
2163.452169643, 1.016275660,
2163.472601578, 1.003374282,
2163.493033414, 1.005148837,
2163.513465149, 1.014903283,
2163.533897084, 0.993329102,
2163.554328918, 1.005149150,
2163.574760852, 1.002005006,
2163.595192586, 1.008785967,
2163.615624419, 1.005642920,
2163.636056252, 0.995551714,
2163.697351749, 1.010050395,
2163.717783580, 1.023003544,
2163.758647242, 1.011296443,
2163.779079072, 1.013000979,
2163.799510902, 1.008084724,
2163.819942732, 1.009255986,
2163.840374561, 0.999861553,
2163.881238318, 1.000764485,
2163.922101874, 1.004801208,
2163.942533801, 0.998385787,
2163.962965528, 1.009629431,
2163.983397355, 1.007142463,
2164.003829281, 1.005342826,
2164.024261007, 1.011307090,
2164.044692832, 1.008656938,
2164.065124757, 1.022620986,
2164.085556482, 1.013132482,
2164.105988306, 1.005681118,
2164.126420230, 1.001544880,
2164.146851954, 1.003555130,
2164.167283877, 1.005768680,
2164.187715700, 1.003967444,
2164.208147523, 1.010673592,
2164.228579345, 0.998715122,
2164.249011167, 0.997490110,
2164.269442988, 1.005856911,
2164.289874909, 1.005610827,
2164.310306630, 1.031526850,
2164.351170370, 1.010237284,
2164.412465728, 1.010423419,
2164.432897546, 1.015309542,
2164.453329364, 1.002160527,
2164.473761182, 1.007336118,
2164.494192999, 1.002757325,
2164.514624716, 1.008520827,
2164.535056633, 1.007257877,
2164.555488449, 1.004895381,
2164.575920265, 1.011657110,
2164.596352081, 1.000220598,
2164.616783896, 1.005829973,
2164.637215711, 1.006540336,
2164.657647525, 1.001991889,
2164.678079339, 1.020216751,
2164.698511253, 1.009120079,
2164.718943066, 1.003065175,
2164.739374779, 1.016161761,
2164.759806692, 1.020464368,
2164.780238504, 1.005639920,
2164.800670216, 1.012819272,
2164.821102128, 1.021441531,
2164.841533939, 1.011709372,
2164.861965650, 1.001614488,
2164.902829371, 1.008626433,
2164.923261080, 1.013168189,
2164.943692990, 1.008988132,
2164.964124799, 1.012074204,
2164.984556507, 1.014502397,
2165.004988416, 1.017299983,
2165.025420224, 1.017783845,
2165.045852031, 1.001576153,
2165.066283839, 1.009287729,
2165.086715645, 1.002764443,
2165.107147452, 1.016791392,
2165.127579258, 1.011388511,
2165.148011064, 1.006692127,
2165.168442869, 1.011158359,
2165.188874774, 1.025249017,
2165.209306479, 1.003138981,
2165.229738383, 1.005551612,
2165.250170088, 1.008166773,
2165.270601891, 1.012234705,
2165.291033794, 1.007316294,
2165.311465497, 1.029546658,
2165.331897300, 1.019771971,
2165.352329202, 1.026361337,
2165.393192705, 1.017177659,
2165.413624607, 1.012946370,
2165.434056307, 1.012639396,
2165.454488108, 1.008915877,
2165.474920008, 1.012410456,
2165.495351708, 1.018975711,
2165.515783507, 1.004259890,
2165.536215406, 1.016833637,
2165.556647205, 1.013264080,
2165.577078903, 1.008727833,
2165.597510801, 1.026938451,
2165.638374296, 1.009626753,
2165.658806193, 1.011929762,
2165.679237989, 1.018176689,
2165.699669685, 1.008431635,
2165.720101581, 1.020379705,
2165.740533377, 1.014068847,
2165.760965272, 1.013933212,
2165.781396967, 1.036813465,
2165.801828761, 1.012129148,
2165.822260655, 1.014448325,
2165.842692349, 1.010624428,
2165.863124142, 1.032967824,
2165.883555935, 1.017226020,
2165.903987728, 1.029898797,
2165.924419520, 1.015399637,
2165.944851312, 1.015843767,
2165.965283104, 1.015494928,
2165.985714895, 1.023394731,
2166.006146686, 1.020645251,
2166.026578477, 1.012889223,
2166.047010267, 1.010842287,
2166.067442157, 1.014341616,
2166.087873846, 1.010455473,
2166.108305635, 1.020644000,
2166.128737524, 1.012975182,
2166.149169213, 1.032159106,
2166.169601001, 1.035923229,
2166.190032889, 1.020393302,
2166.210464576, 1.015401386,
2166.230896363, 1.013964351,
2166.251328250, 1.009283313,
2166.271759936, 1.013618388,
2166.292191822, 1.023394294,
2166.312623608, 1.016629644,
2166.394350748, 1.000088523,
2166.414782531, 1.005028257,
2166.435214315, 1.018126716,
2166.455646098, 1.021383078,
2166.476077881, 1.024006888,
2166.496509664, 1.004342959,
2166.516941446, 1.025356925,
2166.537373328, 1.031145228,
2166.557805010, 1.013472167,
2166.578236791, 1.013925148,
2166.598668672, 1.016788643,
2166.619100352, 1.002119512,
2166.639532132, 1.010776397,
2166.659963912, 1.025746544,
2166.680395692, 1.013286943,
2166.700827471, 1.020618899,
2166.721259250, 1.015995729,
2166.741691028, 1.016690931,
2166.762122806, 1.013753443,
2166.782554584, 1.033773775,
2166.802986362, 1.018413366,
2166.823418239, 1.024638030,
2166.864281692, 1.007935744,
2166.884713568, 1.027015964,
2166.905145344, 1.025562426,
2166.925577019, 1.025199168,
2166.946008894, 1.015390176,
2166.986872344, 1.016331537,
2167.007304218, 1.027709178,
2167.027735991, 1.014879979,
2167.048167665, 1.013895194,
2167.068599538, 1.018661565,
2167.109462983, 1.028347476,
2167.129894855, 1.031155714,
2167.150326627, 1.010790132,
2167.170758298, 1.013708646,
2167.191190169, 1.006161071,
2167.211621940, 1.020794051,
2167.232053710, 1.022338558,
2167.252485480, 1.019995392,
2167.272917250, 1.023152234,
2167.293349019, 1.023155151,
2167.313780788, 1.013690163,
2167.375076093, 1.018290521,
2167.395507861, 1.028969172,
2167.436371395, 1.001785021,
2167.456803162, 1.019086728,
2167.477235028, 1.030076621,
2167.497666694, 1.023716292,
2167.518098460, 1.024434449,
2167.538530325, 1.015737959,
2167.558961990, 1.014963852,
2167.599825619, 1.017697902,
2167.620257283, 1.019066108,
2167.661120910, 1.030046983,
2167.681552573, 1.025115800,
2167.701984336, 1.016267690,
2167.722416198, 1.015936210,
2167.763279622, 1.011207832,
2167.783711483, 1.019433304,
2167.804143244, 1.029462186,
2167.845006765, 1.023557990,
2167.865438525, 1.027299845,
2167.906302044, 1.029562078,
2167.926733803, 1.028419283,
2167.947165662, 1.022212961,
2167.967597320, 1.017831213,
2167.988029078, 1.029965378,
2168.008460936, 1.016663082,
2168.028892594, 1.022768538,
2168.049324351, 1.028331353,
2168.090187864, 1.017991832,
2168.110619620, 1.022627084,
2168.131051376, 1.022933235,
2168.151483131, 1.017336301,
2168.171914886, 1.021166570,
2168.192346641, 1.022381987,
2168.212778396, 1.013519000,
2168.233210150, 1.021969414,
2168.253642003, 1.019515013,
2168.274073657, 1.023017519,
2168.294505410, 1.017993839,
2168.335369115, 1.018157868,
2168.355800868, 1.018620853,
2168.376232720, 1.019060149,
2168.396664471, 1.020260014,
2168.417096322, 1.026306867,
2168.437527973, 1.013935416,
2168.457959724, 1.022590157,
2168.478391574, 1.015201080,
2168.498823224, 1.022722529,
2168.519254974, 1.026860733,
2168.539686823, 1.000110098,
2168.580550220, 1.029317410,
2168.600982069, 1.031632301,
2168.621413817, 1.025461943,
2168.641845465, 1.015978326,
2168.662277312, 1.024373853,
2168.682709059, 1.026759568,
2168.703140706, 1.029668098,
2168.723572552, 1.035037293,
2168.744004298, 1.019003197,
2168.764435944, 1.024719449,
2168.784867789, 1.028234049,
2168.825731179, 1.026192833,
2168.866594668, 1.031401132,
2168.887026412, 1.023301856,
2168.907458255, 1.030657837,
2168.927889898, 1.019019379,
2168.948321741, 1.016052099,
2168.968753484, 1.017781766,
2168.989185126, 1.018016072,
2169.009616968, 1.024204168,
2169.030048710, 1.030558856,
2169.070912192, 1.030062997,
2169.091343933, 1.024953465,
2169.111775673, 1.013343551,
2169.132207413, 1.027464998,
2169.152639153, 1.026002871,
2169.173070892, 1.028198678,
2169.193502732, 1.018007961,
2169.213934370, 1.020840624,
2169.234366109, 1.022138431,
2169.254797947, 1.026665910,
2169.275229585, 1.025664983,
2169.316093159, 1.032863571,
2169.336524797, 1.022141587,
2169.356956533, 1.018530878,
2169.377388369, 1.094216832,
2169.397820005, 1.027933005,
2169.418251841, 1.033982157,
2169.438683576, 1.032914108,
2169.459115311, 1.036533139,
2169.479547046, 1.030582886,
2169.499978680, 1.030790886,
2169.520410515, 1.023153706,
2169.561273982, 1.022889565,
2169.602137448, 1.020884815,
2169.622569181, 1.032341611,
2169.643000813, 1.049264207,
2169.663432645, 1.025439030,
2169.683864376, 1.024219678,
2169.704296008, 1.032468363,
2169.724727838, 1.016034290,
2169.745159569, 1.042269687,
2169.765591200, 1.019193829,
2169.826886389, 1.017506488,
2169.847318218, 1.021920513,
2169.867749947, 1.022654217,
2169.888181775, 1.023369667,
2169.908613404, 1.020496263,
2169.929045132, 1.033381944,
2169.949476959, 1.024347360,
2169.969908587, 1.034005330,
2170.010772140, 1.040386502,
2170.051635493, 1.027413571,
2170.072067318, 1.033382910,
2170.092499044, 1.029041589,
2170.112930669, 1.035134985,
2170.133362494, 1.037622696,
2170.153794219, 1.036328852,
2170.194657667, 1.036925389,
2170.215089391, 1.060677259,
2170.235521014, 1.035952838,
2170.255952837, 1.032024760,
2170.296816182, 1.032841117,
2170.317248004, 1.028369683,
2170.358111348, 1.031179344,
2170.378543169, 1.030767833,
2170.398974890, 1.023821478,
2170.419406610, 1.034896942,
2170.439838331, 1.038047737,
2170.460270051, 1.038304771,
2170.480701771, 1.037581331,
2170.501133490, 1.029762653,
2170.521565209, 1.043555031,
2170.541997028, 1.029910208,
2170.562428647, 1.038323192,
2170.582860365, 1.033878009,
2170.623723800, 1.027640028,
2170.644155518, 1.021578598,
2170.664587335, 1.028739834,
2170.685018952, 1.031385114,
2170.705450668, 1.042391570,
2170.725882484, 1.030156974,
2170.746314100, 1.023283571,
2170.787177631, 1.039316377,
2170.807609246, 1.035431778,
2170.828040960, 1.038852862,
2170.848472775, 1.035217727,
2170.889336203, 1.030491146,
2170.909767916, 1.030769849,
2170.930199629, 1.040748868,
2170.950631342, 1.045423444,
2170.971063055, 1.036009942,
2170.991494667, 1.028568919,
2171.032358191, 1.030272602,
2171.052789802, 1.018873184,
2171.073221613, 1.035511731,
2171.093653324, 1.028703626,
2171.114084935, 1.029944606,
2171.134516745, 1.043693144,
2171.154948455, 1.028295958,
2171.175380065, 1.034450091,
2171.195811874, 1.029481735,
2171.216243583, 1.031227507,
2171.236675292, 1.023653656,
2171.277538709, 1.031671167,
2171.297970416, 1.033902110,
2171.318402124, 1.023017148,
2171.338833832, 1.038069985,
2171.359265638, 1.035701559,
2171.379697345, 1.038259493,
2171.400128952, 1.033801350,
2171.420560758, 1.043561516,
2171.440992464, 1.032677879,
2171.461424069, 1.029173078,
2171.481855875, 1.043542072,
2171.522719184, 1.018610695,
2171.543150989, 1.056438336,
2171.563582693, 1.034264756,
2171.584014297, 1.038648607,
2171.604446100, 1.038550689,
2171.624877804, 1.034416155,
2171.645309407, 1.068613514,
2171.665741210, 1.022511881,
2171.686172912, 1.030943806,
2171.706604514, 1.040073015,
2171.727036316, 1.026256108,
2171.747468017, 1.028329996,
2171.767899619, 1.029399674,
2171.788331420, 1.044815713,
2171.808763121, 1.031116233,
2171.829194821, 1.042059435,
2171.849626521, 1.027355467,
2171.870058221, 1.051437637,
2171.910921620, 1.032635384,
2171.931353319, 1.043333019,
2171.951785117, 1.022209722,
2171.972216716, 1.041918912,
2172.013080212, 1.027116522,
2172.053943507, 1.032201095,
2172.074375304, 1.033018911,
2172.094806901, 1.035689001,
2172.115238597, 1.036115458,
2172.135670393, 1.037113795,
2172.156101989, 1.041491640,
2172.196965480, 1.026981915,
2172.217397175, 1.026614042,
2172.258260565, 1.032504247,
2172.278692259, 1.030965436,
2172.299123953, 1.039994608,
2172.319555646, 1.036253976,
2172.339987340, 1.041042514,
2172.360419033, 1.039285966,
2172.380850726, 1.040732146,
2172.401282418, 1.036682312,
2172.421714111, 1.026422879,
2172.442145803, 1.043617943,
2172.462577494, 1.026677416,
2172.483009186, 1.032140153,
2172.503440877, 1.031271027,
2172.523872468, 1.040700846,
2172.544304258, 1.035388003,
2172.564735949, 1.025682401,
2172.585167639, 1.023372846,
2172.605599329, 1.040934769,
2172.626031018, 1.031916713,
2172.646462707, 1.050883055,
2172.666894396, 1.037817895,
2172.687326085, 1.042315467,
2172.707757874, 1.033321592,
2172.748621150, 1.040924238,
2172.769052937, 1.035637765,
2172.789484624, 1.043894776,
2172.809916211, 1.037696536,
2172.830347998, 1.068807041,
2172.850779685, 1.040699817,
2172.871211271, 1.037742489,
2172.891643057, 1.036335368,
2172.912074743, 1.042020295,
2172.932506328, 1.033989142,
2172.952938113, 1.042135594,
2172.973369798, 1.034378269,
2172.993801382, 1.029341359,
2173.014233167, 1.026174733,
2173.034664851, 1.036366806,
2173.055096535, 1.044219355,
2173.075528218, 1.029093507,
2173.095959901, 1.045895726,
2173.116391584, 1.033995892,
2173.136823267, 1.083812081,
2173.157254949, 1.048878393,
2173.177686632, 1.030824153,
2173.198118313, 1.043081730,
2173.238981776, 1.041647145,
2173.259413357, 1.042521510,
2173.279845038, 1.033702871,
2173.300276819, 1.046346006,
2173.320708399, 1.031081628,
2173.341140079, 1.047370191,
2173.361571859, 1.038707128,
2173.382003438, 1.035512393,
2173.402435118, 1.038191966,
2173.422866896, 1.024332345,
2173.443298475, 1.038796377,
2173.484161932, 1.038973842,
2173.504593510, 1.043748701,
2173.525025187, 1.039047195,
2173.545456965, 1.035564971,
2173.565888542, 1.054964783,
2173.586320318, 1.033049487,
2173.606751995, 1.034797305,
2173.627183671, 1.072722384,
2173.647615347, 1.045979361,
2173.668047023, 1.031275815,
2173.688478699, 1.035811786,
2173.729342049, 1.032226197,
2173.749773723, 1.030731862,
2173.770205498, 1.035026639,
2173.790637072, 1.031682292,
2173.811068746, 1.051244389,
2173.831500520, 1.022026093,
2173.851932093, 1.046893445,
2173.892795439, 1.040965246,
2173.913227112, 1.028677837,
2173.933658684, 1.043474388,
2173.974522128, 1.044748484,
2173.994953900, 1.041245746,
2174.015385471, 1.046862838,
2174.035817142, 1.036983624,
2174.056248913, 1.045714565,
2174.076680583, 1.034096789,
2174.097112154, 1.039421255,
2174.117543924, 1.029303596,
2174.137975593, 1.028813896,
2174.158407163, 1.030996080,
2174.178838932, 1.026711717,
2174.219702170, 1.038246318,
2174.240133938, 1.031235023,
2174.260565607, 1.035755585,
2174.280997175, 1.034340604,
2174.301428942, 1.038813026,
2174.321860610, 1.036953974,
2174.342292177, 1.032646796,
2174.362723944, 1.040122948,
2174.383155611, 1.043379401,
2174.403587177, 1.028970034,
2174.424018943, 1.033531032,
2174.464882375, 1.042217017,
2174.485313940, 1.036562974,
2174.505745605, 1.042966482,
2174.526177270, 1.042211704,
2174.546609035, 1.077893242,
2174.567040599, 1.042129935,
2174.587472264, 1.043878543,
2174.607903927, 1.039771673,
2174.628335591, 1.043507550,
2174.648767354, 1.039972527,
2174.669198918, 1.050162604,
2174.689630580, 1.028409626,
2174.710062343, 1.046303122,
2174.730493905, 1.053155567,
2174.750925568, 1.033464625,
2174.771357329, 1.037749087,
2174.791788891, 1.038766815,
2174.812220553, 1.049011777,
2174.873515635, 1.045931909,
2174.893947296, 1.046679834,
2174.914378956, 1.037564975,
2174.955242275, 1.042346034,
2174.975673935, 1.038978315,
2174.996105594, 1.041758154,
2175.016537253, 1.065186823,
2175.036968911, 1.038174071,
2175.057400670, 1.062130094,
2175.077832228, 1.032593814,
2175.098263886, 1.047864666,
2175.118695644, 1.045527824,
2175.139127201, 1.035041913,
2175.159558858, 1.031364999,
2175.200422172, 1.036764919,
2175.220853828, 1.041677681,
2175.261717140, 1.044983762,
2175.282148896, 1.037268933,
2175.302580552, 1.039375775,
2175.323012107, 1.041351977,
2175.343443862, 1.042411921,
2175.363875416, 1.051141004,
2175.384307071, 1.036310092,
2175.404738825, 1.042692541,
2175.486465440, 1.046063765,
2175.506896993, 1.041008062,
2175.527328746, 1.039041853,
2175.547760398, 1.050875118,
2175.568191950, 1.044195011,
2175.588623702, 1.053377517,
2175.609055354, 1.050374935,
2175.629486906, 1.040112226,
2175.649918657, 1.057322353,
2175.670350308, 1.050220654,
2175.690782059, 1.047197780,
2175.711213610, 1.046584908,
2175.731645260, 1.043245303,
2175.752077010, 1.042383345,
2175.772508560, 1.042080611,
2175.792940210, 1.042135087,
2175.813371959, 1.054023895,
2175.833803509, 1.054259317,
2175.854235157, 1.048682824,
2175.874666906, 1.053869176,
2175.895098555, 1.049832233,
2175.915530103, 1.041334903,
2175.935961851, 1.052460086,
2175.956393499, 1.044464797,
2175.976825046, 1.048694160,
2175.997256794, 1.064999529,
2176.017688341, 1.074653978,
2176.038119988, 1.060187217,
2176.058551734, 1.045517585,
2176.078983380, 1.054814555,
2176.099415027, 1.058644025,
2176.119846673, 1.050244885,
2176.140278218, 1.058315610,
2176.181141609, 1.048148697,
2176.201573154, 1.042451734,
2176.222004898, 1.050770843,
2176.242436543, 1.046801199,
2176.262868087, 1.037100802,
2176.283299831, 1.055623285,
2176.324163119, 1.065204708,
2176.344594762, 1.052969652,
2176.365026405, 1.040402230,
2176.385458048, 1.046725474,
2176.426321333, 1.043627533,
2176.446752975, 1.052414792,
2176.467184717, 1.052726136,
2176.487616259, 1.046660096,
2176.508048000, 1.043125784,
2176.528479642, 1.046433591,
2176.548911183, 1.054559921,
2176.569342924, 1.054458424,
2176.610206104, 1.053987478,
2176.630637845, 1.046348677,
2176.671501024, 1.057137149,
2176.691932764, 1.028955653,
2176.712364403, 1.049663882,
2176.732795942, 1.062893509,
2176.753227680, 1.054788121,
2176.773659219, 1.046834953,
2176.794090857, 1.053958000,
2176.814522595, 1.053449369,
2176.834954233, 1.051037343,
2176.855385771, 1.037448559,
2176.875817508, 1.054382441,
2176.896249145, 1.049862685,
2176.916680782, 1.047686527,
2176.937112419, 1.052205005,
2176.957544056, 1.040299103,
2176.977975792, 1.055484559,
2176.998407328, 1.059174035,
2177.039270699, 1.054162914,
2177.059702235, 1.045124695,
2177.080133870, 1.064760284,
2177.100565605, 1.042956553,
2177.120997139, 1.061281620,
2177.161860508, 1.060895134,
2177.182292042, 1.056370771,
2177.202723676, 1.046070616,
2177.223155410, 1.041350129,
2177.243586943, 1.055343731,
2177.264018576, 1.059762402,
2177.284450309, 1.060380219,
2177.304881942, 1.065024110,
2177.325313574, 1.078994727,
2177.345745206, 1.053631710,
2177.366176839, 1.054596025,
2177.407040102, 1.054099313,
2177.427471734, 1.051551337,
2177.447903465, 1.045813446,
2177.468334996, 1.054112197,
2177.488766626, 1.057767906,
2177.509198257, 1.051666151,
2177.529629887, 1.039691417,
2177.550061417, 1.046952699,
2177.570493147, 1.055788537,
2177.590924777, 1.052281288,
2177.611356306, 1.048890932,
2177.652219665, 1.045994496,
2177.672651293, 1.040764699,
2177.693082922, 1.063910912,
2177.713514550, 1.049174983,
2177.733946279, 1.053388881,
2177.754377806, 1.051565826,
2177.774809434, 1.055312544,
2177.795241162, 1.047547826,
2177.815672789, 1.062791519,
2177.836104316, 1.080963847,
2177.856536043, 1.055658967,
2177.897399196, 1.056841201,
2177.917830922, 1.057137013,
2177.958694074, 1.063919573,
2177.979125800, 1.046076476,
2178.019988950, 1.050357315,
2178.040420675, 1.054112132,
2178.060852300, 1.051209992,
2178.081283825, 1.059309904,
2178.101715549, 1.056695773,
2178.122147173, 1.059314316,
2178.142578797, 1.056092079,
2178.163010420, 1.055751142,
2178.183442044, 1.067804925,
2178.224305290, 1.059021562,
2178.244736913, 1.060938684,
2178.265168536, 1.061502534,
2178.285600158, 1.059774177,
2178.306031781, 1.058183769,
2178.326463403, 1.058855686,
2178.346895025, 1.092471332,
2178.367326646, 1.050670159,
2178.387758368, 1.053650631,
2178.408189889, 1.051739021,
2178.428621510, 1.059782135,
2178.469484751, 1.051469167,
2178.489916371, 1.063811238,
2178.510348092, 1.057320934,
2178.530779612, 1.043525606,
2178.551211331, 1.075674561,
2178.571642951, 1.056083803,
2178.592074470, 1.056472942,
2178.632937808, 1.061404645,
2178.653369427, 1.036162576,
2178.673801046, 1.055433171,
2178.694232664, 1.050170628,
2178.714664282, 1.066793264,
2178.735095900, 1.057194147,
2178.755527518, 1.058264786,
2178.775959135, 1.050840292,
2178.796390853, 1.070112405,
2178.816822370, 1.050847489,
2178.837253987, 1.053151693,
2178.857685703, 1.066206678,
2178.878117220, 1.073344092,
2178.898548936, 1.052128127,
2178.918980452, 1.050209323,
2178.939412068, 1.058063644,
2178.959843784, 1.053688237,
2178.980275299, 1.072296602,
2179.000706915, 1.053800397,
2179.021138630, 1.071704332,
2179.041570145, 1.053758836,
2179.062001760, 1.061555637,
2179.082433474, 1.067933442,
2179.123296602, 1.056545249,
2179.143728316, 1.059077076,
2179.164159830, 1.051560129,
2179.184591444, 1.057037127,
2179.205023157, 1.059960035,
2179.225454770, 1.055374632,
2179.245886283, 1.046125343,
2179.266317996, 1.062526538,
2179.286749608, 1.056901703,
2179.307181321, 1.057081643,
2179.327612833, 1.059071402,
2179.368476157, 1.066038240,
2179.388907668, 1.057616956,
2179.409339280, 1.058259669,
2179.429770991, 1.055898288,
2179.450202502, 1.060556449,
2179.491065823, 1.062487118,
2179.511497334, 1.054469925,
2179.531928944, 1.068097806,
2179.552360654, 1.062657089,
2179.572792164, 1.056805489,
2179.593223773, 1.058924395,
2179.613655483, 1.051239810,
2179.634086992, 1.059439626,
2179.654518701, 1.055239883,
2179.674950310, 1.068489189,
2179.695381819, 1.052939989,
2179.715813527, 1.060011017,
2179.736245136, 1.062663861,
2179.756676644, 1.055703343,
2179.777108352, 1.053588935,
2179.797539959, 1.064248231,
2179.817971467, 1.061287496,
2179.838403174, 1.058850934,
2179.858834781, 1.058462964,
2179.879266288, 1.062270906,
2179.899697995, 1.058818717,
2179.920129602, 1.068459402,
2179.940561108, 1.063121792,
2179.960992814, 1.065503789,
2179.981424420, 1.063346951,
2180.001856126, 1.060482344,
2180.022287632, 1.054916329,
2180.042719237, 1.071592308,
2180.104014053, 1.046514643,
2180.124445758, 1.052808983,
2180.144877362, 1.052894786,
2180.165308866, 1.044766488,
2180.185740571, 1.053312051,
2180.206172175, 1.065730699,
2180.226603678, 1.056538909,
2180.247035382, 1.054041521,
2180.267466986, 1.053541070,
2180.287898489, 1.058579832,
2180.308330192, 1.060197391,
2180.349193297, 1.058813140,
2180.369625000, 1.043927291,
2180.390056502, 1.073866333,
2180.410488205, 1.066594939,
2180.430919806, 1.059832194,
2180.451351308, 1.056318337,
2180.471783010, 1.054853668,
2180.492214611, 1.070312117,
2180.512646213, 1.062067416,
2180.533077814, 1.059856550,
2180.573941015, 1.069637085,
2180.594372616, 1.061866942,
2180.614804216, 1.067964712,
2180.635235817, 1.063463520,
2180.655667517, 1.062230036,
2180.676099016, 1.056817106,
2180.696530616, 1.055760880,
2180.716962315, 1.057252875,
2180.737393815, 1.075189620,
2180.757825514, 1.052328951,
2180.778257113, 1.060879680,
2180.798688612, 1.057973583,
2180.819120310, 1.050840757,
2180.839551908, 1.061097676,
2180.859983407, 1.059686340,
2180.880415105, 1.053156728,
2180.900846703, 1.051353575,
2180.921278200, 1.058704574,
2180.941709898, 1.065912461,
2180.962141495, 1.052842747,
2180.982573093, 1.067438184,
2181.003004689, 1.053720215,
2181.023436286, 1.062690478,
2181.043867883, 1.054731143,
2181.064299479, 1.067025684,
2181.084731076, 1.061078134,
2181.105162672, 1.061553271,
2181.125594268, 1.061445868,
2181.146025864, 1.052990839,
2181.166457459, 1.069345962,
2181.186889055, 1.062896329,
2181.207320650, 1.054333580,
2181.227752345, 1.066607047,
2181.268615435, 1.061967880,
2181.289047129, 1.066110229,
2181.329910218, 1.063478590,
2181.350341912, 1.066860274,
2181.370773406, 1.062185191,
2181.391205000, 1.060229751,
2181.411636693, 1.048269157,
2181.432068187, 1.068815578,
2181.452499780, 1.058915165,
2181.472931473, 1.069528102,
2181.493363066, 1.070396697,
2181.513794658, 1.069621877,
2181.534226251, 1.061770845,
2181.554657844, 1.087188213,
2181.575089436, 1.062425149,
2181.595521028, 1.069573248,
2181.615952620, 1.044750648,
2181.636384211, 1.059527462,
2181.656815803, 1.063402908,
2181.677247394, 1.064819114,
2181.697679085, 1.055871200,
2181.718110577, 1.052722865,
2181.738542167, 1.055057918,
2181.758973758, 1.041027079,
2181.779405349, 1.078881986,
2181.820268529, 1.051860854,
2181.840700119, 1.069706151,
2181.861131809, 1.071701892,
2181.881563299, 1.061582111,
2181.922426578, 1.073428587,
2181.942858067, 1.078680659,
2181.963289656, 1.049438683,
2181.983721345, 1.058101410,
2182.004152834, 1.064571022,
2182.024584423, 1.060702631,
2182.045016111, 1.062429117,
2182.065447699, 1.068450392,
2182.085879187, 1.064349870,
2182.106310875, 1.054796256,
2182.126742463, 1.061758306,
2182.147173951, 1.061929264,
2182.167605638, 1.070804621,
2182.188037226, 1.059477028,
2182.208468913, 1.062622948,
2182.228900400, 1.060247720,
2182.249331987, 1.052380506,
2182.269763673, 1.065739357,
2182.290195160, 1.053342884,
2182.310626746, 1.047388775,
2182.331058432, 1.061447708,
2182.351489918, 1.053509974,
2182.371921504, 1.058692029,
2182.392353190, 1.053433494,
2182.412784676, 1.067265977,
2182.433216261, 1.072150277,
2182.453647846, 1.068723550,
2182.474079432, 1.087813086,
2182.494511016, 1.053997464,
2182.514942701, 1.037610783,
2182.535374186, 1.065855135,
2182.555805870, 1.054332550,
2182.576237455, 1.048558135,
2182.596668939, 1.055584873,
2182.617100623, 1.065338100,
2182.657963691, 1.061075890,
2182.678395374, 1.055506684,
2182.698826957, 1.070687561,
2182.719258441, 1.064248134,
2182.739690124, 1.069870616,
2182.760121707, 1.053542787,
2182.800984872, 1.073446801,
2182.821416455, 1.059060343,
2182.841847937, 1.060914577,
2182.862279619, 1.049364612,
2182.882711201, 1.060150169,
2182.903142883, 1.074233988,
2182.923574365, 1.058126180,
2182.944005946, 1.063148944,
2182.964437628, 1.053273215,
2182.984869109, 1.069926330,
2183.005300690, 1.063298720,
2183.025732371, 1.072765914,
2183.046163952, 1.071498731,
2183.066595433, 1.066994972,
2183.087027113, 1.062239408,
2183.107458694, 1.057330558,
2183.127890174, 1.062957641,
2183.148321854, 1.059939521,
2183.168753334, 1.060240504,
2183.189184914, 1.061411899,
2183.209616594, 1.055626923,
2183.230048073, 1.066764257,
2183.250479752, 1.068296822,
2183.291342811, 1.065382882,
2183.311774490, 1.061471162,
2183.332206068, 1.061146256,
2183.352637547, 1.062911181,
2183.373069226, 1.075242510,
2183.393500804, 1.062216117,
2183.413932382, 1.093114934,
2183.434363960, 1.069594668,
2183.454795538, 1.049686535,
2183.475227116, 1.043572965,
2183.495658694, 1.068273082,
2183.536521848, 1.055603807,
2183.556953526, 1.067770442,
2183.577385003, 1.062634816,
2183.597816679, 1.064906269,
2183.618248256, 1.075180169,
2183.638679733, 1.052953405,
2183.659111409, 1.062593437,
2183.679542986, 1.069082564,
2183.699974462, 1.066205748,
2183.720406138, 1.063642894,
2183.740837714, 1.063563579,
2183.781700865, 1.061819661,
2183.802132441, 1.065614891,
2183.822563916, 1.067502016,
2183.842995592, 1.066245446,
2183.883858742, 1.060896640,
2183.904290317, 1.062855199,
2183.924721891, 1.060939778,
2183.945153466, 1.064615107,
2183.965585040, 1.064972025,
2183.986016614, 1.068667434,
2184.006448188, 1.072250730,
2184.026879763, 1.058970689,
2184.047311336, 1.078152140,
2184.067743010, 1.055531463,
2184.088174484, 1.054027268,
2184.108606057, 1.066669516,
2184.129037730, 1.057522648,
2184.149469204, 1.069332119,
2184.169900777, 1.068241441,
2184.190332450, 1.077712699,
2184.231195495, 1.066764268,
2184.272058640, 1.073251391,
2184.292490312, 1.061640866,
2184.312921884, 1.059341028,
2184.333353356, 1.068362532,
2184.353785028, 1.072217613,
2184.374216600, 1.063585170,
2184.394648171, 1.060306611,
2184.415079743, 1.071150315,
2184.435511314, 1.072068514,
2184.455942885, 1.067430032,
2184.476374456, 1.067857486,
2184.496806027, 1.075938887,
2184.517237598, 1.088342291,
2184.537669269, 1.065083855,
2184.558100740, 1.076593905,
2184.598963980, 1.058174047,
2184.619395450, 1.059094972,
2184.639827120, 1.075893201,
2184.660258590, 1.059448745,
2184.680690160, 1.072410829,
2184.701121830, 1.072394444,
2184.721553299, 1.062264300,
2184.741984869, 1.063603913,
2184.762416538, 1.068240286,
2184.782848007, 1.078656055,
2184.803279576, 1.081939574,
2184.823711245, 1.068157988,
2184.844142714, 1.079941175,
2184.864574282, 1.076354934,
2184.885005951, 1.054788387,
2184.905437519, 1.073528592,
2184.925868987, 1.066713943,
2184.946300656, 1.067510675,
2185.007595359, 1.063449822,
2185.028026927, 1.068076465,
2185.048458594, 1.077953194,
2185.068890062, 1.069918389,
2185.089321629, 1.072030097,
2185.109753296, 1.074019938,
2185.130184763, 1.077578462,
2185.150616330, 1.064381425,
2185.191479464, 1.082875926,
2185.211911030, 1.059949166,
2185.252774163, 1.088486536,
2185.273205729, 1.068133654,
2185.293637395, 1.066867436,
2185.314068861, 1.069882109,
2185.334500527, 1.072378529,
2185.354931992, 1.075965864,
2185.375363658, 1.074913163,
2185.395795223, 1.063870435,
2185.416226789, 1.052277696,
2185.436658254, 1.071355391,
2185.457089919, 1.076091416,
2185.497952949, 1.064738459,
2185.518384614, 1.075208881,
2185.538816178, 1.072550197,
2185.559247643, 1.073348684,
2185.579679307, 1.075024389,
2185.600110871, 1.071313217,
2185.620542536, 1.087446904,
2185.640974000, 1.067902893,
2185.661405564, 1.063813642,
2185.681837227, 1.070154106,
2185.702268691, 1.079818037,
2185.722700255, 1.063187360,
2185.743131918, 1.069528388,
2185.763563382, 1.084257888,
2185.783994945, 1.063945580,
2185.804426608, 1.070845208,
2185.824858071, 1.065936728,
2185.845289634, 1.063588864,
2185.865721297, 1.075821860,
2185.906584322, 1.080588974,
2185.927015984, 1.077248939,
2185.947447547, 1.078668970,
2185.967879109, 1.067276526,
2185.988310671, 1.076526610,
2186.008742233, 1.072953555,
2186.029173795, 1.070544314,
2186.049605357, 1.081134884,
2186.070036818, 1.073003724,
2186.090468480, 1.071146267,
2186.110900042, 1.082326624,
2186.131331503, 1.070055996,
2186.151763164, 1.075825668,
2186.172194725, 1.067693560,
2186.192626186, 1.075879144,
2186.213057847, 1.070130869,
2186.233489408, 1.074946230,
2186.253920969, 1.092593618,
2186.274352529, 1.065872674,
2186.294784090, 1.068465290,
2186.315215750, 1.066677847,
2186.335647210, 1.060233142,
2186.356078771, 1.086697538,
2186.376510431, 1.100609235,
2186.396941891, 1.095463205,
2186.417373450, 1.065191983,
2186.437805110, 1.078613974,
2186.458236670, 1.084109639,
2186.478668129, 1.079195564,
2186.499099789, 1.076312224,
2186.519531348, 1.077342626,
2186.539962807, 1.065270262,
2186.560394466, 1.066909362,
2186.580826025, 1.074004884,
2186.601257684, 1.071955990,
2186.621689143, 1.077029220,
2186.642120702, 1.061416553,
2186.662552360, 1.076586798,
2186.682983819, 1.070077901,
2186.723846935, 1.074562430,
2186.744278494, 1.077870657,
2186.764710052, 1.072727968,
2186.785141610, 1.075548532,
2186.805573168, 1.074324189,
2186.826004725, 1.065766741,
2186.846436283, 1.073948531,
2186.866867841, 1.069728711,
2186.887299398, 1.081247423,
2186.907730956, 1.079812080,
2186.928162513, 1.068029406,
2186.948594170, 1.075407173,
2186.969025727, 1.075923158,
2186.989457184, 1.065866862,
2187.009888841, 1.071270264,
2187.030320398, 1.071891697,
2187.050751855, 1.066474758,
2187.071183511, 1.073675744,
2187.091615068, 1.077470785,
2187.112046524, 1.079713689,
2187.132478180, 1.077415763,
2187.152909737, 1.069442434,
2187.173341193, 1.082535459,
2187.214204405, 1.070941254,
2187.234635860, 1.077137182,
2187.255067516, 1.084199919,
2187.275499072, 1.066728551,
2187.295930727, 1.076448691,
2187.316362183, 1.072739187,
2187.336793738, 1.073606748,
2187.357225393, 1.075897942,
2187.377656849, 1.078078750,
2187.398088404, 1.075188028,
2187.418520059, 1.075838081,
2187.438951514, 1.051985890,
2187.459383068, 1.078448567,
2187.479814723, 1.071641204,
2187.500246178, 1.078103945,
2187.520677732, 1.068085211,
2187.541109387, 1.071677570,
2187.561540841, 1.079597997,
2187.581972495, 1.085129085,
2187.602404049, 1.079287355,
2187.622835503, 1.077805464,
2187.643267157, 1.068684063,
2187.663698711, 1.072666613,
2187.684130165, 1.073858743,
2187.704561819, 1.088121132,
2187.724993373, 1.072817142,
2187.745424826, 1.112063423,
2187.765856479, 1.089938735,
2187.786288033, 1.070830072,
2187.806719586, 1.071753045,
2187.827151139, 1.077527042,
2187.847582692, 1.083706869,
2187.888445798, 1.089737842,
2187.908877351, 1.077129742,
2187.929309004, 1.086037605,
2187.949740557, 1.091206669,
2187.970172009, 1.089494947,
2187.990603662, 1.095088389,
2188.011035214, 1.067557021,
2188.031466666, 1.081072764,
2188.051898319, 1.093955761,
2188.072329871, 1.078196785,
2188.092761323, 1.077407148,
2188.113192975, 1.064200917,
2188.133624527, 1.086123518,
2188.154055979, 1.087501380,
2188.174487630, 1.079480905,
2188.194919082, 1.082320664,
2188.215350734, 1.092233737,
2188.235782285, 1.079406210,
2188.256213736, 1.080401681,
2188.276645388, 1.063627738,
2188.297076939, 1.080738098,
2188.317508490, 1.080374220,
2188.358371592, 1.083237602,
2188.378803143, 1.077259390,
2188.419666245, 1.088681324,
2188.460529446, 1.079159141,
2188.480960897, 1.088786309,
2188.501392547, 1.090976148,
2188.521824097, 1.079739042,
2188.542255548, 1.083778742,
2188.562687198, 1.104440660,
2188.583118748, 1.081038974,
2188.603550198, 1.080165993,
2188.623981848, 1.083627199,
2188.644413398, 1.086768093,
2188.664844848, 1.085817440,
2188.685276498, 1.085111714,
2188.705708047, 1.088410240,
2188.726139497, 1.091058990,
2188.746571146, 1.071614676,
2188.767002696, 1.078287065,
2188.807865795, 1.095704107,
2188.828297344, 1.077862544,
2188.848728893, 1.084440817,
2188.869160442, 1.080149989,
2188.889591991, 1.080420541,
2188.910023540, 1.083339332,
2188.930455089, 1.093927879,
2188.950886638, 1.092540504,
2188.971318286, 1.076206950,
2188.991749735, 1.095777531,
2189.012181283, 1.085717186,
2189.032612932, 1.071751565,
2189.093907577, 1.075005614,
2189.114339025, 1.084379179,
2189.134770673, 1.094547891,
2189.196065317, 1.074047892,
2189.216496865, 1.091053174,
2189.236928313, 1.077811076,
2189.257359961, 1.091633674,
2189.277791508, 1.089933924,
2189.298223056, 1.084570150,
2189.318654603, 1.088729154,
2189.339086151, 1.080886854,
2189.359517698, 1.081622475,
2189.379949246, 1.082726544,
2189.400380793, 1.099995556,
2189.420812440, 1.074067422,
2189.441243987, 1.090896332,
2189.461675434, 1.074453575,
2189.482107081, 1.081584082,
2189.502538628, 1.085554912,
2189.522970075, 1.112157518,
2189.543401722, 1.088711033,
2189.563833268, 1.085890035,
2189.584264715, 1.087272858,
2189.604696362, 1.085071529,
2189.625127808, 1.087290932,
2189.645559355, 1.084546329,
2189.665991001, 1.079241405,
2189.686422447, 1.079374367,
2189.706854094, 1.087557741,
2189.727285640, 1.092653441,
2189.747717086, 1.091331228,
2189.768148732, 1.095523263,
2189.788580278, 1.073755515,
2189.809011824, 1.097155626,
2189.829443370, 1.086072861,
2189.849874916, 1.080237094,
2189.870306462, 1.083353925,
2189.890738007, 1.081115532,
2189.911169553, 1.083519512,
2189.931601099, 1.094467878,
2189.952032744, 1.091271724,
2189.972464190, 1.089465480,
2189.992895835, 1.097917043,
2190.013327380, 1.080985810,
2190.033758826, 1.084516342,
2190.054190471, 1.086863628,
2190.074622016, 1.083889686,
2190.095053461, 1.074161394,
2190.115485106, 1.093395584,
2190.135916651, 1.090412670,
2190.156348096, 1.078015336,
2190.176779741, 1.095419779,
2190.197211286, 1.090777602,
2190.217642731, 1.080485712,
2190.238074375, 1.082433510,
2190.258505820, 1.103541681,
2190.278937465, 1.086367233,
2190.299369009, 1.080273532,
2190.319800454, 1.090023378,
2190.340232098, 1.108766787,
2190.360663643, 1.083518620,
2190.381095187, 1.082498717,
2190.401526731, 1.105935195,
2190.421958276, 1.078574156,
2190.442389820, 1.091268248,
2190.462821364, 1.098590576,
2190.483252908, 1.082731032,
2190.503684452, 1.092596398,
2190.524116096, 1.095797073,
2190.544547540, 1.084666588,
2190.564979184, 1.081502792,
2190.585410728, 1.086188286,
2190.605842171, 1.092839376,
2190.646705359, 1.081708500,
2190.667136803, 1.079575468,
2190.687568446, 1.091875024,
2190.707999990, 1.085271363,
2190.728431433, 1.096482712,
2190.748863076, 1.082836788,
2190.769294620, 1.092788406,
2190.789726163, 1.105236803,
2190.810157706, 1.092965657,
2190.830589250, 1.092009336,
2190.851020893, 1.092073670,
2190.871452336, 1.076145452,
2190.891883879, 1.102578441,
2190.912315522, 1.097272737,
2190.932746965, 1.079357783,
2190.953178508, 1.099337453,
2190.973610151, 1.103581313,
2190.994041594, 1.089562126,
2191.014473136, 1.080951401,
2191.034904779, 1.089097466,
2191.055336222, 1.097661328,
2191.075767765, 1.086062607,
2191.096199407, 1.089876173,
2191.137062492, 1.088707511,
2191.157494035, 1.123116331,
2191.177925477, 1.082981588,
2191.198357120, 1.091646556,
2191.218788662, 1.091659484,
2191.239220104, 1.101677010,
2191.259651747, 1.084049525,
2191.280083289, 1.085141160,
2191.300514731, 1.083024278,
2191.320946373, 1.100038749,
2191.341377915, 1.089838062,
2191.361809457, 1.087027405,
2191.382240999, 1.100797191,
2191.402672541, 1.086944666,
2191.423104183, 1.106140272,
2191.463967167, 1.091053286,
2191.484398809, 1.092169376,
2191.504830351, 1.101999643,
2191.525261792, 1.091597526,
2191.545693434, 1.090839295,
2191.566124976, 1.098237995,
2191.586556417, 1.089789843,
2191.627419500, 1.106144585,
2191.647851042, 1.096302734,
2191.668282683, 1.088827019,
2191.688714225, 1.101742192,
2191.709145766, 1.090263299,
2191.729577308, 1.096440127,
2191.750008749, 1.102681737,
2191.770440390, 1.105550594,
2191.790871932, 1.106170119,
2191.811303373, 1.106065614,
2191.831735014, 1.097207942,
2191.852166555, 1.099939082,
2191.872598096, 1.094060457,
2191.913461178, 1.089016784,
2191.933892819, 1.126170340,
2191.954324260, 1.090375669,
2191.974755801, 1.102986407,
2191.995187442, 1.106617210,
2192.015618983, 1.101436724,
2192.036050424, 1.097911438,
2192.056482065, 1.102549388,
2192.117776687, 1.081643708,
2192.138208228, 1.092804822,
2192.158639668, 1.105444160,
2192.179071309, 1.099995504,
2192.199502850, 1.088875101,
2192.219934490, 1.091981323,
2192.240365931, 1.084439658,
2192.260797471, 1.111293857,
2192.281229112, 1.102742302,
2192.301660552, 1.094094491,
2192.322092093, 1.087811508,
2192.342523733, 1.106596745,
2192.362955173, 1.110275557,
2192.383386714, 1.101587031,
2192.403818254, 1.112164574,
2192.424249794, 1.103048778,
2192.444681334, 1.112393845,
2192.465112875, 1.097773449,
2192.505976055, 1.096786014,
2192.526407595, 1.105432863,
2192.546839035, 1.103931309,
2192.567270675, 1.101052259,
2192.608133656, 1.104231148,
2192.628565296, 1.101810382,
2192.648996836, 1.110342453,
2192.669428276, 1.101877751,
2192.689859916, 1.104767567,
2192.710291455, 1.095474708,
2192.730723095, 1.101542991,
2192.751154535, 1.107524377,
2192.771586075, 1.094805572,
2192.792017715, 1.138383626,
2192.853312334, 1.126775160,
2192.873743774, 1.102781345,
2192.894175314, 1.114393795,
2192.914606954, 1.119247638,
2192.935038393, 1.098103508,
2192.955469933, 1.113883888,
2192.975901573, 1.098477854,
2192.996333012, 1.113623115,
2193.016764652, 1.106671432,
2193.037196191, 1.100967619,
2193.057627731, 1.099250089,
2193.098490810, 1.099485156,
2193.118922250, 1.104702306,
2193.139353889, 1.115660534,
2193.159785429, 1.106191040,
2193.180216868, 1.107041161,
2193.200648507, 1.104293104,
2193.221080047, 1.092615578,
2193.241511686, 1.113044465,
2193.282374665, 1.101196716,
2193.343669283, 1.098660558,
2193.384532362, 1.113282064,
2193.404963901, 1.118165395,
2193.425395540, 1.116943644,
2193.445826980, 1.102637837,
2193.466258519, 1.109006737,
2193.486690158, 1.108235486,
2193.527553237, 1.101384579,
2193.547984776, 1.102550734,
2193.588847854, 1.114797364,
2193.609279393, 1.106138285,
2193.629710932, 1.102584211,
2193.650142571, 1.112742862,
2193.670574011, 1.110641165,
2193.691005550, 1.125189223,
2193.711437189, 1.104179797,
2193.731868628, 1.103726522,
2193.752300167, 1.108255843,
2193.772731706, 1.119162722,
2193.793163245, 1.102623790,
2193.834026323, 1.097871088,
2193.854457862, 1.109296613,
2193.874889501, 1.107029742,
2193.895320940, 1.120071522,
2193.915752479, 1.105034258,
2193.956615558, 1.106953465,
2193.977047096, 1.123938269,
2193.997478735, 1.125335223,
2194.017910174, 1.111785253,
2194.038341813, 1.105195216,
2194.079204891, 1.111434188,
2194.099636430, 1.103161133,
2194.120067969, 1.126098631,
2194.140499508, 1.113495474,
2194.160931147, 1.114023096,
2194.181362586, 1.116218788,
2194.222225764, 1.125262687,
2194.242657203, 1.105022604,
2194.263088742, 1.102290827,
2194.283520381, 1.112867346,
2194.303951820, 1.104840846,
2194.324383459, 1.099917132,
2194.344814998, 1.110555508,
2194.365246437, 1.105423402,
2194.385678075, 1.123003428,
2194.406109514, 1.103529738,
2194.426541053, 1.128539904,
2194.446972692, 1.121656167,
2194.467404131, 1.118406263,
2194.487835670, 1.114072059,
2194.508267309, 1.101220686,
2194.528698848, 1.118950570,
2194.569561926, 1.113216099,
2194.610425004, 1.107512884,
2194.630856542, 1.109945706,
2194.651288081, 1.127282034,
2194.671719720, 1.113386535,
2194.692151159, 1.109858780,
2194.712582698, 1.105761372,
2194.733014337, 1.103064349,
2194.753445776, 1.127519286,
2194.773877415, 1.089690948,
2194.814740393, 1.110981615,
2194.835172032, 1.118831208,
2194.855603571, 1.117098177,
2194.876035010, 1.118020663,
2194.916898188, 1.111694938,
2194.937329627, 1.124037786,
2194.957761266, 1.122592238,
2194.978192805, 1.127210072,
2194.998624344, 1.114573917,
2195.019055883, 1.117986628,
2195.080350500, 1.112402044,
2195.100782039, 1.126502844,
2195.121213578, 1.112172081,
2195.141645117, 1.115647673,
2195.162076656, 1.113940446,
2195.182508195, 1.104838602,
2195.202939734, 1.103981035,
2195.223371273, 1.124727563,
2195.243802912, 1.113137553,
2195.284665991, 1.102066171,
2195.305097530, 1.116677722,
2195.325528969, 1.112901051,
2195.345960608, 1.124019972,
2195.366392147, 1.111331039,
2195.386823586, 1.113262437,
2195.407255226, 1.116385275,
2195.427686765, 1.124649262,
2195.448118204, 1.118260113,
2195.468549843, 1.113855704,
2195.488981383, 1.132835294,
2195.509413022, 1.108300914,
2195.550276000, 1.116391406,
2195.570707640, 1.104330613,
2195.591139079, 1.125119236,
2195.611570618, 1.120576401,
2195.632002258, 1.115462649,
2195.652433697, 1.115585122,
2195.672865236, 1.119944094,
2195.693296876, 1.114537076,
2195.713728415, 1.117182156,
2195.734159955, 1.118028503,
2195.754591494, 1.114722518,
2195.795454573, 1.112935329,
2195.815886113, 1.110065314,
2195.836317552, 1.112723658,
2195.856749192, 1.130692248,
2195.877180731, 1.115354610,
2195.897612171, 1.113671401,
2195.918043810, 1.111944885,
2195.938475350, 1.141996716,
2195.958906990, 1.115050186,
2195.999769969, 1.108959381,
2196.040633048, 1.102688073,
2196.061064588, 1.120577177,
2196.081496228, 1.114563884,
2196.101927667, 1.126718283,
2196.122359207, 1.141852663,
2196.142790847, 1.099750252,
2196.163222287, 1.113950382,
2196.183653827, 1.118966406,
2196.204085467, 1.121848568,
2196.224517007, 1.102279187,
2196.244948547, 1.137995632,
2196.285811626, 1.117171600,
2196.306243166, 1.131720190,
2196.326674706, 1.126851407,
2196.347106247, 1.115598915,
2196.367537887, 1.118476133,
2196.387969327, 1.124843909,
2196.408400867, 1.107799632,
2196.428832407, 1.118732682,
2196.449263947, 1.114428888,
2196.469695587, 1.110396808,
2196.490127028, 1.215822244,
2196.530990208, 1.124271574,
2196.551421648, 1.112954610,
2196.571853189, 1.107181976,
2196.592284829, 1.121805036,
2196.612716270, 1.127519026,
2196.633147810, 1.115222219,
2196.653579450, 1.111250395,
2196.674010891, 1.117473560,
2196.694442531, 1.142561144,
2196.714874072, 1.132803453,
2196.735305613, 1.118679544,
2196.776168694, 1.120251725,
2196.796600234, 1.116783346,
2196.817031775, 1.125570267,
2196.837463316, 1.131590332,
2196.857894857, 1.116878876,
2196.878326497, 1.130138228,
2196.898757938, 1.117384744,
2196.919189579, 1.131058410,
2196.960052561, 1.119340595,
2196.980484202, 1.153916587,
2197.021347184, 1.124373088,
2197.041778825, 1.131487131,
2197.062210366, 1.129256179,
2197.082641807, 1.117385026,
2197.103073448, 1.138049260,
2197.123504989, 1.119613462,
2197.143936631, 1.120631920,
2197.164368072, 1.117277857,
2197.184799513, 1.121498421,
2197.205231154, 1.121460114,
2197.225662696, 1.135843815,
2197.266525779, 1.123306618,
2197.286957320, 1.127599134,
2197.307388862, 1.124807098,
2197.327820403, 1.126308159,
2197.348251945, 1.126354118,
2197.368683586, 1.134264110,
2197.389115128, 1.127796635,
2197.409546570, 1.118054874,
2197.429978212, 1.128329828,
2197.450409753, 1.163580523,
2197.470841195, 1.119733239,
2197.593430647, 1.118664082,
2197.613862089, 1.117214992,
2197.634293631, 1.128849497,
2197.654725274, 1.123810509,
2197.675156716, 1.141725413,
2197.695588258, 1.125563653,
2197.716019900, 1.136202616,
2197.756882885, 1.132547800,
2197.777314528, 1.122532809,
2197.797745970, 1.141371499,
2197.818177613, 1.143215874,
2197.838609055, 1.143769062,
2197.859040698, 1.127604766,
2197.879472240, 1.122654321,
2197.899903683, 1.122461371,
2197.920335226, 1.132879677,
2197.940766869, 1.122584560,
2197.961198412, 1.123446705,
2198.002061497, 1.131128798,
2198.022493040, 1.140946889,
2198.042924583, 1.120438886,
2198.063356127, 1.129885140,
2198.083787670, 1.126646542,
2198.104219313, 1.138463433,
2198.124650756, 1.119929626,
2198.145082299, 1.123154357,
2198.165513943, 1.131851857,
2198.185945386, 1.145683719,
2198.206376930, 1.124466791,
2198.247240017, 1.124073365,
2198.267671660, 1.136231105,
2198.288103204, 1.137754058,
2198.308534647, 1.127524363,
2198.328966291, 1.130712626,
2198.349397835, 1.119324707,
2198.369829379, 1.127926090,
2198.390260923, 1.140476722,
2198.410692467, 1.146948138,
2198.431124011, 1.119500793,
2198.451555555, 1.129843256,
2198.492418643, 1.142580857,
2198.512850187, 1.131383164,
2198.553713276, 1.131648017,
2198.574144820, 1.132960442,
2198.594576364, 1.128745102,
2198.615008009, 1.144060757,
2198.635439453, 1.140086961,
2198.655870998, 1.131190445,
2198.676302643, 1.126605759,
2198.696734087, 1.129576184,
2198.737597277, 1.124991698,
2198.758028722, 1.136784460,
2198.778460367, 1.130450894,
2198.798891912, 1.150627394,
2198.819323357, 1.136486748,
2198.839755002, 1.120791276,
2198.860186547, 1.125236477,
2198.880617992, 1.140541681,
2198.901049637, 1.129004952,
2198.921481183, 1.127442472,
2198.941912828, 1.132441478,
2199.003207465, 1.130170140,
2199.023639010, 1.131416212,
2199.044070456, 1.139453850,
2199.064502102, 1.123575229,
2199.084933647, 1.137059433,
2199.105365193, 1.144888355,
2199.125796739, 1.127793759,
2199.146228285, 1.130567473,
2199.166659831, 1.133938173,
2199.187091377, 1.131179248,
2199.227954470, 1.132161350,
2199.248386016, 1.111431292,
2199.268817462, 1.134462631,
2199.289249109, 1.128473107,
2199.309680655, 1.133673674,
2199.330112302, 1.113054119,
2199.350543749, 1.134287357,
2199.370975295, 1.135274040,
2199.391406942, 1.124353479,
2199.411838389, 1.139750495,
2199.432269936, 1.133216440,
2199.452701583, 1.136422355,
2199.473133030, 1.140544041,
2199.493564577, 1.136266062,
2199.513996224, 1.133947263,
2199.534427671, 1.140353202,
2199.554859318, 1.128095183,
2199.575290866, 1.121652893,
2199.595722413, 1.144503553,
2199.616153961, 1.139511557,
2199.636585508, 1.135290430,
2199.657017056, 1.119041852,
2199.677448604, 1.142006270,
2199.718311699, 1.145165870,
2199.738743347, 1.127949885,
2199.759174795, 1.126844579,
2199.779606443, 1.127991464,
2199.800037991, 1.131034323,
2199.820469439, 1.131535285,
2199.840901088, 1.141554117,
2199.861332536, 1.149866140,
2199.881764084, 1.116066936,
2199.902195733, 1.141401194,
2199.922627181, 1.126588343,
2199.963490379, 1.123865705,
2199.983921827, 1.123112254,
2200.004353476, 1.122794438,
2200.024785025, 1.137068008,
2200.045216474, 1.128643225,
2200.065648123, 1.134568359,
2200.086079672, 1.135471353,
2200.106511221, 1.138338599,
2200.126942771, 1.121784454,
2200.147374320, 1.147040236,
2200.167805969, 1.124209299,
2200.208668969, 1.131519331,
2200.229100618, 1.147459386,
2200.249532168, 1.146301957,
2200.269963618, 1.141110285,
2200.290395268, 1.132784278,
2200.310826818, 1.140627147,
2200.331258268, 1.135870423,
2200.351689918, 1.142809894,
2200.372121468, 1.123831635,
2200.392553118, 1.123976308,
2200.412984569, 1.144674705,
2200.453847770, 1.134676146,
2200.474279220, 1.129573108,
2200.515142322, 1.123969806,
2200.535573872, 1.132272068,
2200.556005423, 1.129744391,
2200.576436974, 1.138346131,
2200.596868525, 1.139161644,
2200.617300176, 1.145631233,
2200.637731628, 1.118486395,
2200.658163179, 1.125947159,
2200.699026282, 1.133672836,
2200.719457834, 1.138983737,
2200.739889485, 1.129319809,
2200.760320937, 1.141758297,
2200.780752489, 1.124993178,
2200.801184141, 1.126881848,
2200.821615693, 1.139490733,
2200.842047245, 1.134444630,
2200.862478797, 1.150937774,
2200.882910349, 1.135830737,
2200.903342001, 1.139467681,
2200.944205006, 1.139227317,
2200.964636659, 1.140594983,
2200.985068112, 1.126820941,
2201.005499764, 1.127749142,
2201.025931317, 1.134669042,
2201.046362770, 1.147382747,
2201.066794423, 1.126025512,
2201.087225976, 1.139658604,
2201.107657429, 1.134445758,
2201.128089083, 1.126260711,
2201.148520636, 1.127163436,
2201.189383743, 1.135244152,
2201.209815297, 1.133840490,
2201.271109958, 1.126147734,
2201.291541512, 1.134020584,
2201.311973066, 1.130495015,
2201.332404620, 1.132333382,
2201.352836175, 1.146520951,
2201.373267729, 1.143009980,
2201.393699283, 1.128845085,
2201.434562393, 1.135835956,
2201.454994047, 1.140254768,
2201.475425602, 1.126650208,
2201.495857057, 1.137783638,
2201.516288712, 1.133272666,
2201.536720267, 1.140385785,
2201.557151722, 1.147018112,
2201.577583378, 1.144275963,
2201.598014933, 1.135222408,
2201.618446388, 1.132110375,
2201.638878044, 1.138565026,
2201.659309600, 1.126932616,
2201.679741255, 1.137949218,
2201.700172711, 1.130495313,
2201.720604267, 1.141196677,
2201.741035923, 1.138873580,
2201.761467379, 1.121962260,
2201.781898936, 1.132365644,
2201.802330592, 1.120441540,
2201.822762048, 1.112281364,
2201.843193705, 1.135504828,
2201.863625262, 1.135678183,
2201.884056718, 1.136204429,
2201.924919832, 1.125263998,
2201.945351389, 1.133959734,
2201.965783046, 1.134914858,
2201.986214603, 1.127412557,
2202.006646061, 1.133532434,
2202.027077718, 1.137111099,
2202.047509276, 1.143503494,
2202.067940833, 1.116405020,
2202.088372391, 1.132717350,
2202.108803949, 1.116122886,
2202.129235607, 1.135935588,
2202.170098623, 1.127386962,
2202.190530281, 1.131962309,
2202.210961739, 1.135471962,
2202.231393298, 1.132663947,
2202.251824956, 1.135928936,
2202.272256415, 1.135899836,
2202.292688074, 1.130431182,
2202.313119633, 1.130466625,
2202.333551092, 1.130261946,
2202.353982751, 1.125791325,
2202.374414310, 1.139301460,
2202.415277429, 1.123667899,
2202.435708988, 1.133742155,
2202.456140648, 1.137646175,
2202.476572107, 1.142873040,
2202.497003667, 1.136994971,
2202.517435227, 1.136507061,
2202.537866787, 1.138855439,
2202.558298347, 1.137038872,
2202.578729907, 1.132951023,
2202.599161468, 1.130051277,
2202.619593028, 1.129502071,
2202.660456149, 1.132923189,
2202.680887810, 1.128187760,
2202.701319371, 1.133806421,
2202.721750832, 1.134116146,
2202.742182493, 1.144157505,
2202.762614054, 1.115409595,
2202.783045516, 1.137540798,
2202.803477177, 1.132675052,
2202.823908739, 1.149616706,
2202.844340200, 1.146939050,
2202.864771862, 1.124603315,
2202.926066548, 1.134635030,
2202.946498110, 1.151891892,
2202.966929772, 1.135699389,
2202.987361235, 1.120356387,
2203.007792797, 1.152627271,
2203.028224460, 1.130554281,
2203.048655923, 1.131789667,
2203.069087586, 1.123974483,
2203.109950712, 1.124177271,
2203.171245402, 1.130383910,
2203.191676965, 1.126988152,
2203.212108529, 1.125950333,
2203.232540093, 1.128527150,
2203.252971657, 1.124610726,
2203.273403221, 1.126590061,
2203.293834885, 1.134553124,
2203.314266349, 1.130388122,
2203.334697914, 1.128415947,
2203.355129578, 1.135396608,
2203.395992608, 1.110226273,
2203.416424272, 1.133601874,
2203.436855737, 1.138833141,
2203.457287303, 1.135838030,
2203.477718968, 1.124811327,
2203.498150433, 1.119146723,
2203.518582099, 1.135764912,
2203.539013664, 1.136470461,
2203.559445130, 1.132022676,
2203.579876796, 1.124283950,
2203.600308362, 1.118903086,
2203.641171494, 1.133963131,
2203.661603060, 1.130495543,
2203.682034727, 1.138500330,
2203.702466193, 1.131333731,
2203.722897760, 1.131449524,
2203.743329427, 1.144043009,
2203.763760993, 1.133531900,
2203.784192461, 1.129169554,
2203.804624128, 1.127351005,
2203.825055695, 1.145308276,
2203.845487162, 1.113873698,
2203.886350398, 1.138874824,
2203.906781965, 1.130112303,
2203.927213533, 1.128307778,
2203.947645001, 1.127974605,
2203.968076669, 1.126153885,
2203.988508238, 1.139628161,
2204.008939706, 1.126619226,
2204.029371375, 1.125504976,
2204.049802943, 1.124177436,
2204.070234412, 1.148345900,
2204.090666081, 1.147356945,
2204.131529319, 1.120176899,
2204.151960789, 1.129646317,
2204.172392358, 1.131665665,
2204.192824028, 1.133020799,
2204.213255497, 1.135259787,
2204.233687067, 1.134863802,
2204.254118737, 1.125824925,
2204.274550307, 1.128370530,
2204.315413448, 1.146252970,
2204.335845018, 1.134847453,
2204.397139730, 1.135877546,
2204.417571301, 1.145143775,
2204.438002873, 1.132813476,
2204.478866115, 1.126665028,
2204.499297587, 1.134695329,
2204.519729258, 1.143201422,
2204.540160730, 1.134184809,
2204.560592302, 1.127582518,
2204.581023974, 1.132145510,
2204.621887019, 1.141159793,
2204.642318691, 1.123217748,
2204.662750164, 1.133870822,
2204.683181836, 1.121567983,
2204.703613409, 1.132917815,
2204.724044882, 1.123205650,
2204.744476555, 1.128459928,
2204.764908129, 1.131896360,
2204.785339602, 1.135664633,
2204.805771276, 1.136482158,
2204.826202849, 1.151378291,
2204.867065997, 1.130791927,
2204.887497571, 1.130228956,
2204.907929245, 1.124462228,
2204.928360820, 1.141038608,
2204.948792294, 1.140437477,
2204.969223969, 1.129109769,
2204.989655544, 1.131124745,
2205.010087019, 1.137957151,
2205.030518694, 1.145019739,
2205.050950269, 1.123532785,
2205.071381744, 1.131650386,
2205.132676671, 1.135689355,
2205.153108147, 1.135153552,
2205.173539723, 1.148013885,
2205.193971300, 1.143652534,
2205.214402876, 1.149795148,
2205.255266029, 1.131659881,
2205.275697606, 1.150539302,
2205.296129283, 1.139253668,
2205.316560760, 1.127854111,
2205.357424014, 1.153420427,
2205.377855492, 1.124935986,
2205.398287069, 1.144099279,
2205.418718747, 1.133815210,
2205.439150225, 1.141499776,
2205.459581803, 1.135187917,
2205.480013481, 1.154480990,
2205.500445060, 1.138686055,
2205.520876638, 1.148086218,
2205.541308217, 1.116707417,
2205.561739796, 1.131263187,
2205.602602954, 1.120375403,
2205.623034533, 1.132655807,
2205.643466212, 1.136601308,
2205.684329272, 1.131815161,
2205.704760951, 1.130757755,
2205.725192431, 1.138950040,
2205.745624112, 1.138093182,
2205.766055692, 1.131720672,
2205.806918853, 1.135400367,
2205.847781914, 1.135765933,
2205.868213595, 1.127092972,
2205.888645177, 1.136384465,
2205.909076758, 1.129086234,
2205.929508339, 1.141658857,
2205.949939821, 1.135483166,
2205.970371503, 1.134737782,
2205.990803085, 1.132635232,
2206.011234667, 1.124246185,
2206.031666249, 1.127144380,
2206.113392580, 1.138038668,
2206.133824263, 1.138365667,
2206.154255846, 1.134593501,
2206.174687329, 1.147393069,
2206.195119013, 1.140356357,
2206.215550596, 1.149566462,
2206.235982080, 1.129242276,
2206.256413764, 1.143190918,
2206.276845348, 1.147320594,
2206.297277032, 1.125179530,
2206.338140101, 1.148417039,
2206.358571786, 1.134213112,
2206.379003271, 1.137709943,
2206.399434856, 1.142738576,
2206.419866541, 1.132535416,
2206.460729612, 1.137772072,
2206.481161298, 1.129841281,
2206.501592784, 1.123912542,
2206.522024470, 1.142780751,
2206.542456056, 1.130923581,
2206.583319229, 1.140882599,
2206.603750715, 1.140462560,
2206.624182302, 1.149149760,
2206.644613989, 1.135150642,
2206.665045476, 1.137187092,
2206.685477064, 1.133199753,
2206.705908751, 1.141845755,
2206.726340339, 1.134658159,
2206.746771926, 1.143242876,
2206.767203514, 1.127130828,
2206.787635102, 1.150748894,
2206.828498279, 1.141481640,
2206.848929868, 1.136167833,
2206.869361556, 1.143908936,
2206.889793045, 1.147522756,
2206.910224734, 1.137921981,
2206.930656324, 1.134387326,
2206.951087813, 1.145360330,
2206.971519503, 1.131229100,
2206.991951092, 1.145397068,
2207.012382582, 1.135354111,
2207.032814272, 1.146857610,
2207.073677353, 1.132314435,
2207.094109044, 1.137452810,
2207.114540634, 1.131525324,
2207.134972325, 1.139184141,
2207.155403816, 1.144031113,
2207.175835407, 1.140546340,
2207.196267099, 1.140033128,
2207.216698590, 1.164195514,
2207.237130182, 1.137161588,
2207.257561774, 1.137840303,
2207.277993466, 1.131567773,
2207.318856651, 1.142459792,
2207.339288143, 1.114854003,
2207.359719836, 1.125346140,
2207.380151429, 1.147913803,
2207.400582922, 1.133218438,
2207.421014616, 1.134379414,
2207.441446209, 1.128241848,
2207.461877703, 1.158470154,
2207.482309396, 1.139445789,
2207.502740990, 1.143808526,
2207.523172684, 1.129354281,
2207.564035773, 1.153035934,
2207.584467468, 1.124421842,
2207.604898963, 1.147349539,
2207.625330558, 1.132127640,
2207.645762253, 1.140514215,
2207.666193748, 1.142962129,
2207.686625344, 1.139192020,
2207.707057040, 1.136971688,
2207.727488535, 1.139818135,
2207.747920231, 1.157655473,
2207.809215021, 1.142633400,
2207.829646617, 1.141304604,
2207.850078214, 1.143023552,
2207.870509811, 1.136762053,
2207.890941409, 1.136303243,
2207.911373006, 1.137674601,
2207.931804604, 1.125684650,
2207.952236202, 1.138943851,
2207.972667800, 1.129464236,
2207.993099398, 1.146769180,
2208.013530996, 1.132529030,
2208.054394193, 1.140802582,
2208.074825792, 1.127842717,
2208.095257491, 1.137878049,
2208.115688991, 1.141629859,
2208.136120690, 1.137458395,
2208.156552290, 1.132155012,
2208.176983789, 1.131738272,
2208.197415489, 1.134811320,
2208.217847090, 1.145857827,
2208.238278590, 1.138153569,
2208.258710290, 1.139690687,
2208.299573392, 1.124414823,
2208.320005093, 1.141142891,
2208.340436694, 1.122287810,
2208.360868396, 1.134408976,
2208.381299897, 1.138401063,
2208.401731499, 1.140904670,
2208.422163201, 1.138710452,
2208.442594703, 1.126907375,
2208.463026306, 1.131511148,
2208.483458008, 1.125793642,
2208.503889611, 1.141406687,
2208.544752817, 1.138856876,
2208.565184420, 1.147072524,
2208.585616024, 1.143178891,
2208.606047627, 1.140258464,
2208.626479131, 1.137320326,
2208.646910835, 1.134715695,
2208.667342440, 1.140484192,
2208.687773944, 1.139092287,
2208.708205648, 1.137335956,
2208.728637253, 1.145069205,
2208.749068958, 1.128290842,
2208.789932069, 1.172714660,
2208.810363774, 1.136362310,
2208.830795280, 1.140954780,
2208.851226886, 1.129598763,
2208.871658592, 1.138409916,
2208.892090098, 1.138399097,
2208.912521805, 1.137548918,
2208.932953411, 1.124490471,
2208.953384918, 1.140521678,
2208.973816625, 1.147334692,
2208.994248233, 1.138708950,
2209.035111448, 1.141186038,
2209.055543056, 1.135128382,
2209.075974664, 1.130656516,
2209.096406272, 1.145209393,
2209.116837880, 1.123439647,
2209.137269589, 1.139185975,
2209.157701198, 1.137571309,
2209.178132707, 1.143050109,
2209.198564416, 1.140221877,
2209.218996025, 1.138945205,
2209.239427535, 1.123005772,
2209.300722465, 1.132369811,
2209.321154075, 1.136885262,
2209.341585586, 1.132241059,
2209.362017296, 1.137500030,
2209.382448907, 1.144813990,
2209.402880418, 1.141464171,
2209.423312130, 1.155036677,
2209.443743741, 1.144002312,
2209.464175253, 1.139929969,
2209.484606965, 1.133655122,
2209.525470289, 1.139125038,
2209.545901802, 1.136440631,
2209.566333415, 1.143624313,
2209.586765127, 1.137500495,
2209.607196641, 1.142591605,
2209.627628254, 1.125927649,
2209.648059967, 1.143663731,
2209.668491581, 1.138287922,
2209.688923195, 1.130572206,
2209.709354809, 1.172839682,
2209.729786424, 1.129423639,
2209.770649653, 1.139819608,
2209.811512983, 1.144112986,
2209.831944498, 1.148077202,
2209.852376114, 1.134702122,
2209.872807729, 1.138230997,
2209.893239345, 1.135685530,
2209.913671062, 1.127614498,
2209.934102578, 1.133330596,
2209.954534194, 1.149035067,
2209.974965911, 1.150369563,
2210.015829045, 1.141794666,
2210.036260763, 1.137176882,
2210.056692280, 1.135959724,
2210.077123998, 1.150944413,
2210.097555616, 1.139414280,
2210.117987134, 1.143570834,
2210.138418853, 1.142868760,
2210.158850471, 1.129726157,
2210.179282090, 1.131703180,
2210.199713709, 1.141741427,
2210.220145328, 1.131205716,
2210.261008567, 1.137381408,
2210.281440187, 1.123088001,
2210.301871907, 1.134257761,
2210.322303428, 1.147115787,
2210.342735048, 1.130021402,
2210.363166769, 1.136181075,
2210.383598390, 1.163034327,
2210.404029911, 1.141398796,
2210.424461632, 1.128000466,
2210.444893254, 1.135645852,
2210.465324975, 1.134583686,
2210.485756497, 1.139715546,
2210.506188120, 1.129868422,
2210.547051365, 1.147449377,
2210.567482987, 1.141811040,
2210.587914710, 1.146122194,
2210.608346234, 1.142565313,
2210.628777857, 1.143749918,
2210.649209481, 1.143776916,
2210.669641104, 1.138588587,
2210.690072829, 1.135492801,
2210.710504353, 1.143852796,
2210.751367702, 1.144130979,
2210.771799227, 1.133760378,
2210.792230852, 1.133685175,
2210.812662578, 1.142548033,
2210.833094203, 1.138028920,
2210.853525829, 1.139003054,
2210.873957455, 1.137381501,
2210.894389081, 1.145252772,
2210.914820708, 1.142565244,
2210.935252334, 1.135804646,
2210.955683961, 1.134502709,
2210.996547215, 1.121224807,
2211.016978843, 1.136995167,
2211.037410571, 1.145361641,
2211.057842099, 1.147690962,
2211.078273827, 1.137797047,
2211.098705455, 1.136449611,
2211.119136984, 1.145694448,
2211.139568713, 1.140732938,
2211.160000342, 1.142711928,
2211.180431871, 1.134708698,
2211.200863601, 1.141056785,
2211.241726860, 1.136066922,
2211.262158490, 1.136648879,
2211.282590021, 1.147162327,
2211.303021751, 1.131250404,
2211.323453382, 1.138168515,
2211.343884913, 1.137690082,
2211.364316645, 1.141594607,
2211.384748276, 1.147155786,
2211.405179908, 1.181359887,
2211.425611540, 1.137718590,
2211.446043172, 1.143150726,
2211.486906437, 1.148710923,
2211.507338069, 1.128605622,
2211.527769802, 1.155618399,
2211.548201436, 1.131173412,
2211.568632969, 1.130724840,
2211.589064703, 1.151350625,
2211.609496337, 1.146887486,
2211.629927971, 1.147152295,
2211.650359605, 1.142715464,
2211.670791240, 1.152154952,
2211.691222975, 1.132450311,
2211.732086145, 1.145335234,
2211.752517881, 1.139107708,
2211.772949416, 1.129828355,
2211.793381053, 1.142203030,
2211.813812789, 1.142447616,
2211.834244325, 1.136722770,
2211.875107699, 1.140911487,
2211.895539236, 1.136568782,
2211.915970973, 1.159199003,
2211.936402511, 1.140359989,
2211.977265887, 1.122916324,
2211.997697425, 1.145487800,
2212.018129164, 1.142022945,
2212.038560802, 1.150097309,
2212.058992441, 1.154060998,
2212.079424080, 1.132596670,
2212.099855720, 1.139317256,
2212.120287360, 1.143496558,
2212.140719000, 1.135174347,
2212.161150640, 1.152291455,
2212.181582280, 1.137518302,
2212.202014021, 1.135953704,
2212.222445561, 1.148791433,
2212.242877303, 1.154211828,
2212.263308944, 1.141486002,
2212.283740485, 1.126884010,
2212.304172227, 1.154570992,
2212.324603869, 1.147702871,
2212.345035411, 1.134817609,
2212.365467154, 1.139760193,
2212.385898797, 1.142439752,
2212.406330539, 1.147674547,
2212.426762083, 1.136747610,
2212.467625470, 1.153317486,
2212.488057014, 1.146892150,
2212.508488658, 1.141293663,
2212.528920402, 1.145431325,
2212.549351947, 1.152999659,
2212.569783592, 1.132671376,
2212.590215237, 1.141942536,
2212.610646882, 1.153063337,
2212.631078628, 1.142896629,
2212.651510173, 1.139932508,
2212.671941819, 1.134875740,
2212.712805212, 1.148250755,
2212.733236759, 1.143730481,
2212.774100153, 1.148027549,
2212.794531701, 1.148005906,
2212.814963448, 1.144756121,
2212.835395096, 1.150969583,
2212.855826844, 1.141120551,
2212.876258393, 1.150136580,
2212.896690042, 1.142080304,
2212.917121790, 1.148046663,
2212.957984989, 1.129843749,
2212.978416739, 1.154045727,
2212.998848289, 1.129576811,
2213.019280039, 1.139175968,
2213.039711689, 1.139361407,
2213.060143240, 1.146748229,
2213.080574991, 1.156199628,
2213.101006642, 1.145568167,
2213.121438193, 1.145349262,
2213.141869945, 1.135993340,
2213.162301596, 1.143536221,
2213.203164901, 1.145974743,
2213.223596553, 1.160271314,
2213.244028206, 1.138553460,
2213.264459859, 1.148991085,
